Wavelength,Transmission
1000.0,2.10814e-06
1010.0,3.05765e-06
1020.0,3.50226e-06
1030.0,3.55839e-06
1040.0,3.3387e-06
1050.0,2.77728e-06
1060.0,2.40226e-06
1070.0,2.25171e-06
1080.0,2.21959e-06
1090.0,2.36886e-06
1100.0,2.98727e-06
1110.0,4.87536e-06
1120.0,9.81722e-06
1130.0,1.45511e-05
1140.0,1.90713e-05
1150.0,2.33736e-05
1152.0,2.7608e-05
1154.0,3.2227e-05
1156.0,3.72457e-05
1158.0,4.26792e-05
1160.0,4.85425e-05
1162.0,5.46779e-05
1164.0,6.06008e-05
1166.0,6.68511e-05
1168.0,7.34363e-05
1170.0,8.03636e-05
1172.0,8.72924e-05
1174.0,9.45346e-05
1176.0,0.000102096
1178.0,0.000109983
1180.0,0.000118202
1182.0,0.000126176
1184.0,0.000134434
1186.0,0.000142979
1188.0,0.000151817
1190.0,0.000160952
1192.0,0.000169293
1194.0,0.000177842
1196.0,0.000186603
1198.0,0.000195575
1200.0,0.000204763
1202.0,0.000213552
1204.0,0.00022261
1206.0,0.00023194
1208.0,0.00024155
1210.0,0.000251442
1212.0,0.000268408
1214.0,0.000286024
1216.0,0.000304304
1218.0,0.00032016
1220.0,0.000336395
1222.0,0.000361212
1224.0,0.000386651
1226.0,0.000412718
1228.0,0.000439419
1230.0,0.000466757
1232.0,0.000498133
1234.0,0.000530206
1236.0,0.000562983
1238.0,0.000596467
1240.0,0.000630664
1242.0,0.000664702
1244.0,0.000699384
1246.0,0.000734715
1248.0,0.000770695
1250.0,0.00080733
1252.0,0.000842927
1254.0,0.000879049
1256.0,0.000915698
1258.0,0.000952875
1260.0,0.000990581
1262.0,0.00103659
1264.0,0.00108321
1266.0,0.00113045
1268.0,0.00117829
1270.0,0.00122676
1272.0,0.00127114
1274.0,0.00131604
1276.0,0.00136143
1278.0,0.00140733
1280.0,0.00145373
1282.0,0.00149435
1284.0,0.00153536
1286.0,0.00157676
1288.0,0.00161856
1290.0,0.00166075
1292.0,0.00170356
1294.0,0.00174675
1296.0,0.00179032
1298.0,0.00183426
1300.0,0.00187859
1302.0,0.00191663
1304.0,0.00195483
1306.0,0.00199318
1308.0,0.00203169
1310.0,0.00207036
1312.0,0.00210617
1314.0,0.00214212
1316.0,0.00217822
1318.0,0.00221446
1320.0,0.00225084
1322.0,0.00227194
1324.0,0.00229311
1326.0,0.00231435
1328.0,0.00233566
1330.0,0.00235703
1332.0,0.00237309
1334.0,0.0023892
1336.0,0.00240534
1338.0,0.00242152
1340.0,0.00243774
1342.0,0.00245029
1344.0,0.00246286
1346.0,0.00247545
1348.0,0.00248806
1350.0,0.0025007
1352.0,0.00250799
1354.0,0.00251528
1356.0,0.00252256
1358.0,0.00252983
1360.0,0.00253709
1362.0,0.00253918
1364.0,0.00254124
1366.0,0.00254326
1368.0,0.00254525
1370.0,0.00254721
1372.0,0.00254453
1374.0,0.0025418
1376.0,0.00253902
1378.0,0.00253617
1380.0,0.00253327
1382.0,0.00252705
1384.0,0.00252075
1386.0,0.00251439
1388.0,0.00250795
1390.0,0.00250144
1392.0,0.0024933
1394.0,0.00248509
1396.0,0.0024768
1398.0,0.00246843
1400.0,0.00245998
1402.0,0.0024518
1404.0,0.00244352
1406.0,0.00243516
1408.0,0.0024267
1410.0,0.00241815
1412.0,0.00241038
1414.0,0.00240252
1416.0,0.00239458
1418.0,0.00238655
1420.0,0.00237843
1422.0,0.00236938
1424.0,0.00236024
1426.0,0.00235101
1428.0,0.0023417
1430.0,0.0023323
1432.0,0.00232195
1434.0,0.00231151
1436.0,0.0023005
1438.0,0.00228892
1440.0,0.00227726
1442.0,0.00226643
1444.0,0.00225553
1446.0,0.00224456
1448.0,0.00223351
1450.0,0.0022224
1452.0,0.00221001
1454.0,0.00219755
1456.0,0.00218503
1458.0,0.00217245
1460.0,0.0021598
1462.0,0.00214614
1464.0,0.00213241
1466.0,0.00211862
1468.0,0.00210477
1470.0,0.00209086
1472.0,0.0020774
1474.0,0.00206388
1476.0,0.00205031
1478.0,0.00203669
1480.0,0.00202301
1482.0,0.00200692
1484.0,0.00199077
1486.0,0.00197457
1488.0,0.00195832
1490.0,0.00194201
1492.0,0.00192354
1494.0,0.00190501
1496.0,0.00188644
1498.0,0.00186782
1500.0,0.00184914
1502.0,0.00183044
1504.0,0.00181174
1506.0,0.00179305
1508.0,0.00177435
1510.0,0.00175566
1512.0,0.00173683
1514.0,0.00171801
1516.0,0.0016992
1518.0,0.00168039
1520.0,0.0016616
1522.0,0.00164313
1524.0,0.00162468
1526.0,0.00160623
1528.0,0.0015878
1530.0,0.00156939
1532.0,0.00155507
1534.0,0.00154076
1536.0,0.00152646
1538.0,0.00151217
1540.0,0.00149789
1542.0,0.00148217
1544.0,0.00146646
1546.0,0.00145077
1548.0,0.00143509
1550.0,0.00141942
1552.0,0.00140195
1554.0,0.00138451
1556.0,0.00136709
1558.0,0.00134971
1560.0,0.00133236
1562.0,0.00131936
1564.0,0.00130637
1566.0,0.00129341
1568.0,0.00128047
1570.0,0.00126755
1572.0,0.00125634
1574.0,0.00124514
1576.0,0.00123395
1578.0,0.00122279
1580.0,0.00121163
1582.0,0.00120132
1584.0,0.00119102
1586.0,0.00118074
1588.0,0.00117046
1590.0,0.0011602
1592.0,0.00114913
1594.0,0.00113807
1596.0,0.00112702
1598.0,0.00111598
1600.0,0.00110495
1602.0,0.00109257
1604.0,0.00108025
1606.0,0.00106799
1608.0,0.00105578
1610.0,0.00104449
1612.0,0.00103458
1614.0,0.0010247
1616.0,0.00101485
1618.0,0.00100503
1620.0,0.000995243
1622.0,0.000985924
1624.0,0.00097663
1626.0,0.000967362
1628.0,0.000958118
1630.0,0.0009489
1632.0,0.000941307
1634.0,0.00093373
1636.0,0.000926169
1638.0,0.000918625
1640.0,0.000911097
1642.0,0.000905039
1644.0,0.00089899
1646.0,0.00089295
1648.0,0.00088692
1650.0,0.000880899
1652.0,0.000874415
1654.0,0.000867941
1656.0,0.000861476
1658.0,0.00085502
1660.0,0.000848574
1662.0,0.000842415
1664.0,0.000836262
1666.0,0.000830113
1668.0,0.000823968
1670.0,0.000817828
1672.0,0.000812085
1674.0,0.000806343
1676.0,0.0008006
1678.0,0.000794858
1680.0,0.000789117
1682.0,0.000784273
1684.0,0.000779426
1686.0,0.000774576
1688.0,0.000769722
1690.0,0.000764867
1692.0,0.000759649
1694.0,0.000754426
1696.0,0.000749196
1698.0,0.000743961
1700.0,0.000738721
1702.0,0.00073203
1704.0,0.000725344
1706.0,0.000718663
1708.0,0.000711987
1710.0,0.000705317
1712.0,0.000699586
1714.0,0.000693856
1716.0,0.000688128
1718.0,0.000682402
1720.0,0.000676677
1722.0,0.000671097
1724.0,0.000665518
1726.0,0.000659939
1728.0,0.000654361
1730.0,0.000648784
1732.0,0.000643166
1734.0,0.000637548
1736.0,0.00063193
1738.0,0.000626313
1740.0,0.000620697
1742.0,0.000614949
1744.0,0.000609202
1746.0,0.000603455
1748.0,0.000597709
1750.0,0.000591964
1752.0,0.000586304
1754.0,0.000580648
1756.0,0.000574994
1758.0,0.000569344
1760.0,0.000563697
1762.0,0.000558355
1764.0,0.000553015
1766.0,0.00054768
1768.0,0.000542347
1770.0,0.000537018
1772.0,0.000531785
1774.0,0.000526555
1776.0,0.000521329
1778.0,0.000516106
1780.0,0.000510888
1782.0,0.000505878
1784.0,0.000500871
1786.0,0.000495868
1788.0,0.000490869
1790.0,0.000485874
1792.0,0.000481025
1794.0,0.00047618
1796.0,0.000471339
1798.0,0.000466501
1800.0,0.000461669
1802.0,0.000458245
1804.0,0.0004548
1806.0,0.000451335
1808.0,0.00044785
1810.0,0.000444345
1812.0,0.000441145
1814.0,0.000437927
1816.0,0.000434689
1818.0,0.000431432
1820.0,0.000428156
1822.0,0.000425242
1824.0,0.00042231
1826.0,0.000419361
1828.0,0.000416395
1830.0,0.000413411
1832.0,0.000410438
1834.0,0.000407448
1836.0,0.00040444
1838.0,0.000401414
1840.0,0.000398371
1842.0,0.000395489
1844.0,0.000392591
1846.0,0.000389675
1848.0,0.000386742
1850.0,0.000383792
1852.0,0.000380917
1854.0,0.000378026
1856.0,0.000375118
1858.0,0.000372193
1860.0,0.000369253
1862.0,0.000365966
1864.0,0.000362661
1866.0,0.000359338
1868.0,0.000355997
1870.0,0.000352638
1872.0,0.000349681
1874.0,0.000346709
1876.0,0.00034372
1878.0,0.000340715
1880.0,0.000337693
1882.0,0.000335163
1884.0,0.000332619
1886.0,0.00033006
1888.0,0.000327487
1890.0,0.0003249
1892.0,0.000322503
1894.0,0.000320092
1896.0,0.000317669
1898.0,0.000315231
1900.0,0.000312781
1902.0,0.000311165
1904.0,0.000309521
1906.0,0.000307849
1908.0,0.000306149
1910.0,0.000304419
1912.0,0.000302691
1914.0,0.000300934
1916.0,0.000299149
1918.0,0.000297334
1920.0,0.000295491
1922.0,0.000294066
1924.0,0.000292617
1926.0,0.000291143
1928.0,0.000289643
1930.0,0.000288119
1932.0,0.000286442
1934.0,0.000284739
1936.0,0.000283009
1938.0,0.000281252
1940.0,0.000279468
1942.0,0.000277795
1944.0,0.000276095
1946.0,0.00027437
1948.0,0.000272618
1950.0,0.00027084
1952.0,0.000270143
1954.0,0.00026943
1956.0,0.000268701
1958.0,0.000267957
1960.0,0.000267195
1962.0,0.000266689
1964.0,0.000266238
1966.0,0.000265773
1968.0,0.000265292
1970.0,0.000264796
1972.0,0.000264388
1974.0,0.000263965
1976.0,0.000263528
1978.0,0.000263076
1980.0,0.00026261
1982.0,0.000262131
1984.0,0.000261637
1986.0,0.000261128
1988.0,0.000260605
1990.0,0.000260066
1992.0,0.000259408
1994.0,0.000258735
1996.0,0.000258045
1998.0,0.000257338
2000.0,0.000256615
2002.0,0.000255645
2004.0,0.000254657
2006.0,0.000253651
2008.0,0.000252626
2010.0,0.000251584
2012.0,0.000250422
2014.0,0.000249241
2016.0,0.000248041
2018.0,0.000246821
2020.0,0.000245581
2022.0,0.000244319
2024.0,0.000243036
2026.0,0.000241734
2028.0,0.000240412
2030.0,0.00023907
2032.0,0.000237807
2034.0,0.000236524
2036.0,0.000235223
2038.0,0.000233902
2040.0,0.000232561
2042.0,0.000231408
2044.0,0.000230237
2046.0,0.000229048
2048.0,0.000227841
2050.0,0.000226617
2052.0,0.000225636
2054.0,0.000224639
2056.0,0.000223626
2058.0,0.000222596
2060.0,0.00022155
2062.0,0.000220653
2064.0,0.000219742
2066.0,0.000218815
2068.0,0.000217873
2070.0,0.000216916
2072.0,0.000216077
2074.0,0.000215223
2076.0,0.000214355
2078.0,0.000213473
2080.0,0.000212577
2082.0,0.000211764
2084.0,0.000210938
2086.0,0.000210099
2088.0,0.000209245
2090.0,0.000208379
2092.0,0.00020756
2094.0,0.000206728
2096.0,0.000205882
2098.0,0.000205024
2100.0,0.000204153
2102.0,0.000203385
2104.0,0.000202605
2106.0,0.000201811
2108.0,0.000201005
2110.0,0.000200186
2112.0,0.000199465
2114.0,0.000198733
2116.0,0.000197988
2118.0,0.000197231
2120.0,0.000196462
2122.0,0.000195762
2124.0,0.00019505
2126.0,0.000194327
2128.0,0.000193592
2130.0,0.000192845
2132.0,0.000192135
2134.0,0.000191414
2136.0,0.000190681
2138.0,0.000189938
2140.0,0.000189183
2142.0,0.00018843
2144.0,0.000187667
2146.0,0.000186892
2148.0,0.000186106
2150.0,0.000185309
2152.0,0.000184531
2154.0,0.000183741
2156.0,0.00018294
2158.0,0.000182127
2160.0,0.000181302
2162.0,0.000180484
2164.0,0.000179655
2166.0,0.000178815
2168.0,0.000177962
2170.0,0.000177098
2172.0,0.000176271
2174.0,0.000175433
2176.0,0.000174583
2178.0,0.000173723
2180.0,0.00017285
2182.0,0.000172046
2184.0,0.000171232
2186.0,0.000170406
2188.0,0.00016957
2190.0,0.000168723
2192.0,0.000167977
2194.0,0.000167221
2196.0,0.000166455
2198.0,0.000165679
2200.0,0.000164894
2202.0,0.000164176
2204.0,0.00016345
2206.0,0.000162716
2208.0,0.000161974
2210.0,0.000161223
2212.0,0.000160584
2214.0,0.000159938
2216.0,0.000159284
2218.0,0.000158623
2220.0,0.000157954
2222.0,0.000157362
2224.0,0.000156763
2226.0,0.000156157
2228.0,0.000155544
2230.0,0.000154925
2232.0,0.000154344
2234.0,0.000153758
2236.0,0.000153165
2238.0,0.000152566
2240.0,0.00015196
2242.0,0.000151356
2244.0,0.000150745
2246.0,0.000150128
2248.0,0.000149504
2250.0,0.000148875
2252.0,0.000148281
2254.0,0.00014768
2256.0,0.000147072
2258.0,0.000146458
2260.0,0.000145838
2262.0,0.000145249
2264.0,0.000144654
2266.0,0.000144052
2268.0,0.000143445
2270.0,0.000142831
2272.0,0.000142246
2274.0,0.000141656
2276.0,0.00014106
2278.0,0.000140457
2280.0,0.000139849
2282.0,0.000139268
2284.0,0.000138682
2286.0,0.000138089
2288.0,0.000137491
2290.0,0.000136888
2292.0,0.000136309
2294.0,0.000135725
2296.0,0.000135135
2298.0,0.00013454
2300.0,0.00013394
2302.0,0.000133391
2304.0,0.000132835
2306.0,0.000132275
2308.0,0.000131709
2310.0,0.000131137
2312.0,0.00013059
2314.0,0.000130038
2316.0,0.00012948
2318.0,0.000128917
2320.0,0.000128349
2322.0,0.000127814
2324.0,0.000127274
2326.0,0.000126729
2328.0,0.000126178
2330.0,0.000125623
2332.0,0.00012511
2334.0,0.000124592
2336.0,0.000124069
2338.0,0.000123541
2340.0,0.000123009
2342.0,0.000122528
2344.0,0.000122042
2346.0,0.000121552
2348.0,0.000121057
2350.0,0.000120558
2352.0,0.000120153
2354.0,0.000119744
2356.0,0.000119331
2358.0,0.000118914
2360.0,0.000118492
2362.0,0.000118135
2364.0,0.000117775
2366.0,0.00011741
2368.0,0.000117042
2370.0,0.00011667
2372.0,0.00011634
2374.0,0.000116007
2376.0,0.00011567
2378.0,0.000115329
2380.0,0.000114985
2382.0,0.000114658
2384.0,0.000114329
2386.0,0.000113995
2388.0,0.000113659
2390.0,0.000113319
2392.0,0.000112972
2394.0,0.000112621
2396.0,0.000112268
2398.0,0.00011191
2400.0,0.00011155
2402.0,0.000111109
2404.0,0.000110666
2406.0,0.000110221
2408.0,0.000109773
2410.0,0.000109322
2412.0,0.000108879
2414.0,0.000108434
2416.0,0.000107986
2418.0,0.000107535
2420.0,0.000107082
2422.0,0.000106644
2424.0,0.000106202
2426.0,0.000105759
2428.0,0.000105312
2430.0,0.000104864
2432.0,0.000104435
2434.0,0.000104004
2436.0,0.000103571
2438.0,0.000103136
2440.0,0.000102698
2442.0,0.000102287
2444.0,0.000101873
2446.0,0.000101458
2448.0,0.00010104
2450.0,0.000100619
2452.0,0.00010024
2454.0,9.98593e-05
2456.0,9.94758e-05
2458.0,9.909e-05
2460.0,9.8702e-05
2462.0,9.83405e-05
2464.0,9.79768e-05
2466.0,9.76109e-05
2468.0,9.72429e-05
2470.0,9.68728e-05
2472.0,9.65261e-05
2474.0,9.61774e-05
2476.0,9.58266e-05
2478.0,9.54737e-05
2480.0,9.51188e-05
2482.0,9.47843e-05
2484.0,9.44478e-05
2486.0,9.41094e-05
2488.0,9.37689e-05
2490.0,9.34266e-05
2492.0,9.31013e-05
2494.0,9.27742e-05
2496.0,9.24452e-05
2498.0,9.21143e-05
2500.0,9.17815e-05
2502.0,9.14777e-05
2504.0,9.1172e-05
2506.0,9.08643e-05
2508.0,9.05548e-05
2510.0,9.02433e-05
2512.0,8.99549e-05
2514.0,8.96646e-05
2516.0,8.93725e-05
2518.0,8.90786e-05
2520.0,8.87828e-05
2522.0,8.85065e-05
2524.0,8.82283e-05
2526.0,8.79484e-05
2528.0,8.76668e-05
2530.0,8.73834e-05
2532.0,8.71156e-05
2534.0,8.6846e-05
2536.0,8.65748e-05
2538.0,8.63019e-05
2540.0,8.60273e-05
2542.0,8.57643e-05
2544.0,8.54997e-05
2546.0,8.52334e-05
2548.0,8.49655e-05
2550.0,8.46959e-05
2552.0,8.44482e-05
2554.0,8.41989e-05
2556.0,8.39479e-05
2558.0,8.36953e-05
2560.0,8.34411e-05
2562.0,8.32054e-05
2564.0,8.29682e-05
2566.0,8.27294e-05
2568.0,8.24891e-05
2570.0,8.22472e-05
2572.0,8.20181e-05
2574.0,8.17874e-05
2576.0,8.15553e-05
2578.0,8.13217e-05
2580.0,8.10865e-05
2582.0,8.08583e-05
2584.0,8.06286e-05
2586.0,8.03975e-05
2588.0,8.01649e-05
2590.0,7.99307e-05
2592.0,7.96975e-05
2594.0,7.94628e-05
2596.0,7.92265e-05
2598.0,7.89889e-05
2600.0,7.87497e-05
2602.0,7.8499e-05
2604.0,7.82468e-05
2606.0,7.79931e-05
2608.0,7.77381e-05
2610.0,7.74815e-05
2612.0,7.72213e-05
2614.0,7.69595e-05
2616.0,7.66964e-05
2618.0,7.64317e-05
2620.0,7.61656e-05
2622.0,7.5909e-05
2624.0,7.5651e-05
2626.0,7.53916e-05
2628.0,7.51307e-05
2630.0,7.48684e-05
2632.0,7.46292e-05
2634.0,7.43886e-05
2636.0,7.41467e-05
2638.0,7.39034e-05
2640.0,7.36587e-05
2642.0,7.3451e-05
2644.0,7.32421e-05
2646.0,7.30319e-05
2648.0,7.28206e-05
2650.0,7.2608e-05
2652.0,7.24482e-05
2654.0,7.22875e-05
2656.0,7.21256e-05
2658.0,7.19628e-05
2660.0,7.17989e-05
2662.0,7.16787e-05
2664.0,7.15577e-05
2666.0,7.14358e-05
2668.0,7.1313e-05
2670.0,7.11893e-05
2672.0,7.10872e-05
2674.0,7.09843e-05
2676.0,7.08806e-05
2678.0,7.07761e-05
2680.0,7.06709e-05
2682.0,7.05645e-05
2684.0,7.04573e-05
2686.0,7.03492e-05
2688.0,7.02404e-05
2690.0,7.01309e-05
2692.0,6.99969e-05
2694.0,6.98621e-05
2696.0,6.97264e-05
2698.0,6.95899e-05
2700.0,6.94524e-05
2702.0,6.9281e-05
2704.0,6.91085e-05
2706.0,6.89351e-05
2708.0,6.87607e-05
2710.0,6.85852e-05
2712.0,6.83921e-05
2714.0,6.8198e-05
2716.0,6.80028e-05
2718.0,6.78065e-05
2720.0,6.76092e-05
2722.0,6.74067e-05
2724.0,6.72031e-05
2726.0,6.69984e-05
2728.0,6.67927e-05
2730.0,6.65858e-05
2732.0,6.63866e-05
2734.0,6.61863e-05
2736.0,6.59849e-05
2738.0,6.57825e-05
2740.0,6.55791e-05
2742.0,6.53962e-05
2744.0,6.52124e-05
2746.0,6.50276e-05
2748.0,6.48419e-05
2750.0,6.46551e-05
2752.0,6.44903e-05
2754.0,6.43247e-05
2756.0,6.41582e-05
2758.0,6.39908e-05
2760.0,6.38226e-05
2762.0,6.367e-05
2764.0,6.35166e-05
2766.0,6.33624e-05
2768.0,6.32074e-05
2770.0,6.30515e-05
2772.0,6.29064e-05
2774.0,6.27606e-05
2776.0,6.26139e-05
2778.0,6.24665e-05
2780.0,6.23182e-05
2782.0,6.21758e-05
2784.0,6.20326e-05
2786.0,6.18886e-05
2788.0,6.17439e-05
2790.0,6.15984e-05
2792.0,6.14536e-05
2794.0,6.13081e-05
2796.0,6.11619e-05
2798.0,6.10148e-05
2800.0,6.0867e-05
2802.0,6.0731e-05
2804.0,6.05942e-05
2806.0,6.04565e-05
2808.0,6.03179e-05
2810.0,6.01785e-05
2812.0,6.00418e-05
2814.0,5.99044e-05
2816.0,5.9766e-05
2818.0,5.96268e-05
2820.0,5.94868e-05
2822.0,5.93515e-05
2824.0,5.92155e-05
2826.0,5.90786e-05
2828.0,5.89408e-05
2830.0,5.88022e-05
2832.0,5.86706e-05
2834.0,5.85382e-05
2836.0,5.8405e-05
2838.0,5.82709e-05
2840.0,5.8136e-05
2842.0,5.80103e-05
2844.0,5.78837e-05
2846.0,5.77563e-05
2848.0,5.76282e-05
2850.0,5.74993e-05
2852.0,5.73785e-05
2854.0,5.72569e-05
2856.0,5.71346e-05
2858.0,5.70116e-05
2860.0,5.68878e-05
2862.0,5.67723e-05
2864.0,5.66561e-05
2866.0,5.65391e-05
2868.0,5.64215e-05
2870.0,5.63031e-05
2872.0,5.61926e-05
2874.0,5.60815e-05
2876.0,5.59696e-05
2878.0,5.58571e-05
2880.0,5.57438e-05
2882.0,5.5638e-05
2884.0,5.55315e-05
2886.0,5.54244e-05
2888.0,5.53166e-05
2890.0,5.52082e-05
2892.0,5.51067e-05
2894.0,5.50047e-05
2896.0,5.4902e-05
2898.0,5.47987e-05
2900.0,5.46947e-05
2902.0,5.45965e-05
2904.0,5.44977e-05
2906.0,5.43984e-05
2908.0,5.42984e-05
2910.0,5.41979e-05
2912.0,5.41058e-05
2914.0,5.40132e-05
2916.0,5.392e-05
2918.0,5.38262e-05
2920.0,5.37319e-05
2922.0,5.36447e-05
2924.0,5.3557e-05
2926.0,5.34687e-05
2928.0,5.33799e-05
2930.0,5.32906e-05
2932.0,5.32071e-05
2934.0,5.31231e-05
2936.0,5.30386e-05
2938.0,5.29536e-05
2940.0,5.2868e-05
2942.0,5.2787e-05
2944.0,5.27055e-05
2946.0,5.26235e-05
2948.0,5.25409e-05
2950.0,5.24579e-05
2952.0,5.23785e-05
2954.0,5.22986e-05
2956.0,5.22183e-05
2958.0,5.21375e-05
2960.0,5.20562e-05
2962.0,5.19828e-05
2964.0,5.1909e-05
2966.0,5.18347e-05
2968.0,5.176e-05
2970.0,5.16848e-05
2972.0,5.16142e-05
2974.0,5.15431e-05
2976.0,5.14716e-05
2978.0,5.13997e-05
2980.0,5.13274e-05
2982.0,5.12562e-05
2984.0,5.11845e-05
2986.0,5.11125e-05
2988.0,5.104e-05
2990.0,5.09671e-05
2992.0,5.08919e-05
2994.0,5.08163e-05
2996.0,5.07402e-05
2998.0,5.06638e-05
3000.0,5.05869e-05
3002.0,5.0468e-05
3004.0,5.03488e-05
3006.0,5.02294e-05
3008.0,5.01098e-05
3010.0,4.999e-05
3012.0,4.98656e-05
3014.0,4.9741e-05
3016.0,4.96162e-05
3018.0,4.94911e-05
3020.0,4.93658e-05
3022.0,4.92429e-05
3024.0,4.91199e-05
3026.0,4.89966e-05
3028.0,4.8873e-05
3030.0,4.87493e-05
3032.0,4.86351e-05
3034.0,4.85206e-05
3036.0,4.8406e-05
3038.0,4.82911e-05
3040.0,4.81761e-05
3042.0,4.80777e-05
3044.0,4.79792e-05
3046.0,4.78805e-05
3048.0,4.77816e-05
3050.0,4.76825e-05
3052.0,4.76036e-05
3054.0,4.75246e-05
3056.0,4.74453e-05
3058.0,4.7366e-05
3060.0,4.72865e-05
3062.0,4.72239e-05
3064.0,4.71613e-05
3066.0,4.70985e-05
3068.0,4.70356e-05
3070.0,4.69726e-05
3072.0,4.69194e-05
3074.0,4.68661e-05
3076.0,4.68127e-05
3078.0,4.67592e-05
3080.0,4.67056e-05
3082.0,4.66547e-05
3084.0,4.66037e-05
3086.0,4.65526e-05
3088.0,4.65013e-05
3090.0,4.645e-05
3092.0,4.63941e-05
3094.0,4.63382e-05
3096.0,4.62821e-05
3098.0,4.62259e-05
3100.0,4.61695e-05
3102.0,4.61067e-05
3104.0,4.60438e-05
3106.0,4.59808e-05
3108.0,4.59176e-05
3110.0,4.58543e-05
3112.0,4.57908e-05
3114.0,4.57272e-05
3116.0,4.56634e-05
3118.0,4.55995e-05
3120.0,4.55354e-05
3122.0,4.54721e-05
3124.0,4.54086e-05
3126.0,4.5345e-05
3128.0,4.52812e-05
3130.0,4.52174e-05
3132.0,4.51551e-05
3134.0,4.50927e-05
3136.0,4.50302e-05
3138.0,4.49676e-05
3140.0,4.49048e-05
3142.0,4.48446e-05
3144.0,4.47842e-05
3146.0,4.47238e-05
3148.0,4.46632e-05
3150.0,4.46026e-05
3152.0,4.45407e-05
3154.0,4.44787e-05
3156.0,4.44166e-05
3158.0,4.43543e-05
3160.0,4.4292e-05
3162.0,4.42308e-05
3164.0,4.41695e-05
3166.0,4.41081e-05
3168.0,4.40465e-05
3170.0,4.39849e-05
3172.0,4.39256e-05
3174.0,4.38663e-05
3176.0,4.38068e-05
3178.0,4.37472e-05
3180.0,4.36875e-05
3182.0,4.36315e-05
3184.0,4.35753e-05
3186.0,4.3519e-05
3188.0,4.34627e-05
3190.0,4.34063e-05
3192.0,4.33547e-05
3194.0,4.3303e-05
3196.0,4.32512e-05
3198.0,4.31994e-05
3200.0,4.31475e-05
3202.0,4.30952e-05
3204.0,4.3043e-05
3206.0,4.29906e-05
3208.0,4.29382e-05
3210.0,4.28857e-05
3212.0,4.28395e-05
3214.0,4.27932e-05
3216.0,4.27468e-05
3218.0,4.27003e-05
3220.0,4.26539e-05
3222.0,4.26105e-05
3224.0,4.2567e-05
3226.0,4.25236e-05
3228.0,4.248e-05
3230.0,4.24364e-05
3232.0,4.23928e-05
3234.0,4.2349e-05
3236.0,4.23053e-05
3238.0,4.22615e-05
3240.0,4.22176e-05
3242.0,4.21705e-05
3244.0,4.21234e-05
3246.0,4.20762e-05
3248.0,4.2029e-05
3250.0,4.19817e-05
3252.0,4.19306e-05
3254.0,4.18794e-05
3256.0,4.18282e-05
3258.0,4.17769e-05
3260.0,4.17256e-05
3262.0,4.1675e-05
3264.0,4.16245e-05
3266.0,4.15738e-05
3268.0,4.15231e-05
3270.0,4.14724e-05
3272.0,4.14196e-05
3274.0,4.13668e-05
3276.0,4.1314e-05
3278.0,4.1261e-05
3280.0,4.12081e-05
3282.0,4.11502e-05
3284.0,4.10923e-05
3286.0,4.10343e-05
3288.0,4.09762e-05
3290.0,4.09182e-05
3292.0,4.08523e-05
3294.0,4.07863e-05
3296.0,4.07203e-05
3298.0,4.06543e-05
3300.0,4.05882e-05
3302.0,4.05042e-05
3304.0,4.04201e-05
3306.0,4.0336e-05
3308.0,4.02518e-05
3310.0,4.01676e-05
3312.0,4.00685e-05
3314.0,3.99693e-05
3316.0,3.98701e-05
3318.0,3.97708e-05
3320.0,3.96714e-05
3322.0,3.95705e-05
3324.0,3.94696e-05
3326.0,3.93686e-05
3328.0,3.92675e-05
3330.0,3.91663e-05
3332.0,3.90772e-05
3334.0,3.8988e-05
3336.0,3.88987e-05
3338.0,3.88093e-05
3340.0,3.87199e-05
3342.0,3.8656e-05
3344.0,3.8592e-05
3346.0,3.8528e-05
3348.0,3.8464e-05
3350.0,3.83998e-05
3352.0,3.83736e-05
3354.0,3.83474e-05
3356.0,3.83211e-05
3358.0,3.82948e-05
3360.0,3.82685e-05
3362.0,3.82702e-05
3364.0,3.82719e-05
3366.0,3.82737e-05
3368.0,3.82754e-05
3370.0,3.82771e-05
3372.0,3.82898e-05
3374.0,3.83025e-05
3376.0,3.83153e-05
3378.0,3.8328e-05
3380.0,3.83407e-05
3382.0,3.83474e-05
3384.0,3.8354e-05
3386.0,3.83606e-05
3388.0,3.83673e-05
3390.0,3.83739e-05
3392.0,3.83572e-05
3394.0,3.83405e-05
3396.0,3.83237e-05
3398.0,3.8307e-05
3400.0,3.82902e-05
3402.0,3.82316e-05
3404.0,3.8173e-05
3406.0,3.81143e-05
3408.0,3.80557e-05
3410.0,3.79971e-05
3412.0,3.79207e-05
3414.0,3.78443e-05
3416.0,3.77679e-05
3418.0,3.76915e-05
3420.0,3.76151e-05
3422.0,3.75298e-05
3424.0,3.74445e-05
3426.0,3.73591e-05
3428.0,3.72737e-05
3430.0,3.71884e-05
3432.0,3.71028e-05
3434.0,3.70173e-05
3436.0,3.69318e-05
3438.0,3.68462e-05
3440.0,3.67606e-05
3442.0,3.66837e-05
3444.0,3.66067e-05
3446.0,3.65297e-05
3448.0,3.64527e-05
3450.0,3.63757e-05
3452.0,3.63051e-05
3454.0,3.62345e-05
3456.0,3.61638e-05
3458.0,3.60932e-05
3460.0,3.60225e-05
3462.0,3.59529e-05
3464.0,3.58832e-05
3466.0,3.58136e-05
3468.0,3.57439e-05
3470.0,3.56742e-05
3472.0,3.56082e-05
3474.0,3.55421e-05
3476.0,3.54761e-05
3478.0,3.541e-05
3480.0,3.53439e-05
3482.0,3.52841e-05
3484.0,3.52242e-05
3486.0,3.51644e-05
3488.0,3.51045e-05
3490.0,3.50447e-05
3492.0,3.49936e-05
3494.0,3.49426e-05
3496.0,3.48916e-05
3498.0,3.48405e-05
3500.0,3.47895e-05
3502.0,3.47501e-05
3504.0,3.47107e-05
3506.0,3.46713e-05
3508.0,3.4632e-05
3510.0,3.45926e-05
3512.0,3.45655e-05
3514.0,3.45384e-05
3516.0,3.45113e-05
3518.0,3.44842e-05
3520.0,3.44571e-05
3522.0,3.44346e-05
3524.0,3.4412e-05
3526.0,3.43894e-05
3528.0,3.43668e-05
3530.0,3.43442e-05
3532.0,3.43183e-05
3534.0,3.42924e-05
3536.0,3.42665e-05
3538.0,3.42406e-05
3540.0,3.42147e-05
3542.0,3.41777e-05
3544.0,3.41407e-05
3546.0,3.41037e-05
3548.0,3.40667e-05
3550.0,3.40297e-05
3552.0,3.39784e-05
3554.0,3.39271e-05
3556.0,3.38758e-05
3558.0,3.38245e-05
3560.0,3.37732e-05
3562.0,3.37128e-05
3564.0,3.36523e-05
3566.0,3.35918e-05
3568.0,3.35314e-05
3570.0,3.34709e-05
3572.0,3.34061e-05
3574.0,3.33414e-05
3576.0,3.32766e-05
3578.0,3.32118e-05
3580.0,3.31471e-05
3582.0,3.30829e-05
3584.0,3.30187e-05
3586.0,3.29545e-05
3588.0,3.28904e-05
3590.0,3.28262e-05
3592.0,3.27675e-05
3594.0,3.27087e-05
3596.0,3.265e-05
3598.0,3.25913e-05
3600.0,3.25326e-05
3602.0,3.24789e-05
3604.0,3.24252e-05
3606.0,3.23716e-05
3608.0,3.23179e-05
3610.0,3.22642e-05
3612.0,3.2211e-05
3614.0,3.21577e-05
3616.0,3.21045e-05
3618.0,3.20512e-05
3620.0,3.1998e-05
3622.0,3.19478e-05
3624.0,3.18976e-05
3626.0,3.18473e-05
3628.0,3.17971e-05
3630.0,3.17469e-05
3632.0,3.17023e-05
3634.0,3.16577e-05
3636.0,3.16131e-05
3638.0,3.15685e-05
3640.0,3.15239e-05
3642.0,3.14876e-05
3644.0,3.14512e-05
3646.0,3.14149e-05
3648.0,3.13786e-05
3650.0,3.13422e-05
3652.0,3.13219e-05
3654.0,3.13015e-05
3656.0,3.12812e-05
3658.0,3.12608e-05
3660.0,3.12405e-05
3662.0,3.12334e-05
3664.0,3.12263e-05
3666.0,3.12192e-05
3668.0,3.12121e-05
3670.0,3.1205e-05
3672.0,3.12011e-05
3674.0,3.11972e-05
3676.0,3.11932e-05
3678.0,3.11893e-05
3680.0,3.11854e-05
3682.0,3.11745e-05
3684.0,3.11636e-05
3686.0,3.11527e-05
3688.0,3.11418e-05
3690.0,3.11309e-05
3692.0,3.11029e-05
3694.0,3.10749e-05
3696.0,3.1047e-05
3698.0,3.1019e-05
3700.0,3.0991e-05
3702.0,3.09345e-05
3704.0,3.08781e-05
3706.0,3.08216e-05
3708.0,3.07652e-05
3710.0,3.07087e-05
3712.0,3.06335e-05
3714.0,3.05582e-05
3716.0,3.0483e-05
3718.0,3.04077e-05
3720.0,3.03324e-05
3722.0,3.02511e-05
3724.0,3.01698e-05
3726.0,3.00884e-05
3728.0,3.00071e-05
3730.0,2.99258e-05
3732.0,2.98511e-05
3734.0,2.97764e-05
3736.0,2.97017e-05
3738.0,2.9627e-05
3740.0,2.95523e-05
3742.0,2.9497e-05
3744.0,2.94416e-05
3746.0,2.93862e-05
3748.0,2.93309e-05
3750.0,2.92755e-05
3752.0,2.92435e-05
3754.0,2.92114e-05
3756.0,2.91793e-05
3758.0,2.91473e-05
3760.0,2.91152e-05
3762.0,2.91005e-05
3764.0,2.90858e-05
3766.0,2.90711e-05
3768.0,2.90565e-05
3770.0,2.90418e-05
3772.0,2.90347e-05
3774.0,2.90276e-05
3776.0,2.90205e-05
3778.0,2.90134e-05
3780.0,2.90063e-05
3782.0,2.8997e-05
3784.0,2.89877e-05
3786.0,2.89784e-05
3788.0,2.89691e-05
3790.0,2.89598e-05
3792.0,2.89386e-05
3794.0,2.89173e-05
3796.0,2.88961e-05
3798.0,2.88748e-05
3800.0,2.88536e-05
3802.0,2.87978e-05
3804.0,2.8742e-05
3806.0,2.86863e-05
3808.0,2.86306e-05
3810.0,2.8575e-05
3812.0,2.85112e-05
3814.0,2.84474e-05
3816.0,2.83837e-05
3818.0,2.83201e-05
3820.0,2.82565e-05
3822.0,2.8189e-05
3824.0,2.81215e-05
3826.0,2.80541e-05
3828.0,2.79868e-05
3830.0,2.79196e-05
3832.0,2.78525e-05
3834.0,2.77856e-05
3836.0,2.77187e-05
3838.0,2.76519e-05
3840.0,2.75851e-05
3842.0,2.75227e-05
3844.0,2.74605e-05
3846.0,2.73982e-05
3848.0,2.73361e-05
3850.0,2.72739e-05
3852.0,2.72148e-05
3854.0,2.71557e-05
3856.0,2.70967e-05
3858.0,2.70378e-05
3860.0,2.69788e-05
3862.0,2.69203e-05
3864.0,2.68618e-05
3866.0,2.68033e-05
3868.0,2.67449e-05
3870.0,2.66865e-05
3872.0,2.66304e-05
3874.0,2.65744e-05
3876.0,2.65184e-05
3878.0,2.64624e-05
3880.0,2.64065e-05
3882.0,2.63547e-05
3884.0,2.63029e-05
3886.0,2.62512e-05
3888.0,2.61995e-05
3890.0,2.61479e-05
3892.0,2.61022e-05
3894.0,2.60566e-05
3896.0,2.6011e-05
3898.0,2.59654e-05
3900.0,2.59199e-05
3902.0,2.58822e-05
3904.0,2.58446e-05
3906.0,2.58071e-05
3908.0,2.57695e-05
3910.0,2.5732e-05
3912.0,2.57038e-05
3914.0,2.56756e-05
3916.0,2.56474e-05
3918.0,2.56192e-05
3920.0,2.5591e-05
3922.0,2.55651e-05
3924.0,2.55391e-05
3926.0,2.55131e-05
3928.0,2.54872e-05
3930.0,2.54612e-05
3932.0,2.54304e-05
3934.0,2.53995e-05
3936.0,2.53687e-05
3938.0,2.53379e-05
3940.0,2.53071e-05
3942.0,2.52644e-05
3944.0,2.52218e-05
3946.0,2.51792e-05
3948.0,2.51366e-05
3950.0,2.50941e-05
3952.0,2.50288e-05
3954.0,2.49636e-05
3956.0,2.48985e-05
3958.0,2.48335e-05
3960.0,2.47685e-05
3962.0,2.46895e-05
3964.0,2.46106e-05
3966.0,2.45318e-05
3968.0,2.44531e-05
3970.0,2.43746e-05
3972.0,2.42925e-05
3974.0,2.42106e-05
3976.0,2.41288e-05
3978.0,2.40472e-05
3980.0,2.39656e-05
3982.0,2.38911e-05
3984.0,2.38167e-05
3986.0,2.37424e-05
3988.0,2.36682e-05
3990.0,2.35941e-05
3992.0,2.35373e-05
3994.0,2.34806e-05
3996.0,2.3424e-05
3998.0,2.33674e-05
4000.0,2.33109e-05
4002.0,2.32781e-05
4004.0,2.32453e-05
4006.0,2.32125e-05
4008.0,2.31797e-05
4010.0,2.31469e-05
4012.0,2.31304e-05
4014.0,2.31138e-05
4016.0,2.30972e-05
4018.0,2.30805e-05
4020.0,2.30639e-05
4022.0,2.30542e-05
4024.0,2.30446e-05
4026.0,2.30349e-05
4028.0,2.30251e-05
4030.0,2.30153e-05
4032.0,2.30035e-05
4034.0,2.29917e-05
4036.0,2.29799e-05
4038.0,2.2968e-05
4040.0,2.2956e-05
4042.0,2.29332e-05
4044.0,2.29104e-05
4046.0,2.28876e-05
4048.0,2.28647e-05
4050.0,2.28418e-05
4052.0,2.28054e-05
4054.0,2.27691e-05
4056.0,2.27327e-05
4058.0,2.26964e-05
4060.0,2.266e-05
4062.0,2.26179e-05
4064.0,2.25759e-05
4066.0,2.25339e-05
4068.0,2.24918e-05
4070.0,2.24499e-05
4072.0,2.24036e-05
4074.0,2.23574e-05
4076.0,2.23112e-05
4078.0,2.22651e-05
4080.0,2.2219e-05
4082.0,2.21701e-05
4084.0,2.21212e-05
4086.0,2.20724e-05
4088.0,2.20236e-05
4090.0,2.19749e-05
4092.0,2.19248e-05
4094.0,2.18747e-05
4096.0,2.18247e-05
4098.0,2.17747e-05
4100.0,2.17248e-05
4102.0,2.1671e-05
4104.0,2.16173e-05
4106.0,2.15637e-05
4108.0,2.15101e-05
4110.0,2.14565e-05
4112.0,2.13991e-05
4114.0,2.13417e-05
4116.0,2.12844e-05
4118.0,2.12271e-05
4120.0,2.117e-05
4122.0,2.11114e-05
4124.0,2.10528e-05
4126.0,2.09944e-05
4128.0,2.0936e-05
4130.0,2.08777e-05
4132.0,2.08204e-05
4134.0,2.07632e-05
4136.0,2.0706e-05
4138.0,2.0649e-05
4140.0,2.0592e-05
4142.0,2.05384e-05
4144.0,2.04849e-05
4146.0,2.04315e-05
4148.0,2.03781e-05
4150.0,2.03248e-05
4152.0,2.02739e-05
4154.0,2.02231e-05
4156.0,2.01723e-05
4158.0,2.01216e-05
4160.0,2.0071e-05
4162.0,2.00214e-05
4164.0,1.99719e-05
4166.0,1.99224e-05
4168.0,1.9873e-05
4170.0,1.98237e-05
4172.0,1.97764e-05
4174.0,1.97292e-05
4176.0,1.9682e-05
4178.0,1.96349e-05
4180.0,1.95878e-05
4182.0,1.95439e-05
4184.0,1.95e-05
4186.0,1.94561e-05
4188.0,1.94122e-05
4190.0,1.93684e-05
4192.0,1.93288e-05
4194.0,1.92891e-05
4196.0,1.92495e-05
4198.0,1.92099e-05
4200.0,1.91703e-05
4202.0,1.91369e-05
4204.0,1.91034e-05
4206.0,1.907e-05
4208.0,1.90365e-05
4210.0,1.9003e-05
4212.0,1.89767e-05
4214.0,1.89503e-05
4216.0,1.89239e-05
4218.0,1.88974e-05
4220.0,1.88709e-05
4222.0,1.88459e-05
4224.0,1.88209e-05
4226.0,1.87958e-05
4228.0,1.87707e-05
4230.0,1.87456e-05
4232.0,1.87164e-05
4234.0,1.86873e-05
4236.0,1.86581e-05
4238.0,1.86288e-05
4240.0,1.85996e-05
4242.0,1.8561e-05
4244.0,1.85223e-05
4246.0,1.84837e-05
4248.0,1.84451e-05
4250.0,1.84065e-05
4252.0,1.83522e-05
4254.0,1.8298e-05
4256.0,1.82439e-05
4258.0,1.81898e-05
4260.0,1.81358e-05
4262.0,1.80714e-05
4264.0,1.8007e-05
4266.0,1.79428e-05
4268.0,1.78787e-05
4270.0,1.78147e-05
4272.0,1.77476e-05
4274.0,1.76806e-05
4276.0,1.76137e-05
4278.0,1.7547e-05
4280.0,1.74803e-05
4282.0,1.74178e-05
4284.0,1.73554e-05
4286.0,1.7293e-05
4288.0,1.72308e-05
4290.0,1.71687e-05
4292.0,1.71177e-05
4294.0,1.70667e-05
4296.0,1.70158e-05
4298.0,1.6965e-05
4300.0,1.69142e-05
4302.0,1.68776e-05
4304.0,1.68409e-05
4306.0,1.68043e-05
4308.0,1.67677e-05
4310.0,1.67311e-05
4312.0,1.67049e-05
4314.0,1.66787e-05
4316.0,1.66525e-05
4318.0,1.66263e-05
4320.0,1.66e-05
4322.0,1.65776e-05
4324.0,1.65552e-05
4326.0,1.65327e-05
4328.0,1.65102e-05
4330.0,1.64876e-05
4332.0,1.64626e-05
4334.0,1.64375e-05
4336.0,1.64123e-05
4338.0,1.63872e-05
4340.0,1.63619e-05
4342.0,1.6328e-05
4344.0,1.62941e-05
4346.0,1.62601e-05
4348.0,1.62262e-05
4350.0,1.61922e-05
4352.0,1.6146e-05
4354.0,1.60998e-05
4356.0,1.60537e-05
4358.0,1.60076e-05
4360.0,1.59616e-05
4362.0,1.59083e-05
4364.0,1.5855e-05
4366.0,1.58019e-05
4368.0,1.57488e-05
4370.0,1.56958e-05
4372.0,1.56399e-05
4374.0,1.55842e-05
4376.0,1.55285e-05
4378.0,1.5473e-05
4380.0,1.54175e-05
4382.0,1.53635e-05
4384.0,1.53097e-05
4386.0,1.52559e-05
4388.0,1.52022e-05
4390.0,1.51486e-05
4392.0,1.51007e-05
4394.0,1.50528e-05
4396.0,1.5005e-05
4398.0,1.49573e-05
4400.0,1.49097e-05
4402.0,1.48689e-05
4404.0,1.48282e-05
4406.0,1.47875e-05
4408.0,1.47469e-05
4410.0,1.47063e-05
4412.0,1.46699e-05
4414.0,1.46336e-05
4416.0,1.45973e-05
4418.0,1.4561e-05
4420.0,1.45247e-05
4422.0,1.44904e-05
4424.0,1.44561e-05
4426.0,1.44217e-05
4428.0,1.43874e-05
4430.0,1.43531e-05
4432.0,1.43184e-05
4434.0,1.42838e-05
4436.0,1.42492e-05
4438.0,1.42146e-05
4440.0,1.41799e-05
4442.0,1.41428e-05
4444.0,1.41057e-05
4446.0,1.40687e-05
4448.0,1.40316e-05
4450.0,1.39945e-05
4452.0,1.39561e-05
4454.0,1.39177e-05
4456.0,1.38794e-05
4458.0,1.38411e-05
4460.0,1.38028e-05
4462.0,1.37636e-05
4464.0,1.37245e-05
4466.0,1.36854e-05
4468.0,1.36463e-05
4470.0,1.36073e-05
4472.0,1.35673e-05
4474.0,1.35273e-05
4476.0,1.34873e-05
4478.0,1.34473e-05
4480.0,1.34074e-05
4482.0,1.33664e-05
4484.0,1.33253e-05
4486.0,1.32843e-05
4488.0,1.32433e-05
4490.0,1.32024e-05
4492.0,1.31601e-05
4494.0,1.31179e-05
4496.0,1.30757e-05
4498.0,1.30336e-05
4500.0,1.29915e-05
4502.0,1.29384e-05
4504.0,1.28853e-05
4506.0,1.28323e-05
4508.0,1.27794e-05
4510.0,1.27266e-05
4512.0,1.26717e-05
4514.0,1.2617e-05
4516.0,1.25623e-05
4518.0,1.25077e-05
4520.0,1.24532e-05
4522.0,1.2398e-05
4524.0,1.23429e-05
4526.0,1.22878e-05
4528.0,1.22329e-05
4530.0,1.2178e-05
4532.0,1.21237e-05
4534.0,1.20695e-05
4536.0,1.20154e-05
4538.0,1.19614e-05
4540.0,1.19074e-05
4542.0,1.18552e-05
4544.0,1.18031e-05
4546.0,1.17511e-05
4548.0,1.16991e-05
4550.0,1.16472e-05
4552.0,1.16013e-05
4554.0,1.15554e-05
4556.0,1.15096e-05
4558.0,1.14638e-05
4560.0,1.14181e-05
4562.0,1.13735e-05
4564.0,1.13289e-05
4566.0,1.12844e-05
4568.0,1.124e-05
4570.0,1.11955e-05
4572.0,1.11519e-05
4574.0,1.11083e-05
4576.0,1.10647e-05
4578.0,1.10212e-05
4580.0,1.09777e-05
4582.0,1.09346e-05
4584.0,1.08916e-05
4586.0,1.08486e-05
4588.0,1.08057e-05
4590.0,1.07628e-05
4592.0,1.072e-05
4594.0,1.06772e-05
4596.0,1.06345e-05
4598.0,1.05918e-05
4600.0,1.05492e-05
4602.0,1.05114e-05
4604.0,1.04736e-05
4606.0,1.04359e-05
4608.0,1.03983e-05
4610.0,1.03606e-05
4612.0,1.03224e-05
4614.0,1.02842e-05
4616.0,1.0246e-05
4618.0,1.02079e-05
4620.0,1.01698e-05
4622.0,1.01324e-05
4624.0,1.00951e-05
4626.0,1.00578e-05
4628.0,1.00206e-05
4630.0,9.98341e-06
4632.0,9.9483e-06
4634.0,9.91322e-06
4636.0,9.87816e-06
4638.0,9.84312e-06
4640.0,9.80812e-06
4642.0,9.77647e-06
4644.0,9.74483e-06
4646.0,9.71319e-06
4648.0,9.68155e-06
4650.0,9.64993e-06
4652.0,9.63131e-06
4654.0,9.61267e-06
4656.0,9.594e-06
4658.0,9.57531e-06
4660.0,9.55659e-06
4662.0,9.54272e-06
4664.0,9.5288e-06
4666.0,9.51483e-06
4668.0,9.50081e-06
4670.0,9.48675e-06
4672.0,9.47376e-06
4674.0,9.46072e-06
4676.0,9.44762e-06
4678.0,9.43447e-06
4680.0,9.42126e-06
4682.0,9.40549e-06
4684.0,9.38968e-06
4686.0,9.37382e-06
4688.0,9.35792e-06
4690.0,9.34199e-06
4692.0,9.31994e-06
4694.0,9.29788e-06
4696.0,9.27581e-06
4698.0,9.25373e-06
4700.0,9.23164e-06
4702.0,9.20763e-06
4704.0,9.18364e-06
4706.0,9.15968e-06
4708.0,9.13574e-06
4710.0,9.11182e-06
4712.0,9.08191e-06
4714.0,9.05204e-06
4716.0,9.02223e-06
4718.0,8.99246e-06
4720.0,8.96273e-06
4722.0,8.93071e-06
4724.0,8.89873e-06
4726.0,8.86682e-06
4728.0,8.83496e-06
4730.0,8.80316e-06
4732.0,8.77265e-06
4734.0,8.74219e-06
4736.0,8.71178e-06
4738.0,8.68143e-06
4740.0,8.65113e-06
4742.0,8.62563e-06
4744.0,8.60017e-06
4746.0,8.57475e-06
4748.0,8.54935e-06
4750.0,8.52399e-06
4752.0,8.50775e-06
4754.0,8.49152e-06
4756.0,8.47529e-06
4758.0,8.45907e-06
4760.0,8.44286e-06
4762.0,8.4303e-06
4764.0,8.41774e-06
4766.0,8.40517e-06
4768.0,8.39259e-06
4770.0,8.38001e-06
4772.0,8.36913e-06
4774.0,8.35824e-06
4776.0,8.34734e-06
4778.0,8.33642e-06
4780.0,8.3255e-06
4782.0,8.31436e-06
4784.0,8.3032e-06
4786.0,8.29204e-06
4788.0,8.28087e-06
4790.0,8.26969e-06
4792.0,8.2564e-06
4794.0,8.24312e-06
4796.0,8.22983e-06
4798.0,8.21654e-06
4800.0,8.20324e-06
4802.0,8.18773e-06
4804.0,8.17222e-06
4806.0,8.15673e-06
4808.0,8.14124e-06
4810.0,8.12576e-06
4812.0,8.10824e-06
4814.0,8.09073e-06
4816.0,8.07323e-06
4818.0,8.05576e-06
4820.0,8.03829e-06
4822.0,8.02064e-06
4824.0,8.00301e-06
4826.0,7.9854e-06
4828.0,7.9678e-06
4830.0,7.95021e-06
4832.0,7.93427e-06
4834.0,7.91833e-06
4836.0,7.90241e-06
4838.0,7.88649e-06
4840.0,7.87059e-06
4842.0,7.85811e-06
4844.0,7.84563e-06
4846.0,7.83315e-06
4848.0,7.82068e-06
4850.0,7.8082e-06
4852.0,7.80295e-06
4854.0,7.79769e-06
4856.0,7.79241e-06
4858.0,7.78711e-06
4860.0,7.7818e-06
4862.0,7.78089e-06
4864.0,7.77995e-06
4866.0,7.77898e-06
4868.0,7.77798e-06
4870.0,7.77696e-06
4872.0,7.77695e-06
4874.0,7.77691e-06
4876.0,7.77684e-06
4878.0,7.77674e-06
4880.0,7.77661e-06
4882.0,7.77417e-06
4884.0,7.77171e-06
4886.0,7.76923e-06
4888.0,7.76672e-06
4890.0,7.76418e-06
4892.0,7.75607e-06
4894.0,7.74795e-06
4896.0,7.73982e-06
4898.0,7.73168e-06
4900.0,7.72354e-06
4902.0,7.71068e-06
4904.0,7.69783e-06
4906.0,7.68498e-06
4908.0,7.67214e-06
4910.0,7.6593e-06
4912.0,7.64421e-06
4914.0,7.62914e-06
4916.0,7.61408e-06
4918.0,7.59902e-06
4920.0,7.58399e-06
4922.0,7.56734e-06
4924.0,7.5507e-06
4926.0,7.53408e-06
4928.0,7.51748e-06
4930.0,7.5009e-06
4932.0,7.48332e-06
4934.0,7.46577e-06
4936.0,7.44823e-06
4938.0,7.43071e-06
4940.0,7.41322e-06
4942.0,7.39533e-06
4944.0,7.37747e-06
4946.0,7.35962e-06
4948.0,7.3418e-06
4950.0,7.324e-06
4952.0,7.30258e-06
4954.0,7.28118e-06
4956.0,7.25982e-06
4958.0,7.23848e-06
4960.0,7.21717e-06
4962.0,7.19665e-06
4964.0,7.17616e-06
4966.0,7.15569e-06
4968.0,7.13525e-06
4970.0,7.11483e-06
4972.0,7.09578e-06
4974.0,7.07675e-06
4976.0,7.05774e-06
4978.0,7.03875e-06
4980.0,7.01978e-06
4982.0,7.00274e-06
4984.0,6.98571e-06
4986.0,6.96869e-06
4988.0,6.95168e-06
4990.0,6.93468e-06
4992.0,6.92016e-06
4994.0,6.90563e-06
4996.0,6.89111e-06
4998.0,6.87659e-06
5000.0,6.86207e-06
5002.0,6.86778e-06
5004.0,6.87349e-06
5006.0,6.87919e-06
5008.0,6.8849e-06
5010.0,6.8906e-06
5012.0,6.9039e-06
5014.0,6.9172e-06
5016.0,6.9305e-06
5018.0,6.94379e-06
5020.0,6.95708e-06
5022.0,6.97327e-06
5024.0,6.98946e-06
5026.0,7.00564e-06
5028.0,7.02182e-06
5030.0,7.03799e-06
5032.0,7.05238e-06
5034.0,7.06676e-06
5036.0,7.08114e-06
5038.0,7.09551e-06
5040.0,7.10988e-06
5042.0,7.11778e-06
5044.0,7.12568e-06
5046.0,7.13358e-06
5048.0,7.14147e-06
5050.0,7.14936e-06
5052.0,7.14328e-06
5054.0,7.1372e-06
5056.0,7.13112e-06
5058.0,7.12503e-06
5060.0,7.11895e-06
5062.0,7.10772e-06
5064.0,7.0965e-06
5066.0,7.08529e-06
5068.0,7.07408e-06
5070.0,7.06289e-06
5072.0,7.0493e-06
5074.0,7.03573e-06
5076.0,7.02216e-06
5078.0,7.00862e-06
5080.0,6.99508e-06
5082.0,6.98187e-06
5084.0,6.96868e-06
5086.0,6.9555e-06
5088.0,6.94233e-06
5090.0,6.92917e-06
5092.0,6.91903e-06
5094.0,6.9089e-06
5096.0,6.89877e-06
5098.0,6.88865e-06
5100.0,6.87854e-06
5102.0,6.8661e-06
5104.0,6.85366e-06
5106.0,6.84122e-06
5108.0,6.82878e-06
5110.0,6.81634e-06
5112.0,6.80537e-06
5114.0,6.79439e-06
5116.0,6.78341e-06
5118.0,6.77242e-06
5120.0,6.76143e-06
5122.0,6.75148e-06
5124.0,6.74152e-06
5126.0,6.73155e-06
5128.0,6.72158e-06
5130.0,6.7116e-06
5132.0,6.70224e-06
5134.0,6.69288e-06
5136.0,6.68351e-06
5138.0,6.67412e-06
5140.0,6.66473e-06
5142.0,6.65557e-06
5144.0,6.6464e-06
5146.0,6.63721e-06
5148.0,6.62802e-06
5150.0,6.61881e-06
5152.0,6.60753e-06
5154.0,6.59623e-06
5156.0,6.5849e-06
5158.0,6.57356e-06
5160.0,6.5622e-06
5162.0,6.55241e-06
5164.0,6.54259e-06
5166.0,6.53274e-06
5168.0,6.52287e-06
5170.0,6.51296e-06
5172.0,6.50297e-06
5174.0,6.49294e-06
5176.0,6.48289e-06
5178.0,6.47281e-06
5180.0,6.4627e-06
5182.0,6.45089e-06
5184.0,6.43905e-06
5186.0,6.4272e-06
5188.0,6.41533e-06
5190.0,6.40344e-06
5192.0,6.38829e-06
5194.0,6.37313e-06
5196.0,6.35797e-06
5198.0,6.3428e-06
5200.0,6.32763e-06
5202.0,6.30615e-06
5204.0,6.28469e-06
5206.0,6.26326e-06
5208.0,6.24185e-06
5210.0,6.22047e-06
5212.0,6.1949e-06
5214.0,6.16939e-06
5216.0,6.14392e-06
5218.0,6.1185e-06
5220.0,6.09313e-06
5222.0,6.06672e-06
5224.0,6.04037e-06
5226.0,6.01407e-06
5228.0,5.98782e-06
5230.0,5.96163e-06
5232.0,5.93745e-06
5234.0,5.91331e-06
5236.0,5.88921e-06
5238.0,5.86516e-06
5240.0,5.84115e-06
5242.0,5.82209e-06
5244.0,5.80305e-06
5246.0,5.78403e-06
5248.0,5.76502e-06
5250.0,5.74603e-06
5252.0,5.73347e-06
5254.0,5.72089e-06
5256.0,5.70828e-06
5258.0,5.69564e-06
5260.0,5.68299e-06
5262.0,5.67525e-06
5264.0,5.66745e-06
5266.0,5.65961e-06
5268.0,5.6517e-06
5270.0,5.64375e-06
5272.0,5.6375e-06
5274.0,5.63118e-06
5276.0,5.62481e-06
5278.0,5.61836e-06
5280.0,5.61185e-06
5282.0,5.60395e-06
5284.0,5.596e-06
5286.0,5.58799e-06
5288.0,5.57992e-06
5290.0,5.57179e-06
5292.0,5.55929e-06
5294.0,5.54677e-06
5296.0,5.53421e-06
5298.0,5.52162e-06
5300.0,5.50901e-06
5302.0,5.49019e-06
5304.0,5.47138e-06
5306.0,5.45257e-06
5308.0,5.43376e-06
5310.0,5.41496e-06
5312.0,5.39319e-06
5314.0,5.37144e-06
5316.0,5.34971e-06
5318.0,5.32801e-06
5320.0,5.30633e-06
5322.0,5.28284e-06
5324.0,5.25939e-06
5326.0,5.23597e-06
5328.0,5.21259e-06
5330.0,5.18924e-06
5332.0,5.16519e-06
5334.0,5.14119e-06
5336.0,5.11722e-06
5338.0,5.09329e-06
5340.0,5.06941e-06
5342.0,5.04588e-06
5344.0,5.0224e-06
5346.0,4.99895e-06
5348.0,4.97554e-06
5350.0,4.95217e-06
5352.0,4.92691e-06
5354.0,4.90169e-06
5356.0,4.87653e-06
5358.0,4.85141e-06
5360.0,4.82634e-06
5362.0,4.79961e-06
5364.0,4.77294e-06
5366.0,4.74634e-06
5368.0,4.71979e-06
5370.0,4.69331e-06
5372.0,4.6672e-06
5374.0,4.64114e-06
5376.0,4.61514e-06
5378.0,4.5892e-06
5380.0,4.56332e-06
5382.0,4.53974e-06
5384.0,4.51619e-06
5386.0,4.49269e-06
5388.0,4.46923e-06
5390.0,4.44581e-06
5392.0,4.42651e-06
5394.0,4.40722e-06
5396.0,4.38793e-06
5398.0,4.36865e-06
5400.0,4.34938e-06
5402.0,4.33575e-06
5404.0,4.32207e-06
5406.0,4.30835e-06
5408.0,4.29459e-06
5410.0,4.28079e-06
5412.0,4.27145e-06
5414.0,4.26203e-06
5416.0,4.25252e-06
5418.0,4.24293e-06
5420.0,4.23326e-06
5422.0,4.22526e-06
5424.0,4.21715e-06
5426.0,4.20895e-06
5428.0,4.20065e-06
5430.0,4.19225e-06
5432.0,4.18286e-06
5434.0,4.17338e-06
5436.0,4.16381e-06
5438.0,4.15415e-06
5440.0,4.14439e-06
5442.0,4.13114e-06
5444.0,4.11784e-06
5446.0,4.10447e-06
5448.0,4.09105e-06
5450.0,4.07756e-06
5452.0,4.06035e-06
5454.0,4.04311e-06
5456.0,4.02585e-06
5458.0,4.00858e-06
5460.0,3.99128e-06
5462.0,3.97182e-06
5464.0,3.95237e-06
5466.0,3.93292e-06
5468.0,3.91346e-06
5470.0,3.89401e-06
5472.0,3.8732e-06
5474.0,3.85241e-06
5476.0,3.83164e-06
5478.0,3.81087e-06
5480.0,3.79013e-06
5482.0,3.76879e-06
5484.0,3.74747e-06
5486.0,3.72617e-06
5488.0,3.70489e-06
5490.0,3.68364e-06
5492.0,3.66251e-06
5494.0,3.64139e-06
5496.0,3.6203e-06
5498.0,3.59922e-06
5500.0,3.57817e-06
5502.0,3.56833e-06
5504.0,3.55849e-06
5506.0,3.54866e-06
5508.0,3.53885e-06
5510.0,3.52904e-06
5512.0,3.51845e-06
5514.0,3.50787e-06
5516.0,3.49731e-06
5518.0,3.48676e-06
5520.0,3.47622e-06
5522.0,3.46557e-06
5524.0,3.45494e-06
5526.0,3.44432e-06
5528.0,3.43371e-06
5530.0,3.42312e-06
5532.0,3.41307e-06
5534.0,3.40304e-06
5536.0,3.39302e-06
5538.0,3.383e-06
5540.0,3.373e-06
5542.0,3.36418e-06
5544.0,3.35537e-06
5546.0,3.34656e-06
5548.0,3.33776e-06
5550.0,3.32897e-06
5552.0,3.32171e-06
5554.0,3.31445e-06
5556.0,3.30719e-06
5558.0,3.29993e-06
5560.0,3.29267e-06
5562.0,3.28648e-06
5564.0,3.2803e-06
5566.0,3.2741e-06
5568.0,3.2679e-06
5570.0,3.26169e-06
5572.0,3.25602e-06
5574.0,3.25034e-06
5576.0,3.24464e-06
5578.0,3.23894e-06
5580.0,3.23323e-06
5582.0,3.22753e-06
5584.0,3.22181e-06
5586.0,3.21609e-06
5588.0,3.21036e-06
5590.0,3.20462e-06
5592.0,3.19836e-06
5594.0,3.19211e-06
5596.0,3.18584e-06
5598.0,3.17957e-06
5600.0,3.17329e-06
5602.0,3.16671e-06
5604.0,3.16012e-06
5606.0,3.15353e-06
5608.0,3.14693e-06
5610.0,3.14033e-06
5612.0,3.13363e-06
5614.0,3.12692e-06
5616.0,3.12021e-06
5618.0,3.1135e-06
5620.0,3.10678e-06
5622.0,3.09987e-06
5624.0,3.09296e-06
5626.0,3.08604e-06
5628.0,3.07912e-06
5630.0,3.07219e-06
5632.0,3.065e-06
5634.0,3.0578e-06
5636.0,3.0506e-06
5638.0,3.04339e-06
5640.0,3.03619e-06
5642.0,3.02863e-06
5644.0,3.02107e-06
5646.0,3.01351e-06
5648.0,3.00594e-06
5650.0,2.99838e-06
5652.0,2.99048e-06
5654.0,2.98258e-06
5656.0,2.97468e-06
5658.0,2.96678e-06
5660.0,2.95888e-06
5662.0,2.95067e-06
5664.0,2.94246e-06
5666.0,2.93426e-06
5668.0,2.92605e-06
5670.0,2.91786e-06
5672.0,2.90939e-06
5674.0,2.90092e-06
5676.0,2.89246e-06
5678.0,2.88401e-06
5680.0,2.87556e-06
5682.0,2.86689e-06
5684.0,2.85822e-06
5686.0,2.84956e-06
5688.0,2.8409e-06
5690.0,2.83226e-06
5692.0,2.82343e-06
5694.0,2.81462e-06
5696.0,2.80581e-06
5698.0,2.79701e-06
5700.0,2.78821e-06
5702.0,2.7795e-06
5704.0,2.77079e-06
5706.0,2.76209e-06
5708.0,2.75339e-06
5710.0,2.7447e-06
5712.0,2.73608e-06
5714.0,2.72747e-06
5716.0,2.71887e-06
5718.0,2.71027e-06
5720.0,2.70168e-06
5722.0,2.69276e-06
5724.0,2.68385e-06
5726.0,2.67494e-06
5728.0,2.66605e-06
5730.0,2.65716e-06
5732.0,2.64756e-06
5734.0,2.63798e-06
5736.0,2.6284e-06
5738.0,2.61884e-06
5740.0,2.60929e-06
5742.0,2.59867e-06
5744.0,2.58806e-06
5746.0,2.57747e-06
5748.0,2.5669e-06
5750.0,2.55634e-06
5752.0,2.543e-06
5754.0,2.52969e-06
5756.0,2.51642e-06
5758.0,2.50318e-06
5760.0,2.48997e-06
5762.0,2.47435e-06
5764.0,2.45878e-06
5766.0,2.44326e-06
5768.0,2.42779e-06
5770.0,2.41237e-06
5772.0,2.39701e-06
5774.0,2.3817e-06
5776.0,2.36644e-06
5778.0,2.35123e-06
5780.0,2.33607e-06
5782.0,2.32336e-06
5784.0,2.31068e-06
5786.0,2.29804e-06
5788.0,2.28543e-06
5790.0,2.27285e-06
5792.0,2.26502e-06
5794.0,2.2572e-06
5796.0,2.24938e-06
5798.0,2.24156e-06
5800.0,2.23375e-06
5802.0,2.23341e-06
5804.0,2.23302e-06
5806.0,2.23258e-06
5808.0,2.2321e-06
5810.0,2.23158e-06
5812.0,2.23694e-06
5814.0,2.24223e-06
5816.0,2.24743e-06
5818.0,2.25255e-06
5820.0,2.25758e-06
5822.0,2.26409e-06
5824.0,2.27052e-06
5826.0,2.27684e-06
5828.0,2.28307e-06
5830.0,2.28921e-06
5832.0,2.2926e-06
5834.0,2.29591e-06
5836.0,2.29914e-06
5838.0,2.30229e-06
5840.0,2.30537e-06
5842.0,2.30164e-06
5844.0,2.29788e-06
5846.0,2.29409e-06
5848.0,2.29027e-06
5850.0,2.28642e-06
5852.0,2.27295e-06
5854.0,2.25953e-06
5856.0,2.24614e-06
5858.0,2.2328e-06
5860.0,2.21949e-06
5862.0,2.19954e-06
5864.0,2.17967e-06
5866.0,2.15989e-06
5868.0,2.1402e-06
5870.0,2.1206e-06
5872.0,2.09871e-06
5874.0,2.07692e-06
5876.0,2.05524e-06
5878.0,2.03367e-06
5880.0,2.0122e-06
5882.0,1.99261e-06
5884.0,1.97311e-06
5886.0,1.95371e-06
5888.0,1.93439e-06
5890.0,1.91517e-06
5892.0,1.90181e-06
5894.0,1.8885e-06
5896.0,1.87523e-06
5898.0,1.86202e-06
5900.0,1.84885e-06
5902.0,1.84251e-06
5904.0,1.83617e-06
5906.0,1.82983e-06
5908.0,1.82347e-06
5910.0,1.81711e-06
5912.0,1.81489e-06
5914.0,1.81264e-06
5916.0,1.81034e-06
5918.0,1.808e-06
5920.0,1.80562e-06
5922.0,1.80552e-06
5924.0,1.80536e-06
5926.0,1.80514e-06
5928.0,1.80486e-06
5930.0,1.80452e-06
5932.0,1.80469e-06
5934.0,1.8048e-06
5936.0,1.80484e-06
5938.0,1.80482e-06
5940.0,1.80473e-06
5942.0,1.79696e-06
5944.0,1.78919e-06
5946.0,1.78143e-06
5948.0,1.77366e-06
5950.0,1.7659e-06
5952.0,1.75805e-06
5954.0,1.7502e-06
5956.0,1.74235e-06
5958.0,1.7345e-06
5960.0,1.72665e-06
5962.0,1.71881e-06
5964.0,1.71096e-06
5966.0,1.70312e-06
5968.0,1.69527e-06
5970.0,1.68743e-06
5972.0,1.67959e-06
5974.0,1.67175e-06
5976.0,1.66391e-06
5978.0,1.65607e-06
5980.0,1.64824e-06
5982.0,1.6404e-06
5984.0,1.63257e-06
5986.0,1.62473e-06
5988.0,1.6169e-06
5990.0,1.60907e-06
5992.0,1.60123e-06
5994.0,1.5934e-06
5996.0,1.58558e-06
5998.0,1.57775e-06
6000.0,1.56992e-06
6002.0,1.56417e-06
6004.0,1.55842e-06
6006.0,1.55267e-06
6008.0,1.54692e-06
6010.0,1.54117e-06
6012.0,1.53543e-06
6014.0,1.52968e-06
6016.0,1.52394e-06
6018.0,1.5182e-06
6020.0,1.51245e-06
6022.0,1.50671e-06
6024.0,1.50097e-06
6026.0,1.49523e-06
6028.0,1.48949e-06
6030.0,1.48375e-06
6032.0,1.47801e-06
6034.0,1.47228e-06
6036.0,1.46654e-06
6038.0,1.4608e-06
6040.0,1.45507e-06
6042.0,1.44933e-06
6044.0,1.4436e-06
6046.0,1.43787e-06
6048.0,1.43213e-06
6050.0,1.4264e-06
6052.0,1.42062e-06
6054.0,1.41484e-06
6056.0,1.40906e-06
6058.0,1.40328e-06
6060.0,1.39751e-06
6062.0,1.39173e-06
6064.0,1.38595e-06
6066.0,1.38018e-06
6068.0,1.3744e-06
6070.0,1.36863e-06
6072.0,1.36286e-06
6074.0,1.35709e-06
6076.0,1.35132e-06
6078.0,1.34555e-06
6080.0,1.33978e-06
6082.0,1.33401e-06
6084.0,1.32824e-06
6086.0,1.32247e-06
6088.0,1.3167e-06
6090.0,1.31094e-06
6092.0,1.30517e-06
6094.0,1.2994e-06
6096.0,1.29364e-06
6098.0,1.28787e-06
6100.0,1.28211e-06
6102.0,1.27632e-06
6104.0,1.27053e-06
6106.0,1.26474e-06
6108.0,1.25895e-06
6110.0,1.25316e-06
6112.0,1.24737e-06
6114.0,1.24158e-06
6116.0,1.2358e-06
6118.0,1.23001e-06
6120.0,1.22422e-06
6122.0,1.21844e-06
6124.0,1.21266e-06
6126.0,1.20687e-06
6128.0,1.20109e-06
6130.0,1.19531e-06
6132.0,1.18952e-06
6134.0,1.18374e-06
6136.0,1.17796e-06
6138.0,1.17218e-06
6140.0,1.1664e-06
6142.0,1.16062e-06
6144.0,1.15484e-06
6146.0,1.14907e-06
6148.0,1.14329e-06
6150.0,1.13751e-06
6152.0,1.13173e-06
6154.0,1.12594e-06
6156.0,1.12016e-06
6158.0,1.11438e-06
6160.0,1.10859e-06
6162.0,1.10281e-06
6164.0,1.09703e-06
6166.0,1.09125e-06
6168.0,1.08547e-06
6170.0,1.07969e-06
6172.0,1.07391e-06
6174.0,1.06813e-06
6176.0,1.06235e-06
6178.0,1.05657e-06
6180.0,1.0508e-06
6182.0,1.04502e-06
6184.0,1.03924e-06
6186.0,1.03347e-06
6188.0,1.02769e-06
6190.0,1.02192e-06
6192.0,1.01614e-06
6194.0,1.01037e-06
6196.0,1.0046e-06
6198.0,9.98824e-07
6200.0,9.93052e-07
6202.0,9.87255e-07
6204.0,9.81459e-07
6206.0,9.75664e-07
6208.0,9.69869e-07
6210.0,9.64076e-07
6212.0,9.58284e-07
6214.0,9.52493e-07
6216.0,9.46703e-07
6218.0,9.40913e-07
6220.0,9.35125e-07
6222.0,9.29338e-07
6224.0,9.23552e-07
6226.0,9.17766e-07
6228.0,9.11982e-07
6230.0,9.06198e-07
6232.0,9.00416e-07
6234.0,8.94635e-07
6236.0,8.88855e-07
6238.0,8.83075e-07
6240.0,8.77297e-07
6242.0,8.71519e-07
6244.0,8.65741e-07
6246.0,8.59965e-07
6248.0,8.5419e-07
6250.0,8.48415e-07
6252.0,8.42662e-07
6254.0,8.3691e-07
6256.0,8.31159e-07
6258.0,8.25408e-07
6260.0,8.19659e-07
6262.0,8.1391e-07
6264.0,8.08161e-07
6266.0,8.02414e-07
6268.0,7.96667e-07
6270.0,7.90922e-07
6272.0,7.85177e-07
6274.0,7.79434e-07
6276.0,7.73691e-07
6278.0,7.67949e-07
6280.0,7.62209e-07
6282.0,7.56469e-07
6284.0,7.5073e-07
6286.0,7.44992e-07
6288.0,7.39255e-07
6290.0,7.33519e-07
6292.0,7.27784e-07
6294.0,7.22049e-07
6296.0,7.16316e-07
6298.0,7.10583e-07
6300.0,7.04852e-07
6302.0,6.99153e-07
6304.0,6.93454e-07
6306.0,6.87757e-07
6308.0,6.8206e-07
6310.0,6.76365e-07
6312.0,6.7067e-07
6314.0,6.64975e-07
6316.0,6.59282e-07
6318.0,6.5359e-07
6320.0,6.47899e-07
6322.0,6.42208e-07
6324.0,6.36518e-07
6326.0,6.3083e-07
6328.0,6.25142e-07
6330.0,6.19456e-07
6332.0,6.1377e-07
6334.0,6.08085e-07
6336.0,6.02402e-07
6338.0,5.96719e-07
6340.0,5.91037e-07
6342.0,5.85356e-07
6344.0,5.79676e-07
6346.0,5.73997e-07
6348.0,5.68319e-07
6350.0,5.62643e-07
6352.0,5.57005e-07
6354.0,5.51368e-07
6356.0,5.45733e-07
6358.0,5.40098e-07
6360.0,5.34465e-07
6362.0,5.28831e-07
6364.0,5.23199e-07
6366.0,5.17568e-07
6368.0,5.11938e-07
