Wavelength,Transmission
1110.0,1.16716e-06
1120.0,2.35024e-06
1130.0,3.48352e-06
1140.0,4.56565e-06
1150.0,5.59563e-06
1152.0,6.60933e-06
1154.0,7.71511e-06
1156.0,8.91659e-06
1158.0,1.02174e-05
1160.0,1.1621e-05
1162.0,1.30898e-05
1164.0,1.45078e-05
1166.0,1.60041e-05
1168.0,1.75806e-05
1170.0,1.9239e-05
1172.0,2.08977e-05
1174.0,2.26315e-05
1176.0,2.44417e-05
1178.0,2.63299e-05
1180.0,2.82974e-05
1182.0,3.37313e-05
1184.0,3.96943e-05
1186.0,4.62118e-05
1188.0,5.33094e-05
1190.0,6.10133e-05
1192.0,6.90488e-05
1194.0,7.76555e-05
1196.0,8.68524e-05
1198.0,9.66587e-05
1200.0,0.000107094
1202.0,0.000115988
1204.0,0.000125255
1206.0,0.000134906
1208.0,0.000144948
1210.0,0.00015539
1212.0,0.000165831
1214.0,0.000176671
1216.0,0.000187919
1218.0,0.000197669
1220.0,0.000207651
1222.0,0.000216843
1224.0,0.000226235
1226.0,0.000235829
1228.0,0.000245628
1230.0,0.000255631
1232.0,0.000264178
1234.0,0.000272877
1236.0,0.00028173
1238.0,0.000290737
1240.0,0.0002999
1242.0,0.000306657
1244.0,0.000313501
1246.0,0.000320432
1248.0,0.000327452
1250.0,0.000334559
1252.0,0.000340659
1254.0,0.000346821
1256.0,0.000353043
1258.0,0.000359326
1260.0,0.000365671
1262.0,0.000373388
1264.0,0.000381183
1266.0,0.000389057
1268.0,0.000397008
1270.0,0.000405037
1272.0,0.000413961
1274.0,0.00042297
1276.0,0.000432062
1278.0,0.000441239
1280.0,0.0004505
1282.0,0.000460685
1284.0,0.000470959
1286.0,0.000481325
1288.0,0.00049178
1290.0,0.000502326
1292.0,0.000514398
1294.0,0.000526575
1296.0,0.000538856
1298.0,0.00055124
1300.0,0.000563728
1302.0,0.000577473
1304.0,0.000591277
1306.0,0.00060514
1308.0,0.000619062
1310.0,0.000633042
1312.0,0.000647086
1314.0,0.00066119
1316.0,0.000675352
1318.0,0.000689574
1320.0,0.000703854
1322.0,0.000714375
1324.0,0.000724937
1326.0,0.000735539
1328.0,0.000746182
1330.0,0.000756864
1332.0,0.000767213
1334.0,0.000777601
1336.0,0.000788027
1338.0,0.000798491
1340.0,0.000808993
1342.0,0.000821673
1344.0,0.000834401
1346.0,0.000847178
1348.0,0.000860002
1350.0,0.000872874
1352.0,0.000887289
1354.0,0.000901762
1356.0,0.000916294
1358.0,0.000930884
1360.0,0.000945533
1362.0,0.000961555
1364.0,0.000977642
1366.0,0.000993794
1368.0,0.00101001
1370.0,0.00102629
1372.0,0.0010439
1374.0,0.00106158
1376.0,0.00107932
1378.0,0.00109714
1380.0,0.00111503
1382.0,0.0011341
1384.0,0.00115325
1386.0,0.00117247
1388.0,0.00119177
1390.0,0.00121114
1392.0,0.00123198
1394.0,0.00125289
1396.0,0.00127388
1398.0,0.00129495
1400.0,0.0013161
1402.0,0.00134025
1404.0,0.00136449
1406.0,0.00138884
1408.0,0.00141329
1410.0,0.00143784
1412.0,0.0014626
1414.0,0.00148746
1416.0,0.00151242
1418.0,0.00153748
1420.0,0.00156263
1422.0,0.00158496
1424.0,0.00160736
1426.0,0.00162985
1428.0,0.00165241
1430.0,0.00167506
1432.0,0.00169797
1434.0,0.00172096
1436.0,0.00174366
1438.0,0.00176605
1440.0,0.0017885
1442.0,0.00181399
1444.0,0.00183954
1446.0,0.00186516
1448.0,0.00189083
1450.0,0.00191657
1452.0,0.00194308
1454.0,0.00196964
1456.0,0.00199626
1458.0,0.00202292
1460.0,0.00204964
1462.0,0.00207652
1464.0,0.00210346
1466.0,0.00213043
1468.0,0.00215745
1470.0,0.00218452
1472.0,0.00221139
1474.0,0.00223829
1476.0,0.00226523
1478.0,0.00229221
1480.0,0.00231922
1482.0,0.00234447
1484.0,0.00236975
1486.0,0.00239505
1488.0,0.00242036
1490.0,0.0024457
1492.0,0.00247188
1494.0,0.00249808
1496.0,0.00252429
1498.0,0.0025505
1500.0,0.00257673
1502.0,0.00260532
1504.0,0.00263386
1506.0,0.00266236
1508.0,0.00269082
1510.0,0.00271924
1512.0,0.0027468
1514.0,0.00277431
1516.0,0.00280177
1518.0,0.00282918
1520.0,0.00285653
1522.0,0.00287712
1524.0,0.00289766
1526.0,0.00291815
1528.0,0.00293859
1530.0,0.00295898
1532.0,0.00297739
1534.0,0.00299575
1536.0,0.00301406
1538.0,0.00303232
1540.0,0.00305052
1542.0,0.00307028
1544.0,0.00308998
1546.0,0.00310962
1548.0,0.00312921
1550.0,0.00314874
1552.0,0.00316661
1554.0,0.00318441
1556.0,0.00320215
1558.0,0.00321983
1560.0,0.00323743
1562.0,0.00325339
1564.0,0.00326928
1566.0,0.00328511
1568.0,0.00330089
1570.0,0.0033166
1572.0,0.00333124
1574.0,0.00334584
1576.0,0.00336037
1578.0,0.00337486
1580.0,0.00338928
1582.0,0.00340352
1584.0,0.00341771
1586.0,0.00343185
1588.0,0.00344594
1590.0,0.00345997
1592.0,0.00347191
1594.0,0.00348381
1596.0,0.00349566
1598.0,0.00350748
1600.0,0.00351926
1602.0,0.0035182
1604.0,0.00351711
1606.0,0.00351599
1608.0,0.00351483
1610.0,0.00351651
1612.0,0.00351686
1614.0,0.00351719
1616.0,0.0035175
1618.0,0.00351778
1620.0,0.00351804
1622.0,0.00352002
1624.0,0.00352198
1626.0,0.00352392
1628.0,0.00352584
1630.0,0.00352773
1632.0,0.00352993
1634.0,0.00353211
1636.0,0.00353427
1638.0,0.00353642
1640.0,0.00353856
1642.0,0.00354029
1644.0,0.00354201
1646.0,0.00354373
1648.0,0.00354543
1650.0,0.00354713
1652.0,0.00354796
1654.0,0.00354878
1656.0,0.00354959
1658.0,0.00355038
1660.0,0.00355117
1662.0,0.00355263
1664.0,0.00355408
1666.0,0.00355552
1668.0,0.00355694
1670.0,0.00355836
1672.0,0.00356048
1674.0,0.00356259
1676.0,0.00356468
1678.0,0.00356677
1680.0,0.00356885
1682.0,0.00357191
1684.0,0.00357496
1686.0,0.00357799
1688.0,0.00358102
1690.0,0.00358404
1692.0,0.00358745
1694.0,0.00359085
1696.0,0.00359424
1698.0,0.00359763
1700.0,0.00360099
1702.0,0.00359899
1704.0,0.00359694
1706.0,0.00359486
1708.0,0.00359274
1710.0,0.00359059
1712.0,0.00358835
1714.0,0.00358607
1716.0,0.00358376
1718.0,0.00358141
1720.0,0.00357902
1722.0,0.0035764
1724.0,0.00357375
1726.0,0.00357106
1728.0,0.00356833
1730.0,0.00356556
1732.0,0.00356252
1734.0,0.00355943
1736.0,0.00355631
1738.0,0.00355314
1740.0,0.00354993
1742.0,0.00354646
1744.0,0.00354295
1746.0,0.00353939
1748.0,0.0035358
1750.0,0.00353216
1752.0,0.00352703
1754.0,0.00352187
1756.0,0.00351666
1758.0,0.00351141
1760.0,0.00350611
1762.0,0.00350029
1764.0,0.00349441
1766.0,0.0034885
1768.0,0.00348255
1770.0,0.00347656
1772.0,0.00346999
1774.0,0.00346338
1776.0,0.00345673
1778.0,0.00345004
1780.0,0.00344331
1782.0,0.00343593
1784.0,0.00342851
1786.0,0.00342106
1788.0,0.00341356
1790.0,0.00340603
1792.0,0.00339798
1794.0,0.0033899
1796.0,0.00338179
1798.0,0.00337363
1800.0,0.00336544
1802.0,0.00336909
1804.0,0.00337272
1806.0,0.00337633
1808.0,0.00337993
1810.0,0.00338352
1812.0,0.00338648
1814.0,0.00338943
1816.0,0.00339236
1818.0,0.00339527
1820.0,0.00339817
1822.0,0.00339996
1824.0,0.00340173
1826.0,0.00340347
1828.0,0.0034052
1830.0,0.00340689
1832.0,0.00340807
1834.0,0.00340922
1836.0,0.00341034
1838.0,0.00341143
1840.0,0.0034125
1842.0,0.00341366
1844.0,0.00341479
1846.0,0.0034159
1848.0,0.00341698
1850.0,0.00341803
1852.0,0.0034184
1854.0,0.00341874
1856.0,0.00341905
1858.0,0.00341933
1860.0,0.00341958
1862.0,0.00341908
1864.0,0.00341854
1866.0,0.00341797
1868.0,0.00341737
1870.0,0.00341673
1872.0,0.00341518
1874.0,0.00341358
1876.0,0.00341195
1878.0,0.00341029
1880.0,0.00340858
1882.0,0.00340543
1884.0,0.00340224
1886.0,0.00339901
1888.0,0.00339573
1890.0,0.0033924
1892.0,0.00338838
1894.0,0.0033843
1896.0,0.00338018
1898.0,0.00337601
1900.0,0.0033718
1902.0,0.00337725
1904.0,0.00338263
1906.0,0.00338793
1908.0,0.00339316
1910.0,0.00339831
1912.0,0.00340305
1914.0,0.00340771
1916.0,0.00341228
1918.0,0.00341678
1920.0,0.00342119
1922.0,0.00342506
1924.0,0.00342885
1926.0,0.00343254
1928.0,0.00343615
1930.0,0.00343967
1932.0,0.0034425
1934.0,0.00344524
1936.0,0.00344788
1938.0,0.00345042
1940.0,0.00345287
1942.0,0.00345417
1944.0,0.00345538
1946.0,0.00345647
1948.0,0.00345745
1950.0,0.00345833
1952.0,0.00345882
1954.0,0.0034592
1956.0,0.00345947
1958.0,0.00345962
1960.0,0.00345966
1962.0,0.00346123
1964.0,0.00346361
1966.0,0.00346589
1968.0,0.00346806
1970.0,0.00347011
1972.0,0.00347166
1974.0,0.00347309
1976.0,0.0034744
1978.0,0.00347559
1980.0,0.00347666
1982.0,0.00347584
1984.0,0.00347488
1986.0,0.00347378
1988.0,0.00347254
1990.0,0.00347115
1992.0,0.00346953
1994.0,0.00346777
1996.0,0.00346586
1998.0,0.0034638
2000.0,0.0034616
2002.0,0.00346026
2004.0,0.00345879
2006.0,0.00345718
2008.0,0.00345545
2010.0,0.00345359
2012.0,0.00345153
2014.0,0.00344934
2016.0,0.00344702
2018.0,0.00344456
2020.0,0.00344197
2022.0,0.00343722
2024.0,0.00343233
2026.0,0.00342727
2028.0,0.00342206
2030.0,0.0034167
2032.0,0.0034111
2034.0,0.00340534
2036.0,0.00339942
2038.0,0.00339335
2040.0,0.00338711
2042.0,0.0033825
2044.0,0.00337775
2046.0,0.00337286
2048.0,0.00336782
2050.0,0.00336263
2052.0,0.00335796
2054.0,0.00335315
2056.0,0.00334819
2058.0,0.00334307
2060.0,0.00333781
2062.0,0.00333146
2064.0,0.00332494
2066.0,0.00331827
2068.0,0.00331144
2070.0,0.00330444
2072.0,0.00329712
2074.0,0.00328965
2076.0,0.00328201
2078.0,0.0032742
2080.0,0.00326623
2082.0,0.00325851
2084.0,0.00325064
2086.0,0.0032426
2088.0,0.0032344
2090.0,0.00322604
2092.0,0.00321741
2094.0,0.00320861
2096.0,0.00319965
2098.0,0.00319052
2100.0,0.00318122
2102.0,0.00317153
2104.0,0.00316166
2106.0,0.0031516
2108.0,0.00314137
2110.0,0.00313095
2112.0,0.00312051
2114.0,0.00310989
2116.0,0.0030991
2118.0,0.00308812
2120.0,0.00307695
2122.0,0.00306668
2124.0,0.00305624
2126.0,0.00304563
2128.0,0.00303484
2130.0,0.00302387
2132.0,0.00301328
2134.0,0.00300252
2136.0,0.00299159
2138.0,0.00298048
2140.0,0.00296921
2142.0,0.00295796
2144.0,0.00294653
2146.0,0.00293494
2148.0,0.00292318
2150.0,0.00291124
2152.0,0.00290026
2154.0,0.00288911
2156.0,0.00287778
2158.0,0.00286628
2160.0,0.0028546
2162.0,0.00284358
2164.0,0.00283238
2166.0,0.00282102
2168.0,0.00280949
2170.0,0.00279779
2172.0,0.00278681
2174.0,0.00277568
2176.0,0.00276439
2178.0,0.00275294
2180.0,0.00274132
2182.0,0.00273097
2184.0,0.00272047
2186.0,0.00270982
2188.0,0.00269902
2190.0,0.00268807
2192.0,0.00267729
2194.0,0.00266636
2196.0,0.00265529
2198.0,0.00264407
2200.0,0.0026327
2202.0,0.00261892
2204.0,0.00260499
2206.0,0.00259091
2208.0,0.00257669
2210.0,0.00256232
2212.0,0.00254846
2214.0,0.00253446
2216.0,0.00252031
2218.0,0.00250602
2220.0,0.00249159
2222.0,0.00247947
2224.0,0.00246722
2226.0,0.00245485
2228.0,0.00244235
2230.0,0.00242972
2232.0,0.00241844
2234.0,0.00240703
2236.0,0.00239552
2238.0,0.00238389
2240.0,0.00237214
2242.0,0.0023616
2244.0,0.00235096
2246.0,0.00234021
2248.0,0.00232936
2250.0,0.0023184
2252.0,0.00230836
2254.0,0.00229821
2256.0,0.00228796
2258.0,0.0022776
2260.0,0.00226713
2262.0,0.0022558
2264.0,0.00224436
2266.0,0.00223281
2268.0,0.00222115
2270.0,0.00220939
2272.0,0.00219806
2274.0,0.00218662
2276.0,0.00217508
2278.0,0.00216344
2280.0,0.00215169
2282.0,0.0021417
2284.0,0.00213161
2286.0,0.00212143
2288.0,0.00211117
2290.0,0.0021008
2292.0,0.00209099
2294.0,0.00208109
2296.0,0.00207111
2298.0,0.00206103
2300.0,0.00205087
2302.0,0.00204091
2304.0,0.00203086
2306.0,0.00202072
2308.0,0.00201048
2310.0,0.00200014
2312.0,0.00198951
2314.0,0.00197879
2316.0,0.00196797
2318.0,0.00195706
2320.0,0.00194605
2322.0,0.00193329
2324.0,0.00192042
2326.0,0.00190745
2328.0,0.00189437
2330.0,0.00188119
2332.0,0.00186971
2334.0,0.00185813
2336.0,0.00184645
2338.0,0.00183469
2340.0,0.00182283
2342.0,0.00181743
2344.0,0.00181198
2346.0,0.00180647
2348.0,0.00180091
2350.0,0.00179529
2352.0,0.00179146
2354.0,0.00178757
2356.0,0.00178363
2358.0,0.00177965
2360.0,0.00177561
2362.0,0.00176837
2364.0,0.00176107
2366.0,0.00175369
2368.0,0.00174625
2370.0,0.00173874
2372.0,0.00173097
2374.0,0.00172313
2376.0,0.00171523
2378.0,0.00170725
2380.0,0.00169921
2382.0,0.00169251
2384.0,0.00168575
2386.0,0.00167893
2388.0,0.00167205
2390.0,0.00166511
2392.0,0.00165909
2394.0,0.00165301
2396.0,0.00164688
2398.0,0.00164069
2400.0,0.00163445
2402.0,0.00162769
2404.0,0.00162089
2406.0,0.00161405
2408.0,0.00160718
2410.0,0.00160026
2412.0,0.00159338
2414.0,0.00158646
2416.0,0.00157951
2418.0,0.00157251
2420.0,0.00156547
2422.0,0.00155859
2424.0,0.00155166
2426.0,0.0015447
2428.0,0.0015377
2430.0,0.00153066
2432.0,0.00152389
2434.0,0.00151708
2436.0,0.00151024
2438.0,0.00150336
2440.0,0.00149644
2442.0,0.0014899
2444.0,0.00148334
2446.0,0.00147674
2448.0,0.0014701
2450.0,0.00146343
2452.0,0.00145733
2454.0,0.00145121
2456.0,0.00144505
2458.0,0.00143885
2460.0,0.00143262
2462.0,0.00142673
2464.0,0.00142081
2466.0,0.00141486
2468.0,0.00140887
2470.0,0.00140285
2472.0,0.00139716
2474.0,0.00139143
2476.0,0.00138567
2478.0,0.00137988
2480.0,0.00137406
2482.0,0.00136855
2484.0,0.00136301
2486.0,0.00135744
2488.0,0.00135183
2490.0,0.0013462
2492.0,0.00134085
2494.0,0.00133548
2496.0,0.00133008
2498.0,0.00132464
2500.0,0.00131918
2502.0,0.00131418
2504.0,0.00130915
2506.0,0.00130408
2508.0,0.00129899
2510.0,0.00129387
2512.0,0.00128911
2514.0,0.00128432
2516.0,0.0012795
2518.0,0.00127465
2520.0,0.00126977
2522.0,0.0012652
2524.0,0.0012606
2526.0,0.00125598
2528.0,0.00125132
2530.0,0.00124664
2532.0,0.00124221
2534.0,0.00123775
2536.0,0.00123327
2538.0,0.00122876
2540.0,0.00122423
2542.0,0.00121989
2544.0,0.00121552
2546.0,0.00121113
2548.0,0.00120671
2550.0,0.00120226
2552.0,0.00119815
2554.0,0.00119402
2556.0,0.00118985
2558.0,0.00118567
2560.0,0.00118145
2562.0,0.00117753
2564.0,0.00117358
2566.0,0.0011696
2568.0,0.0011656
2570.0,0.00116158
2572.0,0.00115777
2574.0,0.00115395
2576.0,0.00115009
2578.0,0.00114621
2580.0,0.00114231
2582.0,0.00113856
2584.0,0.00113478
2586.0,0.00113098
2588.0,0.00112716
2590.0,0.00112331
2592.0,0.00111954
2594.0,0.00111574
2596.0,0.00111192
2598.0,0.00110808
2600.0,0.00110422
2602.0,0.00110036
2604.0,0.00109649
2606.0,0.00109259
2608.0,0.00108868
2610.0,0.00108474
2612.0,0.00108092
2614.0,0.00107707
2616.0,0.00107321
2618.0,0.00106932
2620.0,0.00106541
2622.0,0.00106164
2624.0,0.00105784
2626.0,0.00105403
2628.0,0.00105019
2630.0,0.00104633
2632.0,0.00104262
2634.0,0.00103889
2636.0,0.00103514
2638.0,0.00103137
2640.0,0.00102758
2642.0,0.00102395
2644.0,0.00102031
2646.0,0.00101664
2648.0,0.00101296
2650.0,0.00100925
2652.0,0.00100571
2654.0,0.00100215
2656.0,0.000998571
2658.0,0.000994973
2660.0,0.000991355
2662.0,0.000987886
2664.0,0.000984399
2666.0,0.000980893
2668.0,0.000977368
2670.0,0.000973825
2672.0,0.000970446
2674.0,0.00096705
2676.0,0.000963635
2678.0,0.000960203
2680.0,0.000956752
2682.0,0.000953482
2684.0,0.000950195
2686.0,0.00094689
2688.0,0.000943568
2690.0,0.000940229
2692.0,0.000937086
2694.0,0.000933927
2696.0,0.000930751
2698.0,0.000927559
2700.0,0.000924349
2702.0,0.000921356
2704.0,0.000918348
2706.0,0.000915323
2708.0,0.000912283
2710.0,0.000909227
2712.0,0.000906395
2714.0,0.000903548
2716.0,0.000900685
2718.0,0.000897808
2720.0,0.000894915
2722.0,0.000892202
2724.0,0.000889474
2726.0,0.000886731
2728.0,0.000883974
2730.0,0.000881203
2732.0,0.000878565
2734.0,0.000875914
2736.0,0.000873248
2738.0,0.000870569
2740.0,0.000867875
2742.0,0.000865269
2744.0,0.000862649
2746.0,0.000860016
2748.0,0.000857369
2750.0,0.000854709
2752.0,0.000852117
2754.0,0.000849512
2756.0,0.000846894
2758.0,0.000844263
2760.0,0.000841619
2762.0,0.000839106
2764.0,0.000836581
2766.0,0.000834043
2768.0,0.000831493
2770.0,0.000828929
2772.0,0.000826485
2774.0,0.000824028
2776.0,0.000821559
2778.0,0.000819078
2780.0,0.000816585
2782.0,0.000814197
2784.0,0.000811798
2786.0,0.000809387
2788.0,0.000806964
2790.0,0.000804529
2792.0,0.000802188
2794.0,0.000799836
2796.0,0.000797472
2798.0,0.000795096
2800.0,0.000792709
2802.0,0.000790586
2804.0,0.00078845
2806.0,0.000786301
2808.0,0.00078414
2810.0,0.000781966
2812.0,0.000779904
2814.0,0.00077783
2816.0,0.000775743
2818.0,0.000773644
2820.0,0.000771533
2822.0,0.000769523
2824.0,0.000767501
2826.0,0.000765467
2828.0,0.000763421
2830.0,0.000761363
2832.0,0.000759396
2834.0,0.000757418
2836.0,0.000755428
2838.0,0.000753426
2840.0,0.000751413
2842.0,0.00074948
2844.0,0.000747535
2846.0,0.000745579
2848.0,0.000743612
2850.0,0.000741633
2852.0,0.00073973
2854.0,0.000737817
2856.0,0.000735893
2858.0,0.000733958
2860.0,0.000732012
2862.0,0.00073017
2864.0,0.000728317
2866.0,0.000726455
2868.0,0.000724581
2870.0,0.000722698
2872.0,0.000720898
2874.0,0.000719088
2876.0,0.000717268
2878.0,0.000715438
2880.0,0.000713598
2882.0,0.000711822
2884.0,0.000710035
2886.0,0.000708239
2888.0,0.000706433
2890.0,0.000704617
2892.0,0.000702845
2894.0,0.000701064
2896.0,0.000699272
2898.0,0.000697471
2900.0,0.00069566
2902.0,0.000693834
2904.0,0.000691998
2906.0,0.000690152
2908.0,0.000688297
2910.0,0.000686433
2912.0,0.000684596
2914.0,0.00068275
2916.0,0.000680894
2918.0,0.000679029
2920.0,0.000677155
2922.0,0.000675356
2924.0,0.000673548
2926.0,0.000671732
2928.0,0.000669906
2930.0,0.000668071
2932.0,0.000666361
2934.0,0.000664643
2936.0,0.000662916
2938.0,0.000661181
2940.0,0.000659437
2942.0,0.000657869
2944.0,0.000656294
2946.0,0.00065471
2948.0,0.000653118
2950.0,0.000651518
2952.0,0.000650081
2954.0,0.000648638
2956.0,0.000647187
2958.0,0.00064573
2960.0,0.000644265
2962.0,0.000642973
2964.0,0.000641674
2966.0,0.000640369
2968.0,0.000639058
2970.0,0.000637739
2972.0,0.000636557
2974.0,0.000635368
2976.0,0.000634173
2978.0,0.000632971
2980.0,0.000631764
2982.0,0.000630655
2984.0,0.000629541
2986.0,0.000628421
2988.0,0.000627295
2990.0,0.000626162
2992.0,0.000625091
2994.0,0.000624015
2996.0,0.000622932
2998.0,0.000621844
3000.0,0.000620751
3002.0,0.000619343
3004.0,0.000617933
3006.0,0.00061652
3008.0,0.000615104
3010.0,0.000613685
3012.0,0.000612411
3014.0,0.000611135
3016.0,0.000609857
3018.0,0.000608575
3020.0,0.000607292
3022.0,0.000606072
3024.0,0.000604849
3026.0,0.000603624
3028.0,0.000602397
3030.0,0.000601167
3032.0,0.000599919
3034.0,0.000598669
3036.0,0.000597416
3038.0,0.00059616
3040.0,0.000594903
3042.0,0.000593544
3044.0,0.000592183
3046.0,0.00059082
3048.0,0.000589453
3050.0,0.000588084
3052.0,0.000586528
3054.0,0.000584969
3056.0,0.000583407
3058.0,0.000581842
3060.0,0.000580275
3062.0,0.000578592
3064.0,0.000576907
3066.0,0.000575219
3068.0,0.000573528
3070.0,0.000571834
3072.0,0.000570128
3074.0,0.00056842
3076.0,0.000566709
3078.0,0.000564995
3080.0,0.000563277
3082.0,0.000561654
3084.0,0.000560027
3086.0,0.000558397
3088.0,0.000556765
3090.0,0.00055513
3092.0,0.000553694
3094.0,0.000552256
3096.0,0.000550814
3098.0,0.000549371
3100.0,0.000547925
3102.0,0.000546721
3104.0,0.000545515
3106.0,0.000544307
3108.0,0.000543097
3110.0,0.000541885
3112.0,0.000540862
3114.0,0.000539838
3116.0,0.000538812
3118.0,0.000537784
3120.0,0.000536754
3122.0,0.000535826
3124.0,0.000534897
3126.0,0.000533966
3128.0,0.000533034
3130.0,0.0005321
3132.0,0.000531181
3134.0,0.00053026
3136.0,0.000529338
3138.0,0.000528414
3140.0,0.000527488
3142.0,0.00052649
3144.0,0.000525489
3146.0,0.000524487
3148.0,0.000523483
3150.0,0.000522478
3152.0,0.000521336
3154.0,0.000520192
3156.0,0.000519047
3158.0,0.0005179
3160.0,0.000516751
3162.0,0.000515558
3164.0,0.000514364
3166.0,0.000513169
3168.0,0.000511971
3170.0,0.000510772
3172.0,0.000509572
3174.0,0.000508371
3176.0,0.000507168
3178.0,0.000505963
3180.0,0.000504756
3182.0,0.000503594
3184.0,0.000502429
3186.0,0.000501262
3188.0,0.000500094
3190.0,0.000498924
3192.0,0.000497842
3194.0,0.000496757
3196.0,0.000495672
3198.0,0.000494584
3200.0,0.000493495
3202.0,0.000492464
3204.0,0.000491432
3206.0,0.000490399
3208.0,0.000489365
3210.0,0.00048833
3212.0,0.000487408
3214.0,0.000486485
3216.0,0.000485561
3218.0,0.000484636
3220.0,0.00048371
3222.0,0.000482818
3224.0,0.000481924
3226.0,0.000481029
3228.0,0.000480133
3230.0,0.000479236
3232.0,0.000478292
3234.0,0.000477346
3236.0,0.000476399
3238.0,0.000475451
3240.0,0.000474503
3242.0,0.000473425
3244.0,0.000472346
3246.0,0.000471266
3248.0,0.000470185
3250.0,0.000469103
3252.0,0.000467796
3254.0,0.000466488
3256.0,0.000465179
3258.0,0.000463869
3260.0,0.000462558
3262.0,0.000461104
3264.0,0.000459649
3266.0,0.000458192
3268.0,0.000456735
3270.0,0.000455276
3272.0,0.000453775
3274.0,0.000452273
3276.0,0.00045077
3278.0,0.000449266
3280.0,0.00044776
3282.0,0.000446313
3284.0,0.000444865
3286.0,0.000443416
3288.0,0.000441966
3290.0,0.000440514
3292.0,0.000439223
3294.0,0.000437931
3296.0,0.000436638
3298.0,0.000435343
3300.0,0.000434048
3302.0,0.000432934
3304.0,0.00043182
3306.0,0.000430705
3308.0,0.000429589
3310.0,0.000428473
3312.0,0.000427484
3314.0,0.000426494
3316.0,0.000425503
3318.0,0.000424511
3320.0,0.000423519
3322.0,0.000422604
3324.0,0.000421688
3326.0,0.000420771
3328.0,0.000419853
3330.0,0.000418935
3332.0,0.000418043
3334.0,0.00041715
3336.0,0.000416257
3338.0,0.000415363
3340.0,0.000414468
3342.0,0.000413549
3344.0,0.00041263
3346.0,0.000411709
3348.0,0.000410788
3350.0,0.000409866
3352.0,0.00040892
3354.0,0.000407974
3356.0,0.000407026
3358.0,0.000406078
3360.0,0.000405129
3362.0,0.00040418
3364.0,0.00040323
3366.0,0.00040228
3368.0,0.000401328
3370.0,0.000400376
3372.0,0.000399439
3374.0,0.0003985
3376.0,0.000397561
3378.0,0.000396622
3380.0,0.000395681
3382.0,0.00039477
3384.0,0.000393858
3386.0,0.000392945
3388.0,0.000392032
3390.0,0.000391118
3392.0,0.000390247
3394.0,0.000389376
3396.0,0.000388504
3398.0,0.000387632
3400.0,0.000386758
3402.0,0.000385823
3404.0,0.000384888
3406.0,0.000383952
3408.0,0.000383016
3410.0,0.000382081
3412.0,0.000381201
3414.0,0.000380322
3416.0,0.000379443
3418.0,0.000378563
3420.0,0.000377683
3422.0,0.000376828
3424.0,0.000375973
3426.0,0.000375117
3428.0,0.000374262
3430.0,0.000373406
3432.0,0.000372543
3434.0,0.00037168
3436.0,0.000370816
3438.0,0.000369953
3440.0,0.000369089
3442.0,0.000368186
3444.0,0.000367282
3446.0,0.000366378
3448.0,0.000365474
3450.0,0.00036457
3452.0,0.000363605
3454.0,0.00036264
3456.0,0.000361674
3458.0,0.000360709
3460.0,0.000359743
3462.0,0.000358742
3464.0,0.000357742
3466.0,0.000356741
3468.0,0.00035574
3470.0,0.000354739
3472.0,0.000353728
3474.0,0.000352716
3476.0,0.000351705
3478.0,0.000350693
3480.0,0.000349681
3482.0,0.000348684
3484.0,0.000347686
3486.0,0.000346688
3488.0,0.00034569
3490.0,0.000344692
3492.0,0.000343732
3494.0,0.000342773
3496.0,0.000341813
3498.0,0.000340853
3500.0,0.000339893
3502.0,0.000338945
3504.0,0.000337997
3506.0,0.00033705
3508.0,0.000336102
3510.0,0.000335154
3512.0,0.000334226
3514.0,0.000333298
3516.0,0.000332369
3518.0,0.000331441
3520.0,0.000330513
3522.0,0.000329608
3524.0,0.000328704
3526.0,0.000327799
3528.0,0.000326895
3530.0,0.00032599
3532.0,0.000325113
3534.0,0.000324237
3536.0,0.00032336
3538.0,0.000322483
3540.0,0.000321607
3542.0,0.000320762
3544.0,0.000319918
3546.0,0.000319073
3548.0,0.000318229
3550.0,0.000317384
3552.0,0.000316583
3554.0,0.000315781
3556.0,0.00031498
3558.0,0.000314178
3560.0,0.000313377
3562.0,0.000312615
3564.0,0.000311852
3566.0,0.00031109
3568.0,0.000310327
3570.0,0.000309565
3572.0,0.000308827
3574.0,0.000308089
3576.0,0.00030735
3578.0,0.000306612
3580.0,0.000305874
3582.0,0.000305145
3584.0,0.000304416
3586.0,0.000303687
3588.0,0.000302958
3590.0,0.000302229
3592.0,0.000301494
3594.0,0.000300759
3596.0,0.000300024
3598.0,0.000299289
3600.0,0.000298554
3602.0,0.000297822
3604.0,0.00029709
3606.0,0.000296359
3608.0,0.000295627
3610.0,0.000294895
3612.0,0.000294163
3614.0,0.000293432
3616.0,0.0002927
3618.0,0.000291969
3620.0,0.000291237
3622.0,0.000290511
3624.0,0.000289785
3626.0,0.000289059
3628.0,0.000288332
3630.0,0.000287606
3632.0,0.00028689
3634.0,0.000286174
3636.0,0.000285458
3638.0,0.000284741
3640.0,0.000284025
3642.0,0.000283324
3644.0,0.000282623
3646.0,0.000281922
3648.0,0.000281221
3650.0,0.00028052
3652.0,0.000279832
3654.0,0.000279144
3656.0,0.000278456
3658.0,0.000277767
3660.0,0.000277079
3662.0,0.000276392
3664.0,0.000275704
3666.0,0.000275017
3668.0,0.000274329
3670.0,0.000273641
3672.0,0.000272971
3674.0,0.0002723
3676.0,0.00027163
3678.0,0.000270959
3680.0,0.000270288
3682.0,0.000269652
3684.0,0.000269015
3686.0,0.000268378
3688.0,0.000267741
3690.0,0.000267104
3692.0,0.000266518
3694.0,0.000265931
3696.0,0.000265344
3698.0,0.000264758
3700.0,0.000264171
3702.0,0.000263633
3704.0,0.000263096
3706.0,0.000262558
3708.0,0.000262021
3710.0,0.000261483
3712.0,0.000261009
3714.0,0.000260534
3716.0,0.00026006
3718.0,0.000259585
3720.0,0.00025911
3722.0,0.000258664
3724.0,0.000258217
3726.0,0.000257771
3728.0,0.000257325
3730.0,0.000256878
3732.0,0.000256425
3734.0,0.000255972
3736.0,0.000255518
3738.0,0.000255065
3740.0,0.000254612
3742.0,0.000254117
3744.0,0.000253622
3746.0,0.000253127
3748.0,0.000252631
3750.0,0.000252136
3752.0,0.000251563
3754.0,0.00025099
3756.0,0.000250416
3758.0,0.000249843
3760.0,0.00024927
3762.0,0.000248665
3764.0,0.000248059
3766.0,0.000247453
3768.0,0.000246848
3770.0,0.000246243
3772.0,0.000245626
3774.0,0.000245009
3776.0,0.000244393
3778.0,0.000243777
3780.0,0.000243161
3782.0,0.000242555
3784.0,0.000241949
3786.0,0.000241343
3788.0,0.000240737
3790.0,0.000240132
3792.0,0.000239558
3794.0,0.000238984
3796.0,0.00023841
3798.0,0.000237837
3800.0,0.000237263
3802.0,0.000236552
3804.0,0.000235841
3806.0,0.000235131
3808.0,0.000234422
3810.0,0.000233714
3812.0,0.000233016
3814.0,0.00023232
3816.0,0.000231624
3818.0,0.000230929
3820.0,0.000230235
3822.0,0.000229562
3824.0,0.00022889
3826.0,0.000228218
3828.0,0.000227547
3830.0,0.000226877
3832.0,0.000226238
3834.0,0.000225599
3836.0,0.000224961
3838.0,0.000224323
3840.0,0.000223687
3842.0,0.000223091
3844.0,0.000222495
3846.0,0.000221901
3848.0,0.000221307
3850.0,0.000220713
3852.0,0.000220174
3854.0,0.000219635
3856.0,0.000219097
3858.0,0.00021856
3860.0,0.000218023
3862.0,0.000217534
3864.0,0.000217046
3866.0,0.000216558
3868.0,0.000216071
3870.0,0.000215584
3872.0,0.000215123
3874.0,0.000214663
3876.0,0.000214203
3878.0,0.000213743
3880.0,0.000213284
3882.0,0.000212829
3884.0,0.000212374
3886.0,0.00021192
3888.0,0.000211466
3890.0,0.000211012
3892.0,0.00021054
3894.0,0.000210069
3896.0,0.000209598
3898.0,0.000209128
3900.0,0.000208658
3902.0,0.00020815
3904.0,0.000207642
3906.0,0.000207134
3908.0,0.000206627
3910.0,0.000206121
3912.0,0.000205613
3914.0,0.000205105
3916.0,0.000204598
3918.0,0.000204091
3920.0,0.000203585
3922.0,0.000203075
3924.0,0.000202566
3926.0,0.000202057
3928.0,0.000201548
3930.0,0.00020104
3932.0,0.000200526
3934.0,0.000200012
3936.0,0.000199498
3938.0,0.000198986
3940.0,0.000198473
3942.0,0.000197952
3944.0,0.000197431
3946.0,0.000196911
3948.0,0.000196392
3950.0,0.000195873
3952.0,0.000195309
3954.0,0.000194747
3956.0,0.000194184
3958.0,0.000193623
3960.0,0.000193062
3962.0,0.000192489
3964.0,0.000191916
3966.0,0.000191344
3968.0,0.000190773
3970.0,0.000190203
3972.0,0.000189628
3974.0,0.000189054
3976.0,0.00018848
3978.0,0.000187908
3980.0,0.000187336
3982.0,0.000186769
3984.0,0.000186202
3986.0,0.000185635
3988.0,0.00018507
3990.0,0.000184506
3992.0,0.000183953
3994.0,0.000183402
3996.0,0.000182851
3998.0,0.000182301
4000.0,0.000181751
4002.0,0.000181223
4004.0,0.000180696
4006.0,0.000180169
4008.0,0.000179643
4010.0,0.000179118
4012.0,0.000178605
4014.0,0.000178092
4016.0,0.00017758
4018.0,0.000177069
4020.0,0.000176559
4022.0,0.000176052
4024.0,0.000175546
4026.0,0.000175041
4028.0,0.000174536
4030.0,0.000174031
4032.0,0.000173522
4034.0,0.000173014
4036.0,0.000172506
4038.0,0.000171999
4040.0,0.000171492
4042.0,0.000170972
4044.0,0.000170452
4046.0,0.000169934
4048.0,0.000169416
4050.0,0.000168898
4052.0,0.000168343
4054.0,0.000167788
4056.0,0.000167234
4058.0,0.000166681
4060.0,0.000166128
4062.0,0.000165557
4064.0,0.000164986
4066.0,0.000164416
4068.0,0.000163847
4070.0,0.000163279
4072.0,0.00016271
4074.0,0.000162141
4076.0,0.000161573
4078.0,0.000161006
4080.0,0.00016044
4082.0,0.000159889
4084.0,0.000159339
4086.0,0.00015879
4088.0,0.000158242
4090.0,0.000157695
4092.0,0.00015718
4094.0,0.000156666
4096.0,0.000156152
4098.0,0.000155639
4100.0,0.000155128
4102.0,0.00015466
4104.0,0.000154193
4106.0,0.000153726
4108.0,0.000153261
4110.0,0.000152795
4112.0,0.000152368
4114.0,0.000151942
4116.0,0.000151516
4118.0,0.000151091
4120.0,0.000150666
4122.0,0.000150252
4124.0,0.000149839
4126.0,0.000149427
4128.0,0.000149015
4130.0,0.000148604
4132.0,0.000148178
4134.0,0.000147752
4136.0,0.000147327
4138.0,0.000146902
4140.0,0.000146478
4142.0,0.000146013
4144.0,0.000145549
4146.0,0.000145086
4148.0,0.000144624
4150.0,0.000144162
4152.0,0.000143641
4154.0,0.000143122
4156.0,0.000142603
4158.0,0.000142086
4160.0,0.000141569
4162.0,0.000141013
4164.0,0.000140459
4166.0,0.000139905
4168.0,0.000139353
4170.0,0.000138801
4172.0,0.000138235
4174.0,0.00013767
4176.0,0.000137106
4178.0,0.000136543
4180.0,0.000135981
4182.0,0.000135429
4184.0,0.000134878
4186.0,0.000134328
4188.0,0.000133779
4190.0,0.000133231
4192.0,0.000132717
4194.0,0.000132203
4196.0,0.00013169
4198.0,0.000131179
4200.0,0.000130668
4202.0,0.000130181
4204.0,0.000129695
4206.0,0.00012921
4208.0,0.000128726
4210.0,0.000128242
4212.0,0.000127779
4214.0,0.000127316
4216.0,0.000126854
4218.0,0.000126393
4220.0,0.000125932
4222.0,0.000125488
4224.0,0.000125044
4226.0,0.000124601
4228.0,0.000124158
4230.0,0.000123717
4232.0,0.000123287
4234.0,0.000122858
4236.0,0.00012243
4238.0,0.000122003
4240.0,0.000121576
4242.0,0.000121157
4244.0,0.000120739
4246.0,0.000120321
4248.0,0.000119905
4250.0,0.000119489
4252.0,0.000119075
4254.0,0.000118662
4256.0,0.00011825
4258.0,0.000117839
4260.0,0.000117428
4262.0,0.000117032
4264.0,0.000116636
4266.0,0.000116241
4268.0,0.000115846
4270.0,0.000115452
4272.0,0.000115067
4274.0,0.000114681
4276.0,0.000114297
4278.0,0.000113913
4280.0,0.00011353
4282.0,0.000113149
4284.0,0.000112768
4286.0,0.000112388
4288.0,0.000112009
4290.0,0.00011163
4292.0,0.000111247
4294.0,0.000110865
4296.0,0.000110484
4298.0,0.000110103
4300.0,0.000109723
4302.0,0.000109334
4304.0,0.000108945
4306.0,0.000108556
4308.0,0.000108169
4310.0,0.000107782
4312.0,0.000107397
4314.0,0.000107013
4316.0,0.00010663
4318.0,0.000106247
4320.0,0.000105865
4322.0,0.000105482
4324.0,0.0001051
4326.0,0.000104719
4328.0,0.000104338
4330.0,0.000103958
4332.0,0.000103574
4334.0,0.000103191
4336.0,0.000102808
4338.0,0.000102426
4340.0,0.000102045
4342.0,0.000101658
4344.0,0.000101271
4346.0,0.000100884
4348.0,0.000100499
4350.0,0.000100114
4352.0,9.97132e-05
4354.0,9.93132e-05
4356.0,9.89139e-05
4358.0,9.85154e-05
4360.0,9.81177e-05
4362.0,9.77105e-05
4364.0,9.7304e-05
4366.0,9.68983e-05
4368.0,9.64935e-05
4370.0,9.60896e-05
4372.0,9.56838e-05
4374.0,9.52789e-05
4376.0,9.48748e-05
4378.0,9.44716e-05
4380.0,9.40692e-05
4382.0,9.36726e-05
4384.0,9.32768e-05
4386.0,9.28819e-05
4388.0,9.24878e-05
4390.0,9.20945e-05
4392.0,9.17143e-05
4394.0,9.13349e-05
4396.0,9.09562e-05
4398.0,9.05783e-05
4400.0,9.02012e-05
4402.0,8.98387e-05
4404.0,8.94768e-05
4406.0,8.91157e-05
4408.0,8.87553e-05
4410.0,8.83956e-05
4412.0,8.80469e-05
4414.0,8.76988e-05
4416.0,8.73514e-05
4418.0,8.70046e-05
4420.0,8.66585e-05
4422.0,8.63187e-05
4424.0,8.59794e-05
4426.0,8.56409e-05
4428.0,8.53029e-05
4430.0,8.49656e-05
4432.0,8.46299e-05
4434.0,8.42949e-05
4436.0,8.39605e-05
4438.0,8.36268e-05
4440.0,8.32937e-05
4442.0,8.29578e-05
4444.0,8.26227e-05
4446.0,8.22881e-05
4448.0,8.19542e-05
4450.0,8.1621e-05
4452.0,8.1289e-05
4454.0,8.09577e-05
4456.0,8.0627e-05
4458.0,8.0297e-05
4460.0,7.99676e-05
4462.0,7.96368e-05
4464.0,7.93067e-05
4466.0,7.89773e-05
4468.0,7.86485e-05
4470.0,7.83203e-05
4472.0,7.79934e-05
4474.0,7.76671e-05
4476.0,7.73414e-05
4478.0,7.70164e-05
4480.0,7.66921e-05
4482.0,7.63715e-05
4484.0,7.60515e-05
4486.0,7.57321e-05
4488.0,7.54134e-05
4490.0,7.50953e-05
4492.0,7.47832e-05
4494.0,7.44718e-05
4496.0,7.41609e-05
4498.0,7.38507e-05
4500.0,7.35411e-05
4502.0,7.31854e-05
4504.0,7.28304e-05
4506.0,7.24762e-05
4508.0,7.21228e-05
4510.0,7.17701e-05
4512.0,7.14198e-05
4514.0,7.10702e-05
4516.0,7.07214e-05
4518.0,7.03733e-05
4520.0,7.0026e-05
4522.0,6.96839e-05
4524.0,6.93426e-05
4526.0,6.9002e-05
4528.0,6.8662e-05
4530.0,6.83228e-05
4532.0,6.79916e-05
4534.0,6.76611e-05
4536.0,6.73312e-05
4538.0,6.7002e-05
4540.0,6.66734e-05
4542.0,6.63555e-05
4544.0,6.60381e-05
4546.0,6.57213e-05
4548.0,6.54051e-05
4550.0,6.50895e-05
4552.0,6.48103e-05
4554.0,6.45316e-05
4556.0,6.42533e-05
4558.0,6.39755e-05
4560.0,6.36981e-05
4562.0,6.34326e-05
4564.0,6.31674e-05
4566.0,6.29026e-05
4568.0,6.26381e-05
4570.0,6.23741e-05
4572.0,6.21163e-05
4574.0,6.18588e-05
4576.0,6.16017e-05
4578.0,6.13449e-05
4580.0,6.10885e-05
4582.0,6.0833e-05
4584.0,6.05779e-05
4586.0,6.03231e-05
4588.0,6.00686e-05
4590.0,5.98145e-05
4592.0,5.95562e-05
4594.0,5.92983e-05
4596.0,5.90407e-05
4598.0,5.87835e-05
4600.0,5.85267e-05
4602.0,5.83003e-05
4604.0,5.80743e-05
4606.0,5.78486e-05
4608.0,5.76232e-05
4610.0,5.73981e-05
4612.0,5.71766e-05
4614.0,5.69554e-05
4616.0,5.67345e-05
4618.0,5.65138e-05
4620.0,5.62935e-05
4622.0,5.60744e-05
4624.0,5.58556e-05
4626.0,5.56371e-05
4628.0,5.54189e-05
4630.0,5.5201e-05
4632.0,5.49823e-05
4634.0,5.47639e-05
4636.0,5.45457e-05
4638.0,5.43279e-05
4640.0,5.41104e-05
4642.0,5.38899e-05
4644.0,5.36698e-05
4646.0,5.345e-05
4648.0,5.32305e-05
4650.0,5.30113e-05
4652.0,5.28268e-05
4654.0,5.26425e-05
4656.0,5.24585e-05
4658.0,5.22748e-05
4660.0,5.20914e-05
4662.0,5.1901e-05
4664.0,5.17109e-05
4666.0,5.15212e-05
4668.0,5.13317e-05
4670.0,5.11425e-05
4672.0,5.09445e-05
4674.0,5.07468e-05
4676.0,5.05495e-05
4678.0,5.03525e-05
4680.0,5.01559e-05
4682.0,4.98713e-05
4684.0,4.95875e-05
4686.0,4.93046e-05
4688.0,4.90224e-05
4690.0,4.8741e-05
4692.0,4.84443e-05
4694.0,4.81484e-05
4696.0,4.78534e-05
4698.0,4.75593e-05
4700.0,4.7266e-05
4702.0,4.70774e-05
4704.0,4.68892e-05
4706.0,4.67014e-05
4708.0,4.65139e-05
4710.0,4.63268e-05
4712.0,4.615e-05
4714.0,4.59735e-05
4716.0,4.57973e-05
4718.0,4.56215e-05
4720.0,4.5446e-05
4722.0,4.52794e-05
4724.0,4.51132e-05
4726.0,4.49472e-05
4728.0,4.47815e-05
4730.0,4.46162e-05
4732.0,4.44584e-05
4734.0,4.43008e-05
4736.0,4.41436e-05
4738.0,4.39866e-05
4740.0,4.38299e-05
4742.0,4.36794e-05
4744.0,4.35292e-05
4746.0,4.33792e-05
4748.0,4.32295e-05
4750.0,4.308e-05
4752.0,4.29582e-05
4754.0,4.28365e-05
4756.0,4.27151e-05
4758.0,4.25938e-05
4760.0,4.24726e-05
4762.0,4.23642e-05
4764.0,4.22559e-05
4766.0,4.21477e-05
4768.0,4.20397e-05
4770.0,4.19318e-05
4772.0,4.18277e-05
4774.0,4.17237e-05
4776.0,4.16198e-05
4778.0,4.1516e-05
4780.0,4.14123e-05
4782.0,4.13036e-05
4784.0,4.11951e-05
4786.0,4.10867e-05
4788.0,4.09784e-05
4790.0,4.08703e-05
4792.0,4.07486e-05
4794.0,4.0627e-05
4796.0,4.05056e-05
4798.0,4.03844e-05
4800.0,4.02634e-05
4802.0,4.01272e-05
4804.0,3.99912e-05
4806.0,3.98555e-05
4808.0,3.972e-05
4810.0,3.95847e-05
4812.0,3.94348e-05
4814.0,3.92852e-05
4816.0,3.91358e-05
4818.0,3.89867e-05
4820.0,3.88379e-05
4822.0,3.86852e-05
4824.0,3.85327e-05
4826.0,3.83805e-05
4828.0,3.82287e-05
4830.0,3.80771e-05
4832.0,3.7932e-05
4834.0,3.77872e-05
4836.0,3.76427e-05
4838.0,3.74985e-05
4840.0,3.73545e-05
4842.0,3.72274e-05
4844.0,3.71004e-05
4846.0,3.69737e-05
4848.0,3.68472e-05
4850.0,3.6721e-05
4852.0,3.66224e-05
4854.0,3.65239e-05
4856.0,3.64256e-05
4858.0,3.63274e-05
4860.0,3.62293e-05
4862.0,3.61444e-05
4864.0,3.60597e-05
4866.0,3.5975e-05
4868.0,3.58904e-05
4870.0,3.58059e-05
4872.0,3.57291e-05
4874.0,3.56525e-05
4876.0,3.55759e-05
4878.0,3.54994e-05
4880.0,3.5423e-05
4882.0,3.5349e-05
4884.0,3.52751e-05
4886.0,3.52012e-05
4888.0,3.51274e-05
4890.0,3.50537e-05
4892.0,3.49771e-05
4894.0,3.49007e-05
4896.0,3.48243e-05
4898.0,3.4748e-05
4900.0,3.46717e-05
4902.0,3.45968e-05
4904.0,3.4522e-05
4906.0,3.44472e-05
4908.0,3.43725e-05
4910.0,3.42979e-05
4912.0,3.42259e-05
4914.0,3.4154e-05
4916.0,3.40822e-05
4918.0,3.40104e-05
4920.0,3.39386e-05
4922.0,3.38666e-05
4924.0,3.37946e-05
4926.0,3.37227e-05
4928.0,3.36508e-05
4930.0,3.35791e-05
4932.0,3.3504e-05
4934.0,3.34291e-05
4936.0,3.33542e-05
4938.0,3.32794e-05
4940.0,3.32047e-05
4942.0,3.31238e-05
4944.0,3.3043e-05
4946.0,3.29624e-05
4948.0,3.28818e-05
4950.0,3.28013e-05
4952.0,3.26938e-05
4954.0,3.25865e-05
4956.0,3.24793e-05
4958.0,3.23723e-05
4960.0,3.22655e-05
4962.0,3.21509e-05
4964.0,3.20365e-05
4966.0,3.19223e-05
4968.0,3.18082e-05
4970.0,3.16944e-05
4972.0,3.15785e-05
4974.0,3.14627e-05
4976.0,3.13472e-05
4978.0,3.12319e-05
4980.0,3.11168e-05
4982.0,3.10052e-05
4984.0,3.08937e-05
4986.0,3.07824e-05
4988.0,3.06713e-05
4990.0,3.05605e-05
4992.0,3.04584e-05
4994.0,3.03565e-05
4996.0,3.02548e-05
4998.0,3.01533e-05
5000.0,3.00519e-05
5002.0,3.00214e-05
5004.0,2.9991e-05
5006.0,2.99606e-05
5008.0,2.99302e-05
5010.0,2.98998e-05
5012.0,2.98777e-05
5014.0,2.98557e-05
5016.0,2.98336e-05
5018.0,2.98116e-05
5020.0,2.97895e-05
5022.0,2.97707e-05
5024.0,2.97519e-05
5026.0,2.97332e-05
5028.0,2.97144e-05
5030.0,2.96956e-05
5032.0,2.9675e-05
5034.0,2.96544e-05
5036.0,2.96338e-05
5038.0,2.96133e-05
5040.0,2.95927e-05
5042.0,2.95652e-05
5044.0,2.95377e-05
5046.0,2.95103e-05
5048.0,2.94828e-05
5050.0,2.94554e-05
5052.0,2.93952e-05
5054.0,2.93351e-05
5056.0,2.9275e-05
5058.0,2.92151e-05
5060.0,2.91551e-05
5062.0,2.90893e-05
5064.0,2.90236e-05
5066.0,2.89579e-05
5068.0,2.88923e-05
5070.0,2.88268e-05
5072.0,2.87591e-05
5074.0,2.86915e-05
5076.0,2.86239e-05
5078.0,2.85565e-05
5080.0,2.84891e-05
5082.0,2.84231e-05
5084.0,2.83573e-05
5086.0,2.82915e-05
5088.0,2.82258e-05
5090.0,2.81602e-05
5092.0,2.80996e-05
5094.0,2.80391e-05
5096.0,2.79787e-05
5098.0,2.79184e-05
5100.0,2.78581e-05
5102.0,2.77799e-05
5104.0,2.77018e-05
5106.0,2.76239e-05
5108.0,2.7546e-05
5110.0,2.74682e-05
5112.0,2.73928e-05
5114.0,2.73175e-05
5116.0,2.72423e-05
5118.0,2.71672e-05
5120.0,2.70922e-05
5122.0,2.70199e-05
5124.0,2.69477e-05
5126.0,2.68756e-05
5128.0,2.68036e-05
5130.0,2.67317e-05
5132.0,2.66629e-05
5134.0,2.65942e-05
5136.0,2.65255e-05
5138.0,2.64569e-05
5140.0,2.63884e-05
5142.0,2.63235e-05
5144.0,2.62585e-05
5146.0,2.61937e-05
5148.0,2.61289e-05
5150.0,2.60641e-05
5152.0,2.59924e-05
5154.0,2.59208e-05
5156.0,2.58492e-05
5158.0,2.57777e-05
5160.0,2.57062e-05
5162.0,2.56408e-05
5164.0,2.55754e-05
5166.0,2.55101e-05
5168.0,2.54448e-05
5170.0,2.53795e-05
5172.0,2.53158e-05
5174.0,2.5252e-05
5176.0,2.51883e-05
5178.0,2.51247e-05
5180.0,2.5061e-05
5182.0,2.49945e-05
5184.0,2.49281e-05
5186.0,2.48616e-05
5188.0,2.47952e-05
5190.0,2.47289e-05
5192.0,2.46554e-05
5194.0,2.45821e-05
5196.0,2.45088e-05
5198.0,2.44355e-05
5200.0,2.43624e-05
5202.0,2.42763e-05
5204.0,2.41904e-05
5206.0,2.41046e-05
5208.0,2.4019e-05
5210.0,2.39334e-05
5212.0,2.38418e-05
5214.0,2.37504e-05
5216.0,2.36591e-05
5218.0,2.3568e-05
5220.0,2.3477e-05
5222.0,2.33831e-05
5224.0,2.32894e-05
5226.0,2.31958e-05
5228.0,2.31024e-05
5230.0,2.30092e-05
5232.0,2.2916e-05
5234.0,2.2823e-05
5236.0,2.27301e-05
5238.0,2.26374e-05
5240.0,2.25449e-05
5242.0,2.24554e-05
5244.0,2.2366e-05
5246.0,2.22768e-05
5248.0,2.21877e-05
5250.0,2.20987e-05
5252.0,2.20096e-05
5254.0,2.19207e-05
5256.0,2.18319e-05
5258.0,2.17432e-05
5260.0,2.16547e-05
5262.0,2.15663e-05
5264.0,2.1478e-05
5266.0,2.13899e-05
5268.0,2.13019e-05
5270.0,2.12141e-05
5272.0,2.11277e-05
5274.0,2.10414e-05
5276.0,2.09553e-05
5278.0,2.08693e-05
5280.0,2.07834e-05
5282.0,2.07003e-05
5284.0,2.06172e-05
5286.0,2.05343e-05
5288.0,2.04516e-05
5290.0,2.03689e-05
5292.0,2.02902e-05
5294.0,2.02116e-05
5296.0,2.01331e-05
5298.0,2.00547e-05
5300.0,1.99764e-05
5302.0,1.98996e-05
5304.0,1.98228e-05
5306.0,1.97461e-05
5308.0,1.96694e-05
5310.0,1.95929e-05
5312.0,1.9521e-05
5314.0,1.94492e-05
5316.0,1.93774e-05
5318.0,1.93057e-05
5320.0,1.9234e-05
5322.0,1.91642e-05
5324.0,1.90945e-05
5326.0,1.90249e-05
5328.0,1.89552e-05
5330.0,1.88856e-05
5332.0,1.88153e-05
5334.0,1.87451e-05
5336.0,1.86748e-05
5338.0,1.86046e-05
5340.0,1.85344e-05
5342.0,1.84611e-05
5344.0,1.83878e-05
5346.0,1.83145e-05
5348.0,1.82413e-05
5350.0,1.81682e-05
5352.0,1.80885e-05
5354.0,1.80088e-05
5356.0,1.79293e-05
5358.0,1.78498e-05
5360.0,1.77704e-05
5362.0,1.76894e-05
5364.0,1.76084e-05
5366.0,1.75276e-05
5368.0,1.74468e-05
5370.0,1.73662e-05
5372.0,1.72843e-05
5374.0,1.72025e-05
5376.0,1.71208e-05
5378.0,1.70392e-05
5380.0,1.69578e-05
5382.0,1.68755e-05
5384.0,1.67933e-05
5386.0,1.67112e-05
5388.0,1.66293e-05
5390.0,1.65474e-05
5392.0,1.64651e-05
5394.0,1.63829e-05
5396.0,1.63008e-05
5398.0,1.62189e-05
5400.0,1.6137e-05
5402.0,1.60525e-05
5404.0,1.59682e-05
5406.0,1.58839e-05
5408.0,1.57998e-05
5410.0,1.57159e-05
5412.0,1.56299e-05
5414.0,1.55441e-05
5416.0,1.54584e-05
5418.0,1.53729e-05
5420.0,1.52875e-05
5422.0,1.52023e-05
5424.0,1.51171e-05
5426.0,1.50322e-05
5428.0,1.49473e-05
5430.0,1.48627e-05
5432.0,1.47801e-05
5434.0,1.46976e-05
5436.0,1.46153e-05
5438.0,1.45331e-05
5440.0,1.4451e-05
5442.0,1.43729e-05
5444.0,1.42949e-05
5446.0,1.4217e-05
5448.0,1.41391e-05
5450.0,1.40614e-05
5452.0,1.39902e-05
5454.0,1.39189e-05
5456.0,1.38478e-05
5458.0,1.37766e-05
5460.0,1.37056e-05
5462.0,1.36389e-05
5464.0,1.35723e-05
5466.0,1.35057e-05
5468.0,1.34391e-05
5470.0,1.33724e-05
5472.0,1.33072e-05
5474.0,1.32418e-05
5476.0,1.31765e-05
5478.0,1.31112e-05
5480.0,1.30459e-05
5482.0,1.29789e-05
5484.0,1.2912e-05
5486.0,1.2845e-05
5488.0,1.27781e-05
5490.0,1.27111e-05
5492.0,1.26398e-05
5494.0,1.25685e-05
5496.0,1.24973e-05
5498.0,1.24261e-05
5500.0,1.2355e-05
5502.0,1.23184e-05
5504.0,1.22818e-05
5506.0,1.22452e-05
5508.0,1.22087e-05
5510.0,1.21722e-05
5512.0,1.21323e-05
5514.0,1.20924e-05
5516.0,1.20525e-05
5518.0,1.20127e-05
5520.0,1.1973e-05
5522.0,1.19315e-05
5524.0,1.18901e-05
5526.0,1.18487e-05
5528.0,1.18074e-05
5530.0,1.17662e-05
5532.0,1.17249e-05
5534.0,1.16837e-05
5536.0,1.16425e-05
5538.0,1.16014e-05
5540.0,1.15604e-05
5542.0,1.15209e-05
5544.0,1.14815e-05
5546.0,1.14422e-05
5548.0,1.14029e-05
5550.0,1.13637e-05
5552.0,1.13239e-05
5554.0,1.12842e-05
5556.0,1.12445e-05
5558.0,1.12049e-05
5560.0,1.11653e-05
5562.0,1.11241e-05
5564.0,1.1083e-05
5566.0,1.10419e-05
5568.0,1.10009e-05
5570.0,1.096e-05
5572.0,1.09206e-05
5574.0,1.08813e-05
5576.0,1.0842e-05
5578.0,1.08028e-05
5580.0,1.07636e-05
5582.0,1.07291e-05
5584.0,1.06947e-05
5586.0,1.06603e-05
5588.0,1.06259e-05
5590.0,1.05916e-05
5592.0,1.05649e-05
5594.0,1.05382e-05
5596.0,1.05116e-05
5598.0,1.04849e-05
5600.0,1.04583e-05
5602.0,1.04437e-05
5604.0,1.04291e-05
5606.0,1.04144e-05
5608.0,1.03996e-05
5610.0,1.03849e-05
5612.0,1.03794e-05
5614.0,1.03739e-05
5616.0,1.03683e-05
5618.0,1.03626e-05
5620.0,1.03568e-05
5622.0,1.03543e-05
5624.0,1.03516e-05
5626.0,1.03488e-05
5628.0,1.03459e-05
5630.0,1.03429e-05
5632.0,1.03372e-05
5634.0,1.03314e-05
5636.0,1.03255e-05
5638.0,1.03195e-05
5640.0,1.03134e-05
5642.0,1.02988e-05
5644.0,1.02842e-05
5646.0,1.02695e-05
5648.0,1.02547e-05
5650.0,1.02399e-05
5652.0,1.02159e-05
5654.0,1.01919e-05
5656.0,1.01678e-05
5658.0,1.01437e-05
5660.0,1.01197e-05
5662.0,1.00902e-05
5664.0,1.00607e-05
5666.0,1.00313e-05
5668.0,1.00018e-05
5670.0,9.97243e-06
5672.0,9.93922e-06
5674.0,9.90605e-06
5676.0,9.87292e-06
5678.0,9.83983e-06
5680.0,9.80677e-06
5682.0,9.7715e-06
5684.0,9.73629e-06
5686.0,9.70112e-06
5688.0,9.666e-06
5690.0,9.63093e-06
5692.0,9.59518e-06
5694.0,9.55948e-06
5696.0,9.52384e-06
5698.0,9.48825e-06
5700.0,9.45271e-06
5702.0,9.41425e-06
5704.0,9.37585e-06
5706.0,9.33753e-06
5708.0,9.29928e-06
5710.0,9.26109e-06
5712.0,9.21914e-06
5714.0,9.17728e-06
5716.0,9.13551e-06
5718.0,9.09384e-06
5720.0,9.05225e-06
5722.0,9.01017e-06
5724.0,8.96819e-06
5726.0,8.9263e-06
5728.0,8.88451e-06
5730.0,8.84281e-06
5732.0,8.80379e-06
5734.0,8.76485e-06
5736.0,8.72599e-06
5738.0,8.68721e-06
5740.0,8.64851e-06
5742.0,8.61556e-06
5744.0,8.58265e-06
5746.0,8.54979e-06
5748.0,8.51698e-06
5750.0,8.48421e-06
5752.0,8.45972e-06
5754.0,8.43523e-06
5756.0,8.41074e-06
5758.0,8.38624e-06
5760.0,8.36174e-06
5762.0,8.34355e-06
5764.0,8.32532e-06
5766.0,8.30706e-06
5768.0,8.28875e-06
5770.0,8.2704e-06
5772.0,8.25403e-06
5774.0,8.23762e-06
5776.0,8.22115e-06
5778.0,8.20462e-06
5780.0,8.18804e-06
5782.0,8.16928e-06
5784.0,8.15048e-06
5786.0,8.13164e-06
5788.0,8.11276e-06
5790.0,8.09384e-06
5792.0,8.06873e-06
5794.0,8.04362e-06
5796.0,8.0185e-06
5798.0,7.99338e-06
5800.0,7.96826e-06
5802.0,7.93359e-06
5804.0,7.89897e-06
5806.0,7.86441e-06
5808.0,7.82991e-06
5810.0,7.79547e-06
5812.0,7.75473e-06
5814.0,7.71409e-06
5816.0,7.67355e-06
5818.0,7.63311e-06
5820.0,7.59277e-06
5822.0,7.55075e-06
5824.0,7.50885e-06
5826.0,7.46706e-06
5828.0,7.42538e-06
5830.0,7.38382e-06
5832.0,7.345e-06
5834.0,7.30629e-06
5836.0,7.26767e-06
5838.0,7.22914e-06
5840.0,7.19071e-06
5842.0,7.1593e-06
5844.0,7.12793e-06
5846.0,7.0966e-06
5848.0,7.06533e-06
5850.0,7.0341e-06
5852.0,7.01392e-06
5854.0,6.99371e-06
5856.0,6.97347e-06
5858.0,6.95319e-06
5860.0,6.93288e-06
5862.0,6.92079e-06
5864.0,6.90861e-06
5866.0,6.89633e-06
5868.0,6.88396e-06
5870.0,6.8715e-06
5872.0,6.86063e-06
5874.0,6.84965e-06
5876.0,6.83856e-06
5878.0,6.82737e-06
5880.0,6.81607e-06
5882.0,6.80002e-06
5884.0,6.7839e-06
5886.0,6.76771e-06
5888.0,6.75144e-06
5890.0,6.73511e-06
5892.0,6.70797e-06
5894.0,6.68084e-06
5896.0,6.65372e-06
5898.0,6.62662e-06
5900.0,6.59952e-06
5902.0,6.55904e-06
5904.0,6.51868e-06
5906.0,6.47843e-06
5908.0,6.4383e-06
5910.0,6.39829e-06
5912.0,6.3495e-06
5914.0,6.3009e-06
5916.0,6.25248e-06
5918.0,6.20426e-06
5920.0,6.15622e-06
5922.0,6.10339e-06
5924.0,6.0508e-06
5926.0,5.99843e-06
5928.0,5.94629e-06
5930.0,5.89439e-06
5932.0,5.84149e-06
5934.0,5.78884e-06
5936.0,5.73643e-06
5938.0,5.68425e-06
5940.0,5.63232e-06
5942.0,5.60808e-06
5944.0,5.58384e-06
5946.0,5.5596e-06
5948.0,5.53537e-06
5950.0,5.51114e-06
5952.0,5.48664e-06
5954.0,5.46214e-06
5956.0,5.43764e-06
5958.0,5.41315e-06
5960.0,5.38866e-06
5962.0,5.36417e-06
5964.0,5.33969e-06
5966.0,5.31521e-06
5968.0,5.29073e-06
5970.0,5.26626e-06
5972.0,5.24179e-06
5974.0,5.21732e-06
5976.0,5.19285e-06
5978.0,5.16839e-06
5980.0,5.14393e-06
5982.0,5.11948e-06
5984.0,5.09503e-06
5986.0,5.07058e-06
5988.0,5.04613e-06
5990.0,5.02169e-06
5992.0,4.99725e-06
5994.0,4.97281e-06
5996.0,4.94838e-06
5998.0,4.92395e-06
6000.0,4.89952e-06
6002.0,4.88157e-06
6004.0,4.86363e-06
6006.0,4.84569e-06
6008.0,4.82775e-06
6010.0,4.80981e-06
6012.0,4.79188e-06
6014.0,4.77395e-06
6016.0,4.75602e-06
6018.0,4.73809e-06
6020.0,4.72017e-06
6022.0,4.70225e-06
6024.0,4.68434e-06
6026.0,4.66642e-06
6028.0,4.64851e-06
6030.0,4.6306e-06
6032.0,4.61269e-06
6034.0,4.59478e-06
6036.0,4.57688e-06
6038.0,4.55898e-06
6040.0,4.54108e-06
6042.0,4.52318e-06
6044.0,4.50529e-06
6046.0,4.48739e-06
6048.0,4.4695e-06
6050.0,4.45161e-06
6052.0,4.43357e-06
6054.0,4.41554e-06
6056.0,4.3975e-06
6058.0,4.37947e-06
6060.0,4.36144e-06
6062.0,4.34341e-06
6064.0,4.32539e-06
6066.0,4.30736e-06
6068.0,4.28934e-06
6070.0,4.27132e-06
6072.0,4.25331e-06
6074.0,4.23529e-06
6076.0,4.21728e-06
6078.0,4.19928e-06
6080.0,4.18127e-06
6082.0,4.16326e-06
6084.0,4.14526e-06
6086.0,4.12726e-06
6088.0,4.10926e-06
6090.0,4.09126e-06
6092.0,4.07327e-06
6094.0,4.05527e-06
6096.0,4.03728e-06
6098.0,4.01929e-06
6100.0,4.0013e-06
6102.0,3.98323e-06
6104.0,3.96516e-06
6106.0,3.94709e-06
6108.0,3.92902e-06
6110.0,3.91095e-06
6112.0,3.89288e-06
6114.0,3.87482e-06
6116.0,3.85676e-06
6118.0,3.8387e-06
6120.0,3.82065e-06
6122.0,3.80259e-06
6124.0,3.78454e-06
6126.0,3.76649e-06
6128.0,3.74845e-06
6130.0,3.7304e-06
6132.0,3.71235e-06
6134.0,3.69431e-06
6136.0,3.67627e-06
6138.0,3.65823e-06
6140.0,3.64019e-06
6142.0,3.62216e-06
6144.0,3.60412e-06
6146.0,3.58609e-06
6148.0,3.56806e-06
6150.0,3.55003e-06
6152.0,3.53198e-06
6154.0,3.51393e-06
6156.0,3.49588e-06
6158.0,3.47783e-06
6160.0,3.45978e-06
6162.0,3.44173e-06
6164.0,3.42369e-06
6166.0,3.40565e-06
6168.0,3.3876e-06
6170.0,3.36956e-06
6172.0,3.35153e-06
6174.0,3.33349e-06
6176.0,3.31546e-06
6178.0,3.29743e-06
6180.0,3.2794e-06
6182.0,3.26137e-06
6184.0,3.24335e-06
6186.0,3.22532e-06
6188.0,3.2073e-06
6190.0,3.18928e-06
6192.0,3.17125e-06
6194.0,3.15323e-06
6196.0,3.13522e-06
6198.0,3.1172e-06
6200.0,3.09919e-06
6202.0,3.08109e-06
6204.0,3.06301e-06
6206.0,3.04492e-06
6208.0,3.02684e-06
6210.0,3.00876e-06
6212.0,2.99068e-06
6214.0,2.97261e-06
6216.0,2.95454e-06
6218.0,2.93647e-06
6220.0,2.91841e-06
6222.0,2.90034e-06
6224.0,2.88229e-06
6226.0,2.86423e-06
6228.0,2.84618e-06
6230.0,2.82813e-06
6232.0,2.81008e-06
6234.0,2.79204e-06
6236.0,2.774e-06
6238.0,2.75596e-06
6240.0,2.73793e-06
6242.0,2.7199e-06
6244.0,2.70187e-06
6246.0,2.68384e-06
6248.0,2.66582e-06
6250.0,2.6478e-06
6252.0,2.62984e-06
6254.0,2.61189e-06
6256.0,2.59394e-06
6258.0,2.57599e-06
6260.0,2.55805e-06
6262.0,2.54011e-06
6264.0,2.52217e-06
6266.0,2.50423e-06
6268.0,2.4863e-06
6270.0,2.46837e-06
6272.0,2.45044e-06
6274.0,2.43251e-06
6276.0,2.41459e-06
6278.0,2.39667e-06
6280.0,2.37875e-06
6282.0,2.36084e-06
6284.0,2.34293e-06
6286.0,2.32502e-06
6288.0,2.30712e-06
6290.0,2.28922e-06
6292.0,2.27132e-06
6294.0,2.25342e-06
6296.0,2.23553e-06
6298.0,2.21764e-06
6300.0,2.19975e-06
6302.0,2.18197e-06
6304.0,2.16418e-06
6306.0,2.1464e-06
6308.0,2.12862e-06
6310.0,2.11085e-06
6312.0,2.09307e-06
6314.0,2.0753e-06
6316.0,2.05753e-06
6318.0,2.03977e-06
6320.0,2.02201e-06
6322.0,2.00425e-06
6324.0,1.98649e-06
6326.0,1.96874e-06
6328.0,1.95099e-06
6330.0,1.93324e-06
6332.0,1.9155e-06
6334.0,1.89776e-06
6336.0,1.88002e-06
6338.0,1.86228e-06
6340.0,1.84455e-06
6342.0,1.82682e-06
6344.0,1.8091e-06
6346.0,1.79137e-06
6348.0,1.77365e-06
6350.0,1.75594e-06
6352.0,1.73834e-06
6354.0,1.72075e-06
6356.0,1.70316e-06
6358.0,1.68558e-06
6360.0,1.668e-06
6362.0,1.65041e-06
6364.0,1.63284e-06
6366.0,1.61526e-06
6368.0,1.59769e-06
6370.0,1.58013e-06
6372.0,1.56256e-06
6374.0,1.545e-06
6376.0,1.52744e-06
6378.0,1.50988e-06
6380.0,1.49233e-06
6382.0,1.47478e-06
6384.0,1.45723e-06
6386.0,1.43969e-06
6388.0,1.42215e-06
6390.0,1.40461e-06
6392.0,1.38708e-06
6394.0,1.36954e-06
6396.0,1.35202e-06
6398.0,1.33449e-06
6400.0,1.31697e-06
6402.0,1.29961e-06
6404.0,1.28226e-06
6406.0,1.26491e-06
6408.0,1.24757e-06
6410.0,1.23022e-06
6412.0,1.21288e-06
6414.0,1.19554e-06
6416.0,1.1782e-06
6418.0,1.16086e-06
6420.0,1.14353e-06
6422.0,1.1262e-06
6424.0,1.10887e-06
6426.0,1.09154e-06
6428.0,1.07422e-06
6430.0,1.0569e-06
6432.0,1.03958e-06
6434.0,1.02227e-06
6436.0,1.00495e-06
6438.0,9.87641e-07
6440.0,9.70334e-07
6442.0,9.53028e-07
6444.0,9.35725e-07
6446.0,9.18424e-07
6448.0,9.01127e-07
6450.0,8.83832e-07
6452.0,8.66679e-07
6454.0,8.49528e-07
6456.0,8.32381e-07
6458.0,8.15236e-07
6460.0,7.98094e-07
6462.0,7.80954e-07
6464.0,7.63816e-07
6466.0,7.46682e-07
6468.0,7.2955e-07
