Wavelength,Transmission
1580.0,1.29384e-06
1582.0,1.44827e-06
1584.0,1.60239e-06
1586.0,1.7562e-06
1588.0,1.9097e-06
1590.0,2.06289e-06
1592.0,2.20374e-06
1594.0,2.34434e-06
1596.0,2.4847e-06
1598.0,2.6248e-06
1600.0,2.76466e-06
1602.0,2.83636e-06
1604.0,2.9076e-06
1606.0,2.9784e-06
1608.0,3.04876e-06
1610.0,3.12121e-06
1612.0,3.16106e-06
1614.0,3.20073e-06
1616.0,3.24024e-06
1618.0,3.27958e-06
1620.0,3.31876e-06
1622.0,3.41436e-06
1624.0,3.50963e-06
1626.0,3.6046e-06
1628.0,3.69924e-06
1630.0,3.79357e-06
1632.0,4.03177e-06
1634.0,4.26936e-06
1636.0,4.50634e-06
1638.0,4.7427e-06
1640.0,4.97845e-06
1642.0,5.4252e-06
1644.0,5.87113e-06
1646.0,6.31623e-06
1648.0,6.7605e-06
1650.0,7.20395e-06
1652.0,7.79459e-06
1654.0,8.38418e-06
1656.0,8.97269e-06
1658.0,9.56014e-06
1660.0,1.01465e-05
1662.0,1.07776e-05
1664.0,1.1408e-05
1666.0,1.20377e-05
1668.0,1.26667e-05
1670.0,1.3295e-05
1672.0,1.38638e-05
1674.0,1.44322e-05
1676.0,1.50004e-05
1678.0,1.55684e-05
1680.0,1.6136e-05
1682.0,1.66383e-05
1684.0,1.71406e-05
1686.0,1.7643e-05
1688.0,1.81453e-05
1690.0,1.86477e-05
1692.0,1.91338e-05
1694.0,1.96201e-05
1696.0,2.01066e-05
1698.0,2.05934e-05
1700.0,2.10803e-05
1702.0,2.14972e-05
1704.0,2.19129e-05
1706.0,2.23276e-05
1708.0,2.27413e-05
1710.0,2.31538e-05
1712.0,2.35042e-05
1714.0,2.38537e-05
1716.0,2.42024e-05
1718.0,2.45501e-05
1720.0,2.4897e-05
1722.0,2.51623e-05
1724.0,2.54269e-05
1726.0,2.56908e-05
1728.0,2.5954e-05
1730.0,2.62164e-05
1732.0,2.64131e-05
1734.0,2.66091e-05
1736.0,2.68045e-05
1738.0,2.69993e-05
1740.0,2.71935e-05
1742.0,2.7352e-05
1744.0,2.751e-05
1746.0,2.76674e-05
1748.0,2.78242e-05
1750.0,2.79804e-05
1752.0,2.81227e-05
1754.0,2.82643e-05
1756.0,2.84052e-05
1758.0,2.85453e-05
1760.0,2.86847e-05
1762.0,2.88049e-05
1764.0,2.89244e-05
1766.0,2.90432e-05
1768.0,2.91612e-05
1770.0,2.92786e-05
1772.0,2.93677e-05
1774.0,2.94561e-05
1776.0,2.95439e-05
1778.0,2.9631e-05
1780.0,2.97173e-05
1782.0,2.98118e-05
1784.0,2.99056e-05
1786.0,2.99986e-05
1788.0,3.00909e-05
1790.0,3.01825e-05
1792.0,3.03178e-05
1794.0,3.04523e-05
1796.0,3.05859e-05
1798.0,3.07187e-05
1800.0,3.08506e-05
1802.0,3.12163e-05
1804.0,3.15834e-05
1806.0,3.19519e-05
1808.0,3.23218e-05
1810.0,3.26932e-05
1812.0,3.31444e-05
1814.0,3.35975e-05
1816.0,3.40523e-05
1818.0,3.4509e-05
1820.0,3.49674e-05
1822.0,3.54381e-05
1824.0,3.59106e-05
1826.0,3.6385e-05
1828.0,3.68613e-05
1830.0,3.73394e-05
1832.0,3.78325e-05
1834.0,3.83275e-05
1836.0,3.88245e-05
1838.0,3.93235e-05
1840.0,3.98243e-05
1842.0,4.03086e-05
1844.0,4.07947e-05
1846.0,4.12827e-05
1848.0,4.17726e-05
1850.0,4.22643e-05
1852.0,4.27694e-05
1854.0,4.32763e-05
1856.0,4.37852e-05
1858.0,4.42959e-05
1860.0,4.48085e-05
1862.0,4.53483e-05
1864.0,4.58901e-05
1866.0,4.64339e-05
1868.0,4.69798e-05
1870.0,4.75276e-05
1872.0,4.81389e-05
1874.0,4.87524e-05
1876.0,4.93683e-05
1878.0,4.99864e-05
1880.0,5.06069e-05
1882.0,5.13598e-05
1884.0,5.21157e-05
1886.0,5.28744e-05
1888.0,5.36361e-05
1890.0,5.44007e-05
1892.0,5.52138e-05
1894.0,5.60302e-05
1896.0,5.68496e-05
1898.0,5.76722e-05
1900.0,5.84979e-05
1902.0,5.94388e-05
1904.0,6.03871e-05
1906.0,6.13426e-05
1908.0,6.23055e-05
1910.0,6.32758e-05
1912.0,6.43185e-05
1914.0,6.53692e-05
1916.0,6.6428e-05
1918.0,6.7495e-05
1920.0,6.85702e-05
1922.0,6.98228e-05
1924.0,7.10853e-05
1926.0,7.23577e-05
1928.0,7.36401e-05
1930.0,7.49326e-05
1932.0,7.63729e-05
1934.0,7.78247e-05
1936.0,7.92879e-05
1938.0,8.07627e-05
1940.0,8.22491e-05
1942.0,8.39024e-05
1944.0,8.55689e-05
1946.0,8.72486e-05
1948.0,8.89416e-05
1950.0,9.06478e-05
1952.0,9.24819e-05
1954.0,9.43305e-05
1956.0,9.61937e-05
1958.0,9.80715e-05
1960.0,9.99639e-05
1962.0,0.00010193
1964.0,0.000103941
1966.0,0.000105969
1968.0,0.000108014
1970.0,0.000110076
1972.0,0.000112322
1974.0,0.000114588
1976.0,0.000116873
1978.0,0.000119177
1980.0,0.0001215
1982.0,0.000124134
1984.0,0.00012679
1986.0,0.000129469
1988.0,0.000132171
1990.0,0.000134896
1992.0,0.000137903
1994.0,0.000140936
1996.0,0.000143996
1998.0,0.000147081
2000.0,0.000150192
2002.0,0.000153547
2004.0,0.000156929
2006.0,0.000160338
2008.0,0.000163775
2010.0,0.000167239
2012.0,0.000171039
2014.0,0.00017487
2016.0,0.000178731
2018.0,0.000182624
2020.0,0.000186548
2022.0,0.000190801
2024.0,0.000195088
2026.0,0.00019941
2028.0,0.000203766
2030.0,0.000208157
2032.0,0.000213076
2034.0,0.000218034
2036.0,0.000223031
2038.0,0.000228068
2040.0,0.000233145
2042.0,0.000238988
2044.0,0.000244877
2046.0,0.000250814
2048.0,0.000256797
2050.0,0.000262827
2052.0,0.000269574
2054.0,0.000276375
2056.0,0.000283231
2058.0,0.000290142
2060.0,0.000297108
2062.0,0.000304585
2064.0,0.000312122
2066.0,0.000319718
2068.0,0.000327375
2070.0,0.000335092
2072.0,0.000343838
2074.0,0.000352653
2076.0,0.000361537
2078.0,0.000370492
2080.0,0.000379516
2082.0,0.00039019
2084.0,0.000400947
2086.0,0.000411789
2088.0,0.000422716
2090.0,0.000433729
2092.0,0.000446005
2094.0,0.000458376
2096.0,0.000470844
2098.0,0.000483408
2100.0,0.000496069
2102.0,0.000509555
2104.0,0.000523147
2106.0,0.000536846
2108.0,0.000550652
2110.0,0.000564566
2112.0,0.000580226
2114.0,0.000596008
2116.0,0.000611913
2118.0,0.000627941
2120.0,0.000644093
2122.0,0.000662853
2124.0,0.000681758
2126.0,0.000700808
2128.0,0.000720005
2130.0,0.000739349
2132.0,0.000761362
2134.0,0.000783544
2136.0,0.000805894
2138.0,0.000828414
2140.0,0.000851104
2142.0,0.000876695
2144.0,0.000902479
2146.0,0.000928456
2148.0,0.000954627
2150.0,0.000980993
2152.0,0.00101087
2154.0,0.00104098
2156.0,0.00107132
2158.0,0.00110189
2160.0,0.00113269
2162.0,0.00116706
2164.0,0.0012017
2166.0,0.0012366
2168.0,0.00127176
2170.0,0.00130718
2172.0,0.00134703
2174.0,0.00138717
2176.0,0.00142762
2178.0,0.00146836
2180.0,0.0015094
2182.0,0.00155622
2184.0,0.00160339
2186.0,0.00165089
2188.0,0.00169875
2190.0,0.00174694
2192.0,0.00179982
2194.0,0.00185307
2196.0,0.00190671
2198.0,0.00196072
2200.0,0.00201512
2202.0,0.00207275
2204.0,0.00213075
2206.0,0.00218911
2208.0,0.00224785
2210.0,0.00230695
2212.0,0.00236989
2214.0,0.00243322
2216.0,0.00249694
2218.0,0.00256105
2220.0,0.00262555
2222.0,0.00269359
2224.0,0.00276204
2226.0,0.0028309
2228.0,0.00290016
2230.0,0.00296984
2232.0,0.0030428
2234.0,0.00311618
2236.0,0.00318998
2238.0,0.00326421
2240.0,0.00333886
2242.0,0.00341842
2244.0,0.00349843
2246.0,0.00357889
2248.0,0.00365979
2250.0,0.00374115
2252.0,0.00382213
2254.0,0.00390357
2256.0,0.00398548
2258.0,0.00406786
2260.0,0.0041507
2262.0,0.00422694
2264.0,0.0043036
2266.0,0.00438068
2268.0,0.00445817
2270.0,0.00453608
2272.0,0.00460623
2274.0,0.00467675
2276.0,0.00474764
2278.0,0.00481888
2280.0,0.00489049
2282.0,0.00495185
2284.0,0.0050135
2286.0,0.00507546
2288.0,0.0051377
2290.0,0.00520025
2292.0,0.0052507
2294.0,0.00530138
2296.0,0.00535227
2298.0,0.00540339
2300.0,0.00545472
2302.0,0.00549197
2304.0,0.00552935
2306.0,0.00556688
2308.0,0.00560454
2310.0,0.00564235
2312.0,0.00566614
2314.0,0.00568998
2316.0,0.00571387
2318.0,0.00573782
2320.0,0.00576183
2322.0,0.00577175
2324.0,0.00578165
2326.0,0.00579152
2328.0,0.00580136
2330.0,0.00581117
2332.0,0.0058078
2334.0,0.00580433
2336.0,0.00580075
2338.0,0.00579708
2340.0,0.0057933
2342.0,0.00577634
2344.0,0.00575922
2346.0,0.00574191
2348.0,0.00572444
2350.0,0.00570679
2352.0,0.00568
2354.0,0.00565297
2356.0,0.0056257
2358.0,0.00559818
2360.0,0.00557041
2362.0,0.00553463
2364.0,0.00549857
2366.0,0.00546221
2368.0,0.00542557
2370.0,0.00538864
2372.0,0.00534557
2374.0,0.00530219
2376.0,0.00525848
2378.0,0.00521446
2380.0,0.00517012
2382.0,0.00512297
2384.0,0.00507548
2386.0,0.00502767
2388.0,0.00497953
2390.0,0.00493106
2392.0,0.0048782
2394.0,0.00482499
2396.0,0.00477143
2398.0,0.00471752
2400.0,0.00466326
2402.0,0.0045995
2404.0,0.00453544
2406.0,0.00447109
2408.0,0.00440645
2410.0,0.00434151
2412.0,0.00427539
2414.0,0.00420897
2416.0,0.00414226
2418.0,0.00407526
2420.0,0.00400796
2422.0,0.00394509
2424.0,0.00388195
2426.0,0.00381853
2428.0,0.00375484
2430.0,0.00369088
2432.0,0.0036288
2434.0,0.00356645
2436.0,0.00350385
2438.0,0.00344097
2440.0,0.00337784
2442.0,0.00331464
2444.0,0.00325119
2446.0,0.00318747
2448.0,0.00312349
2450.0,0.00305925
2452.0,0.00299907
2454.0,0.00293864
2456.0,0.00287794
2458.0,0.00281698
2460.0,0.00275576
2462.0,0.00270237
2464.0,0.00264875
2466.0,0.0025949
2468.0,0.00254082
2470.0,0.00248651
2472.0,0.00243733
2474.0,0.00238795
2476.0,0.00233836
2478.0,0.00228856
2480.0,0.00223855
2482.0,0.00219203
2484.0,0.00214532
2486.0,0.00209841
2488.0,0.00205131
2490.0,0.00200402
2492.0,0.00196106
2494.0,0.00191792
2496.0,0.00187461
2498.0,0.00183112
2500.0,0.00178745
2502.0,0.00174874
2504.0,0.00170986
2506.0,0.00167081
2508.0,0.0016316
2510.0,0.00159221
2512.0,0.00155717
2514.0,0.00152197
2516.0,0.00148663
2518.0,0.00145113
2520.0,0.00141548
2522.0,0.00138386
2524.0,0.00135209
2526.0,0.0013202
2528.0,0.00128817
2530.0,0.001256
2532.0,0.0012279
2534.0,0.00119968
2536.0,0.00117134
2538.0,0.00114288
2540.0,0.00111431
2542.0,0.00109009
2544.0,0.00106577
2546.0,0.00104135
2548.0,0.00101683
2550.0,0.000992205
2552.0,0.000970922
2554.0,0.000949548
2556.0,0.00092808
2558.0,0.00090652
2560.0,0.000884867
2562.0,0.00086524
2564.0,0.000845528
2566.0,0.000825732
2568.0,0.000805851
2570.0,0.000785886
2572.0,0.000768606
2574.0,0.000751253
2576.0,0.000733825
2578.0,0.000716324
2580.0,0.000698749
2582.0,0.000684495
2584.0,0.00067018
2586.0,0.000655805
2588.0,0.000641368
2590.0,0.000626871
2592.0,0.000614538
2594.0,0.000602152
2596.0,0.000589714
2598.0,0.000577224
2600.0,0.000564681
2602.0,0.000553222
2604.0,0.000541716
2606.0,0.000530163
2608.0,0.000518563
2610.0,0.000506916
2612.0,0.000496618
2614.0,0.000486277
2616.0,0.000475895
2618.0,0.000465472
2620.0,0.000455006
2622.0,0.000445758
2624.0,0.000436473
2626.0,0.00042715
2628.0,0.00041779
2630.0,0.000408393
2632.0,0.000400245
2634.0,0.000392064
2636.0,0.000383851
2638.0,0.000375605
2640.0,0.000367327
2642.0,0.000360435
2644.0,0.000353516
2646.0,0.000346569
2648.0,0.000339595
2650.0,0.000332593
2652.0,0.000326527
2654.0,0.000320437
2656.0,0.000314322
2658.0,0.000308183
2660.0,0.00030202
2662.0,0.000296274
2664.0,0.000290505
2666.0,0.000284713
2668.0,0.000278899
2670.0,0.000273061
2672.0,0.00026793
2674.0,0.000262779
2676.0,0.000257607
2678.0,0.000252415
2680.0,0.000247203
2682.0,0.000242916
2684.0,0.000238613
2686.0,0.000234293
2688.0,0.000229956
2690.0,0.000225602
2692.0,0.000221871
2694.0,0.000218125
2696.0,0.000214365
2698.0,0.00021059
2700.0,0.0002068
2702.0,0.000203434
2704.0,0.000200055
2706.0,0.000196663
2708.0,0.000193257
2710.0,0.000189839
2712.0,0.000186727
2714.0,0.000183604
2716.0,0.000180468
2718.0,0.00017732
2720.0,0.000174161
2722.0,0.000170997
2724.0,0.000167821
2726.0,0.000164633
2728.0,0.000161433
2730.0,0.000158221
2732.0,0.000155365
2734.0,0.0001525
2736.0,0.000149623
2738.0,0.000146736
2740.0,0.000143838
2742.0,0.000141726
2744.0,0.000139607
2746.0,0.000137479
2748.0,0.000135344
2750.0,0.0001332
2752.0,0.000131342
2754.0,0.000129476
2756.0,0.000127604
2758.0,0.000125725
2760.0,0.000123839
2762.0,0.000121764
2764.0,0.000119682
2766.0,0.000117593
2768.0,0.000115495
2770.0,0.000113391
2772.0,0.000111443
2774.0,0.000109488
2776.0,0.000107526
2778.0,0.000105557
2780.0,0.000103581
2782.0,0.000101887
2784.0,0.000100186
2786.0,9.84786e-05
2788.0,9.67655e-05
2790.0,9.50462e-05
2792.0,9.38079e-05
2794.0,9.2565e-05
2796.0,9.13177e-05
2798.0,9.00657e-05
2800.0,8.88093e-05
2802.0,8.81628e-05
2804.0,8.75134e-05
2806.0,8.68611e-05
2808.0,8.62058e-05
2810.0,8.55476e-05
2812.0,8.51147e-05
2814.0,8.46796e-05
2816.0,8.42425e-05
2818.0,8.38032e-05
2820.0,8.33619e-05
2822.0,8.29704e-05
2824.0,8.2577e-05
2826.0,8.21817e-05
2828.0,8.17845e-05
2830.0,8.13854e-05
2832.0,8.08571e-05
2834.0,8.03264e-05
2836.0,7.97933e-05
2838.0,7.92578e-05
2840.0,7.872e-05
2842.0,7.79703e-05
2844.0,7.72174e-05
2846.0,7.64614e-05
2848.0,7.57023e-05
2850.0,7.49401e-05
2852.0,7.407e-05
2854.0,7.31965e-05
2856.0,7.23196e-05
2858.0,7.14392e-05
2860.0,7.05553e-05
2862.0,6.96676e-05
2864.0,6.87765e-05
2866.0,6.78818e-05
2868.0,6.69837e-05
2870.0,6.60822e-05
2872.0,6.5281e-05
2874.0,6.44767e-05
2876.0,6.36693e-05
2878.0,6.28588e-05
2880.0,6.20452e-05
2882.0,6.13598e-05
2884.0,6.06717e-05
2886.0,5.99809e-05
2888.0,5.92875e-05
2890.0,5.85914e-05
2892.0,5.79691e-05
2894.0,5.73443e-05
2896.0,5.67171e-05
2898.0,5.60875e-05
2900.0,5.54555e-05
2902.0,5.48775e-05
2904.0,5.42973e-05
2906.0,5.37149e-05
2908.0,5.31304e-05
2910.0,5.25436e-05
2912.0,5.19953e-05
2914.0,5.14448e-05
2916.0,5.08924e-05
2918.0,5.03379e-05
2920.0,4.97813e-05
2922.0,4.92655e-05
2924.0,4.87477e-05
2926.0,4.82281e-05
2928.0,4.77065e-05
2930.0,4.7183e-05
2932.0,4.67085e-05
2934.0,4.62322e-05
2936.0,4.57542e-05
2938.0,4.52744e-05
2940.0,4.47929e-05
2942.0,4.43506e-05
2944.0,4.39066e-05
2946.0,4.3461e-05
2948.0,4.30138e-05
2950.0,4.2565e-05
2952.0,4.21428e-05
2954.0,4.17191e-05
2956.0,4.1294e-05
2958.0,4.08674e-05
2960.0,4.04393e-05
2962.0,4.00391e-05
2964.0,3.96375e-05
2966.0,3.92346e-05
2968.0,3.88302e-05
2970.0,3.84245e-05
2972.0,3.80522e-05
2974.0,3.76786e-05
2976.0,3.73037e-05
2978.0,3.69276e-05
2980.0,3.65502e-05
2982.0,3.62066e-05
2984.0,3.58618e-05
2986.0,3.55159e-05
2988.0,3.51688e-05
2990.0,3.48205e-05
2992.0,3.45064e-05
2994.0,3.41912e-05
2996.0,3.3875e-05
2998.0,3.35577e-05
3000.0,3.32393e-05
3002.0,3.29429e-05
3004.0,3.2646e-05
3006.0,3.23486e-05
3008.0,3.20507e-05
3010.0,3.17523e-05
3012.0,3.14961e-05
3014.0,3.12393e-05
3016.0,3.09822e-05
3018.0,3.07246e-05
3020.0,3.04666e-05
3022.0,3.02303e-05
3024.0,2.99936e-05
3026.0,2.97565e-05
3028.0,2.9519e-05
3030.0,2.92811e-05
3032.0,2.90443e-05
3034.0,2.8807e-05
3036.0,2.85694e-05
3038.0,2.83314e-05
3040.0,2.8093e-05
3042.0,2.78574e-05
3044.0,2.76215e-05
3046.0,2.73851e-05
3048.0,2.71484e-05
3050.0,2.69113e-05
3052.0,2.66849e-05
3054.0,2.64582e-05
3056.0,2.62312e-05
3058.0,2.60037e-05
3060.0,2.57759e-05
3062.0,2.55493e-05
3064.0,2.53224e-05
3066.0,2.50951e-05
3068.0,2.48674e-05
3070.0,2.46394e-05
3072.0,2.4402e-05
3074.0,2.41643e-05
3076.0,2.39262e-05
3078.0,2.36877e-05
3080.0,2.34489e-05
3082.0,2.31795e-05
3084.0,2.29097e-05
3086.0,2.26395e-05
3088.0,2.23689e-05
3090.0,2.20979e-05
3092.0,2.1808e-05
3094.0,2.15177e-05
3096.0,2.12269e-05
3098.0,2.09357e-05
3100.0,2.0644e-05
3102.0,2.03718e-05
3104.0,2.00991e-05
3106.0,1.98261e-05
3108.0,1.95527e-05
3110.0,1.92789e-05
3112.0,1.90644e-05
3114.0,1.88495e-05
3116.0,1.86344e-05
3118.0,1.84189e-05
3120.0,1.82031e-05
3122.0,1.80719e-05
3124.0,1.79405e-05
3126.0,1.78089e-05
3128.0,1.76771e-05
3130.0,1.75451e-05
3132.0,1.74722e-05
3134.0,1.73992e-05
3136.0,1.73261e-05
3138.0,1.72528e-05
3140.0,1.71795e-05
3142.0,1.71284e-05
3144.0,1.70772e-05
3146.0,1.7026e-05
3148.0,1.69746e-05
3150.0,1.69232e-05
3152.0,1.68558e-05
3154.0,1.67882e-05
3156.0,1.67206e-05
3158.0,1.66528e-05
3160.0,1.6585e-05
3162.0,1.64945e-05
3164.0,1.64038e-05
3166.0,1.6313e-05
3168.0,1.62221e-05
3170.0,1.61311e-05
3172.0,1.60365e-05
3174.0,1.59417e-05
3176.0,1.58469e-05
3178.0,1.57519e-05
3180.0,1.56568e-05
3182.0,1.55612e-05
3184.0,1.54654e-05
3186.0,1.53695e-05
3188.0,1.52735e-05
3190.0,1.51773e-05
3192.0,1.50837e-05
3194.0,1.49899e-05
3196.0,1.4896e-05
3198.0,1.4802e-05
3200.0,1.47079e-05
3202.0,1.461e-05
3204.0,1.45121e-05
3206.0,1.4414e-05
3208.0,1.43159e-05
3210.0,1.42177e-05
3212.0,1.41182e-05
3214.0,1.40185e-05
3216.0,1.39188e-05
3218.0,1.3819e-05
3220.0,1.37191e-05
3222.0,1.36265e-05
3224.0,1.35337e-05
3226.0,1.34409e-05
3228.0,1.3348e-05
3230.0,1.3255e-05
3232.0,1.31779e-05
3234.0,1.31008e-05
3236.0,1.30235e-05
3238.0,1.29462e-05
3240.0,1.28688e-05
3242.0,1.28153e-05
3244.0,1.27617e-05
3246.0,1.2708e-05
3248.0,1.26543e-05
3250.0,1.26006e-05
3252.0,1.25635e-05
3254.0,1.25264e-05
3256.0,1.24893e-05
3258.0,1.24521e-05
3260.0,1.24149e-05
3262.0,1.23822e-05
3264.0,1.23495e-05
3266.0,1.23167e-05
3268.0,1.2284e-05
3270.0,1.22512e-05
3272.0,1.22099e-05
3274.0,1.21685e-05
3276.0,1.21272e-05
3278.0,1.20858e-05
3280.0,1.20443e-05
3282.0,1.19916e-05
3284.0,1.19388e-05
3286.0,1.1886e-05
3288.0,1.18331e-05
3290.0,1.17802e-05
3292.0,1.17227e-05
3294.0,1.16652e-05
3296.0,1.16076e-05
3298.0,1.15499e-05
3300.0,1.14922e-05
3302.0,1.14309e-05
3304.0,1.13694e-05
3306.0,1.1308e-05
3308.0,1.12464e-05
3310.0,1.11849e-05
3312.0,1.11212e-05
3314.0,1.10575e-05
3316.0,1.09937e-05
3318.0,1.09299e-05
3320.0,1.08661e-05
3322.0,1.07943e-05
3324.0,1.07226e-05
3326.0,1.06507e-05
3328.0,1.05789e-05
3330.0,1.05069e-05
3332.0,1.04285e-05
3334.0,1.035e-05
3336.0,1.02714e-05
3338.0,1.01928e-05
3340.0,1.01141e-05
3342.0,1.00408e-05
3344.0,9.96745e-06
3346.0,9.89405e-06
3348.0,9.82059e-06
3350.0,9.74708e-06
3352.0,9.69114e-06
3354.0,9.63516e-06
3356.0,9.57913e-06
3358.0,9.52306e-06
3360.0,9.46695e-06
3362.0,9.4384e-06
3364.0,9.40983e-06
3366.0,9.38123e-06
3368.0,9.35261e-06
3370.0,9.32397e-06
3372.0,9.31424e-06
3374.0,9.3045e-06
3376.0,9.29475e-06
3378.0,9.28499e-06
3380.0,9.27523e-06
3382.0,9.268e-06
3384.0,9.26075e-06
3386.0,9.25351e-06
3388.0,9.24625e-06
3390.0,9.23899e-06
3392.0,9.21779e-06
3394.0,9.19658e-06
3396.0,9.17534e-06
3398.0,9.15409e-06
3400.0,9.13282e-06
3402.0,9.08264e-06
3404.0,9.03245e-06
3406.0,8.98226e-06
3408.0,8.93206e-06
3410.0,8.88186e-06
3412.0,8.81707e-06
3414.0,8.75227e-06
3416.0,8.68746e-06
3418.0,8.62265e-06
3420.0,8.55783e-06
3422.0,8.49683e-06
3424.0,8.43582e-06
3426.0,8.3748e-06
3428.0,8.31378e-06
3430.0,8.25275e-06
3432.0,8.21395e-06
3434.0,8.17514e-06
3436.0,8.13633e-06
3438.0,8.09751e-06
3440.0,8.05869e-06
3442.0,8.05406e-06
3444.0,8.04942e-06
3446.0,8.04479e-06
3448.0,8.04015e-06
3450.0,8.03552e-06
3452.0,8.0528e-06
3454.0,8.07008e-06
3456.0,8.08736e-06
3458.0,8.10464e-06
3460.0,8.12193e-06
3462.0,8.14346e-06
3464.0,8.16499e-06
3466.0,8.18652e-06
3468.0,8.20805e-06
3470.0,8.22959e-06
3472.0,8.23759e-06
3474.0,8.24559e-06
3476.0,8.25358e-06
3478.0,8.26158e-06
3480.0,8.26958e-06
3482.0,8.25758e-06
3484.0,8.24557e-06
3486.0,8.23357e-06
3488.0,8.22156e-06
3490.0,8.20955e-06
3492.0,8.18759e-06
3494.0,8.16563e-06
3496.0,8.14367e-06
3498.0,8.12171e-06
3500.0,8.09975e-06
3502.0,8.07427e-06
3504.0,8.0488e-06
3506.0,8.02332e-06
3508.0,7.99785e-06
3510.0,7.97237e-06
3512.0,7.95094e-06
3514.0,7.9295e-06
3516.0,7.90806e-06
3518.0,7.88663e-06
3520.0,7.86519e-06
3522.0,7.84928e-06
3524.0,7.83337e-06
3526.0,7.81745e-06
3528.0,7.80154e-06
3530.0,7.78563e-06
3532.0,7.77164e-06
3534.0,7.75765e-06
3536.0,7.74365e-06
3538.0,7.72966e-06
3540.0,7.71567e-06
3542.0,7.70296e-06
3544.0,7.69025e-06
3546.0,7.67754e-06
3548.0,7.66483e-06
3550.0,7.65212e-06
3552.0,7.64008e-06
3554.0,7.62804e-06
3556.0,7.616e-06
3558.0,7.60397e-06
3560.0,7.59193e-06
3562.0,7.58043e-06
3564.0,7.56893e-06
3566.0,7.55743e-06
3568.0,7.54593e-06
3570.0,7.53443e-06
3572.0,7.52378e-06
3574.0,7.51314e-06
3576.0,7.50249e-06
3578.0,7.49185e-06
3580.0,7.4812e-06
3582.0,7.47142e-06
3584.0,7.46163e-06
3586.0,7.45184e-06
3588.0,7.44205e-06
3590.0,7.43227e-06
3592.0,7.42333e-06
3594.0,7.4144e-06
3596.0,7.40547e-06
3598.0,7.39654e-06
3600.0,7.3876e-06
3602.0,7.38205e-06
3604.0,7.3765e-06
3606.0,7.37095e-06
3608.0,7.3654e-06
3610.0,7.35985e-06
3612.0,7.35663e-06
3614.0,7.35341e-06
3616.0,7.35019e-06
3618.0,7.34697e-06
3620.0,7.34375e-06
3622.0,7.33841e-06
3624.0,7.33308e-06
3626.0,7.32774e-06
3628.0,7.3224e-06
3630.0,7.31706e-06
3632.0,7.30515e-06
3634.0,7.29324e-06
3636.0,7.28134e-06
3638.0,7.26942e-06
3640.0,7.25751e-06
3642.0,7.23193e-06
3644.0,7.20635e-06
3646.0,7.18077e-06
3648.0,7.15518e-06
3650.0,7.12959e-06
3652.0,7.09491e-06
3654.0,7.06022e-06
3656.0,7.02552e-06
3658.0,6.99082e-06
3660.0,6.95612e-06
3662.0,6.9248e-06
3664.0,6.89349e-06
3666.0,6.86217e-06
3668.0,6.83084e-06
3670.0,6.79951e-06
3672.0,6.7843e-06
3674.0,6.76909e-06
3676.0,6.75387e-06
3678.0,6.73866e-06
3680.0,6.72344e-06
3682.0,6.73507e-06
3684.0,6.7467e-06
3686.0,6.75834e-06
3688.0,6.76997e-06
3690.0,6.78161e-06
3692.0,6.81087e-06
3694.0,6.84013e-06
3696.0,6.8694e-06
3698.0,6.89867e-06
3700.0,6.92794e-06
3702.0,6.957e-06
3704.0,6.98605e-06
3706.0,7.0151e-06
3708.0,7.04415e-06
3710.0,7.07319e-06
3712.0,7.08546e-06
3714.0,7.09773e-06
3716.0,7.10999e-06
3718.0,7.12225e-06
3720.0,7.13452e-06
3722.0,7.12172e-06
3724.0,7.10893e-06
3726.0,7.09614e-06
3728.0,7.08335e-06
3730.0,7.07056e-06
3732.0,7.04312e-06
3734.0,7.01568e-06
3736.0,6.98824e-06
3738.0,6.96081e-06
3740.0,6.93337e-06
3742.0,6.90211e-06
3744.0,6.87085e-06
3746.0,6.83959e-06
3748.0,6.80833e-06
3750.0,6.77708e-06
3752.0,6.75223e-06
3754.0,6.72739e-06
3756.0,6.70255e-06
3758.0,6.67771e-06
3760.0,6.65289e-06
3762.0,6.63654e-06
3764.0,6.62021e-06
3766.0,6.60387e-06
3768.0,6.58754e-06
3770.0,6.57121e-06
3772.0,6.55806e-06
3774.0,6.54492e-06
3776.0,6.53177e-06
3778.0,6.51863e-06
3780.0,6.50549e-06
3782.0,6.49616e-06
3784.0,6.48684e-06
3786.0,6.47752e-06
3788.0,6.46819e-06
3790.0,6.45887e-06
3792.0,6.454e-06
3794.0,6.44912e-06
3796.0,6.44424e-06
3798.0,6.43937e-06
3800.0,6.43449e-06
3802.0,6.43322e-06
3804.0,6.43195e-06
3806.0,6.43067e-06
3808.0,6.42938e-06
3810.0,6.42808e-06
3812.0,6.4333e-06
3814.0,6.43849e-06
3816.0,6.44367e-06
3818.0,6.44884e-06
3820.0,6.45398e-06
3822.0,6.45868e-06
3824.0,6.46336e-06
3826.0,6.46802e-06
3828.0,6.47267e-06
3830.0,6.4773e-06
3832.0,6.47458e-06
3834.0,6.47187e-06
3836.0,6.46914e-06
3838.0,6.46641e-06
3840.0,6.46367e-06
3842.0,6.44844e-06
3844.0,6.43323e-06
3846.0,6.41802e-06
3848.0,6.40284e-06
3850.0,6.38767e-06
3852.0,6.36481e-06
3854.0,6.34197e-06
3856.0,6.31917e-06
3858.0,6.29639e-06
3860.0,6.27365e-06
3862.0,6.25133e-06
3864.0,6.22904e-06
3866.0,6.20678e-06
3868.0,6.18455e-06
3870.0,6.16235e-06
3872.0,6.14859e-06
3874.0,6.13484e-06
3876.0,6.12111e-06
3878.0,6.10739e-06
3880.0,6.09368e-06
3882.0,6.09338e-06
3884.0,6.09307e-06
3886.0,6.09275e-06
3888.0,6.09242e-06
3890.0,6.09209e-06
3892.0,6.09987e-06
3894.0,6.10764e-06
3896.0,6.11538e-06
3898.0,6.1231e-06
3900.0,6.13079e-06
3902.0,6.13861e-06
3904.0,6.1464e-06
3906.0,6.15416e-06
3908.0,6.16189e-06
3910.0,6.16959e-06
3912.0,6.17079e-06
3914.0,6.17198e-06
3916.0,6.17315e-06
3918.0,6.17431e-06
3920.0,6.17544e-06
3922.0,6.16531e-06
3924.0,6.15519e-06
3926.0,6.14507e-06
3928.0,6.13496e-06
3930.0,6.12485e-06
3932.0,6.10835e-06
3934.0,6.09186e-06
3936.0,6.0754e-06
3938.0,6.05895e-06
3940.0,6.04253e-06
3942.0,6.0269e-06
3944.0,6.0113e-06
3946.0,5.99571e-06
3948.0,5.98014e-06
3950.0,5.96459e-06
3952.0,5.95604e-06
3954.0,5.94749e-06
3956.0,5.93895e-06
3958.0,5.93041e-06
3960.0,5.92187e-06
3962.0,5.92738e-06
3964.0,5.93286e-06
3966.0,5.9383e-06
3968.0,5.94372e-06
3970.0,5.94911e-06
3972.0,5.96324e-06
3974.0,5.97733e-06
3976.0,5.99136e-06
3978.0,6.00534e-06
3980.0,6.01926e-06
3982.0,6.03196e-06
3984.0,6.0446e-06
3986.0,6.0572e-06
3988.0,6.06975e-06
3990.0,6.08225e-06
3992.0,6.08367e-06
3994.0,6.08507e-06
3996.0,6.08645e-06
3998.0,6.0878e-06
4000.0,6.08913e-06
4002.0,6.07479e-06
4004.0,6.06046e-06
4006.0,6.04614e-06
4008.0,6.03184e-06
4010.0,6.01756e-06
4012.0,5.99354e-06
4014.0,5.96956e-06
4016.0,5.94562e-06
4018.0,5.92171e-06
4020.0,5.89785e-06
4022.0,5.87059e-06
4024.0,5.84338e-06
4026.0,5.81622e-06
4028.0,5.78911e-06
4030.0,5.76204e-06
4032.0,5.73784e-06
4034.0,5.71367e-06
4036.0,5.68955e-06
4038.0,5.66546e-06
4040.0,5.64142e-06
4042.0,5.61872e-06
4044.0,5.59605e-06
4046.0,5.57342e-06
4048.0,5.55083e-06
4050.0,5.52828e-06
4052.0,5.50438e-06
4054.0,5.48053e-06
4056.0,5.45673e-06
4058.0,5.43296e-06
4060.0,5.40924e-06
4062.0,5.38961e-06
4064.0,5.37002e-06
4066.0,5.35045e-06
4068.0,5.33092e-06
4070.0,5.31142e-06
4072.0,5.30094e-06
4074.0,5.29046e-06
4076.0,5.27999e-06
4078.0,5.26953e-06
4080.0,5.25908e-06
4082.0,5.26357e-06
4084.0,5.26803e-06
4086.0,5.27246e-06
4088.0,5.27685e-06
4090.0,5.28121e-06
4092.0,5.29621e-06
4094.0,5.31114e-06
4096.0,5.32601e-06
4098.0,5.34082e-06
4100.0,5.35556e-06
4102.0,5.37039e-06
4104.0,5.38515e-06
4106.0,5.39985e-06
4108.0,5.41447e-06
4110.0,5.42904e-06
4112.0,5.4337e-06
4114.0,5.43832e-06
4116.0,5.44291e-06
4118.0,5.44745e-06
4120.0,5.45196e-06
4122.0,5.44206e-06
4124.0,5.43217e-06
4126.0,5.42228e-06
4128.0,5.41239e-06
4130.0,5.40251e-06
4132.0,5.38436e-06
4134.0,5.36623e-06
4136.0,5.34813e-06
4138.0,5.33006e-06
4140.0,5.31202e-06
4142.0,5.29155e-06
4144.0,5.27112e-06
4146.0,5.25073e-06
4148.0,5.23037e-06
4150.0,5.21005e-06
4152.0,5.19299e-06
4154.0,5.17595e-06
4156.0,5.15893e-06
4158.0,5.14195e-06
4160.0,5.12498e-06
4162.0,5.11355e-06
4164.0,5.10212e-06
4166.0,5.0907e-06
4168.0,5.07928e-06
4170.0,5.06788e-06
4172.0,5.0587e-06
4174.0,5.04952e-06
4176.0,5.04034e-06
4178.0,5.03116e-06
4180.0,5.02199e-06
4182.0,5.01247e-06
4184.0,5.00295e-06
4186.0,4.99344e-06
4188.0,4.98393e-06
4190.0,4.97442e-06
4192.0,4.96206e-06
4194.0,4.94971e-06
4196.0,4.93737e-06
4198.0,4.92504e-06
4200.0,4.91272e-06
4202.0,4.89323e-06
4204.0,4.87377e-06
4206.0,4.85436e-06
4208.0,4.83497e-06
4210.0,4.81563e-06
4212.0,4.79202e-06
4214.0,4.76846e-06
4216.0,4.74496e-06
4218.0,4.7215e-06
4220.0,4.6981e-06
4222.0,4.67737e-06
4224.0,4.65667e-06
4226.0,4.63603e-06
4228.0,4.61542e-06
4230.0,4.59486e-06
4232.0,4.58375e-06
4234.0,4.57265e-06
4236.0,4.56156e-06
4238.0,4.55048e-06
4240.0,4.53941e-06
4242.0,4.54436e-06
4244.0,4.54926e-06
4246.0,4.55411e-06
4248.0,4.55891e-06
4250.0,4.56367e-06
4252.0,4.5787e-06
4254.0,4.59364e-06
4256.0,4.60849e-06
4258.0,4.62325e-06
4260.0,4.63792e-06
4262.0,4.65219e-06
4264.0,4.66636e-06
4266.0,4.68045e-06
4268.0,4.69445e-06
4270.0,4.70837e-06
4272.0,4.71108e-06
4274.0,4.71374e-06
4276.0,4.71636e-06
4278.0,4.71893e-06
4280.0,4.72146e-06
4282.0,4.7065e-06
4284.0,4.69156e-06
4286.0,4.67665e-06
4288.0,4.66175e-06
4290.0,4.64688e-06
4292.0,4.62158e-06
4294.0,4.59635e-06
4296.0,4.57118e-06
4298.0,4.54607e-06
4300.0,4.52102e-06
4302.0,4.4945e-06
4304.0,4.46805e-06
4306.0,4.44167e-06
4308.0,4.41536e-06
4310.0,4.38912e-06
4312.0,4.37077e-06
4314.0,4.35245e-06
4316.0,4.33418e-06
4318.0,4.31594e-06
4320.0,4.29774e-06
4322.0,4.29127e-06
4324.0,4.28479e-06
4326.0,4.27829e-06
4328.0,4.27179e-06
4330.0,4.26528e-06
4332.0,4.26508e-06
4334.0,4.26486e-06
4336.0,4.26459e-06
4338.0,4.26428e-06
4340.0,4.26394e-06
4342.0,4.26502e-06
4344.0,4.26605e-06
4346.0,4.26704e-06
4348.0,4.26799e-06
4350.0,4.26889e-06
4352.0,4.26623e-06
4354.0,4.26355e-06
4356.0,4.26084e-06
4358.0,4.2581e-06
4360.0,4.25533e-06
4362.0,4.24824e-06
4364.0,4.24114e-06
4366.0,4.23402e-06
4368.0,4.2269e-06
4370.0,4.21977e-06
4372.0,4.21079e-06
4374.0,4.2018e-06
4376.0,4.19281e-06
4378.0,4.18382e-06
4380.0,4.17483e-06
4382.0,4.16444e-06
4384.0,4.15405e-06
4386.0,4.14366e-06
4388.0,4.13328e-06
4390.0,4.1229e-06
4392.0,4.11156e-06
4394.0,4.10022e-06
4396.0,4.0889e-06
4398.0,4.07758e-06
4400.0,4.06627e-06
4402.0,4.05299e-06
4404.0,4.03973e-06
4406.0,4.02649e-06
4408.0,4.01326e-06
4410.0,4.00006e-06
4412.0,3.98512e-06
4414.0,3.9702e-06
4416.0,3.95531e-06
4418.0,3.94045e-06
4420.0,3.92561e-06
4422.0,3.91106e-06
4424.0,3.89654e-06
4426.0,3.88204e-06
4428.0,3.86756e-06
4430.0,3.85311e-06
4432.0,3.84092e-06
4434.0,3.82873e-06
4436.0,3.81657e-06
4438.0,3.80441e-06
4440.0,3.79227e-06
4442.0,3.78229e-06
4444.0,3.77231e-06
4446.0,3.76233e-06
4448.0,3.75235e-06
4450.0,3.74238e-06
4452.0,3.73394e-06
4454.0,3.72551e-06
4456.0,3.71707e-06
4458.0,3.70863e-06
4460.0,3.70019e-06
4462.0,3.69377e-06
4464.0,3.68733e-06
4466.0,3.68088e-06
4468.0,3.67442e-06
4470.0,3.66795e-06
4472.0,3.66421e-06
4474.0,3.66045e-06
4476.0,3.65667e-06
4478.0,3.65285e-06
4480.0,3.64901e-06
4482.0,3.65059e-06
4484.0,3.65211e-06
4486.0,3.65358e-06
4488.0,3.65499e-06
4490.0,3.65635e-06
4492.0,3.6618e-06
4494.0,3.66718e-06
4496.0,3.67248e-06
4498.0,3.6777e-06
4500.0,3.68285e-06
4502.0,3.68445e-06
4504.0,3.68595e-06
4506.0,3.68736e-06
4508.0,3.68868e-06
4510.0,3.68992e-06
4512.0,3.68514e-06
4514.0,3.68031e-06
4516.0,3.67543e-06
4518.0,3.6705e-06
4520.0,3.66551e-06
4522.0,3.6521e-06
4524.0,3.63869e-06
4526.0,3.62528e-06
4528.0,3.61188e-06
4530.0,3.59849e-06
4532.0,3.57984e-06
4534.0,3.56124e-06
4536.0,3.54267e-06
4538.0,3.52415e-06
4540.0,3.50567e-06
4542.0,3.48544e-06
4544.0,3.46526e-06
4546.0,3.44514e-06
4548.0,3.42507e-06
4550.0,3.40506e-06
4552.0,3.38783e-06
4554.0,3.37063e-06
4556.0,3.35348e-06
4558.0,3.33637e-06
4560.0,3.31929e-06
4562.0,3.30417e-06
4564.0,3.28907e-06
4566.0,3.274e-06
4568.0,3.25895e-06
4570.0,3.24394e-06
4572.0,3.22927e-06
4574.0,3.21463e-06
4576.0,3.20001e-06
4578.0,3.18542e-06
4580.0,3.17086e-06
4582.0,3.15695e-06
4584.0,3.14307e-06
4586.0,3.12921e-06
4588.0,3.11536e-06
4590.0,3.10155e-06
4592.0,3.08868e-06
4594.0,3.07583e-06
4596.0,3.063e-06
4598.0,3.05018e-06
4600.0,3.03738e-06
4602.0,3.02689e-06
4604.0,3.01642e-06
4606.0,3.00595e-06
4608.0,2.99549e-06
4610.0,2.98504e-06
4612.0,2.9752e-06
4614.0,2.96536e-06
4616.0,2.95553e-06
4618.0,2.94571e-06
4620.0,2.93589e-06
4622.0,2.92726e-06
4624.0,2.91862e-06
4626.0,2.90999e-06
4628.0,2.90135e-06
4630.0,2.89271e-06
4632.0,2.88582e-06
4634.0,2.87892e-06
4636.0,2.872e-06
4638.0,2.86507e-06
4640.0,2.85813e-06
4642.0,2.85472e-06
4644.0,2.85127e-06
4646.0,2.84779e-06
4648.0,2.84427e-06
4650.0,2.84072e-06
4652.0,2.8419e-06
4654.0,2.84304e-06
4656.0,2.84414e-06
4658.0,2.8452e-06
4660.0,2.84622e-06
4662.0,2.84645e-06
4664.0,2.84665e-06
4666.0,2.84682e-06
4668.0,2.84695e-06
4670.0,2.84704e-06
4672.0,2.84304e-06
4674.0,2.83904e-06
4676.0,2.83501e-06
4678.0,2.83097e-06
4680.0,2.82691e-06
4682.0,2.81775e-06
4684.0,2.80861e-06
4686.0,2.79947e-06
4688.0,2.79034e-06
4690.0,2.78122e-06
4692.0,2.76888e-06
4694.0,2.75656e-06
4696.0,2.74428e-06
4698.0,2.73202e-06
4700.0,2.71978e-06
4702.0,2.70737e-06
4704.0,2.69498e-06
4706.0,2.68262e-06
4708.0,2.67029e-06
4710.0,2.65798e-06
4712.0,2.64465e-06
4714.0,2.63135e-06
4716.0,2.61808e-06
4718.0,2.60485e-06
4720.0,2.59164e-06
4722.0,2.57486e-06
4724.0,2.55813e-06
4726.0,2.54144e-06
4728.0,2.5248e-06
4730.0,2.5082e-06
4732.0,2.48846e-06
4734.0,2.46879e-06
4736.0,2.44917e-06
4738.0,2.4296e-06
4740.0,2.4101e-06
4742.0,2.39287e-06
4744.0,2.37569e-06
4746.0,2.35855e-06
4748.0,2.34147e-06
4750.0,2.32444e-06
4752.0,2.3158e-06
4754.0,2.30718e-06
4756.0,2.29858e-06
4758.0,2.28999e-06
4760.0,2.28142e-06
4762.0,2.28459e-06
4764.0,2.28773e-06
4766.0,2.29085e-06
4768.0,2.29395e-06
4770.0,2.29702e-06
4772.0,2.30797e-06
4774.0,2.31886e-06
4776.0,2.32971e-06
4778.0,2.3405e-06
4780.0,2.35125e-06
4782.0,2.3631e-06
4784.0,2.3749e-06
4786.0,2.38664e-06
4788.0,2.39834e-06
4790.0,2.40998e-06
4792.0,2.41609e-06
4794.0,2.42217e-06
4796.0,2.42822e-06
4798.0,2.43423e-06
4800.0,2.44021e-06
4802.0,2.43886e-06
4804.0,2.43751e-06
4806.0,2.43615e-06
4808.0,2.43479e-06
4810.0,2.43342e-06
4812.0,2.4281e-06
4814.0,2.42279e-06
4816.0,2.41748e-06
4818.0,2.41217e-06
4820.0,2.40688e-06
4822.0,2.39983e-06
4824.0,2.39279e-06
4826.0,2.38577e-06
4828.0,2.37875e-06
4830.0,2.37175e-06
4832.0,2.36515e-06
4834.0,2.35856e-06
4836.0,2.35198e-06
4838.0,2.34541e-06
4840.0,2.33884e-06
4842.0,2.33198e-06
4844.0,2.32512e-06
4846.0,2.31827e-06
4848.0,2.31144e-06
4850.0,2.30461e-06
4852.0,2.29725e-06
4854.0,2.2899e-06
4856.0,2.28256e-06
4858.0,2.27524e-06
4860.0,2.26792e-06
4862.0,2.2617e-06
4864.0,2.25549e-06
4866.0,2.24929e-06
4868.0,2.24309e-06
4870.0,2.23691e-06
4872.0,2.23388e-06
4874.0,2.23084e-06
4876.0,2.22781e-06
4878.0,2.22478e-06
4880.0,2.22175e-06
4882.0,2.22401e-06
4884.0,2.22626e-06
4886.0,2.22849e-06
4888.0,2.23071e-06
4890.0,2.23291e-06
4892.0,2.23872e-06
4894.0,2.24451e-06
4896.0,2.25028e-06
4898.0,2.25601e-06
4900.0,2.26172e-06
4902.0,2.26755e-06
4904.0,2.27334e-06
4906.0,2.27912e-06
4908.0,2.28487e-06
4910.0,2.29059e-06
4912.0,2.29271e-06
4914.0,2.29481e-06
4916.0,2.2969e-06
4918.0,2.29897e-06
4920.0,2.30102e-06
4922.0,2.29781e-06
4924.0,2.2946e-06
4926.0,2.29138e-06
4928.0,2.28817e-06
4930.0,2.28496e-06
4932.0,2.27866e-06
4934.0,2.27237e-06
4936.0,2.26609e-06
4938.0,2.25982e-06
4940.0,2.25355e-06
4942.0,2.24642e-06
4944.0,2.23931e-06
4946.0,2.2322e-06
4948.0,2.2251e-06
4950.0,2.21802e-06
4952.0,2.21109e-06
4954.0,2.20417e-06
4956.0,2.19727e-06
4958.0,2.19037e-06
4960.0,2.18348e-06
4962.0,2.17858e-06
4964.0,2.17367e-06
4966.0,2.16877e-06
4968.0,2.16387e-06
4970.0,2.15897e-06
4972.0,2.15485e-06
4974.0,2.15074e-06
4976.0,2.14662e-06
4978.0,2.1425e-06
4980.0,2.13838e-06
4982.0,2.13441e-06
4984.0,2.13043e-06
4986.0,2.12645e-06
4988.0,2.12246e-06
4990.0,2.11848e-06
4992.0,2.11401e-06
4994.0,2.10954e-06
4996.0,2.10507e-06
4998.0,2.1006e-06
5000.0,2.09613e-06
5002.0,2.09477e-06
5004.0,2.09342e-06
5006.0,2.09206e-06
5008.0,2.0907e-06
5010.0,2.08935e-06
5012.0,2.08744e-06
5014.0,2.08553e-06
5016.0,2.08363e-06
5018.0,2.08173e-06
5020.0,2.07982e-06
5022.0,2.07819e-06
5024.0,2.07657e-06
5026.0,2.07494e-06
5028.0,2.07331e-06
5030.0,2.07169e-06
5032.0,2.07116e-06
5034.0,2.07064e-06
5036.0,2.07011e-06
5038.0,2.06959e-06
5040.0,2.06906e-06
5042.0,2.07081e-06
5044.0,2.07255e-06
5046.0,2.0743e-06
5048.0,2.07604e-06
5050.0,2.07778e-06
5052.0,2.07939e-06
5054.0,2.08098e-06
5056.0,2.08257e-06
5058.0,2.08415e-06
5060.0,2.08573e-06
5062.0,2.08676e-06
5064.0,2.08777e-06
5066.0,2.08879e-06
5068.0,2.0898e-06
5070.0,2.0908e-06
5072.0,2.08921e-06
5074.0,2.08762e-06
5076.0,2.08603e-06
5078.0,2.08444e-06
5080.0,2.08285e-06
5082.0,2.07693e-06
5084.0,2.07101e-06
5086.0,2.0651e-06
5088.0,2.05919e-06
5090.0,2.0533e-06
5092.0,2.04458e-06
5094.0,2.03587e-06
5096.0,2.02718e-06
5098.0,2.01849e-06
5100.0,2.00982e-06
5102.0,1.99954e-06
5104.0,1.98927e-06
5106.0,1.97903e-06
5108.0,1.96882e-06
5110.0,1.95862e-06
5112.0,1.95124e-06
5114.0,1.94388e-06
5116.0,1.93653e-06
5118.0,1.92919e-06
5120.0,1.92187e-06
5122.0,1.91848e-06
5124.0,1.91509e-06
5126.0,1.9117e-06
5128.0,1.90831e-06
5130.0,1.90492e-06
5132.0,1.90381e-06
5134.0,1.9027e-06
5136.0,1.90158e-06
5138.0,1.90045e-06
5140.0,1.89931e-06
5142.0,1.89907e-06
5144.0,1.89882e-06
5146.0,1.89855e-06
5148.0,1.89828e-06
5150.0,1.89799e-06
5152.0,1.89627e-06
5154.0,1.89453e-06
5156.0,1.89278e-06
5158.0,1.89102e-06
5160.0,1.88924e-06
5162.0,1.88688e-06
5164.0,1.88451e-06
5166.0,1.88213e-06
5168.0,1.87974e-06
5170.0,1.87734e-06
5172.0,1.87499e-06
5174.0,1.87263e-06
5176.0,1.87026e-06
5178.0,1.86789e-06
5180.0,1.86549e-06
5182.0,1.86297e-06
5184.0,1.86044e-06
5186.0,1.85789e-06
5188.0,1.85534e-06
5190.0,1.85278e-06
5192.0,1.8499e-06
5194.0,1.84701e-06
5196.0,1.84412e-06
5198.0,1.84121e-06
5200.0,1.8383e-06
5202.0,1.83485e-06
5204.0,1.83139e-06
5206.0,1.82793e-06
5208.0,1.82445e-06
5210.0,1.82097e-06
5212.0,1.8173e-06
5214.0,1.81363e-06
5216.0,1.80995e-06
5218.0,1.80626e-06
5220.0,1.80257e-06
5222.0,1.79851e-06
5224.0,1.79446e-06
5226.0,1.79039e-06
5228.0,1.78633e-06
5230.0,1.78225e-06
5232.0,1.77766e-06
5234.0,1.77306e-06
5236.0,1.76846e-06
5238.0,1.76385e-06
5240.0,1.75925e-06
5242.0,1.75384e-06
5244.0,1.74844e-06
5246.0,1.74304e-06
5248.0,1.73765e-06
5250.0,1.73225e-06
5252.0,1.72607e-06
5254.0,1.7199e-06
5256.0,1.71373e-06
5258.0,1.70757e-06
5260.0,1.70142e-06
5262.0,1.69517e-06
5264.0,1.68892e-06
5266.0,1.68268e-06
5268.0,1.67644e-06
5270.0,1.67021e-06
5272.0,1.66438e-06
5274.0,1.65854e-06
5276.0,1.65272e-06
5278.0,1.64689e-06
5280.0,1.64107e-06
5282.0,1.63628e-06
5284.0,1.63149e-06
5286.0,1.6267e-06
5288.0,1.6219e-06
5290.0,1.61711e-06
5292.0,1.61289e-06
5294.0,1.60867e-06
5296.0,1.60444e-06
5298.0,1.60021e-06
5300.0,1.59598e-06
5302.0,1.59088e-06
5304.0,1.58577e-06
5306.0,1.58067e-06
5308.0,1.57556e-06
5310.0,1.57045e-06
5312.0,1.56375e-06
5314.0,1.55706e-06
5316.0,1.55038e-06
5318.0,1.54371e-06
5320.0,1.53704e-06
5322.0,1.52737e-06
5324.0,1.51772e-06
5326.0,1.5081e-06
5328.0,1.49852e-06
5330.0,1.48896e-06
5332.0,1.47741e-06
5334.0,1.4659e-06
5336.0,1.45443e-06
5338.0,1.44301e-06
5340.0,1.43164e-06
5342.0,1.42079e-06
5344.0,1.40999e-06
5346.0,1.39923e-06
5348.0,1.38851e-06
5350.0,1.37783e-06
5352.0,1.36986e-06
5354.0,1.3619e-06
5356.0,1.35397e-06
5358.0,1.34607e-06
5360.0,1.33818e-06
5362.0,1.33433e-06
5364.0,1.33048e-06
5366.0,1.32661e-06
5368.0,1.32273e-06
5370.0,1.31885e-06
5372.0,1.31747e-06
5374.0,1.31606e-06
5376.0,1.31462e-06
5378.0,1.31315e-06
5380.0,1.31165e-06
5382.0,1.3111e-06
5384.0,1.31052e-06
5386.0,1.30989e-06
5388.0,1.30923e-06
5390.0,1.30853e-06
5392.0,1.3073e-06
5394.0,1.30604e-06
5396.0,1.30474e-06
5398.0,1.30341e-06
5400.0,1.30204e-06
5402.0,1.3007e-06
5404.0,1.29933e-06
5406.0,1.29792e-06
5408.0,1.29647e-06
5410.0,1.29498e-06
5412.0,1.29401e-06
5414.0,1.29299e-06
5416.0,1.29194e-06
5418.0,1.29084e-06
5420.0,1.2897e-06
5422.0,1.28744e-06
5424.0,1.28515e-06
5426.0,1.28283e-06
5428.0,1.28048e-06
5430.0,1.2781e-06
5432.0,1.27307e-06
5434.0,1.26802e-06
5436.0,1.26298e-06
5438.0,1.25792e-06
5440.0,1.25286e-06
5442.0,1.24337e-06
5444.0,1.23393e-06
5446.0,1.22452e-06
5448.0,1.21514e-06
5450.0,1.2058e-06
5452.0,1.1935e-06
5454.0,1.18127e-06
5456.0,1.1691e-06
