Wavelength,Transmission
1110.0,6.59083e-06
1120.0,1.32716e-05
1130.0,1.96711e-05
1140.0,2.57818e-05
1150.0,3.1598e-05
1152.0,3.73223e-05
1154.0,4.35666e-05
1156.0,5.03512e-05
1158.0,5.76965e-05
1160.0,6.56229e-05
1162.0,7.39172e-05
1164.0,8.19241e-05
1166.0,9.03737e-05
1168.0,9.9276e-05
1170.0,0.000108641
1172.0,0.000118008
1174.0,0.000127798
1176.0,0.00013802
1178.0,0.000148682
1180.0,0.000159793
1182.0,0.000170573
1184.0,0.000181736
1186.0,0.000193288
1188.0,0.000205236
1190.0,0.000217585
1192.0,0.000228861
1194.0,0.000240419
1196.0,0.000252262
1198.0,0.000264392
1200.0,0.000276812
1202.0,0.000293607
1204.0,0.000311033
1206.0,0.000329103
1208.0,0.00034783
1210.0,0.000367228
1212.0,0.000387402
1214.0,0.000408284
1216.0,0.00042989
1218.0,0.000447894
1220.0,0.000466295
1222.0,0.000484897
1224.0,0.000503889
1226.0,0.000523273
1228.0,0.000543052
1230.0,0.00056323
1232.0,0.000583202
1234.0,0.00060354
1236.0,0.000624247
1238.0,0.000645325
1240.0,0.000666777
1242.0,0.000687839
1244.0,0.000709236
1246.0,0.000730968
1248.0,0.000753037
1250.0,0.000775444
1252.0,0.000789406
1254.0,0.000803506
1256.0,0.000817744
1258.0,0.000832121
1260.0,0.000846636
1262.0,0.000860643
1264.0,0.000874768
1266.0,0.000889012
1268.0,0.000903375
1270.0,0.000917857
1272.0,0.000931946
1274.0,0.00094614
1276.0,0.000960437
1278.0,0.000974837
1280.0,0.00098934
1282.0,0.0010036
1284.0,0.00101796
1286.0,0.00103241
1288.0,0.00104695
1290.0,0.00106158
1292.0,0.00107611
1294.0,0.00109073
1296.0,0.00110544
1298.0,0.00112023
1300.0,0.0011351
1302.0,0.00115311
1304.0,0.0011712
1306.0,0.00118935
1308.0,0.00120757
1310.0,0.00122586
1312.0,0.00124428
1314.0,0.00126276
1316.0,0.00128132
1318.0,0.00129995
1320.0,0.00131864
1322.0,0.00133748
1324.0,0.00135638
1326.0,0.00137536
1328.0,0.00139441
1330.0,0.00141353
1332.0,0.00143275
1334.0,0.00145204
1336.0,0.00147141
1338.0,0.00149084
1340.0,0.00151035
1342.0,0.00152992
1344.0,0.00154957
1346.0,0.00156929
1348.0,0.00158908
1350.0,0.00160893
1352.0,0.00163065
1354.0,0.00165244
1356.0,0.00167432
1358.0,0.00169628
1360.0,0.00171833
1362.0,0.00174045
1364.0,0.00176265
1366.0,0.00178494
1368.0,0.00180731
1370.0,0.00182976
1372.0,0.00185227
1374.0,0.00187487
1376.0,0.00189755
1378.0,0.00192031
1380.0,0.00194314
1382.0,0.00196603
1384.0,0.001989
1386.0,0.00201205
1388.0,0.00203517
1390.0,0.00205837
1392.0,0.0020816
1394.0,0.00210491
1396.0,0.0021283
1398.0,0.00215175
1400.0,0.00217529
1402.0,0.00220161
1404.0,0.00222803
1406.0,0.00225455
1408.0,0.00228116
1410.0,0.00230787
1412.0,0.00233458
1414.0,0.00236138
1416.0,0.00238828
1418.0,0.00241526
1420.0,0.00244234
1422.0,0.00246939
1424.0,0.00249652
1426.0,0.00252374
1428.0,0.00255105
1430.0,0.00257845
1432.0,0.00260577
1434.0,0.00263317
1436.0,0.00266009
1438.0,0.00268652
1440.0,0.002713
1442.0,0.00273933
1444.0,0.00276572
1446.0,0.00279217
1448.0,0.00281866
1450.0,0.0028452
1452.0,0.00286873
1454.0,0.00289228
1456.0,0.00291586
1458.0,0.00293948
1460.0,0.00296313
1462.0,0.00298652
1464.0,0.00300994
1466.0,0.00303339
1468.0,0.00305685
1470.0,0.00308034
1472.0,0.00310352
1474.0,0.00312672
1476.0,0.00314993
1478.0,0.00317315
1480.0,0.00319639
1482.0,0.00321926
1484.0,0.00324213
1486.0,0.00326501
1488.0,0.0032879
1490.0,0.00331079
1492.0,0.00333322
1494.0,0.00335566
1496.0,0.00337809
1498.0,0.00340051
1500.0,0.00342293
1502.0,0.00344138
1504.0,0.0034598
1506.0,0.00347817
1508.0,0.00349651
1510.0,0.00351481
1512.0,0.00353268
1514.0,0.00355051
1516.0,0.00356829
1518.0,0.00358603
1520.0,0.00360372
1522.0,0.00362108
1524.0,0.00363838
1526.0,0.00365563
1528.0,0.00367283
1530.0,0.00368997
1532.0,0.00370689
1534.0,0.00372375
1536.0,0.00374055
1538.0,0.0037573
1540.0,0.003774
1542.0,0.00379058
1544.0,0.0038071
1546.0,0.00382357
1548.0,0.00383998
1550.0,0.00385633
1552.0,0.00386438
1554.0,0.00387237
1556.0,0.00388032
1558.0,0.00388823
1560.0,0.00389608
1562.0,0.0039041
1564.0,0.00391208
1566.0,0.00392001
1568.0,0.00392789
1570.0,0.00393572
1572.0,0.00394388
1574.0,0.00395199
1576.0,0.00396006
1578.0,0.00396808
1580.0,0.00397605
1582.0,0.0039845
1584.0,0.0039929
1586.0,0.00400126
1588.0,0.00400958
1590.0,0.00401786
1592.0,0.00402677
1594.0,0.00403564
1596.0,0.00404447
1598.0,0.00405327
1600.0,0.00406203
1602.0,0.00405769
1604.0,0.00405334
1606.0,0.00404896
1608.0,0.00404456
1610.0,0.00404343
1612.0,0.00404327
1614.0,0.00404309
1616.0,0.00404288
1618.0,0.00404266
1620.0,0.0040424
1622.0,0.00404329
1624.0,0.00404416
1626.0,0.004045
1628.0,0.00404583
1630.0,0.00404663
1632.0,0.00404874
1634.0,0.00405083
1636.0,0.0040529
1638.0,0.00405495
1640.0,0.00405699
1642.0,0.00406046
1644.0,0.00406391
1646.0,0.00406735
1648.0,0.00407078
1650.0,0.00407419
1652.0,0.00408222
1654.0,0.00409022
1656.0,0.0040982
1658.0,0.00410615
1660.0,0.00411408
1662.0,0.00412352
1664.0,0.00413294
1666.0,0.00414235
1668.0,0.00415173
1670.0,0.0041611
1672.0,0.00417182
1674.0,0.00418253
1676.0,0.00419323
1678.0,0.00420391
1680.0,0.00421457
1682.0,0.00422643
1684.0,0.00423827
1686.0,0.0042501
1688.0,0.00426192
1690.0,0.00427373
1692.0,0.0042866
1694.0,0.00429945
1696.0,0.00431229
1698.0,0.00432513
1700.0,0.00433796
1702.0,0.00434358
1704.0,0.00434914
1706.0,0.00435464
1708.0,0.00436008
1710.0,0.00436546
1712.0,0.00437155
1714.0,0.00437757
1716.0,0.00438354
1718.0,0.00438945
1720.0,0.00439529
1722.0,0.00440167
1724.0,0.00440799
1726.0,0.00441425
1728.0,0.00442044
1730.0,0.00442657
1732.0,0.00443306
1734.0,0.00443949
1736.0,0.00444586
1738.0,0.00445216
1740.0,0.00445839
1742.0,0.00446485
1744.0,0.00447125
1746.0,0.00447758
1748.0,0.00448384
1750.0,0.00449003
1752.0,0.00449282
1754.0,0.00449553
1756.0,0.00449818
1758.0,0.00450075
1760.0,0.00450324
1762.0,0.00450578
1764.0,0.00450824
1766.0,0.00451062
1768.0,0.00451293
1770.0,0.00451517
1772.0,0.00451743
1774.0,0.00451961
1776.0,0.00452171
1778.0,0.00452374
1780.0,0.00452568
1782.0,0.00452767
1784.0,0.00452958
1786.0,0.0045314
1788.0,0.00453315
1790.0,0.00453482
1792.0,0.00453652
1794.0,0.00453814
1796.0,0.00453968
1798.0,0.00454113
1800.0,0.00454251
1802.0,0.00455707
1804.0,0.00457165
1806.0,0.00458626
1808.0,0.00460089
1810.0,0.00461555
1812.0,0.00463032
1814.0,0.00464513
1816.0,0.00465995
1818.0,0.00467481
1820.0,0.00468969
1822.0,0.00470468
1824.0,0.0047197
1826.0,0.00473475
1828.0,0.00474982
1830.0,0.00476492
1832.0,0.00478013
1834.0,0.00479536
1836.0,0.00481062
1838.0,0.0048259
1840.0,0.00484121
1842.0,0.00485663
1844.0,0.00487207
1846.0,0.00488753
1848.0,0.00490303
1850.0,0.00491855
1852.0,0.00493211
1854.0,0.00494569
1856.0,0.00495929
1858.0,0.0049729
1860.0,0.00498654
1862.0,0.00500025
1864.0,0.00501398
1866.0,0.00502773
1868.0,0.00504149
1870.0,0.00505527
1872.0,0.00506913
1874.0,0.00508301
1876.0,0.0050969
1878.0,0.00511081
1880.0,0.00512474
1882.0,0.00513873
1884.0,0.00515275
1886.0,0.00516678
1888.0,0.00518083
1890.0,0.0051949
1892.0,0.00520903
1894.0,0.00522318
1896.0,0.00523734
1898.0,0.00525153
1900.0,0.00526573
1902.0,0.00529512
1904.0,0.00532461
1906.0,0.00535419
1908.0,0.00538387
1910.0,0.00541365
1912.0,0.00544355
1914.0,0.00547355
1916.0,0.00550365
1918.0,0.00553385
1920.0,0.00556415
1922.0,0.00559457
1924.0,0.0056251
1926.0,0.00565572
1928.0,0.00568644
1930.0,0.00571726
1932.0,0.0057482
1934.0,0.00577925
1936.0,0.00581039
1938.0,0.00584163
1940.0,0.00587297
1942.0,0.00590443
1944.0,0.005936
1946.0,0.00596766
1948.0,0.00599942
1950.0,0.00603128
1952.0,0.00606497
1954.0,0.00609878
1956.0,0.0061327
1958.0,0.00616674
1960.0,0.0062009
1962.0,0.00623685
1964.0,0.00627463
1966.0,0.00631257
1968.0,0.00635065
1970.0,0.0063889
1972.0,0.0064273
1974.0,0.00646585
1976.0,0.00650456
1978.0,0.00654343
1980.0,0.00658245
1982.0,0.00662162
1984.0,0.00666095
1986.0,0.00670043
1988.0,0.00674007
1990.0,0.00677988
1992.0,0.00681982
1994.0,0.00685993
1996.0,0.0069002
1998.0,0.00694062
2000.0,0.00698121
2002.0,0.00702139
2004.0,0.00706172
2006.0,0.0071022
2008.0,0.00714284
2010.0,0.00718363
2012.0,0.00722454
2014.0,0.00726561
2016.0,0.00730682
2018.0,0.0073482
2020.0,0.00738973
2022.0,0.00743136
2024.0,0.00747314
2026.0,0.00751507
2028.0,0.00755717
2030.0,0.00759942
2032.0,0.00764174
2034.0,0.00768422
2036.0,0.00772686
2038.0,0.00776965
2040.0,0.00781261
2042.0,0.00785562
2044.0,0.0078988
2046.0,0.00794213
2048.0,0.00798562
2050.0,0.00802928
2052.0,0.00807415
2054.0,0.00811919
2056.0,0.0081644
2058.0,0.00820977
2060.0,0.00825532
2062.0,0.00830089
2064.0,0.00834662
2066.0,0.00839253
2068.0,0.0084386
2070.0,0.00848484
2072.0,0.00853107
2074.0,0.00857747
2076.0,0.00862404
2078.0,0.00867078
2080.0,0.00871769
2082.0,0.00876456
2084.0,0.00881161
2086.0,0.00885882
2088.0,0.00890621
2090.0,0.00895376
2092.0,0.00900126
2094.0,0.00904893
2096.0,0.00909677
2098.0,0.00914477
2100.0,0.00919295
2102.0,0.00923814
2104.0,0.00928347
2106.0,0.00932893
2108.0,0.00937454
2110.0,0.00942028
2112.0,0.00946588
2114.0,0.00951162
2116.0,0.0095575
2118.0,0.00960351
2120.0,0.00964966
2122.0,0.00969564
2124.0,0.00974175
2126.0,0.009788
2128.0,0.00983439
2130.0,0.00988091
2132.0,0.00992723
2134.0,0.00997368
2136.0,0.0100203
2138.0,0.010067
2140.0,0.0101138
2142.0,0.0101605
2144.0,0.0102072
2146.0,0.0102541
2148.0,0.0103011
2150.0,0.0103483
2152.0,0.0103967
2154.0,0.0104452
2156.0,0.0104939
2158.0,0.0105427
2160.0,0.0105917
2162.0,0.0106404
2164.0,0.0106892
2166.0,0.0107381
2168.0,0.0107872
2170.0,0.0108364
2172.0,0.0108852
2174.0,0.0109342
2176.0,0.0109833
2178.0,0.0110326
2180.0,0.011082
2182.0,0.011131
2184.0,0.0111801
2186.0,0.0112294
2188.0,0.0112788
2190.0,0.0113283
2192.0,0.0113774
2194.0,0.0114267
2196.0,0.011476
2198.0,0.0115255
2200.0,0.0115751
2202.0,0.0116184
2204.0,0.0116617
2206.0,0.0117051
2208.0,0.0117486
2210.0,0.0117921
2212.0,0.0118351
2214.0,0.0118782
2216.0,0.0119214
2218.0,0.0119646
2220.0,0.012008
2222.0,0.0120507
2224.0,0.0120935
2226.0,0.0121364
2228.0,0.0121793
2230.0,0.0122224
2232.0,0.0122647
2234.0,0.0123072
2236.0,0.0123497
2238.0,0.0123923
2240.0,0.012435
2242.0,0.012477
2244.0,0.012519
2246.0,0.0125612
2248.0,0.0126034
2250.0,0.0126456
2252.0,0.0126885
2254.0,0.0127314
2256.0,0.0127744
2258.0,0.0128174
2260.0,0.0128605
2262.0,0.0129029
2264.0,0.0129454
2266.0,0.0129878
2268.0,0.0130304
2270.0,0.013073
2272.0,0.0131149
2274.0,0.0131569
2276.0,0.0131989
2278.0,0.0132409
2280.0,0.0132831
2282.0,0.0133245
2284.0,0.013366
2286.0,0.0134076
2288.0,0.0134492
2290.0,0.0134908
2292.0,0.0135318
2294.0,0.0135729
2296.0,0.013614
2298.0,0.0136552
2300.0,0.0136964
2302.0,0.0137396
2304.0,0.0137828
2306.0,0.0138261
2308.0,0.0138694
2310.0,0.0139127
2312.0,0.0139555
2314.0,0.0139983
2316.0,0.0140411
2318.0,0.014084
2320.0,0.014127
2322.0,0.0141693
2324.0,0.0142117
2326.0,0.0142542
2328.0,0.0142966
2330.0,0.0143392
2332.0,0.0143811
2334.0,0.0144232
2336.0,0.0144652
2338.0,0.0145073
2340.0,0.0145495
2342.0,0.0145911
2344.0,0.0146328
2346.0,0.0146745
2348.0,0.0147163
2350.0,0.0147581
2352.0,0.0148045
2354.0,0.014851
2356.0,0.0148975
2358.0,0.0149441
2360.0,0.0149907
2362.0,0.0150369
2364.0,0.0150832
2366.0,0.0151295
2368.0,0.0151758
2370.0,0.0152222
2372.0,0.0152681
2374.0,0.0153141
2376.0,0.0153602
2378.0,0.0154063
2380.0,0.0154524
2382.0,0.0154982
2384.0,0.015544
2386.0,0.0155898
2388.0,0.0156357
2390.0,0.0156816
2392.0,0.0157272
2394.0,0.0157728
2396.0,0.0158185
2398.0,0.0158642
2400.0,0.01591
2402.0,0.0159436
2404.0,0.0159773
2406.0,0.016011
2408.0,0.0160447
2410.0,0.0160785
2412.0,0.0161119
2414.0,0.0161454
2416.0,0.0161789
2418.0,0.0162124
2420.0,0.0162459
2422.0,0.0162792
2424.0,0.0163125
2426.0,0.0163458
2428.0,0.0163791
2430.0,0.0164125
2432.0,0.0164456
2434.0,0.0164787
2436.0,0.0165119
2438.0,0.0165451
2440.0,0.0165782
2442.0,0.0166113
2444.0,0.0166443
2446.0,0.0166774
2448.0,0.0167104
2450.0,0.0167435
2452.0,0.0167794
2454.0,0.0168153
2456.0,0.0168512
2458.0,0.0168872
2460.0,0.0169231
2462.0,0.016959
2464.0,0.0169949
2466.0,0.0170309
2468.0,0.0170668
2470.0,0.0171027
2472.0,0.0171387
2474.0,0.0171746
2476.0,0.0172106
2478.0,0.0172465
2480.0,0.0172825
2482.0,0.0173185
2484.0,0.0173545
2486.0,0.0173905
2488.0,0.0174266
2490.0,0.0174626
2492.0,0.0174987
2494.0,0.0175348
2496.0,0.017571
2498.0,0.0176071
2500.0,0.0176433
2502.0,0.0176783
2504.0,0.0177133
2506.0,0.0177482
2508.0,0.0177832
2510.0,0.0178182
2512.0,0.0178533
2514.0,0.0178884
2516.0,0.0179235
2518.0,0.0179586
2520.0,0.0179937
2522.0,0.018029
2524.0,0.0180642
2526.0,0.0180994
2528.0,0.0181346
2530.0,0.0181698
2532.0,0.0182052
2534.0,0.0182405
2536.0,0.0182758
2538.0,0.0183112
2540.0,0.0183465
2542.0,0.0183819
2544.0,0.0184174
2546.0,0.0184528
2548.0,0.0184883
2550.0,0.0185237
2552.0,0.0185628
2554.0,0.018602
2556.0,0.0186411
2558.0,0.0186803
2560.0,0.0187195
2562.0,0.0187587
2564.0,0.018798
2566.0,0.0188373
2568.0,0.0188766
2570.0,0.0189159
2572.0,0.0189553
2574.0,0.0189947
2576.0,0.0190342
2578.0,0.0190736
2580.0,0.0191131
2582.0,0.0191526
2584.0,0.0191922
2586.0,0.0192318
2588.0,0.0192714
2590.0,0.019311
2592.0,0.0193507
2594.0,0.0193905
2596.0,0.0194302
2598.0,0.01947
2600.0,0.0195097
2602.0,0.0195462
2604.0,0.0195826
2606.0,0.0196191
2608.0,0.0196555
2610.0,0.019692
2612.0,0.0197286
2614.0,0.0197651
2616.0,0.0198017
2618.0,0.0198383
2620.0,0.0198749
2622.0,0.0199116
2624.0,0.0199483
2626.0,0.019985
2628.0,0.0200217
2630.0,0.0200584
2632.0,0.0200952
2634.0,0.020132
2636.0,0.0201689
2638.0,0.0202057
2640.0,0.0202425
2642.0,0.0202795
2644.0,0.0203164
2646.0,0.0203533
2648.0,0.0203903
2650.0,0.0204272
2652.0,0.0204662
2654.0,0.0205051
2656.0,0.0205441
2658.0,0.0205831
2660.0,0.0206221
2662.0,0.0206612
2664.0,0.0207003
2666.0,0.0207394
2668.0,0.0207785
2670.0,0.0208176
2672.0,0.0208568
2674.0,0.0208961
2676.0,0.0209353
2678.0,0.0209746
2680.0,0.0210139
2682.0,0.0210533
2684.0,0.0210927
2686.0,0.0211321
2688.0,0.0211715
2690.0,0.0212109
2692.0,0.0212504
2694.0,0.02129
2696.0,0.0213295
2698.0,0.0213691
2700.0,0.0214087
2702.0,0.0214449
2704.0,0.0214811
2706.0,0.0215174
2708.0,0.0215536
2710.0,0.0215899
2712.0,0.0216262
2714.0,0.0216625
2716.0,0.0216988
2718.0,0.0217351
2720.0,0.0217715
2722.0,0.0218078
2724.0,0.0218442
2726.0,0.0218806
2728.0,0.021917
2730.0,0.0219534
2732.0,0.0219899
2734.0,0.0220263
2736.0,0.0220628
2738.0,0.0220993
2740.0,0.0221357
2742.0,0.0221723
2744.0,0.0222088
2746.0,0.0222454
2748.0,0.0222819
2750.0,0.0223185
2752.0,0.0223554
2754.0,0.0223924
2756.0,0.0224294
2758.0,0.0224663
2760.0,0.0225033
2762.0,0.0225403
2764.0,0.0225774
2766.0,0.0226145
2768.0,0.0226515
2770.0,0.0226886
2772.0,0.0227257
2774.0,0.0227629
2776.0,0.0228
2778.0,0.0228371
2780.0,0.0228743
2782.0,0.0229115
2784.0,0.0229487
2786.0,0.0229859
2788.0,0.0230232
2790.0,0.0230604
2792.0,0.0230977
2794.0,0.023135
2796.0,0.0231723
2798.0,0.0232096
2800.0,0.023247
2802.0,0.0232879
2804.0,0.0233288
2806.0,0.0233697
2808.0,0.0234107
2810.0,0.0234516
2812.0,0.0234926
2814.0,0.0235336
2816.0,0.0235746
2818.0,0.0236155
2820.0,0.0236566
2822.0,0.0236976
2824.0,0.0237386
2826.0,0.0237796
2828.0,0.0238207
2830.0,0.0238617
2832.0,0.0239028
2834.0,0.0239439
2836.0,0.023985
2838.0,0.0240261
2840.0,0.0240672
2842.0,0.0241083
2844.0,0.0241494
2846.0,0.0241906
2848.0,0.0242317
2850.0,0.0242729
2852.0,0.0243136
2854.0,0.0243543
2856.0,0.0243951
2858.0,0.0244358
2860.0,0.0244765
2862.0,0.0245173
2864.0,0.0245581
2866.0,0.0245988
2868.0,0.0246396
2870.0,0.0246804
2872.0,0.0247211
2874.0,0.0247619
2876.0,0.0248027
2878.0,0.0248435
2880.0,0.0248843
2882.0,0.0249251
2884.0,0.0249659
2886.0,0.0250068
2888.0,0.0250476
2890.0,0.0250884
2892.0,0.0251293
2894.0,0.0251701
2896.0,0.025211
2898.0,0.0252519
2900.0,0.0252927
2902.0,0.0253369
2904.0,0.025381
2906.0,0.0254252
2908.0,0.0254694
2910.0,0.0255136
2912.0,0.0255578
2914.0,0.0256021
2916.0,0.0256464
2918.0,0.0256907
2920.0,0.025735
2922.0,0.0257793
2924.0,0.0258237
2926.0,0.025868
2928.0,0.0259124
2930.0,0.0259568
2932.0,0.0260012
2934.0,0.0260457
2936.0,0.0260901
2938.0,0.0261346
2940.0,0.0261791
2942.0,0.0262236
2944.0,0.0262681
2946.0,0.0263126
2948.0,0.0263571
2950.0,0.0264017
2952.0,0.0264457
2954.0,0.0264898
2956.0,0.0265338
2958.0,0.0265779
2960.0,0.0266221
2962.0,0.0266662
2964.0,0.0267103
2966.0,0.0267545
2968.0,0.0267986
2970.0,0.0268429
2972.0,0.026887
2974.0,0.0269312
2976.0,0.0269755
2978.0,0.0270197
2980.0,0.027064
2982.0,0.0271082
2984.0,0.0271525
2986.0,0.0271968
2988.0,0.0272412
2990.0,0.0272855
2992.0,0.0273299
2994.0,0.0273743
2996.0,0.0274187
2998.0,0.0274631
3000.0,0.0275075
3002.0,0.0275311
3004.0,0.0275547
3006.0,0.0275784
3008.0,0.027602
3010.0,0.0276257
3012.0,0.0276493
3014.0,0.0276729
3016.0,0.0276966
3018.0,0.0277202
3020.0,0.0277439
3022.0,0.0277675
3024.0,0.0277911
3026.0,0.0278148
3028.0,0.0278384
3030.0,0.0278621
3032.0,0.0278857
3034.0,0.0279093
3036.0,0.0279329
3038.0,0.0279566
3040.0,0.0279802
3042.0,0.0280038
3044.0,0.0280275
3046.0,0.0280511
3048.0,0.0280748
3050.0,0.0280984
3052.0,0.0281208
3054.0,0.0281431
3056.0,0.0281655
3058.0,0.0281879
3060.0,0.0282103
3062.0,0.0282327
3064.0,0.028255
3066.0,0.0282774
3068.0,0.0282998
3070.0,0.0283223
3072.0,0.0283447
3074.0,0.0283671
3076.0,0.0283895
3078.0,0.0284119
3080.0,0.0284343
3082.0,0.0284567
3084.0,0.0284791
3086.0,0.0285016
3088.0,0.028524
3090.0,0.0285464
3092.0,0.0285688
3094.0,0.0285913
3096.0,0.0286137
3098.0,0.0286361
3100.0,0.0286586
3102.0,0.0286777
3104.0,0.0286969
3106.0,0.0287161
3108.0,0.0287352
3110.0,0.0287544
3112.0,0.0287736
3114.0,0.0287928
3116.0,0.028812
3118.0,0.0288312
3120.0,0.0288503
3122.0,0.0288695
3124.0,0.0288887
3126.0,0.0289079
3128.0,0.0289271
3130.0,0.0289463
3132.0,0.0289655
3134.0,0.0289846
3136.0,0.0290038
3138.0,0.029023
3140.0,0.0290422
3142.0,0.0290614
3144.0,0.0290807
3146.0,0.0290999
3148.0,0.0291191
3150.0,0.0291383
3152.0,0.0291589
3154.0,0.0291795
3156.0,0.0292001
3158.0,0.0292207
3160.0,0.0292413
3162.0,0.0292619
3164.0,0.0292825
3166.0,0.0293031
3168.0,0.0293237
3170.0,0.0293443
3172.0,0.029365
3174.0,0.0293856
3176.0,0.0294062
3178.0,0.0294268
3180.0,0.0294475
3182.0,0.0294681
3184.0,0.0294888
3186.0,0.0295095
3188.0,0.0295301
3190.0,0.0295508
3192.0,0.0295715
3194.0,0.0295921
3196.0,0.0296128
3198.0,0.0296335
3200.0,0.0296542
3202.0,0.0296679
3204.0,0.0296815
3206.0,0.0296951
3208.0,0.0297088
3210.0,0.0297224
3212.0,0.029736
3214.0,0.0297497
3216.0,0.0297633
3218.0,0.029777
3220.0,0.0297906
3222.0,0.0298043
3224.0,0.029818
3226.0,0.0298316
3228.0,0.0298453
3230.0,0.029859
3232.0,0.0298726
3234.0,0.0298863
3236.0,0.0299
3238.0,0.0299137
3240.0,0.0299273
3242.0,0.029941
3244.0,0.0299547
3246.0,0.0299684
3248.0,0.0299821
3250.0,0.0299958
3252.0,0.0300101
3254.0,0.0300245
3256.0,0.0300388
3258.0,0.0300532
3260.0,0.0300675
3262.0,0.0300819
3264.0,0.0300962
3266.0,0.0301106
3268.0,0.0301249
3270.0,0.0301393
3272.0,0.0301537
3274.0,0.0301681
3276.0,0.0301825
3278.0,0.0301968
3280.0,0.0302112
3282.0,0.0302256
3284.0,0.0302401
3286.0,0.0302545
3288.0,0.0302689
3290.0,0.0302833
3292.0,0.0302978
3294.0,0.0303122
3296.0,0.0303267
3298.0,0.0303411
3300.0,0.0303556
3302.0,0.0303735
3304.0,0.0303914
3306.0,0.0304093
3308.0,0.0304273
3310.0,0.0304452
3312.0,0.0304632
3314.0,0.0304812
3316.0,0.0304992
3318.0,0.0305172
3320.0,0.0305352
3322.0,0.0305532
3324.0,0.0305713
3326.0,0.0305893
3328.0,0.0306074
3330.0,0.0306254
3332.0,0.0306435
3334.0,0.0306616
3336.0,0.0306797
3338.0,0.0306978
3340.0,0.0307158
3342.0,0.030734
3344.0,0.0307521
3346.0,0.0307702
3348.0,0.0307883
3350.0,0.0308065
3352.0,0.0308207
3354.0,0.030835
3356.0,0.0308492
3358.0,0.0308634
3360.0,0.0308777
3362.0,0.0308919
3364.0,0.0309062
3366.0,0.0309205
3368.0,0.0309348
3370.0,0.0309491
3372.0,0.0309634
3374.0,0.0309778
3376.0,0.0309921
3378.0,0.0310065
3380.0,0.0310208
3382.0,0.0310352
3384.0,0.0310496
3386.0,0.031064
3388.0,0.0310785
3390.0,0.0310929
3392.0,0.0311073
3394.0,0.0311218
3396.0,0.0311362
3398.0,0.0311507
3400.0,0.0311651
3402.0,0.0311681
3404.0,0.0311711
3406.0,0.031174
3408.0,0.031177
3410.0,0.0311799
3412.0,0.0311829
3414.0,0.0311859
3416.0,0.0311888
3418.0,0.0311918
3420.0,0.0311948
3422.0,0.0311978
3424.0,0.0312009
3426.0,0.0312039
3428.0,0.0312069
3430.0,0.03121
3432.0,0.0312131
3434.0,0.0312161
3436.0,0.0312192
3438.0,0.0312223
3440.0,0.0312254
3442.0,0.0312286
3444.0,0.0312317
3446.0,0.0312348
3448.0,0.031238
3450.0,0.0312411
3452.0,0.0312457
3454.0,0.0312504
3456.0,0.031255
3458.0,0.0312597
3460.0,0.0312643
3462.0,0.031269
3464.0,0.0312737
3466.0,0.0312783
3468.0,0.031283
3470.0,0.0312877
3472.0,0.0312924
3474.0,0.0312971
3476.0,0.0313019
3478.0,0.0313066
3480.0,0.0313113
3482.0,0.0313161
3484.0,0.0313209
3486.0,0.0313256
3488.0,0.0313304
3490.0,0.0313352
3492.0,0.03134
3494.0,0.0313449
3496.0,0.0313497
3498.0,0.0313545
3500.0,0.0313593
3502.0,0.0313603
3504.0,0.0313613
3506.0,0.0313622
3508.0,0.0313632
3510.0,0.0313641
3512.0,0.0313651
3514.0,0.0313661
3516.0,0.031367
3518.0,0.031368
3520.0,0.031369
3522.0,0.03137
3524.0,0.0313711
3526.0,0.0313721
3528.0,0.0313731
3530.0,0.0313742
3532.0,0.0313752
3534.0,0.0313763
3536.0,0.0313774
3538.0,0.0313784
3540.0,0.0313795
3542.0,0.0313806
3544.0,0.0313817
3546.0,0.0313829
3548.0,0.031384
3550.0,0.0313851
3552.0,0.0313855
3554.0,0.0313859
3556.0,0.0313863
3558.0,0.0313867
3560.0,0.031387
3562.0,0.0313875
3564.0,0.0313879
3566.0,0.0313883
3568.0,0.0313887
3570.0,0.0313892
3572.0,0.0313896
3574.0,0.0313901
3576.0,0.0313905
3578.0,0.031391
3580.0,0.0313914
3582.0,0.0313919
3584.0,0.0313924
3586.0,0.0313929
3588.0,0.0313934
3590.0,0.0313939
3592.0,0.0313944
3594.0,0.031395
3596.0,0.0313955
3598.0,0.031396
3600.0,0.0313965
3602.0,0.0314002
3604.0,0.0314039
3606.0,0.0314075
3608.0,0.0314112
3610.0,0.0314149
3612.0,0.0314186
3614.0,0.0314222
3616.0,0.0314259
3618.0,0.0314296
3620.0,0.0314333
3622.0,0.031437
3624.0,0.0314407
3626.0,0.0314444
3628.0,0.0314481
3630.0,0.0314518
3632.0,0.0314555
3634.0,0.0314592
3636.0,0.0314629
3638.0,0.0314666
3640.0,0.0314703
3642.0,0.031474
3644.0,0.0314777
3646.0,0.0314814
3648.0,0.0314851
3650.0,0.0314888
3652.0,0.0314901
3654.0,0.0314913
3656.0,0.0314925
3658.0,0.0314938
3660.0,0.031495
3662.0,0.0314962
3664.0,0.0314975
3666.0,0.0314987
3668.0,0.0315
3670.0,0.0315012
3672.0,0.0315025
3674.0,0.0315037
3676.0,0.031505
3678.0,0.0315063
3680.0,0.0315075
3682.0,0.0315088
3684.0,0.03151
3686.0,0.0315113
3688.0,0.0315126
3690.0,0.0315138
3692.0,0.0315151
3694.0,0.0315163
3696.0,0.0315176
3698.0,0.0315188
3700.0,0.0315201
3702.0,0.0315195
3704.0,0.031519
3706.0,0.0315185
3708.0,0.0315179
3710.0,0.0315174
3712.0,0.0315169
3714.0,0.0315163
3716.0,0.0315158
3718.0,0.0315152
3720.0,0.0315147
3722.0,0.0315141
3724.0,0.0315136
3726.0,0.031513
3728.0,0.0315125
3730.0,0.0315119
3732.0,0.0315114
3734.0,0.0315109
3736.0,0.0315103
3738.0,0.0315098
3740.0,0.0315092
3742.0,0.0315086
3744.0,0.031508
3746.0,0.0315075
3748.0,0.0315069
3750.0,0.0315063
3752.0,0.0315026
3754.0,0.0314988
3756.0,0.0314951
3758.0,0.0314914
3760.0,0.0314876
3762.0,0.0314839
3764.0,0.0314801
3766.0,0.0314764
3768.0,0.0314726
3770.0,0.0314689
3772.0,0.0314651
3774.0,0.0314613
3776.0,0.0314575
3778.0,0.0314537
3780.0,0.0314499
3782.0,0.0314461
3784.0,0.0314423
3786.0,0.0314385
3788.0,0.0314347
3790.0,0.0314309
3792.0,0.0314271
3794.0,0.0314232
3796.0,0.0314194
3798.0,0.0314155
3800.0,0.0314117
3802.0,0.0313912
3804.0,0.0313707
3806.0,0.0313502
3808.0,0.0313296
3810.0,0.0313091
3812.0,0.0312884
3814.0,0.0312678
3816.0,0.0312472
3818.0,0.0312265
3820.0,0.0312059
3822.0,0.0311851
3824.0,0.0311644
3826.0,0.0311437
3828.0,0.0311229
3830.0,0.0311022
3832.0,0.0310813
3834.0,0.0310605
3836.0,0.0310396
3838.0,0.0310187
3840.0,0.0309978
3842.0,0.0309769
3844.0,0.0309559
3846.0,0.0309349
3848.0,0.030914
3850.0,0.030893
3852.0,0.0308659
3854.0,0.0308389
3856.0,0.0308118
3858.0,0.0307848
3860.0,0.0307577
3862.0,0.0307306
3864.0,0.0307035
3866.0,0.0306764
3868.0,0.0306493
3870.0,0.0306222
3872.0,0.0305951
3874.0,0.0305679
3876.0,0.0305408
3878.0,0.0305136
3880.0,0.0304864
3882.0,0.0304592
3884.0,0.030432
3886.0,0.0304048
3888.0,0.0303776
3890.0,0.0303504
3892.0,0.0303231
3894.0,0.0302958
3896.0,0.0302685
3898.0,0.0302412
3900.0,0.0302139
3902.0,0.0301856
3904.0,0.0301572
3906.0,0.0301289
3908.0,0.0301005
3910.0,0.0300721
3912.0,0.0300437
3914.0,0.0300152
3916.0,0.0299867
3918.0,0.0299583
3920.0,0.0299298
3922.0,0.0299012
3924.0,0.0298727
3926.0,0.0298441
3928.0,0.0298155
3930.0,0.029787
3932.0,0.0297583
3934.0,0.0297297
3936.0,0.029701
3938.0,0.0296724
3940.0,0.0296437
3942.0,0.0296149
3944.0,0.0295862
3946.0,0.0295574
3948.0,0.0295287
3950.0,0.0294999
3952.0,0.0294649
3954.0,0.0294299
3956.0,0.0293949
3958.0,0.0293599
3960.0,0.0293249
3962.0,0.0292898
3964.0,0.0292548
3966.0,0.0292197
3968.0,0.0291846
3970.0,0.0291495
3972.0,0.0291143
3974.0,0.0290791
3976.0,0.0290439
3978.0,0.0290087
3980.0,0.0289735
3982.0,0.0289382
3984.0,0.0289029
3986.0,0.0288677
3988.0,0.0288324
3990.0,0.0287971
3992.0,0.0287617
3994.0,0.0287263
3996.0,0.0286909
3998.0,0.0286555
4000.0,0.0286201
4002.0,0.028584
4004.0,0.0285479
4006.0,0.0285119
4008.0,0.0284758
4010.0,0.0284397
4012.0,0.0284036
4014.0,0.0283674
4016.0,0.0283312
4018.0,0.028295
4020.0,0.0282588
4022.0,0.0282225
4024.0,0.0281863
4026.0,0.02815
4028.0,0.0281137
4030.0,0.0280774
4032.0,0.028041
4034.0,0.0280046
4036.0,0.0279683
4038.0,0.0279319
4040.0,0.0278955
4042.0,0.027859
4044.0,0.0278226
4046.0,0.0277861
4048.0,0.0277496
4050.0,0.0277132
4052.0,0.0276779
4054.0,0.0276426
4056.0,0.0276073
4058.0,0.0275719
4060.0,0.0275366
4062.0,0.0275011
4064.0,0.0274657
4066.0,0.0274302
4068.0,0.0273948
4070.0,0.0273593
4072.0,0.0273237
4074.0,0.0272881
4076.0,0.0272526
4078.0,0.027217
4080.0,0.0271813
4082.0,0.0271457
4084.0,0.02711
4086.0,0.0270742
4088.0,0.0270385
4090.0,0.0270028
4092.0,0.026967
4094.0,0.0269311
4096.0,0.0268953
4098.0,0.0268595
4100.0,0.0268236
4102.0,0.0267859
4104.0,0.0267482
4106.0,0.0267105
4108.0,0.0266728
4110.0,0.0266351
4112.0,0.0265973
4114.0,0.0265595
4116.0,0.0265216
4118.0,0.0264838
4120.0,0.0264459
4122.0,0.026408
4124.0,0.0263701
4126.0,0.0263321
4128.0,0.0262942
4130.0,0.0262562
4132.0,0.0262182
4134.0,0.0261801
4136.0,0.0261421
4138.0,0.026104
4140.0,0.0260659
4142.0,0.0260278
4144.0,0.0259897
4146.0,0.0259515
4148.0,0.0259134
4150.0,0.0258752
4152.0,0.0258338
4154.0,0.0257923
4156.0,0.0257508
4158.0,0.0257094
4160.0,0.0256679
4162.0,0.0256264
4164.0,0.0255849
4166.0,0.0255434
4168.0,0.0255019
4170.0,0.0254604
4172.0,0.0254188
4174.0,0.0253772
4176.0,0.0253357
4178.0,0.0252941
4180.0,0.0252525
4182.0,0.0252109
4184.0,0.0251693
4186.0,0.0251277
4188.0,0.0250861
4190.0,0.0250444
4192.0,0.0250028
4194.0,0.0249611
4196.0,0.0249194
4198.0,0.0248777
4200.0,0.0248361
4202.0,0.0247962
4204.0,0.0247563
4206.0,0.0247164
4208.0,0.0246765
4210.0,0.0246366
4212.0,0.0245966
4214.0,0.0245567
4216.0,0.0245167
4218.0,0.0244767
4220.0,0.0244367
4222.0,0.0243966
4224.0,0.0243566
4226.0,0.0243165
4228.0,0.0242764
4230.0,0.0242363
4232.0,0.0241962
4234.0,0.0241561
4236.0,0.0241159
4238.0,0.0240757
4240.0,0.0240355
4242.0,0.0239953
4244.0,0.0239551
4246.0,0.0239148
4248.0,0.0238746
4250.0,0.0238343
4252.0,0.0237904
4254.0,0.0237466
4256.0,0.0237027
4258.0,0.0236588
4260.0,0.0236149
4262.0,0.023571
4264.0,0.0235271
4266.0,0.0234831
4268.0,0.0234392
4270.0,0.0233952
4272.0,0.0233513
4274.0,0.0233073
4276.0,0.0232633
4278.0,0.0232193
4280.0,0.0231753
4282.0,0.0231313
4284.0,0.0230873
4286.0,0.0230432
4288.0,0.0229992
4290.0,0.0229551
4292.0,0.022911
4294.0,0.022867
4296.0,0.0228229
4298.0,0.0227787
4300.0,0.0227346
4302.0,0.0226889
4304.0,0.0226433
4306.0,0.0225976
4308.0,0.0225519
4310.0,0.0225062
4312.0,0.0224604
4314.0,0.0224147
4316.0,0.0223689
4318.0,0.0223232
4320.0,0.0222774
4322.0,0.0222317
4324.0,0.0221859
4326.0,0.0221401
4328.0,0.0220944
4330.0,0.0220486
4332.0,0.0220028
4334.0,0.021957
4336.0,0.0219112
4338.0,0.0218653
4340.0,0.0218195
4342.0,0.0217737
4344.0,0.0217278
4346.0,0.021682
4348.0,0.0216361
4350.0,0.0215903
4352.0,0.0215436
4354.0,0.0214968
4356.0,0.0214501
4358.0,0.0214034
4360.0,0.0213566
4362.0,0.0213098
4364.0,0.0212631
4366.0,0.0212163
4368.0,0.0211695
4370.0,0.0211227
4372.0,0.0210758
4374.0,0.021029
4376.0,0.0209822
4378.0,0.0209353
4380.0,0.0208885
4382.0,0.0208416
4384.0,0.0207948
4386.0,0.0207479
4388.0,0.020701
4390.0,0.0206541
4392.0,0.0206072
4394.0,0.0205603
4396.0,0.0205134
4398.0,0.0204665
4400.0,0.0204196
4402.0,0.0203714
4404.0,0.0203232
4406.0,0.020275
4408.0,0.0202269
4410.0,0.0201787
4412.0,0.0201305
4414.0,0.0200823
4416.0,0.0200342
4418.0,0.019986
4420.0,0.0199378
4422.0,0.0198896
4424.0,0.0198415
4426.0,0.0197933
4428.0,0.0197451
4430.0,0.0196969
4432.0,0.0196487
4434.0,0.0196005
4436.0,0.0195523
4438.0,0.0195041
4440.0,0.0194559
4442.0,0.0194077
4444.0,0.0193595
4446.0,0.0193113
4448.0,0.0192631
4450.0,0.0192149
4452.0,0.0191663
4454.0,0.0191177
4456.0,0.0190691
4458.0,0.0190206
4460.0,0.018972
4462.0,0.0189235
4464.0,0.018875
4466.0,0.0188264
4468.0,0.0187779
4470.0,0.0187294
4472.0,0.0186809
4474.0,0.0186324
4476.0,0.0185839
4478.0,0.0185355
4480.0,0.018487
4482.0,0.0184386
4484.0,0.0183901
4486.0,0.0183417
4488.0,0.0182933
4490.0,0.0182449
4492.0,0.0181965
4494.0,0.0181481
4496.0,0.0180997
4498.0,0.0180514
4500.0,0.018003
4502.0,0.0179461
4504.0,0.0178891
4506.0,0.0178322
4508.0,0.0177752
4510.0,0.0177183
4512.0,0.0176613
4514.0,0.0176042
4516.0,0.0175472
4518.0,0.0174902
4520.0,0.0174331
4522.0,0.017376
4524.0,0.017319
4526.0,0.0172619
4528.0,0.0172048
4530.0,0.0171477
4532.0,0.0170905
4534.0,0.0170334
4536.0,0.0169762
4538.0,0.0169191
4540.0,0.0168619
4542.0,0.0168047
4544.0,0.0167475
4546.0,0.0166903
4548.0,0.0166331
4550.0,0.0165758
4552.0,0.0165215
4554.0,0.0164671
4556.0,0.0164128
4558.0,0.0163585
4560.0,0.0163041
4562.0,0.0162498
4564.0,0.0161955
4566.0,0.0161412
4568.0,0.0160869
4570.0,0.0160326
4572.0,0.0159783
4574.0,0.015924
4576.0,0.0158698
4578.0,0.0158155
4580.0,0.0157612
4582.0,0.015707
4584.0,0.0156527
4586.0,0.0155985
4588.0,0.0155443
4590.0,0.01549
4592.0,0.0154358
4594.0,0.0153816
4596.0,0.0153274
4598.0,0.0152733
4600.0,0.0152191
4602.0,0.0151744
4604.0,0.0151298
4606.0,0.0150851
4608.0,0.0150405
4610.0,0.0149958
4612.0,0.0149512
4614.0,0.0149065
4616.0,0.0148618
4618.0,0.0148172
4620.0,0.0147725
4622.0,0.0147278
4624.0,0.0146831
4626.0,0.0146384
4628.0,0.0145937
4630.0,0.014549
4632.0,0.0145043
4634.0,0.0144596
4636.0,0.0144149
4638.0,0.0143702
4640.0,0.0143255
4642.0,0.0142808
4644.0,0.0142361
4646.0,0.0141914
4648.0,0.0141467
4650.0,0.014102
4652.0,0.0140676
4654.0,0.0140333
4656.0,0.0139989
4658.0,0.0139646
4660.0,0.0139302
4662.0,0.0138959
4664.0,0.0138616
4666.0,0.0138272
4668.0,0.0137929
4670.0,0.0137585
4672.0,0.0137242
4674.0,0.0136898
4676.0,0.0136555
4678.0,0.0136211
4680.0,0.0135867
4682.0,0.0135524
4684.0,0.013518
4686.0,0.0134837
4688.0,0.0134493
4690.0,0.0134149
4692.0,0.0133806
4694.0,0.0133462
4696.0,0.0133118
4698.0,0.0132775
4700.0,0.0132431
4702.0,0.013218
4704.0,0.013193
4706.0,0.013168
4708.0,0.013143
4710.0,0.0131179
4712.0,0.0130929
4714.0,0.0130679
4716.0,0.0130428
4718.0,0.0130178
4720.0,0.0129927
4722.0,0.0129677
4724.0,0.0129427
4726.0,0.0129177
4728.0,0.0128926
4730.0,0.0128676
4732.0,0.0128426
4734.0,0.0128175
4736.0,0.0127925
4738.0,0.0127675
4740.0,0.0127424
4742.0,0.0127174
4744.0,0.0126924
4746.0,0.0126673
4748.0,0.0126423
4750.0,0.0126173
4752.0,0.0125971
4754.0,0.012577
4756.0,0.0125569
4758.0,0.0125368
4760.0,0.0125167
4762.0,0.0124966
4764.0,0.0124765
4766.0,0.0124563
4768.0,0.0124362
4770.0,0.0124161
4772.0,0.012396
4774.0,0.0123758
4776.0,0.0123557
4778.0,0.0123356
4780.0,0.0123154
4782.0,0.0122953
4784.0,0.0122752
4786.0,0.012255
4788.0,0.0122349
4790.0,0.0122147
4792.0,0.0121946
4794.0,0.0121744
4796.0,0.0121543
4798.0,0.0121341
4800.0,0.012114
4802.0,0.012095
4804.0,0.0120761
4806.0,0.0120571
4808.0,0.0120381
4810.0,0.0120192
4812.0,0.0120002
4814.0,0.0119813
4816.0,0.0119623
4818.0,0.0119433
4820.0,0.0119244
4822.0,0.0119054
4824.0,0.0118865
4826.0,0.0118676
4828.0,0.0118486
4830.0,0.0118297
4832.0,0.0118107
4834.0,0.0117918
4836.0,0.0117728
4838.0,0.0117539
4840.0,0.011735
4842.0,0.011716
4844.0,0.0116971
4846.0,0.0116782
4848.0,0.0116592
4850.0,0.0116403
4852.0,0.011624
4854.0,0.0116077
4856.0,0.0115914
4858.0,0.0115751
4860.0,0.0115589
4862.0,0.0115426
4864.0,0.0115263
4866.0,0.01151
4868.0,0.0114937
4870.0,0.0114774
4872.0,0.0114611
4874.0,0.0114448
4876.0,0.0114285
4878.0,0.0114122
4880.0,0.011396
4882.0,0.0113797
4884.0,0.0113634
4886.0,0.0113471
4888.0,0.0113308
4890.0,0.0113146
4892.0,0.0112983
4894.0,0.011282
4896.0,0.0112657
4898.0,0.0112494
4900.0,0.0112332
4902.0,0.0112177
4904.0,0.0112023
4906.0,0.0111868
4908.0,0.0111714
4910.0,0.0111559
4912.0,0.0111405
4914.0,0.011125
4916.0,0.0111096
4918.0,0.0110941
4920.0,0.0110787
4922.0,0.0110632
4924.0,0.0110478
4926.0,0.0110323
4928.0,0.0110168
4930.0,0.0110014
4932.0,0.0109859
4934.0,0.0109705
4936.0,0.0109551
4938.0,0.0109396
4940.0,0.0109242
4942.0,0.0109087
4944.0,0.0108933
4946.0,0.0108778
4948.0,0.0108624
4950.0,0.0108469
4952.0,0.0108257
4954.0,0.0108045
4956.0,0.0107833
4958.0,0.0107621
4960.0,0.0107409
4962.0,0.0107197
4964.0,0.0106984
4966.0,0.0106772
4968.0,0.010656
4970.0,0.0106348
4972.0,0.0106136
4974.0,0.0105923
4976.0,0.0105711
4978.0,0.0105499
4980.0,0.0105287
4982.0,0.0105075
4984.0,0.0104862
4986.0,0.010465
4988.0,0.0104438
4990.0,0.0104226
4992.0,0.0104014
4994.0,0.0103802
4996.0,0.0103589
4998.0,0.0103377
5000.0,0.0103165
5002.0,0.0103151
5004.0,0.0103137
5006.0,0.0103124
5008.0,0.010311
5010.0,0.0103096
5012.0,0.0103082
5014.0,0.0103069
5016.0,0.0103055
5018.0,0.0103041
5020.0,0.0103027
5022.0,0.0103014
5024.0,0.0103
5026.0,0.0102986
5028.0,0.0102973
5030.0,0.0102959
5032.0,0.0102945
5034.0,0.0102932
5036.0,0.0102918
5038.0,0.0102904
5040.0,0.0102891
5042.0,0.0102877
5044.0,0.0102863
5046.0,0.010285
5048.0,0.0102836
5050.0,0.0102822
5052.0,0.010273
5054.0,0.0102638
5056.0,0.0102546
5058.0,0.0102454
5060.0,0.0102362
5062.0,0.010227
5064.0,0.0102178
5066.0,0.0102086
5068.0,0.0101994
5070.0,0.0101902
5072.0,0.010181
5074.0,0.0101719
5076.0,0.0101627
5078.0,0.0101535
5080.0,0.0101443
5082.0,0.0101351
5084.0,0.0101259
5086.0,0.0101167
5088.0,0.0101075
5090.0,0.0100983
5092.0,0.0100891
5094.0,0.0100799
5096.0,0.0100707
5098.0,0.0100615
5100.0,0.0100523
5102.0,0.0100347
5104.0,0.0100171
5106.0,0.00999949
5108.0,0.00998187
5110.0,0.00996426
5112.0,0.00994664
5114.0,0.00992903
5116.0,0.00991141
5118.0,0.00989379
5120.0,0.00987618
5122.0,0.00985856
5124.0,0.00984093
5126.0,0.00982331
5128.0,0.00980569
5130.0,0.00978807
5132.0,0.00977045
5134.0,0.00975283
5136.0,0.00973521
5138.0,0.00971759
5140.0,0.00969998
5142.0,0.00968237
5144.0,0.00966476
5146.0,0.00964715
5148.0,0.00962954
5150.0,0.00961193
5152.0,0.00959003
5154.0,0.00956812
5156.0,0.00954621
5158.0,0.0095243
5160.0,0.00950239
5162.0,0.00948047
5164.0,0.00945855
5166.0,0.00943663
5168.0,0.00941471
5170.0,0.00939278
5172.0,0.00937084
5174.0,0.0093489
5176.0,0.00932695
5178.0,0.00930501
5180.0,0.00928306
5182.0,0.0092611
5184.0,0.00923915
5186.0,0.00921719
5188.0,0.00919522
5190.0,0.00917326
5192.0,0.00915129
5194.0,0.00912932
5196.0,0.00910735
5198.0,0.00908538
5200.0,0.0090634
5202.0,0.00903896
5204.0,0.00901452
5206.0,0.00899008
5208.0,0.00896564
5210.0,0.00894121
5212.0,0.00891678
5214.0,0.00889235
5216.0,0.00886792
5218.0,0.00884349
5220.0,0.00881907
5222.0,0.00879465
5224.0,0.00877023
5226.0,0.00874581
5228.0,0.0087214
5230.0,0.00869698
5232.0,0.00867257
5234.0,0.00864816
5236.0,0.00862376
5238.0,0.00859935
5240.0,0.00857495
5242.0,0.00855056
5244.0,0.00852616
5246.0,0.00850177
5248.0,0.00847739
5250.0,0.008453
5252.0,0.00842768
5254.0,0.00840237
5256.0,0.00837706
5258.0,0.00835175
5260.0,0.00832645
5262.0,0.00830115
5264.0,0.00827586
5266.0,0.00825057
5268.0,0.00822529
5270.0,0.00820001
5272.0,0.00817473
5274.0,0.00814946
5276.0,0.00812419
5278.0,0.00809892
5280.0,0.00807366
5282.0,0.00804839
5284.0,0.00802314
5286.0,0.00799788
5288.0,0.00797263
5290.0,0.00794738
5292.0,0.00792214
5294.0,0.0078969
5296.0,0.00787166
5298.0,0.00784643
5300.0,0.0078212
5302.0,0.00779485
5304.0,0.0077685
5306.0,0.00774215
5308.0,0.0077158
5310.0,0.00768945
5312.0,0.0076631
5314.0,0.00763674
5316.0,0.00761039
5318.0,0.00758404
5320.0,0.00755769
5322.0,0.00753135
5324.0,0.007505
5326.0,0.00747866
5328.0,0.00745231
5330.0,0.00742597
5332.0,0.00739962
5334.0,0.00737328
5336.0,0.00734693
5338.0,0.00732059
5340.0,0.00729424
5342.0,0.0072679
5344.0,0.00724155
5346.0,0.00721521
5348.0,0.00718886
5350.0,0.00716252
5352.0,0.00713545
5354.0,0.00710838
5356.0,0.0070813
5358.0,0.00705422
5360.0,0.00702713
5362.0,0.00700004
5364.0,0.00697294
5366.0,0.00694583
5368.0,0.00691873
5370.0,0.00689162
5372.0,0.0068645
5374.0,0.00683738
5376.0,0.00681025
5378.0,0.00678313
5380.0,0.006756
5382.0,0.00672887
5384.0,0.00670173
5386.0,0.00667459
5388.0,0.00664745
5390.0,0.00662031
5392.0,0.00659316
5394.0,0.00656601
5396.0,0.00653886
5398.0,0.0065117
5400.0,0.00648454
5402.0,0.00645627
5404.0,0.006428
5406.0,0.00639974
5408.0,0.00637149
5410.0,0.00634324
5412.0,0.00631498
5414.0,0.00628674
5416.0,0.00625849
5418.0,0.00623026
5420.0,0.00620202
5422.0,0.00617379
5424.0,0.00614556
5426.0,0.00611734
5428.0,0.00608912
5430.0,0.0060609
5432.0,0.00603269
5434.0,0.00600448
5436.0,0.00597628
5438.0,0.00594808
5440.0,0.00591989
5442.0,0.0058917
5444.0,0.00586351
5446.0,0.00583533
5448.0,0.00580716
5450.0,0.00577898
5452.0,0.00575082
5454.0,0.00572267
5456.0,0.00569453
5458.0,0.00566639
5460.0,0.00563826
5462.0,0.00561013
5464.0,0.00558201
5466.0,0.00555389
5468.0,0.00552578
5470.0,0.00549768
5472.0,0.00546958
5474.0,0.00544149
5476.0,0.0054134
5478.0,0.00538532
5480.0,0.00535725
5482.0,0.00532918
5484.0,0.00530112
5486.0,0.00527307
5488.0,0.00524502
5490.0,0.00521699
5492.0,0.00518895
5494.0,0.00516092
5496.0,0.0051329
5498.0,0.00510489
5500.0,0.00507688
5502.0,0.00506573
5504.0,0.00505459
5506.0,0.00504344
5508.0,0.0050323
5510.0,0.00502116
5512.0,0.00501001
5514.0,0.00499887
5516.0,0.00498772
5518.0,0.00497658
5520.0,0.00496544
5522.0,0.00495429
5524.0,0.00494315
5526.0,0.004932
5528.0,0.00492086
5530.0,0.00490972
5532.0,0.00489857
5534.0,0.00488743
5536.0,0.00487628
5538.0,0.00486514
5540.0,0.004854
5542.0,0.00484285
5544.0,0.0048317
5546.0,0.00482055
5548.0,0.00480941
5550.0,0.00479826
5552.0,0.00478708
5554.0,0.0047759
5556.0,0.00476472
5558.0,0.00475354
5560.0,0.00474237
5562.0,0.00473119
5564.0,0.00472001
5566.0,0.00470883
5568.0,0.00469765
5570.0,0.00468648
5572.0,0.0046753
5574.0,0.00466413
5576.0,0.00465295
5578.0,0.00464178
5580.0,0.00463061
5582.0,0.00461944
5584.0,0.00460826
5586.0,0.00459709
5588.0,0.00458592
5590.0,0.00457475
5592.0,0.00456359
5594.0,0.00455242
5596.0,0.00454126
5598.0,0.00453009
5600.0,0.00451893
5602.0,0.00450776
5604.0,0.00449659
5606.0,0.00448543
5608.0,0.00447426
5610.0,0.0044631
5612.0,0.00445193
5614.0,0.00444077
5616.0,0.00442961
5618.0,0.00441844
5620.0,0.00440729
5622.0,0.00439612
5624.0,0.00438496
5626.0,0.0043738
5628.0,0.00436264
5630.0,0.00435148
5632.0,0.00434032
5634.0,0.00432917
5636.0,0.00431801
5638.0,0.00430686
5640.0,0.00429571
5642.0,0.00428456
5644.0,0.00427341
5646.0,0.00426227
5648.0,0.00425112
5650.0,0.00423998
5652.0,0.00422916
5654.0,0.00421834
5656.0,0.00420751
5658.0,0.00419669
5660.0,0.00418587
5662.0,0.00417505
5664.0,0.00416422
5666.0,0.0041534
5668.0,0.00414258
5670.0,0.00413175
5672.0,0.00412093
5674.0,0.0041101
5676.0,0.00409927
5678.0,0.00408844
5680.0,0.00407762
5682.0,0.00406679
5684.0,0.00405596
5686.0,0.00404513
5688.0,0.0040343
5690.0,0.00402347
5692.0,0.00401264
5694.0,0.00400181
5696.0,0.00399098
5698.0,0.00398015
5700.0,0.00396932
5702.0,0.00395842
5704.0,0.00394751
5706.0,0.00393661
5708.0,0.00392571
5710.0,0.0039148
5712.0,0.0039039
5714.0,0.003893
5716.0,0.0038821
5718.0,0.0038712
5720.0,0.0038603
5722.0,0.0038494
5724.0,0.0038385
5726.0,0.0038276
5728.0,0.0038167
5730.0,0.0038058
5732.0,0.0037949
5734.0,0.00378399
5736.0,0.00377309
5738.0,0.00376219
5740.0,0.0037513
5742.0,0.0037404
5744.0,0.0037295
5746.0,0.0037186
5748.0,0.00370771
5750.0,0.00369681
5752.0,0.00368539
5754.0,0.00367397
5756.0,0.00366256
5758.0,0.00365114
5760.0,0.00363973
5762.0,0.00362833
5764.0,0.00361693
5766.0,0.00360553
5768.0,0.00359413
5770.0,0.00358274
5772.0,0.00357135
5774.0,0.00355996
5776.0,0.00354858
5778.0,0.00353719
5780.0,0.00352582
5782.0,0.00351444
5784.0,0.00350307
5786.0,0.0034917
5788.0,0.00348033
5790.0,0.00346896
5792.0,0.0034576
5794.0,0.00344624
5796.0,0.00343489
5798.0,0.00342353
5800.0,0.00341219
5802.0,0.00340135
5804.0,0.00339051
5806.0,0.00337967
5808.0,0.00336883
5810.0,0.00335799
5812.0,0.00334714
5814.0,0.0033363
5816.0,0.00332546
5818.0,0.00331461
5820.0,0.00330377
5822.0,0.00329292
5824.0,0.00328207
5826.0,0.00327122
5828.0,0.00326037
5830.0,0.00324952
5832.0,0.00323867
5834.0,0.00322781
5836.0,0.00321696
5838.0,0.0032061
5840.0,0.00319525
5842.0,0.00318439
5844.0,0.00317353
5846.0,0.00316267
5848.0,0.00315181
5850.0,0.00314094
5852.0,0.00312987
5854.0,0.00311879
5856.0,0.00310772
5858.0,0.00309664
5860.0,0.00308556
5862.0,0.00307449
5864.0,0.00306341
5866.0,0.00305234
5868.0,0.00304126
5870.0,0.00303019
5872.0,0.00301911
5874.0,0.00300804
5876.0,0.00299696
5878.0,0.00298589
5880.0,0.00297481
5882.0,0.00296373
5884.0,0.00295266
5886.0,0.00294158
5888.0,0.00293051
5890.0,0.00291943
5892.0,0.00290836
5894.0,0.00289728
5896.0,0.0028862
5898.0,0.00287513
5900.0,0.00286405
5902.0,0.00285308
5904.0,0.00284212
5906.0,0.00283115
5908.0,0.00282018
5910.0,0.0028092
5912.0,0.00279823
5914.0,0.00278725
5916.0,0.00277628
5918.0,0.0027653
5920.0,0.00275432
5922.0,0.00274334
5924.0,0.00273235
5926.0,0.00272137
5928.0,0.00271038
5930.0,0.00269939
5932.0,0.0026884
5934.0,0.00267741
5936.0,0.00266642
5938.0,0.00265542
5940.0,0.00264442
5942.0,0.00263342
5944.0,0.00262242
5946.0,0.00261142
5948.0,0.00260041
5950.0,0.00258941
5952.0,0.0025775
5954.0,0.00256559
5956.0,0.00255369
5958.0,0.0025418
5960.0,0.00252991
5962.0,0.00251803
5964.0,0.00250615
5966.0,0.00249427
5968.0,0.00248241
5970.0,0.00247054
5972.0,0.00245868
5974.0,0.00244683
5976.0,0.00243498
5978.0,0.00242314
5980.0,0.0024113
5982.0,0.00239946
5984.0,0.00238763
5986.0,0.00237581
5988.0,0.00236399
5990.0,0.00235218
5992.0,0.00234037
5994.0,0.00232857
5996.0,0.00231677
5998.0,0.00230497
6000.0,0.00229318
6002.0,0.00228478
6004.0,0.00227639
6006.0,0.00226799
6008.0,0.00225959
6010.0,0.00225119
6012.0,0.0022428
6014.0,0.00223441
6016.0,0.00222602
6018.0,0.00221763
6020.0,0.00220924
6022.0,0.00220085
6024.0,0.00219247
6026.0,0.00218408
6028.0,0.0021757
6030.0,0.00216732
6032.0,0.00215893
6034.0,0.00215055
6036.0,0.00214217
6038.0,0.0021338
6040.0,0.00212542
6042.0,0.00211704
6044.0,0.00210866
6046.0,0.00210029
6048.0,0.00209192
6050.0,0.00208354
6052.0,0.0020751
6054.0,0.00206666
6056.0,0.00205822
6058.0,0.00204978
6060.0,0.00204134
6062.0,0.0020329
6064.0,0.00202446
6066.0,0.00201603
6068.0,0.00200759
6070.0,0.00199916
6072.0,0.00199073
6074.0,0.0019823
6076.0,0.00197387
6078.0,0.00196544
6080.0,0.00195701
6082.0,0.00194858
6084.0,0.00194016
6086.0,0.00193173
6088.0,0.00192331
6090.0,0.00191488
6092.0,0.00190646
6094.0,0.00189804
6096.0,0.00188962
6098.0,0.0018812
6100.0,0.00187278
6102.0,0.00186432
6104.0,0.00185586
6106.0,0.0018474
6108.0,0.00183895
6110.0,0.00183049
6112.0,0.00182204
6114.0,0.00181358
6116.0,0.00180513
6118.0,0.00179668
6120.0,0.00178822
6122.0,0.00177978
6124.0,0.00177133
6126.0,0.00176288
6128.0,0.00175443
6130.0,0.00174599
6132.0,0.00173754
6134.0,0.00172909
6136.0,0.00172065
6138.0,0.00171221
6140.0,0.00170376
6142.0,0.00169532
6144.0,0.00168688
6146.0,0.00167844
6148.0,0.00167
6150.0,0.00166157
6152.0,0.00165312
6154.0,0.00164467
6156.0,0.00163622
6158.0,0.00162777
6160.0,0.00161932
6162.0,0.00161088
6164.0,0.00160243
6166.0,0.00159399
6168.0,0.00158554
6170.0,0.0015771
6172.0,0.00156866
6174.0,0.00156022
6176.0,0.00155178
6178.0,0.00154334
6180.0,0.0015349
6182.0,0.00152646
6184.0,0.00151802
6186.0,0.00150959
6188.0,0.00150115
6190.0,0.00149272
6192.0,0.00148428
6194.0,0.00147585
6196.0,0.00146741
6198.0,0.00145898
6200.0,0.00145055
6202.0,0.00144208
6204.0,0.00143362
6206.0,0.00142515
6208.0,0.00141669
6210.0,0.00140823
6212.0,0.00139977
6214.0,0.00139131
6216.0,0.00138285
6218.0,0.00137439
6220.0,0.00136594
6222.0,0.00135748
6224.0,0.00134903
6226.0,0.00134058
6228.0,0.00133213
6230.0,0.00132368
6232.0,0.00131524
6234.0,0.00130679
6236.0,0.00129835
6238.0,0.00128991
6240.0,0.00128147
6242.0,0.00127303
6244.0,0.00126459
6246.0,0.00125615
6248.0,0.00124772
6250.0,0.00123928
6252.0,0.00123088
6254.0,0.00122247
6256.0,0.00121407
6258.0,0.00120567
6260.0,0.00119728
6262.0,0.00118888
6264.0,0.00118048
6266.0,0.00117209
6268.0,0.00116369
6270.0,0.0011553
6272.0,0.00114691
6274.0,0.00113852
6276.0,0.00113013
6278.0,0.00112174
6280.0,0.00111336
6282.0,0.00110497
6284.0,0.00109659
6286.0,0.00108821
6288.0,0.00107983
6290.0,0.00107145
6292.0,0.00106307
6294.0,0.0010547
6296.0,0.00104632
6298.0,0.00103795
6300.0,0.00102958
6302.0,0.00102125
6304.0,0.00101293
6306.0,0.00100461
6308.0,0.000996286
6310.0,0.000987966
6312.0,0.000979647
6314.0,0.00097133
6316.0,0.000963014
6318.0,0.000954699
6320.0,0.000946386
6322.0,0.000938074
6324.0,0.000929763
6326.0,0.000921454
6328.0,0.000913146
6330.0,0.00090484
6332.0,0.000896534
6334.0,0.000888231
6336.0,0.000879928
6338.0,0.000871628
6340.0,0.000863328
6342.0,0.00085503
6344.0,0.000846733
6346.0,0.000838438
6348.0,0.000830144
6350.0,0.000821852
6352.0,0.000813617
6354.0,0.000805384
6356.0,0.000797152
6358.0,0.000788921
6360.0,0.000780693
6362.0,0.000772464
6364.0,0.000764237
6366.0,0.000756012
6368.0,0.000747789
6370.0,0.000739566
6372.0,0.000731345
6374.0,0.000723125
6376.0,0.000714907
6378.0,0.00070669
6380.0,0.000698475
6382.0,0.00069026
6384.0,0.000682047
6386.0,0.000673836
6388.0,0.000665626
6390.0,0.000657418
6392.0,0.000649211
6394.0,0.000641005
6396.0,0.000632801
6398.0,0.000624599
6400.0,0.000616398
6402.0,0.000608275
6404.0,0.000600153
6406.0,0.000592033
6408.0,0.000583913
6410.0,0.000575796
6412.0,0.000567678
6414.0,0.000559562
6416.0,0.000551447
6418.0,0.000543333
6420.0,0.00053522
6422.0,0.000527109
6424.0,0.000518998
6426.0,0.000510889
6428.0,0.000502781
6430.0,0.000494674
6432.0,0.000486568
6434.0,0.000478463
6436.0,0.00047036
6438.0,0.000462258
6440.0,0.000454157
6442.0,0.000446057
6444.0,0.000437959
6446.0,0.000429862
6448.0,0.000421766
6450.0,0.000413671
6452.0,0.000405642
6454.0,0.000397615
6456.0,0.000389589
6458.0,0.000381565
6460.0,0.000373542
6462.0,0.000365519
6464.0,0.000357498
6466.0,0.000349479
6468.0,0.00034146
6470.0,0.000333444
6472.0,0.000325427
6474.0,0.000317413
6476.0,0.000309399
6478.0,0.000301387
6480.0,0.000293377
6482.0,0.000285367
6484.0,0.000277359
6486.0,0.000269352
6488.0,0.000261347
6490.0,0.000253343
6492.0,0.00024534
6494.0,0.000237338
6496.0,0.000229338
6498.0,0.00022134
6500.0,0.000213343
6510.0,0.00021329
6520.0,0.000213234
6530.0,0.000213176
6540.0,0.000213117
6550.0,0.000213056
6560.0,0.000212994
6570.0,0.000212931
6580.0,0.000212865
6590.0,0.000212798
6600.0,0.000212729
6610.0,0.000212658
6620.0,0.000212585
6630.0,0.000212513
6640.0,0.00021244
6650.0,0.000212365
6660.0,0.000212289
6670.0,0.000212211
6680.0,0.000212132
6690.0,0.000212053
6700.0,0.000211973
6710.0,0.000211892
6720.0,0.000211811
6730.0,0.000211729
6740.0,0.000211646
6750.0,0.000211562
6760.0,0.000211478
6770.0,0.000211393
6780.0,0.000211308
6790.0,0.000211222
6800.0,0.000211135
6810.0,0.000211049
6820.0,0.000210962
6830.0,0.000210876
6840.0,0.000210789
6850.0,0.000210703
6860.0,0.000210617
6870.0,0.00021053
6880.0,0.000210442
6890.0,0.000210354
6900.0,0.000210266
6910.0,0.000210179
6920.0,0.000210093
6930.0,0.000210008
6940.0,0.000209923
6950.0,0.000209837
6960.0,0.000209751
6970.0,0.000209666
6980.0,0.000209582
6990.0,0.000209499
7000.0,0.000209415
7010.0,0.000209333
7020.0,0.00020925
7030.0,0.00020917
7040.0,0.00020909
7050.0,0.00020901
7060.0,0.000208931
7070.0,0.000208852
7080.0,0.000208774
7090.0,0.000208696
7100.0,0.000208619
7110.0,0.000208543
7120.0,0.000208467
7130.0,0.000208392
7140.0,0.000208317
7150.0,0.000208242
7160.0,0.000208169
7170.0,0.000208097
7180.0,0.000208025
7190.0,0.000207953
7200.0,0.000207881
7210.0,0.000207811
7220.0,0.000207741
7230.0,0.000207672
7240.0,0.000207602
7250.0,0.000207534
7260.0,0.000207465
7270.0,0.000207398
7280.0,0.000207331
7290.0,0.000207265
7300.0,0.000207198
7310.0,0.000207132
7320.0,0.000207068
7330.0,0.000207004
7340.0,0.000206941
7350.0,0.000206879
7360.0,0.000206816
7370.0,0.000206754
7380.0,0.000206693
7390.0,0.000206633
7400.0,0.000206573
7410.0,0.000206514
7420.0,0.000206456
7430.0,0.000206399
7440.0,0.000206342
7450.0,0.000206286
7460.0,0.00020623
7470.0,0.000206174
7480.0,0.000206118
7490.0,0.000206064
7500.0,0.000206013
7510.0,0.000205967
7520.0,0.000205925
7530.0,0.000205885
7540.0,0.000205846
7550.0,0.000205808
7560.0,0.00020577
7570.0,0.000205732
7580.0,0.000205693
7590.0,0.000205655
7600.0,0.000205617
7610.0,0.000205579
7620.0,0.000205541
7630.0,0.000205503
7640.0,0.000205465
7650.0,0.000205426
7660.0,0.000205388
7670.0,0.00020535
7680.0,0.000205312
7690.0,0.000205274
7700.0,0.000205236
7710.0,0.000205197
7720.0,0.000205159
7730.0,0.000205121
7740.0,0.000205083
7750.0,0.000205045
7760.0,0.000205007
7770.0,0.000204969
7780.0,0.00020493
7790.0,0.000204892
7800.0,0.000204854
7810.0,0.000204816
7820.0,0.000204778
7830.0,0.000204739
7840.0,0.000204701
7850.0,0.000204663
7860.0,0.000204625
7870.0,0.000204587
7880.0,0.000204549
7890.0,0.000204511
7900.0,0.000204473
7910.0,0.000204434
7920.0,0.000204396
7930.0,0.000204358
7940.0,0.00020432
7950.0,0.000204284
7960.0,0.000204249
7970.0,0.000204213
7980.0,0.00020418
7990.0,0.000204165
8000.0,0.000204183
8010.0,0.000204239
8020.0,0.000204321
8030.0,0.000204417
8040.0,0.000204518
8050.0,0.000204623
8060.0,0.000204729
8070.0,0.000204835
8080.0,0.000204941
8090.0,0.000205047
8100.0,0.000205153
8110.0,0.000205259
8120.0,0.000205365
8130.0,0.000205471
8140.0,0.000205578
8150.0,0.000205684
8160.0,0.00020579
8170.0,0.000205896
8180.0,0.000206002
8190.0,0.000206108
8200.0,0.000206215
8210.0,0.000206321
8220.0,0.000206427
8230.0,0.000206533
8240.0,0.000206639
8250.0,0.000206746
8260.0,0.000206852
8270.0,0.000206958
8280.0,0.000207064
8290.0,0.00020717
8300.0,0.000207276
8310.0,0.000207383
8320.0,0.000207489
8330.0,0.000207595
8340.0,0.000207701
8350.0,0.000207807
8360.0,0.000207913
8370.0,0.00020802
8380.0,0.000208126
8390.0,0.000208232
8400.0,0.000208338
8410.0,0.000208445
8420.0,0.000208551
8430.0,0.000208657
8440.0,0.000208763
8450.0,0.000208869
8460.0,0.000208976
8470.0,0.000209083
8480.0,0.00020919
8490.0,0.0002093
8500.0,0.000209415
8510.0,0.000209538
8520.0,0.000209665
8530.0,0.000209794
8540.0,0.000209924
8550.0,0.000210055
8560.0,0.000210185
8570.0,0.000210316
8580.0,0.000210447
8590.0,0.000210578
8600.0,0.000210709
8610.0,0.000210839
8620.0,0.00021097
8630.0,0.000211101
8640.0,0.000211232
8650.0,0.000211363
8660.0,0.000211494
8670.0,0.000211625
8680.0,0.000211756
8690.0,0.000211887
8700.0,0.000212017
8710.0,0.000212148
8720.0,0.000212279
8730.0,0.00021241
8740.0,0.000212541
8750.0,0.000212672
8760.0,0.000212803
8770.0,0.000212933
8780.0,0.000213064
8790.0,0.000213195
8800.0,0.000213326
8810.0,0.000213457
8820.0,0.000213588
8830.0,0.000213718
8840.0,0.000213849
8850.0,0.00021398
8860.0,0.000214111
8870.0,0.000214242
8880.0,0.000214373
8890.0,0.000214504
8900.0,0.000214635
8910.0,0.000214766
8920.0,0.000214896
8930.0,0.000215027
8940.0,0.000215158
8950.0,0.000215289
8960.0,0.00021542
8970.0,0.000215552
8980.0,0.000215686
8990.0,0.000215822
9000.0,0.000215959
9010.0,0.000216175
9020.0,0.000216395
9030.0,0.000216619
9040.0,0.000216846
9050.0,0.000217076
9060.0,0.00021731
9070.0,0.000217546
9080.0,0.000217787
9090.0,0.00021803
9100.0,0.000218276
9110.0,0.000218525
9120.0,0.000218777
9130.0,0.000219031
9140.0,0.000219288
9150.0,0.000219548
9160.0,0.00021981
9170.0,0.000220075
9180.0,0.000220342
9190.0,0.000220611
9200.0,0.000220882
9210.0,0.000221155
9220.0,0.00022143
9230.0,0.000221707
9240.0,0.000221986
9250.0,0.000222266
9260.0,0.000222548
9270.0,0.000222832
9280.0,0.000223117
9290.0,0.000223403
9300.0,0.00022369
9310.0,0.000223979
9320.0,0.000224269
9330.0,0.000224559
9340.0,0.000224851
9350.0,0.000225143
9360.0,0.000225436
9370.0,0.00022573
9380.0,0.000226024
9390.0,0.000226318
9400.0,0.000226614
9410.0,0.000226909
9420.0,0.000227204
9430.0,0.0002275
9440.0,0.000227795
9450.0,0.000228091
9460.0,0.000228386
9470.0,0.000228681
9480.0,0.000228976
9490.0,0.00022927
9500.0,0.000229564
9510.0,0.000229857
9520.0,0.00023015
9530.0,0.000230441
9540.0,0.000230732
9550.0,0.000231022
9560.0,0.000231311
9570.0,0.000231599
9580.0,0.000231885
9590.0,0.000232171
9600.0,0.000232455
9610.0,0.000232737
9620.0,0.000233018
9630.0,0.000233297
9640.0,0.000233575
9650.0,0.00023385
9660.0,0.000234124
9670.0,0.000234396
9680.0,0.000234665
9690.0,0.000234932
9700.0,0.000235198
9710.0,0.000235461
9720.0,0.000235721
9730.0,0.000235979
9740.0,0.000236234
9750.0,0.000236487
9760.0,0.000236736
9770.0,0.000236983
9780.0,0.000237227
9790.0,0.000237468
9800.0,0.000237706
9810.0,0.000237941
9820.0,0.000238172
9830.0,0.0002384
9840.0,0.000238624
9850.0,0.000238845
9860.0,0.000239062
9870.0,0.000239276
9880.0,0.000239485
9890.0,0.000239691
9900.0,0.000239892
9910.0,0.00024009
9920.0,0.000240283
9930.0,0.000240472
9940.0,0.000240657
9950.0,0.000240837
9960.0,0.000241013
9970.0,0.000241184
9980.0,0.000241351
9990.0,0.000241512
10000.0,0.000241669
10010.0,0.000241821
10020.0,0.000241969
10030.0,0.000242113
10040.0,0.000242254
10050.0,0.00024239
10060.0,0.000242523
10070.0,0.000242651
10080.0,0.000242777
10090.0,0.000242898
10100.0,0.000243016
10110.0,0.000243131
10120.0,0.000243242
10130.0,0.000243349
10140.0,0.000243454
10150.0,0.000243554
10160.0,0.000243653
10170.0,0.000243747
10180.0,0.000243839
10190.0,0.000243928
10200.0,0.000244014
10210.0,0.000244096
10220.0,0.000244177
10230.0,0.000244254
10240.0,0.000244329
10250.0,0.0002444
10260.0,0.00024447
10270.0,0.000244537
10280.0,0.000244601
10290.0,0.000244663
10300.0,0.000244723
10310.0,0.000244781
10320.0,0.000244836
10330.0,0.000244889
10340.0,0.00024494
10350.0,0.000244989
10360.0,0.000245036
10370.0,0.000245082
10380.0,0.000245125
10390.0,0.000245167
10400.0,0.000245207
10410.0,0.000245245
10420.0,0.000245281
10430.0,0.000245317
10440.0,0.00024535
10450.0,0.000245383
10460.0,0.000245413
10470.0,0.000245443
10480.0,0.000245472
10490.0,0.000245499
10500.0,0.000245525
10510.0,0.00024555
10520.0,0.000245575
10530.0,0.000245598
10540.0,0.000245621
10550.0,0.000245642
10560.0,0.000245663
10570.0,0.000245684
10580.0,0.000245703
10590.0,0.000245722
10600.0,0.000245741
10610.0,0.00024576
10620.0,0.000245777
10630.0,0.000245795
10640.0,0.000245813
10650.0,0.00024583
10660.0,0.000245847
10670.0,0.000245864
10680.0,0.000245881
10690.0,0.000245899
10700.0,0.000245916
10710.0,0.000245934
10720.0,0.000245952
10730.0,0.00024597
10740.0,0.000245988
10750.0,0.000246007
10760.0,0.000246027
10770.0,0.000246047
10780.0,0.000246068
10790.0,0.000246089
10800.0,0.000246112
10810.0,0.000246134
10820.0,0.000246158
10830.0,0.000246183
10840.0,0.000246209
10850.0,0.000246236
10860.0,0.000246264
10870.0,0.000246293
10880.0,0.000246324
10890.0,0.000246356
10900.0,0.000246389
10910.0,0.000246424
10920.0,0.00024646
10930.0,0.000246498
10940.0,0.000246537
10950.0,0.000246578
10960.0,0.000246621
10970.0,0.000246665
10980.0,0.000246712
10990.0,0.00024676
30000.0,0.00024676
