# teff = 5500.0
# logg = 4.5
# metallicity = 0.0
# wavelength_unit = angstrom
# flux_unit = erg/cm2/s/A
# units_standardized = True
147.200000 3.84452000e-106
151.000000 3.54061000e-103
155.200000 4.50817000e-100
158.800000 1.52126000e-97
162.000000 2.15639000e-95
166.000000 8.02990000e-93
170.300000 3.40123000e-90
173.400000 2.20355000e-88
176.800000 1.80144000e-86
180.200000 1.24381000e-84
181.700000 7.65272000e-84
186.100000 1.33056000e-81
191.000000 3.12518000e-79
193.900000 6.91280000e-78
198.400000 7.03441000e-76
201.800000 2.01523000e-74
205.000000 4.27818000e-73
210.500000 6.51557000e-71
216.200000 9.04861000e-69
219.800000 1.78399000e-67
223.000000 2.32088000e-66
226.800000 4.44218000e-65
230.000000 4.94342000e-64
234.000000 9.11757000e-63
240.000000 5.99549000e-61
246.500000 4.41928000e-59
252.400000 1.80015000e-57
256.800000 2.55054000e-56
260.000000 1.65527000e-55
264.000000 1.60608000e-54
268.500000 1.90245000e-53
273.500000 2.68804000e-52
278.500000 3.44958000e-51
284.000000 5.13136000e-50
290.000000 8.64686000e-49
296.000000 1.29307000e-47
301.000000 1.13329000e-46
308.000000 2.09436000e-45
318.000000 1.07285000e-43
328.000000 4.28926000e-42
338.000000 1.36708000e-40
348.000000 3.54786000e-39
357.000000 5.64995000e-38
366.000000 7.82505000e-37
375.000000 9.49639000e-36
385.000000 1.31932000e-34
395.000000 1.59447000e-33
405.000000 1.69528000e-32
414.000000 1.28570000e-31
422.000000 7.21350000e-31
430.000000 3.78482000e-30
441.000000 3.33685000e-29
451.000000 2.19035000e-28
460.000000 1.10713000e-27
470.000000 6.20913000e-27
480.000000 3.22754000e-26
490.000000 1.56376000e-25
500.000000 7.08266000e-25
506.000000 2.26565000e-24
512.000000 5.96644000e-24
520.000000 1.79936000e-23
530.000000 6.84778000e-23
540.000000 2.43660000e-22
550.000000 8.35231000e-22
560.000000 2.71699000e-21
570.000000 8.45699000e-21
580.000000 2.49723000e-20
590.000000 7.24314000e-20
600.000000 2.00106000e-19
610.000000 5.33759000e-19
620.000000 1.37540000e-18
630.000000 3.43223000e-18
640.000000 8.30994000e-18
650.000000 1.95391000e-17
658.000000 3.79449000e-17
665.000000 6.68320000e-17
675.000000 1.46913000e-16
685.000000 3.15105000e-16
695.000000 6.59656000e-16
705.000000 1.34691000e-15
716.000000 2.89372000e-15
726.000000 5.66349000e-15
735.000000 1.01905000e-14
745.000000 1.92212000e-14
755.000000 3.55974000e-14
765.000000 6.48176000e-14
775.000000 1.15943000e-13
785.000000 2.04234000e-13
795.000000 3.51751000e-13
805.000000 6.03034000e-13
815.000000 1.01688000e-12
825.000000 1.68825000e-12
835.000000 2.76577000e-12
845.000000 4.47269000e-12
855.000000 7.14525000e-12
865.000000 1.12743000e-11
875.000000 1.75649000e-11
885.000000 2.71302000e-11
895.000000 4.14103000e-11
905.000000 6.25287000e-11
915.000000 1.24076000e-07
925.000000 4.93089000e-07
935.000000 6.94271000e-07
945.000000 1.07439000e-06
955.000000 1.64026000e-06
965.000000 2.46538000e-06
975.000000 3.38033000e-06
985.000000 4.89324000e-06
995.000000 6.88941000e-06
1005.000000 1.02304000e-05
1015.000000 1.40855000e-05
1025.000000 1.82845000e-05
1035.000000 2.77016000e-05
1045.000000 3.88002000e-05
1055.000000 5.04359000e-05
1065.000000 6.96147000e-05
1075.000000 9.43107000e-05
1085.000000 1.27011000e-04
1095.000000 1.62355000e-04
1105.000000 2.59343000e-04
1115.000000 4.10479000e-04
1125.000000 5.55766000e-04
1135.000000 7.75523000e-04
1145.000000 1.01160000e-03
1155.000000 1.24694000e-03
1165.000000 1.63763000e-03
1175.000000 2.08750000e-03
1185.000000 2.49913000e-03
1195.000000 2.70354000e-03
1205.000000 3.09473000e-03
1215.000000 2.32605000e-03
1225.000000 4.60423000e-03
1235.000000 6.80038000e-03
1245.000000 8.65759000e-03
1255.000000 1.03746000e-02
1265.000000 1.23861000e-02
1275.000000 1.50708000e-02
1285.000000 1.78323000e-02
1295.000000 2.20443000e-02
1305.000000 2.55168000e-02
1315.000000 3.17466000e-02
1325.000000 3.62175000e-02
1335.000000 4.36017000e-02
1345.000000 5.19917000e-02
1355.000000 6.30172000e-02
1365.000000 7.31551000e-02
1375.000000 8.63720000e-02
1385.000000 1.01340000e-01
1395.000000 1.19551000e-01
1405.000000 1.43923000e-01
1415.000000 1.69566000e-01
1425.000000 1.97026000e-01
1435.000000 2.33258000e-01
1442.000000 2.73285000e-01
1447.000000 2.84426000e-01
1455.000000 3.25724000e-01
1465.000000 3.86713000e-01
1475.000000 4.29365000e-01
1485.000000 5.04390000e-01
1495.000000 6.13312000e-01
1505.000000 7.24161000e-01
1512.000000 7.43887000e-01
1517.000000 8.48149000e-01
1525.000000 1.03502000e+00
1535.000000 3.35395000e+00
1545.000000 3.99736000e+00
1555.000000 6.69459000e+00
1565.000000 6.48226000e+00
1575.000000 1.33857000e+01
1585.000000 1.64669000e+01
1595.000000 1.93131000e+01
1605.000000 2.14307000e+01
1615.000000 2.37674000e+01
1625.000000 2.70125000e+01
1635.000000 3.30558000e+01
1645.000000 4.83326000e+01
1655.000000 3.33620000e+01
1665.000000 5.80146000e+01
1672.000000 4.03872000e+01
1677.000000 7.30210000e+01
1685.000000 1.33059000e+02
1695.000000 2.12569000e+02
1705.000000 2.60481000e+02
1715.000000 2.48333000e+02
1725.000000 3.29338000e+02
1735.000000 3.91494000e+02
1745.000000 5.42783000e+02
1755.000000 7.22055000e+02
1765.000000 6.69804000e+02
1775.000000 7.31942000e+02
1785.000000 9.86025000e+02
1795.000000 1.09426000e+03
1805.000000 1.26015000e+03
1815.000000 1.21039000e+03
1825.000000 1.51320000e+03
1835.000000 1.63235000e+03
1845.000000 1.23709000e+03
1855.000000 1.74043000e+03
1865.000000 2.08336000e+03
1875.000000 2.26490000e+03
1885.000000 2.46868000e+03
1895.000000 3.19342000e+03
1905.000000 3.09520000e+03
1915.000000 3.49966000e+03
1925.000000 3.63999000e+03
1935.000000 2.48824000e+03
1945.000000 4.61553000e+03
1955.000000 4.90849000e+03
1967.000000 6.27952000e+03
1976.000000 6.19785000e+03
1984.000000 6.54831000e+03
1995.000000 6.90925000e+03
2005.000000 6.97217000e+03
2015.000000 7.81188000e+03
2025.000000 6.45202000e+03
2035.000000 8.71398000e+03
2045.000000 9.99201000e+03
2055.000000 1.05212000e+04
2065.000000 1.06051000e+04
2074.000000 1.10221000e+04
2078.000000 1.32114000e+04
2085.000000 1.37694000e+04
2095.000000 1.96200000e+04
2105.000000 3.74177000e+04
2115.000000 5.04487000e+04
2125.000000 4.19484000e+04
2135.000000 4.72128000e+04
2145.000000 6.53873000e+04
2155.000000 5.97069000e+04
2165.000000 5.38576000e+04
2175.000000 5.21873000e+04
2185.000000 7.88348000e+04
2195.000000 7.59351000e+04
2205.000000 7.48140000e+04
2215.000000 5.35129000e+04
2225.000000 7.51789000e+04
2235.000000 1.16807000e+05
2245.000000 1.10649000e+05
2255.000000 7.98870000e+04
2265.000000 6.33810000e+04
2275.000000 7.19543000e+04
2285.000000 1.18729000e+05
2295.000000 8.41718000e+04
2305.000000 1.11813000e+05
2315.000000 9.85965000e+04
2325.000000 9.40286000e+04
2335.000000 8.65917000e+04
2345.000000 5.51417000e+04
2355.000000 1.07374000e+05
2365.000000 6.64581000e+04
2375.000000 8.43072000e+04
2385.000000 5.44229000e+04
2395.000000 6.95593000e+04
2405.000000 7.49027000e+04
2415.000000 7.57693000e+04
2425.000000 1.36793000e+05
2435.000000 1.42407000e+05
2445.000000 1.83486000e+05
2455.000000 1.97621000e+05
2465.000000 1.52304000e+05
2475.000000 1.31728000e+05
2485.000000 5.43874000e+04
2495.000000 8.67110000e+04
2505.000000 1.36150000e+05
2513.000000 7.40315000e+04
2518.000000 5.29712000e+04
2525.000000 5.24202000e+04
2535.000000 7.83624000e+04
2545.000000 9.94953000e+04
2555.000000 2.52266000e+05
2565.000000 2.13564000e+05
2575.000000 3.37258000e+05
2585.000000 3.08629000e+05
2595.000000 2.75156000e+05
2605.000000 2.21918000e+05
2615.000000 2.01123000e+05
2625.000000 2.90821000e+05
2635.000000 6.60924000e+05
2645.000000 8.65085000e+05
2655.000000 1.38287000e+06
2665.000000 7.40227000e+05
2675.000000 8.60058000e+05
2685.000000 1.10450000e+06
2695.000000 6.86648000e+05
2705.000000 9.34072000e+05
2715.000000 5.92394000e+05
2725.000000 3.56303000e+05
2735.000000 5.23427000e+05
2745.000000 2.93788000e+05
2755.000000 4.43775000e+05
2765.000000 6.29359000e+05
2775.000000 6.22972000e+05
2785.000000 3.25000000e+05
2795.000000 1.39306000e+05
2805.000000 1.75829000e+05
2815.000000 5.31324000e+05
2825.000000 8.13162000e+05
2835.000000 6.41552000e+05
2845.000000 3.17994000e+05
2855.000000 1.55027000e+05
2865.000000 4.79527000e+05
2875.000000 9.66980000e+05
2885.000000 9.45985000e+05
2895.000000 1.36424000e+06
2910.000000 1.91468000e+06
2930.000000 1.69506000e+06
2950.000000 1.56332000e+06
2970.000000 1.60756000e+06
2990.000000 1.60407000e+06
3010.000000 1.51023000e+06
3030.000000 1.77940000e+06
3050.000000 1.84702000e+06
3070.000000 2.08996000e+06
3090.000000 1.86698000e+06
3110.000000 2.32143000e+06
3130.000000 2.10332000e+06
3150.000000 2.06166000e+06
3170.000000 2.29609000e+06
3190.000000 1.99688000e+06
3210.000000 2.18617000e+06
3230.000000 1.77667000e+06
3250.000000 2.64419000e+06
3270.000000 3.22303000e+06
3290.000000 3.12424000e+06
3310.000000 2.83628000e+06
3330.000000 2.90827000e+06
3350.000000 2.77972000e+06
3370.000000 1.96968000e+06
3390.000000 2.33421000e+06
3410.000000 2.39189000e+06
3430.000000 2.57971000e+06
3450.000000 2.66811000e+06
3470.000000 2.80605000e+06
3490.000000 3.19939000e+06
3510.000000 3.38473000e+06
3530.000000 3.03539000e+06
3550.000000 3.59227000e+06
3570.000000 2.35516000e+06
3590.000000 2.44735000e+06
3610.000000 3.04255000e+06
3630.000000 3.11690000e+06
3640.000000 3.19391000e+06
3650.000000 3.71060000e+06
3670.000000 3.90801000e+06
3690.000000 3.62450000e+06
3710.000000 3.80148000e+06
3730.000000 2.44956000e+06
3750.000000 2.82497000e+06
3770.000000 3.61783000e+06
3790.000000 3.66944000e+06
3810.000000 3.38810000e+06
3830.000000 1.84943000e+06
3850.000000 2.48808000e+06
3870.000000 2.45820000e+06
3890.000000 3.29823000e+06
3910.000000 4.01813000e+06
3930.000000 2.03745000e+06
3950.000000 3.59888000e+06
3970.000000 2.48708000e+06
3990.000000 5.13859000e+06
4010.000000 5.53962000e+06
4030.000000 5.41194000e+06
4050.000000 5.15581000e+06
4070.000000 4.94448000e+06
4090.000000 5.91080000e+06
4110.000000 5.76420000e+06
4130.000000 5.59189000e+06
4150.000000 5.45544000e+06
4170.000000 5.58717000e+06
4190.000000 5.24212000e+06
4210.000000 5.43751000e+06
4230.000000 5.22472000e+06
4250.000000 5.32521000e+06
4270.000000 4.90538000e+06
4290.000000 4.43377000e+06
4310.000000 3.70339000e+06
4330.000000 5.64766000e+06
4350.000000 5.41786000e+06
4370.000000 5.91818000e+06
4390.000000 5.29103000e+06
4410.000000 5.78535000e+06
4430.000000 6.31200000e+06
4450.000000 6.25254000e+06
4470.000000 6.66713000e+06
4490.000000 6.78184000e+06
4510.000000 7.53400000e+06
4530.000000 6.74889000e+06
4550.000000 7.02761000e+06
4570.000000 7.47564000e+06
4590.000000 7.06463000e+06
4610.000000 7.23604000e+06
4630.000000 7.13851000e+06
4650.000000 7.19554000e+06
4670.000000 7.41526000e+06
4690.000000 7.26720000e+06
4710.000000 7.00896000e+06
4730.000000 7.32195000e+06
4750.000000 7.47014000e+06
4770.000000 7.49356000e+06
4790.000000 7.46231000e+06
4810.000000 7.38247000e+06
4830.000000 7.51024000e+06
4850.000000 7.09768000e+06
4870.000000 6.39332000e+06
4890.000000 7.11044000e+06
4910.000000 7.11623000e+06
4930.000000 6.95274000e+06
4950.000000 7.26352000e+06
4970.000000 7.31454000e+06
4990.000000 6.80001000e+06
5010.000000 6.48737000e+06
5030.000000 6.88720000e+06
5050.000000 6.87486000e+06
5070.000000 7.16353000e+06
5090.000000 6.84924000e+06
5110.000000 6.96424000e+06
5130.000000 6.79037000e+06
5150.000000 6.50465000e+06
5170.000000 5.65399000e+06
5190.000000 5.81596000e+06
5210.000000 6.57511000e+06
5230.000000 6.76182000e+06
5250.000000 7.02367000e+06
5270.000000 6.13420000e+06
5290.000000 6.97561000e+06
5310.000000 7.27389000e+06
5330.000000 6.47785000e+06
5350.000000 7.01640000e+06
5370.000000 6.99415000e+06
5390.000000 6.89229000e+06
5410.000000 6.65466000e+06
5430.000000 6.83545000e+06
5450.000000 7.03943000e+06
5470.000000 6.90507000e+06
5490.000000 6.86273000e+06
5510.000000 6.85097000e+06
5530.000000 6.92839000e+06
5550.000000 7.03045000e+06
5570.000000 6.80665000e+06
5590.000000 6.63530000e+06
5610.000000 6.88386000e+06
5630.000000 6.90243000e+06
5650.000000 6.89967000e+06
5670.000000 6.73273000e+06
5690.000000 6.83698000e+06
5710.000000 6.67259000e+06
5730.000000 7.11167000e+06
5750.000000 6.87724000e+06
5770.000000 6.94337000e+06
5790.000000 6.71636000e+06
5810.000000 6.89619000e+06
5830.000000 7.00070000e+06
5850.000000 6.82346000e+06
5870.000000 6.83105000e+06
5890.000000 6.16924000e+06
5910.000000 6.74774000e+06
5930.000000 6.73808000e+06
5950.000000 6.74575000e+06
5970.000000 6.76827000e+06
5990.000000 6.69186000e+06
6010.000000 6.57272000e+06
6030.000000 6.60338000e+06
6050.000000 6.72457000e+06
6070.000000 6.67123000e+06
6090.000000 6.49879000e+06
6110.000000 6.45389000e+06
6130.000000 6.19369000e+06
6150.000000 6.31642000e+06
6170.000000 6.05605000e+06
6190.000000 6.40604000e+06
6210.000000 6.41720000e+06
6230.000000 6.23251000e+06
6250.000000 6.05757000e+06
6270.000000 6.29622000e+06
6290.000000 6.32480000e+06
6310.000000 6.13083000e+06
6330.000000 6.15166000e+06
6350.000000 6.16669000e+06
6370.000000 6.13676000e+06
6390.000000 6.17812000e+06
6410.000000 6.02447000e+06
6430.000000 6.08555000e+06
6450.000000 6.00458000e+06
6470.000000 5.97678000e+06
6490.000000 5.89036000e+06
6510.000000 6.03032000e+06
6530.000000 6.03152000e+06
6550.000000 5.87936000e+06
6570.000000 5.39667000e+06
6590.000000 5.89686000e+06
6610.000000 5.96263000e+06
6630.000000 5.90674000e+06
6650.000000 5.88898000e+06
6670.000000 5.80909000e+06
6690.000000 5.89394000e+06
6710.000000 5.75661000e+06
6730.000000 5.83174000e+06
6750.000000 5.75953000e+06
6770.000000 5.75127000e+06
6790.000000 5.72055000e+06
6810.000000 5.67782000e+06
6830.000000 5.71302000e+06
6850.000000 5.57453000e+06
6870.000000 5.62633000e+06
6890.000000 5.62815000e+06
6910.000000 5.58426000e+06
6930.000000 5.55451000e+06
6950.000000 5.52336000e+06
6970.000000 5.51986000e+06
6990.000000 5.48840000e+06
7010.000000 5.33316000e+06
7030.000000 5.41133000e+06
7050.000000 5.42744000e+06
7070.000000 5.36723000e+06
7090.000000 5.33931000e+06
7110.000000 5.35224000e+06
7130.000000 5.25578000e+06
7150.000000 5.21205000e+06
7170.000000 5.21335000e+06
7190.000000 5.06240000e+06
7210.000000 5.15589000e+06
7230.000000 5.16805000e+06
7250.000000 5.17713000e+06
7270.000000 5.15261000e+06
7290.000000 5.00705000e+06
7310.000000 5.08460000e+06
7330.000000 5.05191000e+06
7350.000000 5.06155000e+06
7370.000000 5.06478000e+06
7390.000000 4.93565000e+06
7410.000000 4.87172000e+06
7430.000000 4.92387000e+06
7450.000000 4.92305000e+06
7470.000000 4.95047000e+06
7490.000000 4.89667000e+06
7510.000000 4.89534000e+06
7530.000000 4.89402000e+06
7550.000000 4.89515000e+06
7570.000000 4.83980000e+06
7590.000000 4.82375000e+06
7610.000000 4.79081000e+06
7630.000000 4.80676000e+06
7650.000000 4.78385000e+06
7670.000000 4.64866000e+06
7690.000000 4.74115000e+06
7710.000000 4.67761000e+06
7730.000000 4.67532000e+06
7750.000000 4.61352000e+06
7770.000000 4.68434000e+06
7790.000000 4.66615000e+06
7810.000000 4.63357000e+06
7830.000000 4.57786000e+06
7850.000000 4.57107000e+06
7870.000000 4.59464000e+06
7890.000000 4.55503000e+06
7910.000000 4.48091000e+06
7930.000000 4.39501000e+06
7950.000000 4.38682000e+06
7970.000000 4.46441000e+06
7990.000000 4.45524000e+06
8010.000000 4.39362000e+06
8030.000000 4.38491000e+06
8050.000000 4.33821000e+06
8070.000000 4.36209000e+06
8090.000000 4.27130000e+06
8110.000000 4.30066000e+06
8130.000000 4.31606000e+06
8150.000000 4.28549000e+06
8170.000000 4.27080000e+06
8190.000000 4.13359000e+06
8210.000000 4.14774000e+06
8230.000000 4.13828000e+06
8250.000000 4.17193000e+06
8270.000000 4.19739000e+06
8290.000000 4.16762000e+06
8310.000000 4.07650000e+06
8330.000000 4.04935000e+06
8350.000000 4.06396000e+06
8370.000000 4.07833000e+06
8390.000000 3.98286000e+06
8410.000000 4.05540000e+06
8430.000000 3.96800000e+06
8450.000000 3.99768000e+06
8470.000000 3.96013000e+06
8490.000000 3.91881000e+06
8510.000000 3.73878000e+06
8530.000000 3.84781000e+06
8550.000000 3.32335000e+06
8570.000000 3.92826000e+06
8590.000000 3.85597000e+06
8610.000000 3.84580000e+06
8630.000000 3.87150000e+06
8650.000000 3.81656000e+06
8670.000000 3.31423000e+06
8690.000000 3.71610000e+06
8710.000000 3.77742000e+06
8730.000000 3.76478000e+06
8750.000000 3.70478000e+06
8770.000000 3.76245000e+06
8790.000000 3.72814000e+06
8810.000000 3.62435000e+06
8830.000000 3.68830000e+06
8850.000000 3.68795000e+06
8870.000000 3.59133000e+06
8890.000000 3.68282000e+06
8910.000000 3.68662000e+06
8930.000000 3.61069000e+06
8950.000000 3.60431000e+06
8970.000000 3.60478000e+06
8990.000000 3.60932000e+06
9010.000000 3.43377000e+06
9030.000000 3.54368000e+06
9050.000000 3.59368000e+06
9070.000000 3.53365000e+06
9090.000000 3.43432000e+06
9110.000000 3.45734000e+06
9130.000000 3.51091000e+06
9150.000000 3.45481000e+06
9170.000000 3.42367000e+06
9190.000000 3.43105000e+06
9210.000000 3.33937000e+06
9230.000000 3.28587000e+06
9250.000000 3.30078000e+06
9270.000000 3.34459000e+06
9290.000000 3.33470000e+06
9310.000000 3.35390000e+06
9330.000000 3.33231000e+06
9350.000000 3.31165000e+06
9370.000000 3.29225000e+06
9390.000000 3.28153000e+06
9410.000000 3.15592000e+06
9430.000000 3.23244000e+06
9450.000000 3.18376000e+06
9470.000000 3.23317000e+06
9490.000000 3.23219000e+06
9510.000000 3.21378000e+06
9530.000000 3.18263000e+06
9550.000000 3.09509000e+06
9570.000000 3.15193000e+06
9590.000000 3.17546000e+06
9610.000000 3.14149000e+06
9630.000000 3.11367000e+06
9650.000000 3.08916000e+06
9670.000000 3.07712000e+06
9690.000000 3.10436000e+06
9710.000000 3.08403000e+06
9730.000000 3.07502000e+06
9750.000000 3.04181000e+06
9770.000000 3.04319000e+06
9790.000000 3.01422000e+06
9810.000000 3.03917000e+06
9830.000000 3.01909000e+06
9850.000000 3.02071000e+06
9870.000000 2.99243000e+06
9890.000000 2.98446000e+06
9910.000000 2.96207000e+06
9930.000000 2.98358000e+06
9950.000000 2.96916000e+06
9970.000000 2.96154000e+06
9990.000000 2.94475000e+06
10025.000000 2.91422000e+06
10075.000000 2.86180000e+06
10125.000000 2.86484000e+06
10175.000000 2.81252000e+06
10225.000000 2.80183000e+06
10275.000000 2.79108000e+06
10325.000000 2.73963000e+06
10375.000000 2.71479000e+06
10425.000000 2.70704000e+06
10475.000000 2.66245000e+06
10525.000000 2.65377000e+06
10575.000000 2.61550000e+06
10625.000000 2.58834000e+06
10675.000000 2.52914000e+06
10725.000000 2.53135000e+06
10775.000000 2.49529000e+06
10825.000000 2.43966000e+06
10875.000000 2.42872000e+06
10925.000000 2.39274000e+06
10975.000000 2.33921000e+06
11025.000000 2.34340000e+06
11075.000000 2.34385000e+06
11125.000000 2.31582000e+06
11175.000000 2.29952000e+06
11225.000000 2.28997000e+06
11275.000000 2.23852000e+06
11325.000000 2.24262000e+06
11375.000000 2.21279000e+06
11425.000000 2.18639000e+06
11475.000000 2.20206000e+06
11525.000000 2.18537000e+06
11575.000000 2.15177000e+06
11625.000000 2.11610000e+06
11675.000000 2.10957000e+06
11725.000000 2.11891000e+06
11775.000000 2.07020000e+06
11825.000000 2.04311000e+06
11875.000000 2.02727000e+06
11925.000000 2.05082000e+06
11975.000000 1.96424000e+06
12025.000000 1.98470000e+06
12075.000000 1.95724000e+06
12125.000000 1.95994000e+06
12175.000000 1.96385000e+06
12225.000000 1.94648000e+06
12275.000000 1.92086000e+06
12325.000000 1.91046000e+06
12375.000000 1.89409000e+06
12425.000000 1.87227000e+06
12475.000000 1.86782000e+06
12525.000000 1.84585000e+06
12575.000000 1.83282000e+06
12625.000000 1.81737000e+06
12675.000000 1.79468000e+06
12725.000000 1.79133000e+06
12775.000000 1.77782000e+06
12825.000000 1.68229000e+06
12875.000000 1.73988000e+06
12925.000000 1.72133000e+06
12975.000000 1.72219000e+06
13025.000000 1.69789000e+06
13075.000000 1.69594000e+06
13125.000000 1.66074000e+06
13175.000000 1.64831000e+06
13225.000000 1.65431000e+06
13275.000000 1.62346000e+06
13325.000000 1.62149000e+06
13375.000000 1.60734000e+06
13425.000000 1.60599000e+06
13475.000000 1.59094000e+06
13525.000000 1.58077000e+06
13575.000000 1.55136000e+06
13625.000000 1.54545000e+06
13675.000000 1.53570000e+06
13725.000000 1.52759000e+06
13775.000000 1.51521000e+06
13825.000000 1.50737000e+06
13875.000000 1.49560000e+06
13925.000000 1.48663000e+06
13975.000000 1.47375000e+06
14025.000000 1.45292000e+06
14075.000000 1.44859000e+06
14125.000000 1.42013000e+06
14175.000000 1.42475000e+06
14225.000000 1.39308000e+06
14275.000000 1.36731000e+06
14325.000000 1.38725000e+06
14375.000000 1.38737000e+06
14425.000000 1.33745000e+06
14475.000000 1.36399000e+06
14525.000000 1.33126000e+06
14570.000000 1.33327000e+06
14620.000000 1.32628000e+06
14675.000000 1.31638000e+06
14725.000000 1.29022000e+06
14775.000000 1.28737000e+06
14825.000000 1.28278000e+06
14875.000000 1.24383000e+06
14925.000000 1.28056000e+06
14975.000000 1.25921000e+06
15025.000000 1.21020000e+06
15075.000000 1.21527000e+06
15125.000000 1.23574000e+06
15175.000000 1.23369000e+06
15225.000000 1.21010000e+06
15275.000000 1.21454000e+06
15325.000000 1.20231000e+06
15375.000000 1.19572000e+06
15425.000000 1.19075000e+06
15475.000000 1.18206000e+06
15525.000000 1.16309000e+06
15575.000000 1.15385000e+06
15625.000000 1.15995000e+06
15675.000000 1.12993000e+06
15725.000000 1.13181000e+06
15775.000000 1.08185000e+06
15825.000000 1.10375000e+06
15875.000000 1.06476000e+06
15925.000000 1.08460000e+06
15975.000000 1.08428000e+06
16050.000000 1.07263000e+06
16150.000000 1.04831000e+06
16250.000000 1.04522000e+06
16350.000000 1.01848000e+06
16450.000000 9.93465000e+05
16550.000000 9.92609000e+05
16650.000000 9.73125000e+05
16750.000000 9.40526000e+05
16850.000000 9.12624000e+05
16950.000000 9.22553000e+05
17050.000000 8.92168000e+05
17150.000000 8.74993000e+05
17250.000000 8.52458000e+05
17350.000000 8.12986000e+05
17450.000000 8.17626000e+05
17550.000000 8.10182000e+05
17650.000000 7.93614000e+05
17750.000000 7.76698000e+05
17850.000000 7.65880000e+05
17950.000000 7.51360000e+05
18050.000000 7.32998000e+05
18150.000000 7.00596000e+05
18250.000000 6.98866000e+05
18350.000000 6.90184000e+05
18450.000000 6.70615000e+05
18550.000000 6.64379000e+05
18650.000000 6.45229000e+05
18750.000000 6.07771000e+05
18850.000000 6.24114000e+05
18950.000000 6.00088000e+05
19050.000000 6.05047000e+05
19150.000000 5.91368000e+05
19250.000000 5.81336000e+05
19350.000000 5.65070000e+05
19450.000000 5.36918000e+05
19550.000000 5.48787000e+05
19650.000000 5.38045000e+05
19750.000000 5.25444000e+05
19850.000000 5.19446000e+05
19950.000000 5.10143000e+05
20050.000000 5.04552000e+05
20150.000000 4.97988000e+05
20250.000000 4.84134000e+05
20350.000000 4.72637000e+05
20450.000000 4.71513000e+05
20550.000000 4.61324000e+05
20650.000000 4.50196000e+05
20750.000000 4.44844000e+05
20850.000000 4.36912000e+05
20950.000000 4.26168000e+05
21050.000000 4.23480000e+05
21150.000000 4.15139000e+05
21250.000000 4.07863000e+05
21350.000000 4.01952000e+05
21450.000000 3.95830000e+05
21550.000000 3.88766000e+05
21650.000000 3.68361000e+05
21750.000000 3.71909000e+05
21850.000000 3.67156000e+05
21950.000000 3.64146000e+05
22050.000000 3.53877000e+05
22150.000000 3.52194000e+05
22250.000000 3.45254000e+05
22350.000000 3.39645000e+05
22450.000000 3.34308000e+05
22550.000000 3.28275000e+05
22650.000000 3.22343000e+05
22750.000000 3.19130000e+05
22850.000000 3.11313000e+05
22950.000000 3.02548000e+05
23050.000000 3.01758000e+05
23150.000000 2.96759000e+05
23250.000000 2.85480000e+05
23350.000000 2.84477000e+05
23450.000000 2.83207000e+05
23550.000000 2.70577000e+05
23650.000000 2.72523000e+05
23750.000000 2.67201000e+05
23850.000000 2.57322000e+05
23950.000000 2.59348000e+05
24050.000000 2.56265000e+05
24150.000000 2.46719000e+05
24250.000000 2.46719000e+05
24350.000000 2.43693000e+05
24450.000000 2.38199000e+05
24550.000000 2.32594000e+05
24650.000000 2.33761000e+05
24750.000000 2.27964000e+05
24850.000000 2.21972000e+05
24950.000000 2.22763000e+05
25050.000000 2.20063000e+05
25150.000000 2.14838000e+05
25250.000000 2.13926000e+05
25350.000000 2.10752000e+05
25450.000000 2.06040000e+05
25550.000000 2.03663000e+05
25650.000000 2.00990000e+05
25750.000000 1.99909000e+05
25850.000000 1.93415000e+05
25950.000000 1.93309000e+05
26050.000000 1.91334000e+05
26150.000000 1.87929000e+05
26250.000000 1.79851000e+05
26350.000000 1.82189000e+05
26450.000000 1.79511000e+05
26550.000000 1.77210000e+05
26650.000000 1.73772000e+05
26750.000000 1.73412000e+05
26850.000000 1.71762000e+05
26950.000000 1.69069000e+05
27050.000000 1.67090000e+05
27150.000000 1.64635000e+05
27250.000000 1.62510000e+05
27350.000000 1.60286000e+05
27450.000000 1.58571000e+05
27550.000000 1.55446000e+05
27650.000000 1.53481000e+05
27750.000000 1.51736000e+05
27850.000000 1.49930000e+05
27950.000000 1.48295000e+05
28050.000000 1.46234000e+05
28150.000000 1.44407000e+05
28250.000000 1.42485000e+05
28350.000000 1.40915000e+05
28450.000000 1.38487000e+05
28550.000000 1.36987000e+05
28650.000000 1.34977000e+05
28750.000000 1.32399000e+05
28850.000000 1.31637000e+05
28950.000000 1.30145000e+05
29050.000000 1.28424000e+05
29150.000000 1.26880000e+05
29250.000000 1.24494000e+05
29350.000000 1.23564000e+05
29450.000000 1.21715000e+05
29550.000000 1.20465000e+05
29650.000000 1.18972000e+05
29750.000000 1.17497000e+05
29850.000000 1.16060000e+05
29950.000000 1.14337000e+05
30050.000000 1.12902000e+05
30150.000000 1.11785000e+05
30250.000000 1.10212000e+05
30350.000000 1.07846000e+05
30450.000000 1.07119000e+05
30550.000000 1.06225000e+05
30650.000000 1.04727000e+05
30750.000000 1.03808000e+05
30850.000000 1.02135000e+05
30950.000000 1.00964000e+05
31050.000000 1.00053000e+05
31150.000000 9.78433000e+04
31250.000000 9.75460000e+04
31350.000000 9.63268000e+04
31450.000000 9.53000000e+04
31550.000000 9.37128000e+04
31650.000000 9.28546000e+04
31750.000000 9.17324000e+04
31850.000000 9.07005000e+04
31950.000000 8.97978000e+04
32100.000000 8.80501000e+04
32300.000000 8.59881000e+04
32500.000000 8.40022000e+04
32700.000000 8.20441000e+04
32900.000000 7.95183000e+04
33100.000000 7.81201000e+04
33300.000000 7.62808000e+04
33500.000000 7.48289000e+04
33700.000000 7.30909000e+04
33900.000000 7.12606000e+04
34100.000000 6.96399000e+04
34300.000000 6.84395000e+04
34500.000000 6.69615000e+04
34700.000000 6.54910000e+04
34900.000000 6.41053000e+04
35100.000000 6.27317000e+04
35300.000000 6.12519000e+04
35500.000000 6.00764000e+04
35700.000000 5.86928000e+04
35900.000000 5.74268000e+04
36100.000000 5.64107000e+04
36300.000000 5.51904000e+04
36500.000000 5.37842000e+04
36700.000000 5.26653000e+04
36900.000000 5.13462000e+04
37100.000000 5.02768000e+04
37300.000000 4.94168000e+04
37500.000000 4.79213000e+04
37700.000000 4.75123000e+04
37900.000000 4.65584000e+04
38100.000000 4.56713000e+04
38300.000000 4.48899000e+04
38500.000000 4.40460000e+04
38700.000000 4.30712000e+04
38900.000000 4.21839000e+04
39100.000000 4.15119000e+04
39300.000000 4.06905000e+04
39500.000000 3.97434000e+04
39700.000000 3.91073000e+04
39900.000000 3.81058000e+04
40100.000000 3.75111000e+04
40300.000000 3.69286000e+04
40500.000000 3.58987000e+04
40700.000000 3.54535000e+04
40900.000000 3.48509000e+04
41100.000000 3.42360000e+04
41300.000000 3.36600000e+04
41500.000000 3.29470000e+04
41700.000000 3.23847000e+04
41900.000000 3.17759000e+04
42100.000000 3.10050000e+04
42300.000000 3.07293000e+04
42500.000000 3.00779000e+04
42700.000000 2.96149000e+04
42900.000000 2.84859000e+04
43100.000000 2.76543000e+04
43300.000000 2.74516000e+04
43500.000000 2.63656000e+04
43700.000000 2.58249000e+04
43900.000000 2.55960000e+04
44100.000000 2.44210000e+04
44300.000000 2.43047000e+04
44500.000000 2.39840000e+04
44700.000000 2.30157000e+04
44900.000000 2.30092000e+04
45100.000000 2.25814000e+04
45300.000000 2.17950000e+04
45500.000000 2.17130000e+04
45700.000000 2.14675000e+04
45900.000000 2.07032000e+04
46100.000000 2.06445000e+04
46300.000000 2.02855000e+04
46500.000000 1.98988000e+04
46700.000000 1.96977000e+04
46900.000000 1.94410000e+04
47100.000000 1.90792000e+04
47300.000000 1.89553000e+04
47500.000000 1.85923000e+04
47700.000000 1.82794000e+04
47900.000000 1.80220000e+04
48100.000000 1.76559000e+04
48300.000000 1.75794000e+04
48500.000000 1.72409000e+04
48700.000000 1.69423000e+04
48900.000000 1.67237000e+04
49100.000000 1.64596000e+04
49300.000000 1.62209000e+04
49500.000000 1.59563000e+04
49700.000000 1.57382000e+04
49900.000000 1.55260000e+04
50100.000000 1.52177000e+04
50300.000000 1.51059000e+04
50500.000000 1.47959000e+04
50700.000000 1.46109000e+04
50900.000000 1.44324000e+04
51100.000000 1.41621000e+04
51300.000000 1.39863000e+04
51500.000000 1.37900000e+04
51700.000000 1.36773000e+04
51900.000000 1.34073000e+04
52100.000000 1.32017000e+04
52300.000000 1.30088000e+04
52500.000000 1.28795000e+04
52700.000000 1.27377000e+04
52900.000000 1.24630000e+04
53100.000000 1.23258000e+04
53300.000000 1.21569000e+04
53500.000000 1.19989000e+04
53700.000000 1.18223000e+04
53900.000000 1.16863000e+04
54100.000000 1.15226000e+04
54300.000000 1.13077000e+04
54500.000000 1.12139000e+04
54700.000000 1.10412000e+04
54900.000000 1.08846000e+04
55100.000000 1.07588000e+04
55300.000000 1.06624000e+04
55500.000000 1.04424000e+04
55700.000000 1.03788000e+04
55900.000000 1.01764000e+04
56100.000000 1.00657000e+04
56300.000000 9.91490000e+03
56500.000000 9.83173000e+03
56700.000000 9.70132000e+03
56900.000000 9.52549000e+03
57100.000000 9.45044000e+03
57300.000000 9.32446000e+03
57500.000000 9.20091000e+03
57700.000000 9.07297000e+03
57900.000000 8.97623000e+03
58100.000000 8.84066000e+03
58300.000000 8.73511000e+03
58500.000000 8.63596000e+03
58700.000000 8.50363000e+03
58900.000000 8.38604000e+03
59100.000000 8.29540000e+03
59300.000000 8.19851000e+03
59500.000000 8.07166000e+03
59700.000000 8.00181000e+03
59900.000000 7.90027000e+03
60100.000000 7.79532000e+03
60300.000000 7.70422000e+03
60500.000000 7.60067000e+03
60700.000000 7.50455000e+03
60900.000000 7.40445000e+03
61100.000000 7.29863000e+03
61300.000000 7.23154000e+03
61500.000000 7.14802000e+03
61700.000000 7.06237000e+03
61900.000000 6.97964000e+03
62100.000000 6.89617000e+03
62300.000000 6.78829000e+03
62500.000000 6.71068000e+03
62700.000000 6.63325000e+03
62900.000000 6.56028000e+03
63100.000000 6.46710000e+03
63300.000000 6.41238000e+03
63500.000000 6.32776000e+03
63700.000000 6.25680000e+03
63900.000000 6.17415000e+03
64200.000000 6.07116000e+03
64600.000000 5.92046000e+03
65000.000000 5.78050000e+03
65400.000000 5.65311000e+03
65800.000000 5.52429000e+03
66200.000000 5.39257000e+03
66600.000000 5.27168000e+03
67000.000000 5.14808000e+03
67400.000000 5.02703000e+03
67800.000000 4.91675000e+03
68200.000000 4.80554000e+03
68600.000000 4.69875000e+03
69000.000000 4.59260000e+03
69400.000000 4.48866000e+03
69800.000000 4.39228000e+03
70200.000000 4.28893000e+03
70600.000000 4.20056000e+03
71000.000000 4.10942000e+03
71400.000000 4.01983000e+03
71800.000000 3.93293000e+03
72200.000000 3.84813000e+03
72600.000000 3.76525000e+03
73000.000000 3.68727000e+03
73400.000000 3.60628000e+03
73800.000000 3.53313000e+03
74200.000000 3.45668000e+03
74600.000000 3.37686000e+03
75000.000000 3.31308000e+03
75400.000000 3.24694000e+03
75800.000000 3.18201000e+03
76200.000000 3.11677000e+03
76600.000000 3.05387000e+03
77000.000000 2.98988000e+03
77400.000000 2.93202000e+03
77800.000000 2.87350000e+03
78200.000000 2.81627000e+03
78600.000000 2.76048000e+03
79000.000000 2.70604000e+03
79400.000000 2.65285000e+03
79800.000000 2.60112000e+03
80200.000000 2.54917000e+03
80600.000000 2.49935000e+03
81000.000000 2.45308000e+03
81400.000000 2.40338000e+03
81800.000000 2.35927000e+03
82200.000000 2.31557000e+03
82600.000000 2.27150000e+03
83000.000000 2.22904000e+03
83400.000000 2.18556000e+03
83800.000000 2.14575000e+03
84200.000000 2.10682000e+03
84600.000000 2.06799000e+03
85000.000000 2.03006000e+03
85400.000000 1.99280000e+03
85800.000000 1.95671000e+03
86200.000000 1.92095000e+03
86600.000000 1.88677000e+03
87000.000000 1.85294000e+03
87400.000000 1.81954000e+03
87800.000000 1.78717000e+03
88200.000000 1.75448000e+03
88600.000000 1.72361000e+03
89000.000000 1.69317000e+03
89400.000000 1.66443000e+03
89800.000000 1.63426000e+03
90200.000000 1.60665000e+03
90600.000000 1.57996000e+03
91000.000000 1.55127000e+03
91400.000000 1.52501000e+03
91800.000000 1.49977000e+03
92200.000000 1.47464000e+03
92600.000000 1.44954000e+03
93000.000000 1.42547000e+03
93400.000000 1.40110000e+03
93800.000000 1.37779000e+03
94200.000000 1.35529000e+03
94600.000000 1.33232000e+03
95000.000000 1.31085000e+03
95400.000000 1.28912000e+03
95800.000000 1.26779000e+03
96200.000000 1.24733000e+03
96600.000000 1.22681000e+03
97000.000000 1.20762000e+03
97400.000000 1.18665000e+03
97800.000000 1.16778000e+03
98200.000000 1.15036000e+03
98600.000000 1.13213000e+03
99000.000000 1.11404000e+03
99400.000000 1.09591000e+03
99800.000000 1.07946000e+03
100200.000000 1.06261000e+03
200000.000000 6.87041000e+01
400000.000000 4.30790000e+00
600000.000000 8.46678000e-01
800000.000000 2.66342000e-01
1000000.000000 1.08479000e-01
1200000.000000 5.20410000e-02
1400000.000000 2.79529000e-02
1600000.000000 1.63127000e-02
