# teff = 6500.0
# logg = 4.5
# metallicity = -0.5
# wavelength_unit = angstrom
# flux_unit = erg/cm2/s/A
# units_standardized = True
147.200000 3.11202000e-83
151.000000 7.51063000e-81
155.200000 2.34918000e-78
158.800000 2.52428000e-76
162.000000 1.35048000e-74
166.000000 1.56825000e-72
170.300000 2.01744000e-70
173.400000 5.74249000e-69
176.800000 1.96908000e-67
180.200000 5.89190000e-66
181.700000 2.53185000e-65
186.100000 1.58814000e-63
191.000000 1.26668000e-61
193.900000 1.51695000e-60
198.400000 6.17295000e-59
201.800000 9.09074000e-58
205.000000 1.05269000e-56
210.500000 5.90555000e-55
216.200000 3.07356000e-53
219.800000 3.34699000e-52
223.000000 2.61049000e-51
226.800000 2.77305000e-50
230.000000 1.90815000e-49
234.000000 1.96573000e-48
240.000000 5.59561000e-47
246.500000 1.74352000e-45
252.400000 3.37766000e-44
256.800000 2.81115000e-43
260.000000 1.25313000e-42
264.000000 7.70096000e-42
268.500000 5.54651000e-41
273.500000 4.59586000e-40
278.500000 3.52583000e-39
284.000000 3.04098000e-38
290.000000 2.89517000e-37
296.000000 2.50325000e-36
301.000000 1.41326000e-35
308.000000 1.44502000e-34
318.000000 3.32509000e-33
328.000000 6.27019000e-32
338.000000 9.85418000e-31
348.000000 1.31335000e-29
357.000000 1.18530000e-28
366.000000 9.56673000e-28
375.000000 6.94388000e-27
385.000000 5.60500000e-26
395.000000 4.04557000e-25
405.000000 2.63510000e-24
414.000000 1.31197000e-23
422.000000 5.14078000e-23
430.000000 1.90914000e-22
441.000000 1.06808000e-21
451.000000 4.72725000e-21
460.000000 1.70053000e-20
470.000000 6.63634000e-20
480.000000 2.43697000e-19
490.000000 8.46017000e-19
500.000000 2.78252000e-18
506.000000 7.36447000e-18
512.000000 1.62178000e-17
520.000000 3.86482000e-17
530.000000 1.10750000e-16
540.000000 2.99575000e-16
550.000000 7.88803000e-16
560.000000 1.98936000e-15
570.000000 4.84345000e-15
580.000000 1.12784000e-14
590.000000 2.60226000e-14
600.000000 5.76166000e-14
610.000000 1.24024000e-13
620.000000 2.59761000e-13
630.000000 5.30307000e-13
640.000000 1.05698000e-12
650.000000 2.05850000e-12
658.000000 3.45245000e-12
665.000000 5.36268000e-12
675.000000 9.89894000e-12
685.000000 1.79226000e-11
695.000000 3.18246000e-11
705.000000 5.53340000e-11
716.000000 1.00271000e-10
726.000000 1.68775000e-10
735.000000 2.66069000e-10
745.000000 4.34828000e-10
755.000000 7.00554000e-10
765.000000 1.11360000e-09
775.000000 1.74520000e-09
785.000000 2.70272000e-09
795.000000 4.09915000e-09
805.000000 6.22219000e-09
815.000000 9.31636000e-09
825.000000 1.37662000e-08
835.000000 2.01250000e-08
845.000000 2.91211000e-08
855.000000 4.17310000e-08
865.000000 5.92264000e-08
875.000000 8.31474000e-08
885.000000 1.16127000e-07
895.000000 1.60535000e-07
905.000000 2.20042000e-07
915.000000 4.30846000e-04
925.000000 1.49322000e-03
935.000000 2.05687000e-03
945.000000 2.84429000e-03
955.000000 4.06861000e-03
965.000000 5.60427000e-03
975.000000 7.30058000e-03
985.000000 9.85094000e-03
995.000000 1.29694000e-02
1005.000000 1.76999000e-02
1015.000000 2.30526000e-02
1025.000000 2.89113000e-02
1035.000000 3.93425000e-02
1045.000000 5.09677000e-02
1055.000000 6.52205000e-02
1065.000000 8.31131000e-02
1075.000000 1.06477000e-01
1085.000000 1.35555000e-01
1095.000000 1.69682000e-01
1105.000000 4.71319000e-01
1115.000000 1.38365000e+00
1125.000000 1.99776000e+00
1135.000000 2.96389000e+00
1145.000000 3.77326000e+00
1155.000000 4.21398000e+00
1165.000000 5.42323000e+00
1175.000000 6.54830000e+00
1185.000000 6.85248000e+00
1195.000000 3.84848000e+00
1205.000000 3.38895000e+00
1215.000000 1.36464000e+00
1225.000000 4.17242000e+00
1235.000000 1.03814000e+01
1245.000000 1.88656000e+01
1255.000000 2.76001000e+01
1265.000000 3.00117000e+01
1275.000000 4.03096000e+01
1285.000000 5.22809000e+01
1295.000000 6.23066000e+01
1305.000000 6.45740000e+01
1315.000000 8.39830000e+01
1325.000000 9.72753000e+01
1335.000000 1.09675000e+02
1345.000000 1.27641000e+02
1355.000000 1.41259000e+02
1365.000000 1.62120000e+02
1375.000000 1.78614000e+02
1385.000000 1.95694000e+02
1395.000000 2.21389000e+02
1405.000000 2.51760000e+02
1415.000000 2.80878000e+02
1425.000000 3.06931000e+02
1435.000000 3.39166000e+02
1442.000000 3.91103000e+02
1447.000000 3.89934000e+02
1455.000000 4.36428000e+02
1465.000000 4.83817000e+02
1475.000000 5.15478000e+02
1485.000000 5.70845000e+02
1495.000000 6.76015000e+02
1505.000000 7.63563000e+02
1512.000000 7.48962000e+02
1517.000000 8.38539000e+02
1525.000000 9.96615000e+02
1535.000000 2.03264000e+03
1545.000000 2.58421000e+03
1555.000000 3.07644000e+03
1565.000000 3.06232000e+03
1575.000000 4.09423000e+03
1585.000000 4.59443000e+03
1595.000000 5.17909000e+03
1605.000000 5.46428000e+03
1615.000000 6.16480000e+03
1625.000000 6.61874000e+03
1635.000000 8.16897000e+03
1645.000000 1.02184000e+04
1655.000000 8.06034000e+03
1665.000000 1.17804000e+04
1672.000000 9.75559000e+03
1677.000000 1.31893000e+04
1685.000000 1.86731000e+04
1695.000000 2.40722000e+04
1705.000000 4.74970000e+04
1715.000000 1.35950000e+05
1725.000000 1.97960000e+05
1735.000000 3.27242000e+05
1745.000000 3.64453000e+05
1755.000000 6.03777000e+05
1765.000000 3.13104000e+05
1775.000000 5.17870000e+05
1785.000000 6.97385000e+05
1795.000000 9.67843000e+05
1805.000000 6.17702000e+05
1815.000000 5.51389000e+05
1825.000000 5.41495000e+05
1835.000000 7.09137000e+05
1845.000000 3.13101000e+05
1855.000000 7.20040000e+05
1865.000000 1.13586000e+06
1875.000000 1.06164000e+06
1885.000000 1.13489000e+06
1895.000000 1.25439000e+06
1905.000000 1.09011000e+06
1915.000000 1.37564000e+06
1925.000000 1.16721000e+06
1935.000000 5.38125000e+05
1945.000000 1.51189000e+06
1955.000000 1.62815000e+06
1967.000000 1.93190000e+06
1976.000000 1.57935000e+06
1984.000000 1.40862000e+06
1995.000000 1.68287000e+06
2005.000000 1.64354000e+06
2015.000000 1.79187000e+06
2025.000000 1.36916000e+06
2035.000000 2.18357000e+06
2045.000000 2.43296000e+06
2055.000000 2.21246000e+06
2065.000000 2.23455000e+06
2074.000000 2.64443000e+06
2078.000000 3.37235000e+06
2085.000000 3.11784000e+06
2095.000000 2.98249000e+06
2105.000000 3.09433000e+06
2115.000000 3.54990000e+06
2125.000000 2.96586000e+06
2135.000000 2.85310000e+06
2145.000000 3.75745000e+06
2155.000000 3.73369000e+06
2165.000000 3.30488000e+06
2175.000000 3.35253000e+06
2185.000000 4.03201000e+06
2195.000000 4.31946000e+06
2205.000000 3.94495000e+06
2215.000000 2.96379000e+06
2225.000000 3.53944000e+06
2235.000000 4.48646000e+06
2245.000000 4.18810000e+06
2255.000000 3.38158000e+06
2265.000000 3.23290000e+06
2275.000000 3.59193000e+06
2285.000000 4.25092000e+06
2295.000000 3.50413000e+06
2305.000000 4.14663000e+06
2315.000000 3.97437000e+06
2325.000000 3.82875000e+06
2335.000000 2.92319000e+06
2345.000000 1.96270000e+06
2355.000000 3.66179000e+06
2365.000000 2.18404000e+06
2375.000000 2.98772000e+06
2385.000000 1.60084000e+06
2395.000000 2.14957000e+06
2405.000000 2.16443000e+06
2415.000000 2.41893000e+06
2425.000000 3.82577000e+06
2435.000000 3.58296000e+06
2445.000000 4.27534000e+06
2455.000000 4.35759000e+06
2465.000000 4.25095000e+06
2475.000000 3.68056000e+06
2485.000000 2.92850000e+06
2495.000000 3.07313000e+06
2505.000000 4.16736000e+06
2513.000000 2.22548000e+06
2518.000000 1.36335000e+06
2525.000000 1.49672000e+06
2535.000000 1.60477000e+06
2545.000000 1.91959000e+06
2555.000000 3.26105000e+06
2565.000000 3.27713000e+06
2575.000000 4.54675000e+06
2585.000000 4.49112000e+06
2595.000000 4.26255000e+06
2605.000000 3.66846000e+06
2615.000000 3.28440000e+06
2625.000000 4.63636000e+06
2635.000000 5.99232000e+06
2645.000000 7.69826000e+06
2655.000000 8.94014000e+06
2665.000000 6.68883000e+06
2675.000000 7.53762000e+06
2685.000000 8.16091000e+06
2695.000000 6.46035000e+06
2705.000000 7.40894000e+06
2715.000000 5.94234000e+06
2725.000000 5.90185000e+06
2735.000000 6.42637000e+06
2745.000000 3.98127000e+06
2755.000000 4.90754000e+06
2765.000000 5.75746000e+06
2775.000000 5.78110000e+06
2785.000000 2.97567000e+06
2795.000000 9.88212000e+05
2805.000000 1.29202000e+06
2815.000000 4.97474000e+06
2825.000000 7.49765000e+06
2835.000000 7.43594000e+06
2845.000000 5.72214000e+06
2855.000000 2.86117000e+06
2865.000000 7.35539000e+06
2875.000000 8.27147000e+06
2885.000000 7.46830000e+06
2895.000000 8.23130000e+06
2910.000000 1.00481000e+07
2930.000000 9.24786000e+06
2950.000000 9.23415000e+06
2970.000000 9.87469000e+06
2990.000000 9.67602000e+06
3010.000000 1.00768000e+07
3030.000000 1.01752000e+07
3050.000000 1.04836000e+07
3070.000000 1.01428000e+07
3090.000000 1.00589000e+07
3110.000000 1.02022000e+07
3130.000000 1.02080000e+07
3150.000000 1.00514000e+07
3170.000000 1.04439000e+07
3190.000000 9.57733000e+06
3210.000000 1.02898000e+07
3230.000000 9.20257000e+06
3250.000000 1.06173000e+07
3270.000000 1.16187000e+07
3290.000000 1.15830000e+07
3310.000000 1.17760000e+07
3330.000000 1.15072000e+07
3350.000000 1.12279000e+07
3370.000000 1.04372000e+07
3390.000000 1.11192000e+07
3410.000000 1.12260000e+07
3430.000000 1.15793000e+07
3450.000000 1.15293000e+07
3470.000000 1.15426000e+07
3490.000000 1.18010000e+07
3510.000000 1.20663000e+07
3530.000000 1.15946000e+07
3550.000000 1.26466000e+07
3570.000000 1.12878000e+07
3590.000000 1.11197000e+07
3610.000000 1.14715000e+07
3630.000000 1.14992000e+07
3640.000000 1.14637000e+07
3650.000000 1.24484000e+07
3670.000000 1.23559000e+07
3690.000000 1.19910000e+07
3710.000000 1.22110000e+07
3730.000000 1.11945000e+07
3750.000000 1.23551000e+07
3770.000000 1.32881000e+07
3790.000000 1.45532000e+07
3810.000000 1.57104000e+07
3830.000000 1.20267000e+07
3850.000000 1.59478000e+07
3870.000000 1.64527000e+07
3890.000000 1.36313000e+07
3910.000000 1.59678000e+07
3930.000000 9.53086000e+06
3950.000000 1.45805000e+07
3970.000000 9.87902000e+06
3990.000000 1.69553000e+07
4010.000000 1.81192000e+07
4030.000000 1.81323000e+07
4050.000000 1.78060000e+07
4070.000000 1.75114000e+07
4090.000000 1.73072000e+07
4110.000000 1.52977000e+07
4130.000000 1.79513000e+07
4150.000000 1.82926000e+07
4170.000000 1.81431000e+07
4190.000000 1.78628000e+07
4210.000000 1.78682000e+07
4230.000000 1.71084000e+07
4250.000000 1.76183000e+07
4270.000000 1.72813000e+07
4290.000000 1.64645000e+07
4310.000000 1.51713000e+07
4330.000000 1.61268000e+07
4350.000000 1.47751000e+07
4370.000000 1.76573000e+07
4390.000000 1.70997000e+07
4410.000000 1.71848000e+07
4430.000000 1.72960000e+07
4450.000000 1.70597000e+07
4470.000000 1.73899000e+07
4490.000000 1.74367000e+07
4510.000000 1.80109000e+07
4530.000000 1.70391000e+07
4550.000000 1.71952000e+07
4570.000000 1.77911000e+07
4590.000000 1.72533000e+07
4610.000000 1.75191000e+07
4630.000000 1.72742000e+07
4650.000000 1.72847000e+07
4670.000000 1.75211000e+07
4690.000000 1.72196000e+07
4710.000000 1.66472000e+07
4730.000000 1.71788000e+07
4750.000000 1.71630000e+07
4770.000000 1.70740000e+07
4790.000000 1.69219000e+07
4810.000000 1.68450000e+07
4830.000000 1.67300000e+07
4850.000000 1.53764000e+07
4870.000000 1.33108000e+07
4890.000000 1.61124000e+07
4910.000000 1.62002000e+07
4930.000000 1.59310000e+07
4950.000000 1.61716000e+07
4970.000000 1.63193000e+07
4990.000000 1.56425000e+07
5010.000000 1.51622000e+07
5030.000000 1.57015000e+07
5050.000000 1.55818000e+07
5070.000000 1.58372000e+07
5090.000000 1.55705000e+07
5110.000000 1.56205000e+07
5130.000000 1.53701000e+07
5150.000000 1.50436000e+07
5170.000000 1.41720000e+07
5190.000000 1.40993000e+07
5210.000000 1.47491000e+07
5230.000000 1.48321000e+07
5250.000000 1.51074000e+07
5270.000000 1.39662000e+07
5290.000000 1.48610000e+07
5310.000000 1.49564000e+07
5330.000000 1.41243000e+07
5350.000000 1.46440000e+07
5370.000000 1.45574000e+07
5390.000000 1.44457000e+07
5410.000000 1.40919000e+07
5430.000000 1.42975000e+07
5450.000000 1.43602000e+07
5470.000000 1.42327000e+07
5490.000000 1.41129000e+07
5510.000000 1.40988000e+07
5530.000000 1.40573000e+07
5550.000000 1.41531000e+07
5570.000000 1.38501000e+07
5590.000000 1.36366000e+07
5610.000000 1.37131000e+07
5630.000000 1.38263000e+07
5650.000000 1.37156000e+07
5670.000000 1.34631000e+07
5690.000000 1.35409000e+07
5710.000000 1.33711000e+07
5730.000000 1.36141000e+07
5750.000000 1.33646000e+07
5770.000000 1.33796000e+07
5790.000000 1.32424000e+07
5810.000000 1.32540000e+07
5830.000000 1.32342000e+07
5850.000000 1.30448000e+07
5870.000000 1.29998000e+07
5890.000000 1.26445000e+07
5910.000000 1.28740000e+07
5930.000000 1.28044000e+07
5950.000000 1.27472000e+07
5970.000000 1.26916000e+07
5990.000000 1.26049000e+07
6010.000000 1.24836000e+07
6030.000000 1.23791000e+07
6050.000000 1.24353000e+07
6070.000000 1.23791000e+07
6090.000000 1.22481000e+07
6110.000000 1.21197000e+07
6130.000000 1.18502000e+07
6150.000000 1.18380000e+07
6170.000000 1.16347000e+07
6190.000000 1.19038000e+07
6210.000000 1.18702000e+07
6230.000000 1.16854000e+07
6250.000000 1.14362000e+07
6270.000000 1.16575000e+07
6290.000000 1.16264000e+07
6310.000000 1.14213000e+07
6330.000000 1.13765000e+07
6350.000000 1.13152000e+07
6370.000000 1.12693000e+07
6390.000000 1.12681000e+07
6410.000000 1.10796000e+07
6430.000000 1.10955000e+07
6450.000000 1.09209000e+07
6470.000000 1.09030000e+07
6490.000000 1.07786000e+07
6510.000000 1.08281000e+07
6530.000000 1.07309000e+07
6550.000000 1.01412000e+07
6570.000000 8.71852000e+06
6590.000000 1.04297000e+07
6610.000000 1.05771000e+07
6630.000000 1.05442000e+07
6650.000000 1.05081000e+07
6670.000000 1.04122000e+07
6690.000000 1.04165000e+07
6710.000000 1.03152000e+07
6730.000000 1.02931000e+07
6750.000000 1.01834000e+07
6770.000000 1.01669000e+07
6790.000000 1.01062000e+07
6810.000000 1.00380000e+07
6830.000000 1.00068000e+07
6850.000000 9.90428000e+06
6870.000000 9.88660000e+06
6890.000000 9.83881000e+06
6910.000000 9.78115000e+06
6930.000000 9.72635000e+06
6950.000000 9.67435000e+06
6970.000000 9.62278000e+06
6990.000000 9.58168000e+06
7010.000000 9.40978000e+06
7030.000000 9.45008000e+06
7050.000000 9.41625000e+06
7070.000000 9.35023000e+06
7090.000000 9.30655000e+06
7110.000000 9.23415000e+06
7130.000000 9.17130000e+06
7150.000000 9.09648000e+06
7170.000000 9.04287000e+06
7190.000000 8.94016000e+06
7210.000000 8.93702000e+06
7230.000000 8.90854000e+06
7250.000000 8.87379000e+06
7270.000000 8.84357000e+06
7290.000000 8.71075000e+06
7310.000000 8.74282000e+06
7330.000000 8.66783000e+06
7350.000000 8.66465000e+06
7370.000000 8.62393000e+06
7390.000000 8.51385000e+06
7410.000000 8.39180000e+06
7430.000000 8.40401000e+06
7450.000000 8.38881000e+06
7470.000000 8.38108000e+06
7490.000000 8.30952000e+06
7510.000000 8.27801000e+06
7530.000000 8.24805000e+06
7550.000000 8.21631000e+06
7570.000000 8.14731000e+06
7590.000000 8.11162000e+06
7610.000000 8.05408000e+06
7630.000000 8.03844000e+06
7650.000000 7.96814000e+06
7670.000000 7.85428000e+06
7690.000000 7.86253000e+06
7710.000000 7.83257000e+06
7730.000000 7.80155000e+06
7750.000000 7.71993000e+06
7770.000000 7.65591000e+06
7790.000000 7.70604000e+06
7810.000000 7.64377000e+06
7830.000000 7.58695000e+06
7850.000000 7.54651000e+06
7870.000000 7.53557000e+06
7890.000000 7.48895000e+06
7910.000000 7.44029000e+06
7930.000000 7.30755000e+06
7950.000000 7.31255000e+06
7970.000000 7.33580000e+06
7990.000000 7.29735000e+06
8010.000000 7.24099000e+06
8030.000000 7.19737000e+06
8050.000000 7.14596000e+06
8070.000000 7.14124000e+06
8090.000000 7.07950000e+06
8110.000000 7.06352000e+06
8130.000000 7.04705000e+06
8150.000000 7.00060000e+06
8170.000000 6.95903000e+06
8190.000000 6.83634000e+06
8210.000000 6.80978000e+06
8230.000000 6.78229000e+06
8250.000000 6.77380000e+06
8270.000000 6.78734000e+06
8290.000000 6.74257000e+06
8310.000000 6.65397000e+06
8330.000000 6.60902000e+06
8350.000000 6.60982000e+06
8370.000000 6.60516000e+06
8390.000000 6.52232000e+06
8410.000000 6.53289000e+06
8430.000000 6.45527000e+06
8450.000000 6.40576000e+06
8470.000000 6.38867000e+06
8490.000000 6.30007000e+06
8510.000000 6.06137000e+06
8530.000000 6.21420000e+06
8550.000000 5.45183000e+06
8570.000000 6.26815000e+06
8590.000000 6.16802000e+06
8610.000000 6.12009000e+06
8630.000000 6.17977000e+06
8650.000000 6.07168000e+06
8670.000000 5.34957000e+06
8690.000000 5.97650000e+06
8710.000000 6.05585000e+06
8730.000000 5.97524000e+06
8750.000000 5.69406000e+06
8770.000000 5.93164000e+06
8790.000000 5.94173000e+06
8810.000000 5.86091000e+06
8830.000000 5.86483000e+06
8850.000000 5.75562000e+06
8870.000000 5.46203000e+06
8890.000000 5.77115000e+06
8910.000000 5.77042000e+06
8930.000000 5.71815000e+06
8950.000000 5.73307000e+06
8970.000000 5.70004000e+06
8990.000000 5.64487000e+06
9010.000000 5.22307000e+06
9030.000000 5.44390000e+06
9050.000000 5.58499000e+06
9070.000000 5.51139000e+06
9090.000000 5.42561000e+06
9110.000000 5.47036000e+06
9130.000000 5.50065000e+06
9150.000000 5.47573000e+06
9170.000000 5.44336000e+06
9190.000000 5.40720000e+06
9210.000000 5.25850000e+06
9230.000000 4.82493000e+06
9250.000000 5.14443000e+06
9270.000000 5.24414000e+06
9290.000000 5.28138000e+06
9310.000000 5.26567000e+06
9330.000000 5.23143000e+06
9350.000000 5.20994000e+06
9370.000000 5.18601000e+06
9390.000000 5.15710000e+06
9410.000000 4.98715000e+06
9430.000000 5.06430000e+06
9450.000000 5.04668000e+06
9470.000000 5.05984000e+06
9490.000000 5.03267000e+06
9510.000000 4.97820000e+06
9530.000000 4.87810000e+06
9550.000000 4.45289000e+06
9570.000000 4.84893000e+06
9590.000000 4.89058000e+06
9610.000000 4.85189000e+06
9630.000000 4.82485000e+06
9650.000000 4.81134000e+06
9670.000000 4.76971000e+06
9690.000000 4.76568000e+06
9710.000000 4.76645000e+06
9730.000000 4.74688000e+06
9750.000000 4.69532000e+06
9770.000000 4.69309000e+06
9790.000000 4.66647000e+06
9810.000000 4.65764000e+06
9830.000000 4.62545000e+06
9850.000000 4.60474000e+06
9870.000000 4.57643000e+06
9890.000000 4.53714000e+06
9910.000000 4.51424000e+06
9930.000000 4.51824000e+06
9950.000000 4.50085000e+06
9970.000000 4.47902000e+06
9990.000000 4.44714000e+06
10025.000000 4.31830000e+06
10075.000000 4.18388000e+06
10125.000000 4.30398000e+06
10175.000000 4.23886000e+06
10225.000000 4.21084000e+06
10275.000000 4.16889000e+06
10325.000000 4.10281000e+06
10375.000000 4.06161000e+06
10425.000000 4.02205000e+06
10475.000000 3.94117000e+06
10525.000000 3.92830000e+06
10575.000000 3.86867000e+06
10625.000000 3.81833000e+06
10675.000000 3.72611000e+06
10725.000000 3.72290000e+06
10775.000000 3.67609000e+06
10825.000000 3.60460000e+06
10875.000000 3.57248000e+06
10925.000000 3.35521000e+06
10975.000000 3.44387000e+06
11025.000000 3.48864000e+06
11075.000000 3.47288000e+06
11125.000000 3.42408000e+06
11175.000000 3.38325000e+06
11225.000000 3.35736000e+06
11275.000000 3.28942000e+06
11325.000000 3.26308000e+06
11375.000000 3.23795000e+06
11425.000000 3.18543000e+06
11475.000000 3.18119000e+06
11525.000000 3.14457000e+06
11575.000000 3.10566000e+06
11625.000000 3.04973000e+06
11675.000000 3.02007000e+06
11725.000000 3.01601000e+06
11775.000000 2.94752000e+06
11825.000000 2.91592000e+06
11875.000000 2.88954000e+06
11925.000000 2.89371000e+06
11975.000000 2.80759000e+06
12025.000000 2.80644000e+06
12075.000000 2.77265000e+06
12125.000000 2.75496000e+06
12175.000000 2.74483000e+06
12225.000000 2.71713000e+06
12275.000000 2.67729000e+06
12325.000000 2.65982000e+06
12375.000000 2.62927000e+06
12425.000000 2.60083000e+06
12475.000000 2.58051000e+06
12525.000000 2.54938000e+06
12575.000000 2.52272000e+06
12625.000000 2.49852000e+06
12675.000000 2.47416000e+06
12725.000000 2.44731000e+06
12775.000000 2.39564000e+06
12825.000000 2.17491000e+06
12875.000000 2.35402000e+06
12925.000000 2.34893000e+06
12975.000000 2.33623000e+06
13025.000000 2.30944000e+06
13075.000000 2.29181000e+06
13125.000000 2.25777000e+06
13175.000000 2.23263000e+06
13225.000000 2.22698000e+06
13275.000000 2.19656000e+06
13325.000000 2.17925000e+06
13375.000000 2.15962000e+06
13425.000000 2.14127000e+06
13475.000000 2.12146000e+06
13525.000000 2.10045000e+06
13575.000000 2.07560000e+06
13625.000000 2.05999000e+06
13675.000000 2.03710000e+06
13725.000000 2.01348000e+06
13775.000000 1.99830000e+06
13825.000000 1.97973000e+06
13875.000000 1.96862000e+06
13925.000000 1.94674000e+06
13975.000000 1.92594000e+06
14025.000000 1.90683000e+06
14075.000000 1.89390000e+06
14125.000000 1.86939000e+06
14175.000000 1.86035000e+06
14225.000000 1.83138000e+06
14275.000000 1.80719000e+06
14325.000000 1.80774000e+06
14375.000000 1.79473000e+06
14425.000000 1.74796000e+06
14475.000000 1.76032000e+06
14525.000000 1.72935000e+06
14570.000000 1.72412000e+06
14620.000000 1.70759000e+06
14675.000000 1.69542000e+06
14725.000000 1.67147000e+06
14775.000000 1.65660000e+06
14825.000000 1.64619000e+06
14875.000000 1.60458000e+06
14925.000000 1.62381000e+06
14975.000000 1.60470000e+06
15025.000000 1.56207000e+06
15075.000000 1.55975000e+06
15125.000000 1.56294000e+06
15175.000000 1.55223000e+06
15225.000000 1.52817000e+06
15275.000000 1.52098000e+06
15325.000000 1.50557000e+06
15375.000000 1.48989000e+06
15425.000000 1.47116000e+06
15475.000000 1.46324000e+06
15525.000000 1.45002000e+06
15575.000000 1.43201000e+06
15625.000000 1.43022000e+06
15675.000000 1.40529000e+06
15725.000000 1.38726000e+06
15775.000000 1.36302000e+06
15825.000000 1.36764000e+06
15875.000000 1.31714000e+06
15925.000000 1.34011000e+06
15975.000000 1.33089000e+06
16050.000000 1.30899000e+06
16150.000000 1.26703000e+06
16250.000000 1.27242000e+06
16350.000000 1.22846000e+06
16450.000000 1.18294000e+06
16550.000000 1.19982000e+06
16650.000000 1.17527000e+06
16750.000000 1.12598000e+06
16850.000000 1.07513000e+06
16950.000000 1.10540000e+06
17050.000000 1.08162000e+06
17150.000000 1.05714000e+06
17250.000000 1.02803000e+06
17350.000000 9.45132000e+05
17450.000000 9.77868000e+05
17550.000000 9.74510000e+05
17650.000000 9.54054000e+05
17750.000000 9.36914000e+05
17850.000000 9.19836000e+05
17950.000000 9.02121000e+05
18050.000000 8.77907000e+05
18150.000000 8.07466000e+05
18250.000000 8.29396000e+05
18350.000000 8.28716000e+05
18450.000000 8.11058000e+05
18550.000000 7.96885000e+05
18650.000000 7.76145000e+05
18750.000000 7.02821000e+05
18850.000000 7.44367000e+05
18950.000000 7.27877000e+05
19050.000000 7.25446000e+05
19150.000000 7.10390000e+05
19250.000000 6.97254000e+05
19350.000000 6.77308000e+05
19450.000000 6.19214000e+05
19550.000000 6.53092000e+05
19650.000000 6.46393000e+05
19750.000000 6.32167000e+05
19850.000000 6.23595000e+05
19950.000000 6.11405000e+05
20050.000000 6.02023000e+05
20150.000000 5.92351000e+05
20250.000000 5.79873000e+05
20350.000000 5.66473000e+05
20450.000000 5.61001000e+05
20550.000000 5.50407000e+05
20650.000000 5.38331000e+05
20750.000000 5.30678000e+05
20850.000000 5.21198000e+05
20950.000000 5.10500000e+05
21050.000000 5.03927000e+05
21150.000000 4.94533000e+05
21250.000000 4.85684000e+05
21350.000000 4.77327000e+05
21450.000000 4.69873000e+05
21550.000000 4.58952000e+05
21650.000000 4.21158000e+05
21750.000000 4.39799000e+05
21850.000000 4.36469000e+05
21950.000000 4.32111000e+05
22050.000000 4.22528000e+05
22150.000000 4.17271000e+05
22250.000000 4.10591000e+05
22350.000000 4.03870000e+05
22450.000000 3.97283000e+05
22550.000000 3.88722000e+05
22650.000000 3.83417000e+05
22750.000000 3.77914000e+05
22850.000000 3.70595000e+05
22950.000000 3.65384000e+05
23050.000000 3.60391000e+05
23150.000000 3.54282000e+05
23250.000000 3.48872000e+05
23350.000000 3.43050000e+05
23450.000000 3.38055000e+05
23550.000000 3.32622000e+05
23650.000000 3.27660000e+05
23750.000000 3.21160000e+05
23850.000000 3.16320000e+05
23950.000000 3.12416000e+05
24050.000000 3.07322000e+05
24150.000000 3.01927000e+05
24250.000000 2.97905000e+05
24350.000000 2.92985000e+05
24450.000000 2.89056000e+05
24550.000000 2.83137000e+05
24650.000000 2.80348000e+05
24750.000000 2.75541000e+05
24850.000000 2.70168000e+05
24950.000000 2.67559000e+05
25050.000000 2.63812000e+05
25150.000000 2.60110000e+05
25250.000000 2.55926000e+05
25350.000000 2.52487000e+05
25450.000000 2.48191000e+05
25550.000000 2.44642000e+05
25650.000000 2.40030000e+05
25750.000000 2.38215000e+05
25850.000000 2.33545000e+05
25950.000000 2.31268000e+05
26050.000000 2.27425000e+05
26150.000000 2.21942000e+05
26250.000000 2.07707000e+05
26350.000000 2.16242000e+05
26450.000000 2.14400000e+05
26550.000000 2.11741000e+05
26650.000000 2.07895000e+05
26750.000000 2.03769000e+05
26850.000000 2.03398000e+05
26950.000000 2.01254000e+05
27050.000000 1.98399000e+05
27150.000000 1.95586000e+05
27250.000000 1.92966000e+05
27350.000000 1.90243000e+05
27450.000000 1.87444000e+05
27550.000000 1.81455000e+05
27650.000000 1.80958000e+05
27750.000000 1.79950000e+05
27850.000000 1.77703000e+05
27950.000000 1.75541000e+05
28050.000000 1.73167000e+05
28150.000000 1.70864000e+05
28250.000000 1.68561000e+05
28350.000000 1.66395000e+05
28450.000000 1.63863000e+05
28550.000000 1.61784000e+05
28650.000000 1.58518000e+05
28750.000000 1.53146000e+05
28850.000000 1.55015000e+05
28950.000000 1.53609000e+05
29050.000000 1.51620000e+05
29150.000000 1.49659000e+05
29250.000000 1.47427000e+05
29350.000000 1.45860000e+05
29450.000000 1.43893000e+05
29550.000000 1.42196000e+05
29650.000000 1.40365000e+05
29750.000000 1.38546000e+05
29850.000000 1.36858000e+05
29950.000000 1.35001000e+05
30050.000000 1.33286000e+05
30150.000000 1.31699000e+05
30250.000000 1.29722000e+05
30350.000000 1.24742000e+05
30450.000000 1.24854000e+05
30550.000000 1.25080000e+05
30650.000000 1.23539000e+05
30750.000000 1.22255000e+05
30850.000000 1.20569000e+05
30950.000000 1.19134000e+05
31050.000000 1.17762000e+05
31150.000000 1.15699000e+05
31250.000000 1.14898000e+05
31350.000000 1.13515000e+05
31450.000000 1.12196000e+05
31550.000000 1.10581000e+05
31650.000000 1.09507000e+05
31750.000000 1.08101000e+05
31850.000000 1.06900000e+05
31950.000000 1.05693000e+05
32100.000000 1.03695000e+05
32300.000000 1.01371000e+05
32500.000000 9.89858000e+04
32700.000000 9.66724000e+04
32900.000000 9.21907000e+04
33100.000000 9.17401000e+04
33300.000000 9.00469000e+04
33500.000000 8.81861000e+04
33700.000000 8.61307000e+04
33900.000000 8.41405000e+04
34100.000000 8.22201000e+04
34300.000000 8.05916000e+04
34500.000000 7.88940000e+04
34700.000000 7.71362000e+04
34900.000000 7.54721000e+04
35100.000000 7.38408000e+04
35300.000000 7.22023000e+04
35500.000000 7.07065000e+04
35700.000000 6.91420000e+04
35900.000000 6.76985000e+04
36100.000000 6.63434000e+04
36300.000000 6.49482000e+04
36500.000000 6.34438000e+04
36700.000000 6.21109000e+04
36900.000000 6.07394000e+04
37100.000000 5.95909000e+04
37300.000000 5.78461000e+04
37500.000000 5.61323000e+04
37700.000000 5.60870000e+04
37900.000000 5.49774000e+04
38100.000000 5.38229000e+04
38300.000000 5.27974000e+04
38500.000000 5.18005000e+04
38700.000000 5.07432000e+04
38900.000000 4.97000000e+04
39100.000000 4.87345000e+04
39300.000000 4.78543000e+04
39500.000000 4.68543000e+04
39700.000000 4.60439000e+04
39900.000000 4.50605000e+04
40100.000000 4.41366000e+04
40300.000000 4.33377000e+04
40500.000000 4.17233000e+04
40700.000000 4.17509000e+04
40900.000000 4.10013000e+04
41100.000000 4.02754000e+04
41300.000000 3.95505000e+04
41500.000000 3.87568000e+04
41700.000000 3.79006000e+04
41900.000000 3.73895000e+04
42100.000000 3.66057000e+04
42300.000000 3.60835000e+04
42500.000000 3.54173000e+04
42700.000000 3.47929000e+04
42900.000000 3.41581000e+04
43100.000000 3.35335000e+04
43300.000000 3.29070000e+04
43500.000000 3.23065000e+04
43700.000000 3.14926000e+04
43900.000000 3.11281000e+04
44100.000000 3.05655000e+04
44300.000000 3.00752000e+04
44500.000000 2.95676000e+04
44700.000000 2.90623000e+04
44900.000000 2.85797000e+04
45100.000000 2.80842000e+04
45300.000000 2.76054000e+04
45500.000000 2.71485000e+04
45700.000000 2.66860000e+04
45900.000000 2.62340000e+04
46100.000000 2.58189000e+04
46300.000000 2.53837000e+04
46500.000000 2.44410000e+04
46700.000000 2.42839000e+04
46900.000000 2.41544000e+04
47100.000000 2.37747000e+04
47300.000000 2.33990000e+04
47500.000000 2.30170000e+04
47700.000000 2.26439000e+04
47900.000000 2.22878000e+04
48100.000000 2.19237000e+04
48300.000000 2.15826000e+04
48500.000000 2.12336000e+04
48700.000000 2.08991000e+04
48900.000000 2.05726000e+04
49100.000000 2.02475000e+04
49300.000000 1.99332000e+04
49500.000000 1.96125000e+04
49700.000000 1.93116000e+04
49900.000000 1.90285000e+04
50100.000000 1.87268000e+04
50300.000000 1.84472000e+04
50500.000000 1.81581000e+04
50700.000000 1.78861000e+04
50900.000000 1.76150000e+04
51100.000000 1.73259000e+04
51300.000000 1.68747000e+04
51500.000000 1.68262000e+04
51700.000000 1.65850000e+04
51900.000000 1.63371000e+04
52100.000000 1.60856000e+04
52300.000000 1.58513000e+04
52500.000000 1.56268000e+04
52700.000000 1.53986000e+04
52900.000000 1.51706000e+04
53100.000000 1.49523000e+04
53300.000000 1.47356000e+04
53500.000000 1.45243000e+04
53700.000000 1.43013000e+04
53900.000000 1.41059000e+04
54100.000000 1.39117000e+04
54300.000000 1.37021000e+04
54500.000000 1.35193000e+04
54700.000000 1.33098000e+04
54900.000000 1.31355000e+04
55100.000000 1.29559000e+04
55300.000000 1.27712000e+04
55500.000000 1.25974000e+04
55700.000000 1.24257000e+04
55900.000000 1.22321000e+04
56100.000000 1.20828000e+04
56300.000000 1.19115000e+04
56500.000000 1.17570000e+04
56700.000000 1.15958000e+04
56900.000000 1.14314000e+04
57100.000000 1.12752000e+04
57300.000000 1.11313000e+04
57500.000000 1.09814000e+04
57700.000000 1.08310000e+04
57900.000000 1.06870000e+04
58100.000000 1.05450000e+04
58300.000000 1.04073000e+04
58500.000000 1.02708000e+04
58700.000000 1.01323000e+04
58900.000000 9.98354000e+03
59100.000000 9.73671000e+03
59300.000000 9.73703000e+03
59500.000000 9.57900000e+03
59700.000000 9.48311000e+03
59900.000000 9.36561000e+03
60100.000000 9.24028000e+03
60300.000000 9.12780000e+03
60500.000000 9.01104000e+03
60700.000000 8.89327000e+03
60900.000000 8.77543000e+03
61100.000000 8.65662000e+03
61300.000000 8.55892000e+03
61500.000000 8.45404000e+03
61700.000000 8.34628000e+03
61900.000000 8.24140000e+03
62100.000000 8.13946000e+03
62300.000000 8.02429000e+03
62500.000000 7.93299000e+03
62700.000000 7.83733000e+03
62900.000000 7.71634000e+03
63100.000000 7.63695000e+03
63300.000000 7.55426000e+03
63500.000000 7.46171000e+03
63700.000000 7.36814000e+03
63900.000000 7.27965000e+03
64200.000000 7.14944000e+03
64600.000000 6.97496000e+03
65000.000000 6.80717000e+03
65400.000000 6.65087000e+03
65800.000000 6.49447000e+03
66200.000000 6.34143000e+03
66600.000000 6.19525000e+03
67000.000000 6.05050000e+03
67400.000000 5.91006000e+03
67800.000000 5.76325000e+03
68200.000000 5.64595000e+03
68600.000000 5.51842000e+03
69000.000000 5.39425000e+03
69400.000000 5.27241000e+03
69800.000000 5.15687000e+03
70200.000000 5.03994000e+03
70600.000000 4.93182000e+03
71000.000000 4.82454000e+03
71400.000000 4.71920000e+03
71800.000000 4.61700000e+03
72200.000000 4.51706000e+03
72600.000000 4.42054000e+03
73000.000000 4.32769000e+03
73400.000000 4.23443000e+03
73800.000000 4.14666000e+03
74200.000000 4.05910000e+03
74600.000000 3.94204000e+03
75000.000000 3.85503000e+03
75400.000000 3.81159000e+03
75800.000000 3.73429000e+03
76200.000000 3.65794000e+03
76600.000000 3.58395000e+03
77000.000000 3.51078000e+03
77400.000000 3.44107000e+03
77800.000000 3.37229000e+03
78200.000000 3.30523000e+03
78600.000000 3.23978000e+03
79000.000000 3.17591000e+03
79400.000000 3.11358000e+03
79800.000000 3.05274000e+03
80200.000000 2.99302000e+03
80600.000000 2.93492000e+03
81000.000000 2.87930000e+03
81400.000000 2.82225000e+03
81800.000000 2.76943000e+03
82200.000000 2.71790000e+03
82600.000000 2.66652000e+03
83000.000000 2.61649000e+03
83400.000000 2.56675000e+03
83800.000000 2.51945000e+03
84200.000000 2.47310000e+03
84600.000000 2.42761000e+03
85000.000000 2.38312000e+03
85400.000000 2.33951000e+03
85800.000000 2.29697000e+03
86200.000000 2.25517000e+03
86600.000000 2.21384000e+03
87000.000000 2.17507000e+03
87400.000000 2.13173000e+03
87800.000000 2.09388000e+03
88200.000000 2.06064000e+03
88600.000000 2.02432000e+03
89000.000000 1.98876000e+03
89400.000000 1.95427000e+03
89800.000000 1.91966000e+03
90200.000000 1.88683000e+03
90600.000000 1.85474000e+03
91000.000000 1.82241000e+03
91400.000000 1.79121000e+03
91800.000000 1.76119000e+03
92200.000000 1.73137000e+03
92600.000000 1.70203000e+03
93000.000000 1.67357000e+03
93400.000000 1.64540000e+03
93800.000000 1.61611000e+03
94200.000000 1.59125000e+03
94600.000000 1.56482000e+03
95000.000000 1.53918000e+03
95400.000000 1.51368000e+03
95800.000000 1.48908000e+03
96200.000000 1.46471000e+03
96600.000000 1.44114000e+03
97000.000000 1.41803000e+03
97400.000000 1.39477000e+03
97800.000000 1.37252000e+03
98200.000000 1.35093000e+03
98600.000000 1.32952000e+03
99000.000000 1.30854000e+03
99400.000000 1.28766000e+03
99800.000000 1.26764000e+03
100200.000000 1.24785000e+03
200000.000000 8.08961000e+01
400000.000000 5.08750000e+00
600000.000000 1.00117000e+00
800000.000000 3.15199000e-01
1000000.000000 1.28480000e-01
1200000.000000 6.16816000e-02
1400000.000000 3.31580000e-02
1600000.000000 1.93648000e-02
