# teff = 6250.0
# logg = 5.0
# metallicity = 0.2
# wavelength_unit = angstrom
# flux_unit = erg/cm2/s/A
# units_standardized = True
234.000000 6.54832000e-53
240.000000 2.52526000e-51
246.500000 1.07515000e-49
252.400000 2.72717000e-48
256.800000 2.75277000e-47
260.000000 1.40610000e-46
264.000000 1.01977000e-45
268.500000 8.79687000e-45
273.500000 8.84582000e-44
278.500000 8.17794000e-43
284.000000 8.59524000e-42
290.000000 1.00660000e-40
296.000000 1.06162000e-39
301.000000 7.02929000e-39
308.000000 8.90952000e-38
318.000000 2.74049000e-36
328.000000 6.78704000e-35
338.000000 1.37849000e-33
348.000000 2.33956000e-32
357.000000 2.59450000e-31
366.000000 2.54708000e-30
375.000000 2.22767000e-29
385.000000 2.18967000e-28
395.000000 1.90537000e-27
405.000000 1.48248000e-26
414.000000 8.59860000e-26
422.000000 3.83787000e-25
430.000000 1.61562000e-24
441.000000 1.06601000e-23
451.000000 5.44329000e-23
460.000000 2.21533000e-22
470.000000 9.86045000e-22
480.000000 4.10723000e-21
490.000000 1.60922000e-20
500.000000 5.94404000e-20
506.000000 1.68151000e-19
512.000000 3.95047000e-19
520.000000 1.02554000e-18
530.000000 3.25766000e-18
540.000000 9.73295000e-18
550.000000 2.82092000e-17
560.000000 7.80356000e-17
570.000000 2.07717000e-16
580.000000 5.27141000e-16
590.000000 1.32218000e-15
600.000000 3.17227000e-15
610.000000 7.38728000e-15
620.000000 1.66784000e-14
630.000000 3.66241000e-14
640.000000 7.83378000e-14
650.000000 1.63353000e-13
658.000000 2.88940000e-13
665.000000 4.68466000e-13
675.000000 9.22093000e-13
685.000000 1.77869000e-12
695.000000 3.35272000e-12
705.000000 6.13879000e-12
716.000000 1.19106000e-11
726.000000 2.11767000e-11
735.000000 3.50198000e-11
745.000000 6.01993000e-11
755.000000 1.01950000e-10
765.000000 1.70596000e-10
775.000000 2.80014000e-10
785.000000 4.55285000e-10
795.000000 7.18201000e-10
805.000000 1.13857000e-09
815.000000 1.79101000e-09
825.000000 2.76321000e-09
835.000000 4.21077000e-09
845.000000 6.34403000e-09
855.000000 9.45914000e-09
865.000000 1.39509000e-08
875.000000 2.02589000e-08
885.000000 2.94587000e-08
895.000000 4.22201000e-08
905.000000 5.99299000e-08
915.000000 2.42468000e-05
925.000000 8.69235000e-05
935.000000 1.22604000e-04
945.000000 1.76518000e-04
955.000000 2.56045000e-04
965.000000 3.64194000e-04
975.000000 4.83284000e-04
985.000000 6.58696000e-04
995.000000 8.82019000e-04
1005.000000 1.24817000e-03
1015.000000 1.66445000e-03
1025.000000 2.13371000e-03
1035.000000 2.95205000e-03
1045.000000 3.88692000e-03
1055.000000 5.07169000e-03
1065.000000 6.56489000e-03
1075.000000 8.59294000e-03
1085.000000 1.11452000e-02
1095.000000 1.41184000e-02
1105.000000 3.38402000e-02
1115.000000 7.20505000e-02
1125.000000 9.47967000e-02
1135.000000 1.29402000e-01
1145.000000 1.62798000e-01
1155.000000 1.87034000e-01
1165.000000 2.47432000e-01
1175.000000 3.02366000e-01
1185.000000 3.43429000e-01
1195.000000 3.11641000e-01
1205.000000 4.16004000e-01
1215.000000 2.01833000e-01
1225.000000 5.49419000e-01
1235.000000 7.68983000e-01
1245.000000 9.41857000e-01
1255.000000 1.08587000e+00
1265.000000 1.19063000e+00
1275.000000 1.42240000e+00
1285.000000 1.67497000e+00
1295.000000 1.99661000e+00
1305.000000 2.15277000e+00
1315.000000 2.62326000e+00
1325.000000 2.91105000e+00
1335.000000 3.36519000e+00
1345.000000 3.85616000e+00
1355.000000 4.45503000e+00
1365.000000 4.98828000e+00
1375.000000 5.62596000e+00
1385.000000 6.29308000e+00
1395.000000 7.12621000e+00
1405.000000 8.35455000e+00
1415.000000 9.45086000e+00
1425.000000 1.06851000e+01
1435.000000 1.23069000e+01
1442.000000 1.41346000e+01
1447.000000 1.40817000e+01
1455.000000 1.59671000e+01
1465.000000 1.85343000e+01
1475.000000 1.96380000e+01
1485.000000 2.24597000e+01
1495.000000 2.72203000e+01
1505.000000 3.14304000e+01
1512.000000 3.01266000e+01
1517.000000 3.53223000e+01
1525.000000 4.70939000e+01
1535.000000 1.30090000e+02
1545.000000 1.60144000e+02
1555.000000 2.32485000e+02
1565.000000 2.29985000e+02
1575.000000 3.58319000e+02
1585.000000 4.28776000e+02
1595.000000 4.86589000e+02
1605.000000 5.43737000e+02
1615.000000 6.04289000e+02
1625.000000 6.55482000e+02
1635.000000 7.62288000e+02
1645.000000 1.00609000e+03
1655.000000 7.45433000e+02
1665.000000 1.12626000e+03
1672.000000 9.11495000e+02
1677.000000 1.30846000e+03
1685.000000 2.16400000e+03
1695.000000 3.36195000e+03
1705.000000 4.92919000e+03
1715.000000 5.37295000e+03
1725.000000 6.33697000e+03
1735.000000 7.86955000e+03
1745.000000 1.02517000e+04
1755.000000 1.44379000e+04
1765.000000 1.12067000e+04
1775.000000 1.36433000e+04
1785.000000 1.89971000e+04
1795.000000 2.21873000e+04
1805.000000 2.09235000e+04
1815.000000 1.87677000e+04
1825.000000 2.18654000e+04
1835.000000 2.52281000e+04
1845.000000 1.74076000e+04
1855.000000 2.68165000e+04
1865.000000 3.53472000e+04
1875.000000 3.68304000e+04
1885.000000 3.93606000e+04
1895.000000 4.75876000e+04
1905.000000 4.39750000e+04
1915.000000 5.25119000e+04
1925.000000 5.05200000e+04
1935.000000 3.54350000e+04
1945.000000 6.53003000e+04
1955.000000 6.80425000e+04
1967.000000 8.54569000e+04
1976.000000 7.39290000e+04
1984.000000 7.40374000e+04
1995.000000 8.49359000e+04
2005.000000 8.95814000e+04
2015.000000 1.03864000e+05
2025.000000 8.22541000e+04
2035.000000 1.24493000e+05
2045.000000 1.42079000e+05
2055.000000 1.37372000e+05
2065.000000 1.42936000e+05
2074.000000 1.44492000e+05
2078.000000 1.94320000e+05
2085.000000 1.84594000e+05
2095.000000 2.19350000e+05
2105.000000 3.45686000e+05
2115.000000 4.51126000e+05
2125.000000 3.46301000e+05
2135.000000 3.94001000e+05
2145.000000 5.45653000e+05
2155.000000 5.30274000e+05
2165.000000 4.64632000e+05
2175.000000 4.61715000e+05
2185.000000 6.40931000e+05
2195.000000 6.38630000e+05
2205.000000 5.72150000e+05
2215.000000 3.81396000e+05
2225.000000 5.37209000e+05
2235.000000 7.29238000e+05
2245.000000 6.98082000e+05
2255.000000 5.31804000e+05
2265.000000 4.63438000e+05
2275.000000 5.24890000e+05
2285.000000 7.09651000e+05
2295.000000 5.37339000e+05
2305.000000 6.72891000e+05
2315.000000 6.36814000e+05
2325.000000 6.18587000e+05
2335.000000 5.25637000e+05
2345.000000 3.52140000e+05
2355.000000 6.29745000e+05
2365.000000 4.14035000e+05
2375.000000 5.17892000e+05
2385.000000 3.40268000e+05
2395.000000 4.23530000e+05
2405.000000 4.41939000e+05
2415.000000 4.45676000e+05
2425.000000 6.77400000e+05
2435.000000 6.49292000e+05
2445.000000 8.07652000e+05
2455.000000 8.56404000e+05
2465.000000 7.78479000e+05
2475.000000 7.00307000e+05
2485.000000 4.52437000e+05
2495.000000 5.37604000e+05
2505.000000 7.25359000e+05
2513.000000 4.01750000e+05
2518.000000 2.96858000e+05
2525.000000 2.97076000e+05
2535.000000 3.48419000e+05
2545.000000 4.32205000e+05
2555.000000 7.77059000e+05
2565.000000 8.87594000e+05
2575.000000 1.45519000e+06
2585.000000 1.55236000e+06
2595.000000 1.46697000e+06
2605.000000 1.23305000e+06
2615.000000 1.13362000e+06
2625.000000 1.67523000e+06
2635.000000 2.84060000e+06
2645.000000 3.54004000e+06
2655.000000 4.95636000e+06
2665.000000 2.89810000e+06
2675.000000 3.36237000e+06
2685.000000 4.09258000e+06
2695.000000 2.84115000e+06
2705.000000 3.61606000e+06
2715.000000 2.57810000e+06
2725.000000 2.12579000e+06
2735.000000 2.44272000e+06
2745.000000 1.46287000e+06
2755.000000 1.91888000e+06
2765.000000 2.35773000e+06
2775.000000 2.07488000e+06
2785.000000 1.09460000e+06
2795.000000 4.84751000e+05
2805.000000 6.08568000e+05
2815.000000 1.78908000e+06
2825.000000 2.89931000e+06
2835.000000 2.72581000e+06
2845.000000 1.49681000e+06
2855.000000 7.54473000e+05
2865.000000 2.29965000e+06
2875.000000 3.82631000e+06
2885.000000 3.28592000e+06
2895.000000 4.63347000e+06
2910.000000 6.19140000e+06
2930.000000 5.50422000e+06
2950.000000 5.54412000e+06
2970.000000 5.91003000e+06
2990.000000 5.63444000e+06
3010.000000 5.89953000e+06
3030.000000 6.42798000e+06
3050.000000 6.64809000e+06
3070.000000 6.56655000e+06
3090.000000 6.14645000e+06
3110.000000 6.92027000e+06
3130.000000 6.82250000e+06
3150.000000 6.52314000e+06
3170.000000 6.94420000e+06
3190.000000 6.23063000e+06
3210.000000 6.78574000e+06
3230.000000 5.48796000e+06
3250.000000 7.40226000e+06
3270.000000 8.67088000e+06
3290.000000 8.46032000e+06
3310.000000 8.40275000e+06
3330.000000 8.26373000e+06
3350.000000 8.00758000e+06
3370.000000 6.97505000e+06
3390.000000 7.66172000e+06
3410.000000 7.83129000e+06
3430.000000 7.92499000e+06
3450.000000 8.20939000e+06
3470.000000 8.38942000e+06
3490.000000 8.91369000e+06
3510.000000 9.21390000e+06
3530.000000 8.60368000e+06
3550.000000 9.89496000e+06
3570.000000 7.73447000e+06
3590.000000 7.64181000e+06
3610.000000 8.30637000e+06
3630.000000 8.30744000e+06
3640.000000 8.25560000e+06
3650.000000 9.58472000e+06
3670.000000 9.69199000e+06
3690.000000 9.34595000e+06
3710.000000 9.66943000e+06
3730.000000 7.64512000e+06
3750.000000 8.25871000e+06
3770.000000 9.58330000e+06
3790.000000 1.00938000e+07
3810.000000 1.03141000e+07
3830.000000 6.19120000e+06
3850.000000 9.42808000e+06
3870.000000 9.82466000e+06
3890.000000 9.32382000e+06
3910.000000 1.02146000e+07
3930.000000 5.12058000e+06
3950.000000 8.42966000e+06
3970.000000 5.74073000e+06
3990.000000 1.19083000e+07
4010.000000 1.33359000e+07
4030.000000 1.34922000e+07
4050.000000 1.29460000e+07
4070.000000 1.27493000e+07
4090.000000 1.36532000e+07
4110.000000 1.26038000e+07
4130.000000 1.38337000e+07
4150.000000 1.42430000e+07
4170.000000 1.41043000e+07
4190.000000 1.37372000e+07
4210.000000 1.37951000e+07
4230.000000 1.26206000e+07
4250.000000 1.35773000e+07
4270.000000 1.28578000e+07
4290.000000 1.18482000e+07
4310.000000 1.04359000e+07
4330.000000 1.29988000e+07
4350.000000 1.21368000e+07
4370.000000 1.44159000e+07
4390.000000 1.32292000e+07
4410.000000 1.37213000e+07
4430.000000 1.37299000e+07
4450.000000 1.35893000e+07
4470.000000 1.43928000e+07
4490.000000 1.43659000e+07
4510.000000 1.56323000e+07
4530.000000 1.41559000e+07
4550.000000 1.45882000e+07
4570.000000 1.53781000e+07
4590.000000 1.45740000e+07
4610.000000 1.49136000e+07
4630.000000 1.46100000e+07
4650.000000 1.46907000e+07
4670.000000 1.51323000e+07
4690.000000 1.46856000e+07
4710.000000 1.38656000e+07
4730.000000 1.47444000e+07
4750.000000 1.48436000e+07
4770.000000 1.48490000e+07
4790.000000 1.47483000e+07
4810.000000 1.45404000e+07
4830.000000 1.47547000e+07
4850.000000 1.34274000e+07
4870.000000 1.16110000e+07
4890.000000 1.39382000e+07
4910.000000 1.39560000e+07
4930.000000 1.36719000e+07
4950.000000 1.41690000e+07
4970.000000 1.42604000e+07
4990.000000 1.32876000e+07
5010.000000 1.26563000e+07
5030.000000 1.33977000e+07
5050.000000 1.34101000e+07
5070.000000 1.38921000e+07
5090.000000 1.34546000e+07
5110.000000 1.36637000e+07
5130.000000 1.32841000e+07
5150.000000 1.27866000e+07
5170.000000 1.09140000e+07
5190.000000 1.09877000e+07
5210.000000 1.27218000e+07
5230.000000 1.28832000e+07
5250.000000 1.31580000e+07
5270.000000 1.14064000e+07
5290.000000 1.30200000e+07
5310.000000 1.34412000e+07
5330.000000 1.19015000e+07
5350.000000 1.28586000e+07
5370.000000 1.29667000e+07
5390.000000 1.27923000e+07
5410.000000 1.21623000e+07
5430.000000 1.26790000e+07
5450.000000 1.29688000e+07
5470.000000 1.26953000e+07
5490.000000 1.23835000e+07
5510.000000 1.24397000e+07
5530.000000 1.25421000e+07
5550.000000 1.27552000e+07
5570.000000 1.23432000e+07
5590.000000 1.19936000e+07
5610.000000 1.23761000e+07
5630.000000 1.24796000e+07
5650.000000 1.23254000e+07
5670.000000 1.19198000e+07
5690.000000 1.21294000e+07
5710.000000 1.19209000e+07
5730.000000 1.26170000e+07
5750.000000 1.20793000e+07
5770.000000 1.22503000e+07
5790.000000 1.18961000e+07
5810.000000 1.21179000e+07
5830.000000 1.22555000e+07
5850.000000 1.19660000e+07
5870.000000 1.19348000e+07
5890.000000 1.11796000e+07
5910.000000 1.18159000e+07
5930.000000 1.17438000e+07
5950.000000 1.17310000e+07
5970.000000 1.17466000e+07
5990.000000 1.16053000e+07
6010.000000 1.13978000e+07
6030.000000 1.13047000e+07
6050.000000 1.15553000e+07
6070.000000 1.15100000e+07
6090.000000 1.11978000e+07
6110.000000 1.10702000e+07
6130.000000 1.06281000e+07
6150.000000 1.06816000e+07
6170.000000 1.03185000e+07
6190.000000 1.09756000e+07
6210.000000 1.09705000e+07
6230.000000 1.06565000e+07
6250.000000 1.02933000e+07
6270.000000 1.07845000e+07
6290.000000 1.08075000e+07
6310.000000 1.04032000e+07
6330.000000 1.03714000e+07
6350.000000 1.02249000e+07
6370.000000 1.02248000e+07
6390.000000 1.04571000e+07
6410.000000 1.01407000e+07
6430.000000 1.02691000e+07
6450.000000 9.96915000e+06
6470.000000 9.96791000e+06
6490.000000 9.91193000e+06
6510.000000 1.00760000e+07
6530.000000 9.97110000e+06
6550.000000 9.48794000e+06
6570.000000 8.32167000e+06
6590.000000 9.73137000e+06
6610.000000 9.92004000e+06
6630.000000 9.81742000e+06
6650.000000 9.80276000e+06
6670.000000 9.67124000e+06
6690.000000 9.75912000e+06
6710.000000 9.58138000e+06
6730.000000 9.62349000e+06
6750.000000 9.44748000e+06
6770.000000 9.44764000e+06
6790.000000 9.38471000e+06
6810.000000 9.29230000e+06
6830.000000 9.36718000e+06
6850.000000 9.14556000e+06
6870.000000 9.22968000e+06
6890.000000 9.16744000e+06
6910.000000 9.11209000e+06
6930.000000 9.05957000e+06
6950.000000 9.03012000e+06
6970.000000 8.96906000e+06
6990.000000 8.96870000e+06
7010.000000 8.57261000e+06
7030.000000 8.80671000e+06
7050.000000 8.79699000e+06
7070.000000 8.69076000e+06
7090.000000 8.66428000e+06
7110.000000 8.63722000e+06
7130.000000 8.52510000e+06
7150.000000 8.44357000e+06
7170.000000 8.37089000e+06
7190.000000 8.13928000e+06
7210.000000 8.30218000e+06
7230.000000 8.24406000e+06
7250.000000 8.25167000e+06
7270.000000 8.25837000e+06
7290.000000 7.99336000e+06
7310.000000 8.18445000e+06
7330.000000 8.09287000e+06
7350.000000 8.12002000e+06
7370.000000 8.07809000e+06
7390.000000 7.87576000e+06
7410.000000 7.74548000e+06
7430.000000 7.78642000e+06
7450.000000 7.80440000e+06
7470.000000 7.88486000e+06
7490.000000 7.78774000e+06
7510.000000 7.78506000e+06
7530.000000 7.76103000e+06
7550.000000 7.71865000e+06
7570.000000 7.60429000e+06
7590.000000 7.61070000e+06
7610.000000 7.49724000e+06
7630.000000 7.58611000e+06
7650.000000 7.47054000e+06
7670.000000 7.26961000e+06
7690.000000 7.34269000e+06
7710.000000 7.36612000e+06
7730.000000 7.29968000e+06
7750.000000 7.19494000e+06
7770.000000 7.21349000e+06
7790.000000 7.29755000e+06
7810.000000 7.16140000e+06
7830.000000 7.12610000e+06
7850.000000 7.08861000e+06
7870.000000 7.13291000e+06
7890.000000 7.06957000e+06
7910.000000 6.99111000e+06
7930.000000 6.74921000e+06
7950.000000 6.82378000e+06
7970.000000 6.92539000e+06
7990.000000 6.91142000e+06
8010.000000 6.82821000e+06
8030.000000 6.76152000e+06
8050.000000 6.68146000e+06
8070.000000 6.73689000e+06
8090.000000 6.64606000e+06
8110.000000 6.66315000e+06
8130.000000 6.70393000e+06
8150.000000 6.62570000e+06
8170.000000 6.58878000e+06
8190.000000 6.38590000e+06
8210.000000 6.31291000e+06
8230.000000 6.36180000e+06
8250.000000 6.38745000e+06
8270.000000 6.44913000e+06
8290.000000 6.39009000e+06
8310.000000 6.19680000e+06
8330.000000 6.22843000e+06
8350.000000 6.19053000e+06
8370.000000 6.25777000e+06
8390.000000 6.13003000e+06
8410.000000 6.19146000e+06
8430.000000 6.04443000e+06
8450.000000 6.02957000e+06
8470.000000 6.02581000e+06
8490.000000 5.87149000e+06
8510.000000 5.57654000e+06
8530.000000 5.69436000e+06
8550.000000 4.76765000e+06
8570.000000 5.90960000e+06
8590.000000 5.79634000e+06
8610.000000 5.79180000e+06
8630.000000 5.82569000e+06
8650.000000 5.64622000e+06
8670.000000 4.76244000e+06
8690.000000 5.53549000e+06
8710.000000 5.65511000e+06
8730.000000 5.56842000e+06
8750.000000 5.45787000e+06
8770.000000 5.61130000e+06
8790.000000 5.58043000e+06
8810.000000 5.40902000e+06
8830.000000 5.52612000e+06
8850.000000 5.44537000e+06
8870.000000 5.25565000e+06
8890.000000 5.44367000e+06
8910.000000 5.45865000e+06
8930.000000 5.34022000e+06
8950.000000 5.39351000e+06
8970.000000 5.36293000e+06
8990.000000 5.32697000e+06
9010.000000 4.98825000e+06
9030.000000 5.16115000e+06
9050.000000 5.30717000e+06
9070.000000 5.20136000e+06
9090.000000 5.06953000e+06
9110.000000 5.10630000e+06
9130.000000 5.20508000e+06
9150.000000 5.17515000e+06
9170.000000 5.14364000e+06
9190.000000 5.14313000e+06
9210.000000 4.93429000e+06
9230.000000 4.66529000e+06
9250.000000 4.79484000e+06
9270.000000 4.93199000e+06
9290.000000 4.99721000e+06
9310.000000 4.99750000e+06
9330.000000 4.95229000e+06
9350.000000 4.93587000e+06
9370.000000 4.91568000e+06
9390.000000 4.87852000e+06
9410.000000 4.59828000e+06
9430.000000 4.74656000e+06
9450.000000 4.71342000e+06
9470.000000 4.80191000e+06
9490.000000 4.79466000e+06
9510.000000 4.71578000e+06
9530.000000 4.62715000e+06
9550.000000 4.30501000e+06
9570.000000 4.59143000e+06
9590.000000 4.64849000e+06
9610.000000 4.56430000e+06
9630.000000 4.54983000e+06
9650.000000 4.52492000e+06
9670.000000 4.49132000e+06
9690.000000 4.49526000e+06
9710.000000 4.51073000e+06
9730.000000 4.50494000e+06
9750.000000 4.42227000e+06
9770.000000 4.44010000e+06
9790.000000 4.38818000e+06
9810.000000 4.43176000e+06
9830.000000 4.36228000e+06
9850.000000 4.37837000e+06
9870.000000 4.33086000e+06
9890.000000 4.29141000e+06
9910.000000 4.23728000e+06
9930.000000 4.30772000e+06
9950.000000 4.28357000e+06
9970.000000 4.26489000e+06
9990.000000 4.22216000e+06
10025.000000 4.12675000e+06
10075.000000 4.01130000e+06
10125.000000 4.10187000e+06
10175.000000 3.99215000e+06
10225.000000 3.99752000e+06
10275.000000 3.98048000e+06
10325.000000 3.90174000e+06
10375.000000 3.86352000e+06
10425.000000 3.83140000e+06
10475.000000 3.73895000e+06
10525.000000 3.74568000e+06
10575.000000 3.68002000e+06
10625.000000 3.63079000e+06
10675.000000 3.51784000e+06
10725.000000 3.52802000e+06
10775.000000 3.47199000e+06
10825.000000 3.35737000e+06
10875.000000 3.36097000e+06
10925.000000 3.22927000e+06
10975.000000 3.24058000e+06
11025.000000 3.30950000e+06
11075.000000 3.31685000e+06
11125.000000 3.26153000e+06
11175.000000 3.22366000e+06
11225.000000 3.20727000e+06
11275.000000 3.11547000e+06
11325.000000 3.10241000e+06
11375.000000 3.08073000e+06
11425.000000 3.01803000e+06
11475.000000 3.04987000e+06
11525.000000 3.00900000e+06
11575.000000 2.96675000e+06
11625.000000 2.90170000e+06
11675.000000 2.88464000e+06
11725.000000 2.89873000e+06
11775.000000 2.81710000e+06
11825.000000 2.76316000e+06
11875.000000 2.75490000e+06
11925.000000 2.79304000e+06
11975.000000 2.64576000e+06
12025.000000 2.66940000e+06
12075.000000 2.62899000e+06
12125.000000 2.63298000e+06
12175.000000 2.64800000e+06
12225.000000 2.62411000e+06
12275.000000 2.57528000e+06
12325.000000 2.56459000e+06
12375.000000 2.53481000e+06
12425.000000 2.49517000e+06
12475.000000 2.49288000e+06
12525.000000 2.45477000e+06
12575.000000 2.43362000e+06
12625.000000 2.41414000e+06
12675.000000 2.38083000e+06
12725.000000 2.36658000e+06
12775.000000 2.32685000e+06
12825.000000 2.10767000e+06
12875.000000 2.27539000e+06
12925.000000 2.26368000e+06
12975.000000 2.26462000e+06
13025.000000 2.22373000e+06
13075.000000 2.22086000e+06
13125.000000 2.16887000e+06
13175.000000 2.14940000e+06
13225.000000 2.16172000e+06
13275.000000 2.11549000e+06
13325.000000 2.10680000e+06
13375.000000 2.08857000e+06
13425.000000 2.07475000e+06
13475.000000 2.05721000e+06
13525.000000 2.03966000e+06
13575.000000 2.00379000e+06
13625.000000 1.99134000e+06
13675.000000 1.96625000e+06
13725.000000 1.95227000e+06
13775.000000 1.93484000e+06
13825.000000 1.92294000e+06
13875.000000 1.91631000e+06
13925.000000 1.89000000e+06
13975.000000 1.86809000e+06
14025.000000 1.84599000e+06
14075.000000 1.83911000e+06
14125.000000 1.80385000e+06
14175.000000 1.81043000e+06
14225.000000 1.76909000e+06
14275.000000 1.72739000e+06
14325.000000 1.75016000e+06
14375.000000 1.74935000e+06
14425.000000 1.67636000e+06
14475.000000 1.70910000e+06
14525.000000 1.67037000e+06
14570.000000 1.67322000e+06
14620.000000 1.65295000e+06
14675.000000 1.64607000e+06
14725.000000 1.60539000e+06
14775.000000 1.60010000e+06
14825.000000 1.59507000e+06
14875.000000 1.51796000e+06
14925.000000 1.58275000e+06
14975.000000 1.55884000e+06
15025.000000 1.47691000e+06
15075.000000 1.49423000e+06
15125.000000 1.51686000e+06
15175.000000 1.51683000e+06
15225.000000 1.47283000e+06
15275.000000 1.48694000e+06
15325.000000 1.46333000e+06
15375.000000 1.45078000e+06
15425.000000 1.43326000e+06
15475.000000 1.42752000e+06
15525.000000 1.40511000e+06
15575.000000 1.39438000e+06
15625.000000 1.39930000e+06
15675.000000 1.35833000e+06
15725.000000 1.35641000e+06
15775.000000 1.28776000e+06
15825.000000 1.32023000e+06
15875.000000 1.26168000e+06
15925.000000 1.29054000e+06
15975.000000 1.28085000e+06
16050.000000 1.27192000e+06
16150.000000 1.23750000e+06
16250.000000 1.23532000e+06
16350.000000 1.19423000e+06
16450.000000 1.16779000e+06
16550.000000 1.16839000e+06
16650.000000 1.14488000e+06
16750.000000 1.10123000e+06
16850.000000 1.06563000e+06
16950.000000 1.08434000e+06
17050.000000 1.05167000e+06
17150.000000 1.02854000e+06
17250.000000 9.97041000e+05
17350.000000 9.34632000e+05
17450.000000 9.49004000e+05
17550.000000 9.50830000e+05
17650.000000 9.30388000e+05
17750.000000 9.10775000e+05
17850.000000 9.00410000e+05
17950.000000 8.83109000e+05
18050.000000 8.57116000e+05
18150.000000 8.02948000e+05
18250.000000 8.09070000e+05
18350.000000 8.06854000e+05
18450.000000 7.85814000e+05
18550.000000 7.76116000e+05
18650.000000 7.53020000e+05
18750.000000 6.88580000e+05
18850.000000 7.25527000e+05
18950.000000 6.97779000e+05
19050.000000 7.07154000e+05
19150.000000 6.89824000e+05
19250.000000 6.78476000e+05
19350.000000 6.57446000e+05
19450.000000 6.09256000e+05
19550.000000 6.38110000e+05
19650.000000 6.28480000e+05
19750.000000 6.12087000e+05
19850.000000 6.08116000e+05
19950.000000 5.95011000e+05
20050.000000 5.87601000e+05
20150.000000 5.80586000e+05
20250.000000 5.64723000e+05
20350.000000 5.48461000e+05
20450.000000 5.49921000e+05
20550.000000 5.36330000e+05
20650.000000 5.23745000e+05
20750.000000 5.18472000e+05
20850.000000 5.06760000e+05
20950.000000 4.95582000e+05
21050.000000 4.93758000e+05
21150.000000 4.83432000e+05
21250.000000 4.73220000e+05
21350.000000 4.67029000e+05
21450.000000 4.60220000e+05
21550.000000 4.49599000e+05
21650.000000 4.15548000e+05
21750.000000 4.27448000e+05
21850.000000 4.24894000e+05
21950.000000 4.23799000e+05
22050.000000 4.10913000e+05
22150.000000 4.09170000e+05
22250.000000 4.01748000e+05
22350.000000 3.95243000e+05
22450.000000 3.88822000e+05
22550.000000 3.79617000e+05
22650.000000 3.73746000e+05
22750.000000 3.70431000e+05
22850.000000 3.60031000e+05
22950.000000 3.55742000e+05
23050.000000 3.52768000e+05
23150.000000 3.46142000e+05
23250.000000 3.40021000e+05
23350.000000 3.34351000e+05
23450.000000 3.30670000e+05
23550.000000 3.23601000e+05
23650.000000 3.20332000e+05
23750.000000 3.09144000e+05
23850.000000 3.05524000e+05
23950.000000 3.05060000e+05
24050.000000 2.99467000e+05
24150.000000 2.90468000e+05
24250.000000 2.89634000e+05
24350.000000 2.84801000e+05
24450.000000 2.81279000e+05
24550.000000 2.71998000e+05
24650.000000 2.72790000e+05
24750.000000 2.66605000e+05
24850.000000 2.60462000e+05
24950.000000 2.60665000e+05
25050.000000 2.55773000e+05
25150.000000 2.52903000e+05
25250.000000 2.50455000e+05
25350.000000 2.45968000e+05
25450.000000 2.39252000e+05
25550.000000 2.37608000e+05
25650.000000 2.34006000e+05
25750.000000 2.32664000e+05
25850.000000 2.24914000e+05
25950.000000 2.24951000e+05
26050.000000 2.22295000e+05
26150.000000 2.17700000e+05
26250.000000 2.03656000e+05
26350.000000 2.10339000e+05
26450.000000 2.07287000e+05
26550.000000 2.05445000e+05
26650.000000 2.01763000e+05
26750.000000 2.00947000e+05
26850.000000 1.98956000e+05
26950.000000 1.96383000e+05
27050.000000 1.93703000e+05
27150.000000 1.90495000e+05
27250.000000 1.88166000e+05
27350.000000 1.85544000e+05
27450.000000 1.83384000e+05
27550.000000 1.78889000e+05
27650.000000 1.77090000e+05
27750.000000 1.75297000e+05
27850.000000 1.73054000e+05
27950.000000 1.71582000e+05
28050.000000 1.69216000e+05
28150.000000 1.67037000e+05
28250.000000 1.64662000e+05
28350.000000 1.62828000e+05
28450.000000 1.59553000e+05
28550.000000 1.58077000e+05
28650.000000 1.55236000e+05
28750.000000 1.51747000e+05
28850.000000 1.51362000e+05
28950.000000 1.50062000e+05
29050.000000 1.48107000e+05
29150.000000 1.46290000e+05
29250.000000 1.43151000e+05
29350.000000 1.42435000e+05
29450.000000 1.40401000e+05
29550.000000 1.38969000e+05
29650.000000 1.37164000e+05
29750.000000 1.35290000e+05
29850.000000 1.33763000e+05
29950.000000 1.31540000e+05
30050.000000 1.29827000e+05
30150.000000 1.28619000e+05
30250.000000 1.26618000e+05
30350.000000 1.23265000e+05
30450.000000 1.22652000e+05
30550.000000 1.22093000e+05
30650.000000 1.20339000e+05
30750.000000 1.19498000e+05
30850.000000 1.17279000e+05
30950.000000 1.16181000e+05
31050.000000 1.15058000e+05
31150.000000 1.12181000e+05
31250.000000 1.12163000e+05
31350.000000 1.10847000e+05
31450.000000 1.09671000e+05
31550.000000 1.07735000e+05
31650.000000 1.06661000e+05
31750.000000 1.05466000e+05
31850.000000 1.04300000e+05
31950.000000 1.03287000e+05
32100.000000 1.01135000e+05
32300.000000 9.89263000e+04
32500.000000 9.64891000e+04
32700.000000 9.42977000e+04
32900.000000 9.07115000e+04
33100.000000 8.93504000e+04
33300.000000 8.75872000e+04
33500.000000 8.59034000e+04
33700.000000 8.37722000e+04
33900.000000 8.18229000e+04
34100.000000 7.98615000e+04
34300.000000 7.85295000e+04
34500.000000 7.69949000e+04
34700.000000 7.51744000e+04
34900.000000 7.35204000e+04
35100.000000 7.19908000e+04
35300.000000 7.02704000e+04
35500.000000 6.89188000e+04
35700.000000 6.73418000e+04
35900.000000 6.58950000e+04
36100.000000 6.47390000e+04
36300.000000 6.33586000e+04
36500.000000 6.14276000e+04
36700.000000 6.02760000e+04
36900.000000 5.87750000e+04
37100.000000 5.77051000e+04
37300.000000 5.63704000e+04
37500.000000 5.44044000e+04
37700.000000 5.44490000e+04
37900.000000 5.33591000e+04
38100.000000 5.22217000e+04
38300.000000 5.13926000e+04
38500.000000 5.04483000e+04
38700.000000 4.93271000e+04
38900.000000 4.81315000e+04
39100.000000 4.75788000e+04
39300.000000 4.65884000e+04
39500.000000 4.53500000e+04
39700.000000 4.47771000e+04
39900.000000 4.36194000e+04
40100.000000 4.28246000e+04
40300.000000 4.22266000e+04
40500.000000 4.06829000e+04
40700.000000 4.04614000e+04
40900.000000 3.98144000e+04
41100.000000 3.91491000e+04
41300.000000 3.85125000e+04
41500.000000 3.75865000e+04
41700.000000 3.70492000e+04
41900.000000 3.63659000e+04
42100.000000 3.54197000e+04
42300.000000 3.51740000e+04
42500.000000 3.44495000e+04
42700.000000 3.38920000e+04
42900.000000 3.30363000e+04
43100.000000 3.22538000e+04
43300.000000 3.16853000e+04
43500.000000 3.08232000e+04
43700.000000 3.01649000e+04
43900.000000 2.98125000e+04
44100.000000 2.88744000e+04
44300.000000 2.85836000e+04
44500.000000 2.81693000e+04
44700.000000 2.74314000e+04
44900.000000 2.71633000e+04
45100.000000 2.66673000e+04
45300.000000 2.60413000e+04
45500.000000 2.57364000e+04
45700.000000 2.53403000e+04
45900.000000 2.47516000e+04
46100.000000 2.44806000e+04
46300.000000 2.40674000e+04
46500.000000 2.33660000e+04
46700.000000 2.32320000e+04
46900.000000 2.29829000e+04
47100.000000 2.25911000e+04
47300.000000 2.23247000e+04
47500.000000 2.19501000e+04
47700.000000 2.15743000e+04
47900.000000 2.12599000e+04
48100.000000 2.08620000e+04
48300.000000 2.06347000e+04
48500.000000 2.02551000e+04
48700.000000 1.99445000e+04
48900.000000 1.96572000e+04
49100.000000 1.93505000e+04
49300.000000 1.90543000e+04
49500.000000 1.87238000e+04
49700.000000 1.84591000e+04
49900.000000 1.82297000e+04
50100.000000 1.78983000e+04
50300.000000 1.76818000e+04
50500.000000 1.73530000e+04
50700.000000 1.71108000e+04
50900.000000 1.68835000e+04
51100.000000 1.65655000e+04
51300.000000 1.62935000e+04
51500.000000 1.61160000e+04
51700.000000 1.59310000e+04
51900.000000 1.56574000e+04
52100.000000 1.53986000e+04
52300.000000 1.51750000e+04
52500.000000 1.49995000e+04
52700.000000 1.48004000e+04
52900.000000 1.45339000e+04
53100.000000 1.43524000e+04
53300.000000 1.41375000e+04
53500.000000 1.39491000e+04
53700.000000 1.36847000e+04
53900.000000 1.35483000e+04
54100.000000 1.33762000e+04
54300.000000 1.31373000e+04
54500.000000 1.30005000e+04
54700.000000 1.27873000e+04
54900.000000 1.26193000e+04
55100.000000 1.24707000e+04
55300.000000 1.23077000e+04
55500.000000 1.21133000e+04
55700.000000 1.19836000e+04
55900.000000 1.17220000e+04
56100.000000 1.16376000e+04
56300.000000 1.14611000e+04
56500.000000 1.13466000e+04
56700.000000 1.11928000e+04
56900.000000 1.10026000e+04
57100.000000 1.08863000e+04
57300.000000 1.07501000e+04
57500.000000 1.06023000e+04
57700.000000 1.04542000e+04
57900.000000 1.03204000e+04
58100.000000 1.01814000e+04
58300.000000 1.00552000e+04
58500.000000 9.93174000e+03
58700.000000 9.78710000e+03
58900.000000 9.61074000e+03
59100.000000 9.48940000e+03
59300.000000 9.41349000e+03
59500.000000 9.25029000e+03
59700.000000 9.17510000e+03
59900.000000 9.05996000e+03
60100.000000 8.92414000e+03
60300.000000 8.83313000e+03
60500.000000 8.72203000e+03
60700.000000 8.59962000e+03
60900.000000 8.48035000e+03
61100.000000 8.35166000e+03
61300.000000 8.28081000e+03
61500.000000 8.18780000e+03
61700.000000 8.08017000e+03
61900.000000 7.97898000e+03
62100.000000 7.88459000e+03
62300.000000 7.74436000e+03
62500.000000 7.67298000e+03
62700.000000 7.58683000e+03
62900.000000 7.49477000e+03
63100.000000 7.37003000e+03
63300.000000 7.32222000e+03
63500.000000 7.23010000e+03
63700.000000 7.13659000e+03
63900.000000 7.05056000e+03
64200.000000 6.92934000e+03
64600.000000 6.75036000e+03
65000.000000 6.58808000e+03
65400.000000 6.44714000e+03
65800.000000 6.29686000e+03
66200.000000 6.14355000e+03
66600.000000 6.00670000e+03
67000.000000 5.86066000e+03
67400.000000 5.72115000e+03
67800.000000 5.59582000e+03
68200.000000 5.47149000e+03
68600.000000 5.34815000e+03
69000.000000 5.22737000e+03
69400.000000 5.10627000e+03
69800.000000 4.99882000e+03
70200.000000 4.87634000e+03
70600.000000 4.77862000e+03
71000.000000 4.67523000e+03
71400.000000 4.57148000e+03
71800.000000 4.47253000e+03
72200.000000 4.37491000e+03
72600.000000 4.28037000e+03
73000.000000 4.19400000e+03
73400.000000 4.09884000e+03
73800.000000 4.01745000e+03
74200.000000 3.92882000e+03
74600.000000 3.82364000e+03
75000.000000 3.75437000e+03
75400.000000 3.68906000e+03
75800.000000 3.61653000e+03
76200.000000 3.54213000e+03
76600.000000 3.47101000e+03
77000.000000 3.39508000e+03
77400.000000 3.33234000e+03
77800.000000 3.26605000e+03
78200.000000 3.20087000e+03
78600.000000 3.13740000e+03
79000.000000 3.07516000e+03
79400.000000 3.01426000e+03
79800.000000 2.95525000e+03
80200.000000 2.89468000e+03
80600.000000 2.83790000e+03
81000.000000 2.78697000e+03
81400.000000 2.72741000e+03
81800.000000 2.67811000e+03
82200.000000 2.63048000e+03
82600.000000 2.57972000e+03
83000.000000 2.53205000e+03
83400.000000 2.48031000e+03
83800.000000 2.43652000e+03
84200.000000 2.39270000e+03
84600.000000 2.34865000e+03
85000.000000 2.30558000e+03
85400.000000 2.26296000e+03
85800.000000 2.22200000e+03
86200.000000 2.18039000e+03
86600.000000 2.14246000e+03
87000.000000 2.10394000e+03
87400.000000 2.06465000e+03
87800.000000 2.02810000e+03
88200.000000 1.99032000e+03
88600.000000 1.95593000e+03
89000.000000 1.92127000e+03
89400.000000 1.88889000e+03
89800.000000 1.85327000e+03
90200.000000 1.82238000e+03
90600.000000 1.79333000e+03
91000.000000 1.76036000e+03
91400.000000 1.73024000e+03
91800.000000 1.70223000e+03
92200.000000 1.67371000e+03
92600.000000 1.64496000e+03
93000.000000 1.61777000e+03
93400.000000 1.58974000e+03
93800.000000 1.56345000e+03
94200.000000 1.53784000e+03
94600.000000 1.51203000e+03
95000.000000 1.48726000e+03
95400.000000 1.46202000e+03
95800.000000 1.43859000e+03
96200.000000 1.41432000e+03
96600.000000 1.39217000e+03
97000.000000 1.37006000e+03
97400.000000 1.34557000e+03
97800.000000 1.32427000e+03
98200.000000 1.30459000e+03
98600.000000 1.28407000e+03
99000.000000 1.26391000e+03
99400.000000 1.24289000e+03
99800.000000 1.22403000e+03
100200.000000 1.20485000e+03
200000.000000 7.75714000e+01
400000.000000 4.84945000e+00
600000.000000 9.51744000e-01
800000.000000 2.99141000e-01
1000000.000000 1.21785000e-01
1200000.000000 5.84088000e-02
1400000.000000 3.13723000e-02
1600000.000000 1.83067000e-02
