# teff = 8000.0
# logg = 5.0
# metallicity = -0.5
# wavelength_unit = angstrom
# flux_unit = erg/cm2/s/A
# units_standardized = True
318.000000 1.76224000e-23
328.000000 2.97471000e-22
338.000000 3.87928000e-22
348.000000 3.13817000e-21
357.000000 1.85097000e-20
366.000000 9.96973000e-20
375.000000 4.92367000e-19
385.000000 2.64632000e-18
395.000000 1.29823000e-17
405.000000 5.85817000e-17
414.000000 2.12826000e-16
422.000000 6.37346000e-16
430.000000 1.82705000e-15
441.000000 7.27110000e-15
451.000000 2.39557000e-14
460.000000 6.67965000e-14
470.000000 1.98683000e-13
480.000000 5.62396000e-13
490.000000 1.52118000e-12
500.000000 3.93697000e-12
506.000000 9.03273000e-12
512.000000 1.74350000e-11
520.000000 3.48308000e-11
530.000000 8.07118000e-11
540.000000 1.77693000e-10
550.000000 3.84214000e-10
560.000000 8.00850000e-10
570.000000 1.62229000e-09
580.000000 3.16166000e-09
590.000000 6.14672000e-09
600.000000 1.15290000e-08
610.000000 2.11398000e-08
620.000000 3.79091000e-08
630.000000 6.65907000e-08
640.000000 1.14730000e-07
650.000000 1.94045000e-07
658.000000 2.91602000e-07
665.000000 4.12522000e-07
675.000000 6.68096000e-07
685.000000 1.06485000e-06
695.000000 1.67156000e-06
705.000000 2.58232000e-06
716.000000 4.11116000e-06
726.000000 6.18055000e-06
735.000000 8.82505000e-06
745.000000 1.29596000e-05
755.000000 1.88105000e-05
765.000000 2.70027000e-05
775.000000 3.83431000e-05
785.000000 5.38985000e-05
795.000000 7.46515000e-05
805.000000 1.03219000e-04
815.000000 1.41107000e-04
825.000000 1.91037000e-04
835.000000 2.56466000e-04
845.000000 3.41487000e-04
855.000000 4.51127000e-04
865.000000 5.91459000e-04
875.000000 7.68983000e-04
885.000000 9.94751000e-04
895.000000 1.27698000e-03
905.000000 1.62628000e-03
915.000000 7.41287000e-01
925.000000 3.43317000e+00
935.000000 4.80616000e+00
945.000000 6.59532000e+00
955.000000 8.98136000e+00
965.000000 1.15148000e+01
975.000000 1.29371000e+01
985.000000 1.73888000e+01
995.000000 2.07299000e+01
1005.000000 2.67177000e+01
1015.000000 3.22479000e+01
1025.000000 3.40709000e+01
1035.000000 4.68334000e+01
1045.000000 5.73154000e+01
1055.000000 6.88150000e+01
1065.000000 8.10605000e+01
1075.000000 9.82422000e+01
1085.000000 1.17852000e+02
1095.000000 1.37235000e+02
1105.000000 3.18624000e+02
1115.000000 8.16503000e+02
1125.000000 1.08525000e+03
1135.000000 1.47937000e+03
1145.000000 1.77496000e+03
1155.000000 1.89256000e+03
1165.000000 2.36559000e+03
1175.000000 2.66538000e+03
1185.000000 2.71663000e+03
1195.000000 1.68285000e+03
1205.000000 1.32442000e+03
1215.000000 3.67638000e+02
1225.000000 1.48859000e+03
1235.000000 3.36882000e+03
1245.000000 5.66373000e+03
1255.000000 8.82968000e+03
1265.000000 9.90235000e+03
1275.000000 1.31054000e+04
1285.000000 1.83687000e+04
1295.000000 2.19120000e+04
1305.000000 2.32449000e+04
1315.000000 2.88294000e+04
1325.000000 3.33764000e+04
1335.000000 3.71820000e+04
1345.000000 4.36305000e+04
1355.000000 4.56850000e+04
1365.000000 5.17875000e+04
1375.000000 5.60882000e+04
1385.000000 5.94467000e+04
1395.000000 6.66876000e+04
1405.000000 7.26827000e+04
1415.000000 7.99472000e+04
1425.000000 8.61907000e+04
1435.000000 8.84074000e+04
1442.000000 1.01953000e+05
1447.000000 1.03261000e+05
1455.000000 1.14607000e+05
1465.000000 1.16221000e+05
1475.000000 1.27023000e+05
1485.000000 1.37532000e+05
1495.000000 1.50902000e+05
1505.000000 1.65084000e+05
1512.000000 1.69880000e+05
1517.000000 1.76620000e+05
1525.000000 1.87699000e+05
1535.000000 2.35258000e+05
1545.000000 2.79585000e+05
1555.000000 2.85193000e+05
1565.000000 2.57303000e+05
1575.000000 3.12683000e+05
1585.000000 3.36672000e+05
1595.000000 3.64242000e+05
1605.000000 3.75834000e+05
1615.000000 4.35354000e+05
1625.000000 5.49952000e+05
1635.000000 1.00508000e+06
1645.000000 2.61550000e+06
1655.000000 2.05982000e+06
1665.000000 5.53103000e+06
1672.000000 4.07066000e+06
1677.000000 7.90235000e+06
1685.000000 1.09066000e+07
1695.000000 7.89630000e+06
1705.000000 1.04075000e+07
1715.000000 1.44084000e+07
1725.000000 1.52053000e+07
1735.000000 1.88726000e+07
1745.000000 1.81460000e+07
1755.000000 2.18673000e+07
1765.000000 1.50717000e+07
1775.000000 2.02760000e+07
1785.000000 2.17000000e+07
1795.000000 2.54928000e+07
1805.000000 2.17317000e+07
1815.000000 2.25656000e+07
1825.000000 2.03859000e+07
1835.000000 2.09542000e+07
1845.000000 1.72714000e+07
1855.000000 1.99793000e+07
1865.000000 2.30962000e+07
1875.000000 2.27851000e+07
1885.000000 2.34304000e+07
1895.000000 2.45014000e+07
1905.000000 2.28216000e+07
1915.000000 2.54089000e+07
1925.000000 2.52747000e+07
1935.000000 1.99683000e+07
1945.000000 2.69983000e+07
1955.000000 2.73536000e+07
1967.000000 2.96596000e+07
1976.000000 2.86838000e+07
1984.000000 2.75102000e+07
1995.000000 2.72483000e+07
2005.000000 2.50898000e+07
2015.000000 2.59697000e+07
2025.000000 2.32094000e+07
2035.000000 2.69828000e+07
2045.000000 2.92283000e+07
2055.000000 2.83344000e+07
2065.000000 2.75111000e+07
2074.000000 3.09749000e+07
2078.000000 3.20144000e+07
2085.000000 3.11542000e+07
2095.000000 2.95219000e+07
2105.000000 2.78154000e+07
2115.000000 2.88222000e+07
2125.000000 2.94676000e+07
2135.000000 2.46251000e+07
2145.000000 2.88715000e+07
2155.000000 2.84265000e+07
2165.000000 2.62492000e+07
2175.000000 2.59909000e+07
2185.000000 2.80750000e+07
2195.000000 3.04283000e+07
2205.000000 2.89271000e+07
2215.000000 2.59821000e+07
2225.000000 2.65397000e+07
2235.000000 3.08399000e+07
2245.000000 2.76185000e+07
2255.000000 2.60131000e+07
2265.000000 2.52985000e+07
2275.000000 2.73491000e+07
2285.000000 2.90122000e+07
2295.000000 2.62701000e+07
2305.000000 2.75806000e+07
2315.000000 2.74195000e+07
2325.000000 2.69569000e+07
2335.000000 2.49120000e+07
2345.000000 2.08868000e+07
2355.000000 2.73043000e+07
2365.000000 2.22129000e+07
2375.000000 2.50417000e+07
2385.000000 1.96828000e+07
2395.000000 2.22483000e+07
2405.000000 2.17706000e+07
2415.000000 2.17800000e+07
2425.000000 2.56405000e+07
2435.000000 2.44391000e+07
2445.000000 2.65335000e+07
2455.000000 2.61953000e+07
2465.000000 2.66026000e+07
2475.000000 2.43924000e+07
2485.000000 2.43996000e+07
2495.000000 2.32143000e+07
2505.000000 2.79835000e+07
2513.000000 2.37766000e+07
2518.000000 2.33923000e+07
2525.000000 2.16490000e+07
2535.000000 2.08630000e+07
2545.000000 1.95914000e+07
2555.000000 2.18004000e+07
2565.000000 2.22995000e+07
2575.000000 2.57896000e+07
2585.000000 2.63719000e+07
2595.000000 2.59721000e+07
2605.000000 2.45823000e+07
2615.000000 2.32784000e+07
2625.000000 2.71035000e+07
2635.000000 2.75514000e+07
2645.000000 3.19174000e+07
2655.000000 3.26245000e+07
2665.000000 2.85445000e+07
2675.000000 3.04848000e+07
2685.000000 3.12520000e+07
2695.000000 2.80323000e+07
2705.000000 2.93134000e+07
2715.000000 2.68134000e+07
2725.000000 2.72663000e+07
2735.000000 2.96101000e+07
2745.000000 2.36151000e+07
2755.000000 2.52239000e+07
2765.000000 2.69887000e+07
2775.000000 2.92269000e+07
2785.000000 2.69561000e+07
2795.000000 1.51087000e+07
2805.000000 1.86751000e+07
2815.000000 3.08829000e+07
2825.000000 3.17311000e+07
2835.000000 3.05214000e+07
2845.000000 2.89011000e+07
2855.000000 2.57595000e+07
2865.000000 3.00398000e+07
2875.000000 2.96639000e+07
2885.000000 3.00316000e+07
2895.000000 2.89803000e+07
2910.000000 3.26173000e+07
2930.000000 3.10743000e+07
2950.000000 3.07925000e+07
2970.000000 3.15955000e+07
2990.000000 3.15257000e+07
3010.000000 3.17647000e+07
3030.000000 3.16779000e+07
3050.000000 3.17336000e+07
3070.000000 3.19618000e+07
3090.000000 3.20339000e+07
3110.000000 3.14351000e+07
3130.000000 3.13773000e+07
3150.000000 3.19604000e+07
3170.000000 3.17991000e+07
3190.000000 3.00296000e+07
3210.000000 3.06854000e+07
3230.000000 2.93659000e+07
3250.000000 3.04672000e+07
3270.000000 3.12238000e+07
3290.000000 3.13437000e+07
3310.000000 3.16256000e+07
3330.000000 3.09537000e+07
3350.000000 3.05533000e+07
3370.000000 3.01748000e+07
3390.000000 3.01322000e+07
3410.000000 3.01407000e+07
3430.000000 3.02779000e+07
3450.000000 3.00228000e+07
3470.000000 2.97638000e+07
3490.000000 2.98093000e+07
3510.000000 3.01094000e+07
3530.000000 2.97144000e+07
3550.000000 3.02968000e+07
3570.000000 2.91321000e+07
3590.000000 2.88587000e+07
3610.000000 2.89107000e+07
3630.000000 2.90847000e+07
3640.000000 2.88029000e+07
3650.000000 2.97962000e+07
3670.000000 2.96513000e+07
3690.000000 2.87470000e+07
3710.000000 2.83393000e+07
3730.000000 2.67452000e+07
3750.000000 3.02134000e+07
3770.000000 3.13382000e+07
3790.000000 3.66236000e+07
3810.000000 4.16253000e+07
3830.000000 3.36026000e+07
3850.000000 4.54820000e+07
3870.000000 5.01119000e+07
3890.000000 3.15383000e+07
3910.000000 5.02993000e+07
3930.000000 4.70689000e+07
3950.000000 5.03457000e+07
3970.000000 2.99860000e+07
3990.000000 4.97081000e+07
4010.000000 5.58788000e+07
4030.000000 5.63949000e+07
4050.000000 5.56119000e+07
4070.000000 5.25969000e+07
4090.000000 4.26295000e+07
4110.000000 3.37074000e+07
4130.000000 5.07529000e+07
4150.000000 5.36751000e+07
4170.000000 5.43053000e+07
4190.000000 5.35499000e+07
4210.000000 5.35185000e+07
4230.000000 5.21672000e+07
4250.000000 5.23823000e+07
4270.000000 5.12791000e+07
4290.000000 5.06138000e+07
4310.000000 4.67076000e+07
4330.000000 3.71246000e+07
4350.000000 3.22009000e+07
4370.000000 4.68364000e+07
4390.000000 4.87290000e+07
4410.000000 4.87142000e+07
4430.000000 4.84846000e+07
4450.000000 4.86528000e+07
4470.000000 4.84070000e+07
4490.000000 4.80290000e+07
4510.000000 4.84078000e+07
4530.000000 4.73168000e+07
4550.000000 4.67434000e+07
4570.000000 4.72731000e+07
4590.000000 4.63650000e+07
4610.000000 4.65361000e+07
4630.000000 4.57255000e+07
4650.000000 4.56675000e+07
4670.000000 4.54793000e+07
4690.000000 4.43523000e+07
4710.000000 4.28845000e+07
4730.000000 4.41055000e+07
4750.000000 4.37599000e+07
4770.000000 4.32232000e+07
4790.000000 4.25379000e+07
4810.000000 4.15270000e+07
4830.000000 3.92573000e+07
4850.000000 3.13411000e+07
4870.000000 2.58058000e+07
4890.000000 3.70048000e+07
4910.000000 3.93386000e+07
4930.000000 3.92991000e+07
4950.000000 3.96817000e+07
4970.000000 3.98648000e+07
4990.000000 3.90466000e+07
5010.000000 3.82672000e+07
5030.000000 3.87615000e+07
5050.000000 3.82247000e+07
5070.000000 3.83209000e+07
5090.000000 3.78880000e+07
5110.000000 3.77276000e+07
5130.000000 3.72021000e+07
5150.000000 3.66254000e+07
5170.000000 3.56308000e+07
5190.000000 3.54588000e+07
5210.000000 3.55993000e+07
5230.000000 3.52518000e+07
5250.000000 3.56015000e+07
5270.000000 3.42032000e+07
5290.000000 3.48794000e+07
5310.000000 3.45503000e+07
5330.000000 3.36431000e+07
5350.000000 3.40317000e+07
5370.000000 3.35553000e+07
5390.000000 3.33287000e+07
5410.000000 3.27442000e+07
5430.000000 3.27833000e+07
5450.000000 3.25926000e+07
5470.000000 3.23408000e+07
5490.000000 3.21781000e+07
5510.000000 3.19884000e+07
5530.000000 3.15948000e+07
5550.000000 3.15216000e+07
5570.000000 3.10686000e+07
5590.000000 3.07273000e+07
5610.000000 3.05924000e+07
5630.000000 3.05097000e+07
5650.000000 3.02587000e+07
5670.000000 2.99050000e+07
5690.000000 2.97545000e+07
5710.000000 2.94840000e+07
5730.000000 2.94094000e+07
5750.000000 2.90775000e+07
5770.000000 2.88876000e+07
5790.000000 2.86367000e+07
5810.000000 2.84377000e+07
5830.000000 2.82351000e+07
5850.000000 2.79488000e+07
5870.000000 2.77346000e+07
5890.000000 2.71948000e+07
5910.000000 2.73001000e+07
5930.000000 2.70905000e+07
5950.000000 2.68832000e+07
5970.000000 2.66780000e+07
5990.000000 2.64403000e+07
6010.000000 2.61864000e+07
6030.000000 2.59839000e+07
6050.000000 2.58382000e+07
6070.000000 2.56651000e+07
6090.000000 2.54298000e+07
6110.000000 2.52000000e+07
6130.000000 2.48493000e+07
6150.000000 2.46452000e+07
6170.000000 2.44094000e+07
6190.000000 2.44545000e+07
6210.000000 2.42758000e+07
6230.000000 2.40085000e+07
6250.000000 2.36738000e+07
6270.000000 2.37156000e+07
6290.000000 2.35374000e+07
6310.000000 2.32702000e+07
6330.000000 2.31187000e+07
6350.000000 2.28686000e+07
6370.000000 2.27095000e+07
6390.000000 2.25749000e+07
6410.000000 2.22912000e+07
6430.000000 2.21610000e+07
6450.000000 2.18327000e+07
6470.000000 2.16835000e+07
6490.000000 2.13408000e+07
6510.000000 2.10116000e+07
6530.000000 2.01595000e+07
6550.000000 1.74971000e+07
6570.000000 1.42776000e+07
6590.000000 1.89848000e+07
6610.000000 2.00496000e+07
6630.000000 2.02888000e+07
6650.000000 2.02930000e+07
6670.000000 2.01969000e+07
6690.000000 2.01184000e+07
6710.000000 1.99794000e+07
6730.000000 1.98517000e+07
6750.000000 1.96912000e+07
6770.000000 1.96005000e+07
6790.000000 1.94525000e+07
6810.000000 1.93043000e+07
6830.000000 1.91567000e+07
6850.000000 1.90025000e+07
6870.000000 1.88848000e+07
6890.000000 1.87499000e+07
6910.000000 1.86100000e+07
6930.000000 1.84690000e+07
6950.000000 1.83371000e+07
6970.000000 1.82002000e+07
6990.000000 1.80739000e+07
7010.000000 1.78904000e+07
7030.000000 1.77849000e+07
7050.000000 1.76751000e+07
7070.000000 1.75473000e+07
7090.000000 1.74222000e+07
7110.000000 1.71597000e+07
7130.000000 1.71295000e+07
7150.000000 1.70087000e+07
7170.000000 1.68854000e+07
7190.000000 1.67457000e+07
7210.000000 1.66464000e+07
7230.000000 1.65364000e+07
7250.000000 1.64123000e+07
7270.000000 1.63157000e+07
7290.000000 1.61512000e+07
7310.000000 1.60700000e+07
7330.000000 1.59445000e+07
7350.000000 1.58600000e+07
7370.000000 1.57490000e+07
7390.000000 1.56032000e+07
7410.000000 1.54505000e+07
7430.000000 1.53572000e+07
7450.000000 1.52708000e+07
7470.000000 1.51439000e+07
7490.000000 1.50329000e+07
7510.000000 1.49603000e+07
7530.000000 1.48670000e+07
7550.000000 1.47810000e+07
7570.000000 1.46688000e+07
7590.000000 1.45681000e+07
7610.000000 1.44643000e+07
7630.000000 1.43666000e+07
7650.000000 1.42587000e+07
7670.000000 1.41211000e+07
7690.000000 1.40464000e+07
7710.000000 1.39483000e+07
7730.000000 1.38756000e+07
7750.000000 1.37595000e+07
7770.000000 1.34972000e+07
7790.000000 1.35975000e+07
7810.000000 1.34977000e+07
7830.000000 1.33796000e+07
7850.000000 1.32798000e+07
7870.000000 1.31911000e+07
7890.000000 1.30970000e+07
7910.000000 1.30164000e+07
7930.000000 1.28910000e+07
7950.000000 1.28113000e+07
7970.000000 1.27809000e+07
7990.000000 1.26615000e+07
8010.000000 1.25919000e+07
8030.000000 1.25047000e+07
8050.000000 1.24240000e+07
8070.000000 1.23463000e+07
8090.000000 1.22543000e+07
8110.000000 1.21876000e+07
8130.000000 1.21123000e+07
8150.000000 1.20297000e+07
8170.000000 1.19483000e+07
8190.000000 1.17704000e+07
8210.000000 1.17439000e+07
8230.000000 1.16529000e+07
8250.000000 1.15887000e+07
8270.000000 1.15757000e+07
8290.000000 1.14980000e+07
8310.000000 1.14089000e+07
8330.000000 1.12651000e+07
8350.000000 1.12718000e+07
8370.000000 1.12120000e+07
8390.000000 1.11137000e+07
8410.000000 1.10636000e+07
8430.000000 1.09777000e+07
8450.000000 1.08219000e+07
8470.000000 1.07992000e+07
8490.000000 1.07562000e+07
8510.000000 1.04607000e+07
8530.000000 1.06224000e+07
8550.000000 9.95748000e+06
8570.000000 1.05543000e+07
8590.000000 1.02550000e+07
8610.000000 1.01322000e+07
8630.000000 1.04075000e+07
8650.000000 1.01666000e+07
8670.000000 9.20663000e+06
8690.000000 1.00757000e+07
8710.000000 1.02480000e+07
8730.000000 9.97966000e+06
8750.000000 8.80926000e+06
8770.000000 9.66793000e+06
8790.000000 1.00482000e+07
8810.000000 1.00172000e+07
8830.000000 9.83366000e+06
8850.000000 9.12212000e+06
8870.000000 8.17748000e+06
8890.000000 9.47352000e+06
8910.000000 9.73759000e+06
8930.000000 9.76441000e+06
8950.000000 9.76738000e+06
8970.000000 9.59792000e+06
8990.000000 9.20054000e+06
9010.000000 7.76476000e+06
9030.000000 8.31900000e+06
9050.000000 9.16726000e+06
9070.000000 9.24182000e+06
9090.000000 9.18798000e+06
9110.000000 9.32653000e+06
9130.000000 9.34447000e+06
9150.000000 9.27036000e+06
9170.000000 9.13275000e+06
9190.000000 8.89321000e+06
9210.000000 8.30745000e+06
9230.000000 6.84537000e+06
9250.000000 8.04731000e+06
9270.000000 8.55931000e+06
9290.000000 8.79619000e+06
9310.000000 8.83494000e+06
9330.000000 8.81917000e+06
9350.000000 8.79010000e+06
9370.000000 8.75004000e+06
9390.000000 8.68589000e+06
9410.000000 8.45160000e+06
9430.000000 8.54203000e+06
9450.000000 8.48314000e+06
9470.000000 8.40785000e+06
9490.000000 8.26997000e+06
9510.000000 8.01278000e+06
9530.000000 7.41505000e+06
9550.000000 6.17621000e+06
9570.000000 7.44821000e+06
9590.000000 7.86614000e+06
9610.000000 7.95662000e+06
9630.000000 7.95286000e+06
9650.000000 7.99719000e+06
9670.000000 7.91782000e+06
9690.000000 7.92328000e+06
9710.000000 7.91705000e+06
9730.000000 7.87299000e+06
9750.000000 7.80902000e+06
9770.000000 7.78735000e+06
9790.000000 7.74613000e+06
9810.000000 7.70205000e+06
9830.000000 7.64579000e+06
9850.000000 7.58720000e+06
9870.000000 7.53638000e+06
9890.000000 7.46048000e+06
9910.000000 7.42886000e+06
9930.000000 7.38406000e+06
9950.000000 7.32511000e+06
9970.000000 7.24875000e+06
9990.000000 7.13218000e+06
10025.000000 6.49470000e+06
10075.000000 6.19621000e+06
10125.000000 6.87050000e+06
10175.000000 6.87519000e+06
10225.000000 6.81316000e+06
10275.000000 6.73452000e+06
10325.000000 6.63270000e+06
10375.000000 6.54268000e+06
10425.000000 6.45234000e+06
10475.000000 6.31982000e+06
10525.000000 6.26331000e+06
10575.000000 6.17155000e+06
10625.000000 6.08190000e+06
10675.000000 5.90935000e+06
10725.000000 5.87665000e+06
10775.000000 5.79953000e+06
10825.000000 5.67920000e+06
10875.000000 5.49586000e+06
10925.000000 4.67741000e+06
10975.000000 5.06307000e+06
11025.000000 5.35570000e+06
11075.000000 5.35782000e+06
11125.000000 5.29851000e+06
11175.000000 5.23883000e+06
11225.000000 5.17881000e+06
11275.000000 5.06541000e+06
11325.000000 5.00022000e+06
11375.000000 4.96247000e+06
11425.000000 4.88450000e+06
11475.000000 4.84689000e+06
11525.000000 4.78536000e+06
11575.000000 4.72048000e+06
11625.000000 4.62923000e+06
11675.000000 4.54876000e+06
11725.000000 4.54238000e+06
11775.000000 4.41830000e+06
11825.000000 4.39341000e+06
11875.000000 4.32523000e+06
11925.000000 4.31553000e+06
11975.000000 4.22229000e+06
12025.000000 4.18960000e+06
12075.000000 4.12888000e+06
12125.000000 4.08516000e+06
12175.000000 4.04608000e+06
12225.000000 3.99339000e+06
12275.000000 3.93517000e+06
12325.000000 3.89116000e+06
12375.000000 3.84477000e+06
12425.000000 3.80047000e+06
12475.000000 3.75142000e+06
12525.000000 3.70064000e+06
12575.000000 3.63768000e+06
12625.000000 3.59049000e+06
12675.000000 3.54275000e+06
12725.000000 3.46192000e+06
12775.000000 3.26775000e+06
12825.000000 2.78240000e+06
12875.000000 3.22468000e+06
12925.000000 3.30352000e+06
12975.000000 3.29645000e+06
13025.000000 3.26831000e+06
13075.000000 3.23653000e+06
13125.000000 3.19748000e+06
13175.000000 3.15590000e+06
13225.000000 3.12842000e+06
13275.000000 3.08972000e+06
13325.000000 3.05448000e+06
13375.000000 3.01778000e+06
13425.000000 2.98322000e+06
13475.000000 2.94826000e+06
13525.000000 2.91003000e+06
13575.000000 2.87473000e+06
13625.000000 2.84575000e+06
13675.000000 2.81108000e+06
13725.000000 2.76484000e+06
13775.000000 2.74322000e+06
13825.000000 2.71217000e+06
13875.000000 2.68621000e+06
13925.000000 2.65024000e+06
13975.000000 2.62224000e+06
14025.000000 2.59190000e+06
14075.000000 2.56458000e+06
14125.000000 2.53210000e+06
14175.000000 2.50621000e+06
14225.000000 2.47391000e+06
14275.000000 2.44404000e+06
14325.000000 2.42150000e+06
14375.000000 2.39575000e+06
14425.000000 2.33518000e+06
14475.000000 2.34083000e+06
14525.000000 2.29867000e+06
14570.000000 2.28893000e+06
14620.000000 2.26044000e+06
14675.000000 2.23793000e+06
14725.000000 2.21024000e+06
14775.000000 2.18081000e+06
14825.000000 2.16133000e+06
14875.000000 2.12571000e+06
14925.000000 2.12147000e+06
14975.000000 2.09540000e+06
15025.000000 2.06178000e+06
15075.000000 2.04283000e+06
15125.000000 2.02984000e+06
15175.000000 2.00830000e+06
15225.000000 1.98424000e+06
15275.000000 1.96336000e+06
15325.000000 1.94175000e+06
15375.000000 1.92070000e+06
15425.000000 1.89259000e+06
15475.000000 1.87723000e+06
15525.000000 1.85750000e+06
15575.000000 1.83022000e+06
15625.000000 1.82331000e+06
15675.000000 1.78977000e+06
15725.000000 1.76271000e+06
15775.000000 1.75489000e+06
15825.000000 1.74096000e+06
15875.000000 1.67305000e+06
15925.000000 1.69346000e+06
15975.000000 1.69439000e+06
16050.000000 1.64818000e+06
16150.000000 1.58363000e+06
16250.000000 1.60828000e+06
16350.000000 1.53117000e+06
16450.000000 1.45456000e+06
16550.000000 1.51213000e+06
16650.000000 1.48247000e+06
16750.000000 1.38667000e+06
16850.000000 1.30562000e+06
16950.000000 1.38745000e+06
17050.000000 1.36694000e+06
17150.000000 1.33786000e+06
17250.000000 1.28568000e+06
17350.000000 1.13097000e+06
17450.000000 1.21009000e+06
17550.000000 1.22436000e+06
17650.000000 1.20453000e+06
17750.000000 1.18371000e+06
17850.000000 1.15853000e+06
17950.000000 1.13350000e+06
18050.000000 1.09312000e+06
18150.000000 9.62195000e+05
18250.000000 1.01380000e+06
18350.000000 1.03764000e+06
18450.000000 1.02206000e+06
18550.000000 9.99317000e+05
18650.000000 9.61789000e+05
18750.000000 8.36309000e+05
18850.000000 9.17961000e+05
18950.000000 9.19429000e+05
19050.000000 9.10487000e+05
19150.000000 8.92651000e+05
19250.000000 8.71781000e+05
19350.000000 8.35919000e+05
19450.000000 7.33746000e+05
19550.000000 8.04670000e+05
19650.000000 8.08170000e+05
19750.000000 7.95448000e+05
19850.000000 7.84031000e+05
19950.000000 7.69612000e+05
20050.000000 7.55769000e+05
20150.000000 7.42209000e+05
20250.000000 7.28052000e+05
20350.000000 7.14091000e+05
20450.000000 7.02305000e+05
20550.000000 6.89537000e+05
20650.000000 6.76081000e+05
20750.000000 6.64584000e+05
20850.000000 6.52912000e+05
20950.000000 6.40720000e+05
21050.000000 6.29690000e+05
21150.000000 6.17745000e+05
21250.000000 6.06421000e+05
21350.000000 5.94911000e+05
21450.000000 5.82859000e+05
21550.000000 5.62333000e+05
21650.000000 4.96187000e+05
21750.000000 5.36796000e+05
21850.000000 5.42350000e+05
21950.000000 5.36809000e+05
22050.000000 5.28201000e+05
22150.000000 5.19649000e+05
22250.000000 5.11785000e+05
22350.000000 5.03211000e+05
22450.000000 4.94851000e+05
22550.000000 4.85693000e+05
22650.000000 4.78374000e+05
22750.000000 4.70575000e+05
22850.000000 4.62727000e+05
22950.000000 4.55213000e+05
23050.000000 4.48251000e+05
23150.000000 4.40914000e+05
23250.000000 4.34001000e+05
23350.000000 4.26933000e+05
23450.000000 4.20299000e+05
23550.000000 4.13640000e+05
23650.000000 4.07165000e+05
23750.000000 4.00585000e+05
23850.000000 3.94265000e+05
23950.000000 3.88267000e+05
24050.000000 3.82166000e+05
24150.000000 3.76205000e+05
24250.000000 3.70469000e+05
24350.000000 3.64637000e+05
24450.000000 3.59127000e+05
24550.000000 3.53338000e+05
24650.000000 3.48139000e+05
24750.000000 3.42773000e+05
24850.000000 3.37110000e+05
24950.000000 3.31974000e+05
25050.000000 3.27762000e+05
25150.000000 3.22767000e+05
25250.000000 3.16894000e+05
25350.000000 3.13092000e+05
25450.000000 3.08810000e+05
25550.000000 3.03443000e+05
25650.000000 2.96999000e+05
25750.000000 2.94759000e+05
25850.000000 2.90538000e+05
25950.000000 2.86261000e+05
26050.000000 2.79293000e+05
26150.000000 2.68688000e+05
26250.000000 2.44382000e+05
26350.000000 2.62649000e+05
26450.000000 2.65261000e+05
26550.000000 2.62491000e+05
26650.000000 2.57130000e+05
26750.000000 2.48041000e+05
26850.000000 2.50445000e+05
26950.000000 2.49036000e+05
27050.000000 2.46024000e+05
27150.000000 2.42804000e+05
27250.000000 2.39392000e+05
27350.000000 2.35686000e+05
27450.000000 2.30867000e+05
27550.000000 2.19202000e+05
27650.000000 2.20418000e+05
27750.000000 2.22287000e+05
27850.000000 2.20295000e+05
27950.000000 2.17704000e+05
28050.000000 2.15149000e+05
28150.000000 2.12254000e+05
28250.000000 2.09394000e+05
28350.000000 2.06317000e+05
28450.000000 2.03002000e+05
28550.000000 1.99406000e+05
28650.000000 1.92509000e+05
28750.000000 1.82617000e+05
28850.000000 1.89980000e+05
28950.000000 1.89614000e+05
29050.000000 1.87748000e+05
29150.000000 1.85598000e+05
29250.000000 1.83283000e+05
29350.000000 1.81004000e+05
29450.000000 1.78643000e+05
29550.000000 1.76366000e+05
29650.000000 1.74111000e+05
29750.000000 1.71866000e+05
29850.000000 1.69680000e+05
29950.000000 1.67445000e+05
30050.000000 1.64997000e+05
30150.000000 1.62446000e+05
30250.000000 1.58977000e+05
30350.000000 1.48770000e+05
30450.000000 1.49623000e+05
30550.000000 1.53493000e+05
30650.000000 1.52649000e+05
30750.000000 1.51200000e+05
30850.000000 1.49433000e+05
30950.000000 1.47655000e+05
31050.000000 1.45842000e+05
31150.000000 1.43843000e+05
31250.000000 1.42276000e+05
31350.000000 1.40573000e+05
31450.000000 1.38835000e+05
31550.000000 1.37180000e+05
31650.000000 1.35604000e+05
31750.000000 1.33888000e+05
31850.000000 1.32357000e+05
31950.000000 1.30777000e+05
32100.000000 1.28425000e+05
32300.000000 1.25424000e+05
32500.000000 1.22447000e+05
32700.000000 1.19006000e+05
32900.000000 1.10150000e+05
33100.000000 1.11574000e+05
33300.000000 1.11049000e+05
33500.000000 1.08791000e+05
33700.000000 1.06276000e+05
33900.000000 1.03937000e+05
34100.000000 1.01636000e+05
34300.000000 9.94427000e+04
34500.000000 9.72992000e+04
34700.000000 9.51546000e+04
34900.000000 9.30898000e+04
35100.000000 9.10718000e+04
35300.000000 8.90964000e+04
35500.000000 8.71896000e+04
35700.000000 8.53079000e+04
35900.000000 8.35036000e+04
36100.000000 8.17368000e+04
36300.000000 8.00267000e+04
36500.000000 7.83122000e+04
36700.000000 7.66750000e+04
36900.000000 7.49469000e+04
37100.000000 7.33062000e+04
37300.000000 6.97468000e+04
37500.000000 6.77216000e+04
37700.000000 6.89266000e+04
37900.000000 6.77264000e+04
38100.000000 6.62827000e+04
38300.000000 6.50016000e+04
38500.000000 6.38324000e+04
38700.000000 6.25380000e+04
38900.000000 6.12418000e+04
39100.000000 5.98332000e+04
39300.000000 5.89355000e+04
39500.000000 5.78404000e+04
39700.000000 5.67380000e+04
39900.000000 5.55483000e+04
40100.000000 5.42014000e+04
40300.000000 5.29596000e+04
40500.000000 4.98654000e+04
40700.000000 5.11823000e+04
40900.000000 5.05298000e+04
41100.000000 4.97159000e+04
41300.000000 4.87584000e+04
41500.000000 4.76596000e+04
41700.000000 4.61311000e+04
41900.000000 4.58935000e+04
42100.000000 4.52268000e+04
42300.000000 4.44822000e+04
42500.000000 4.36745000e+04
42700.000000 4.28903000e+04
42900.000000 4.21208000e+04
43100.000000 4.13678000e+04
43300.000000 4.06229000e+04
43500.000000 3.97604000e+04
43700.000000 3.82551000e+04
43900.000000 3.80481000e+04
44100.000000 3.77619000e+04
44300.000000 3.71798000e+04
44500.000000 3.65400000e+04
44700.000000 3.59593000e+04
44900.000000 3.53462000e+04
45100.000000 3.47445000e+04
45300.000000 3.41465000e+04
45500.000000 3.35667000e+04
45700.000000 3.29399000e+04
45900.000000 3.23709000e+04
46100.000000 3.18017000e+04
46300.000000 3.11198000e+04
46500.000000 2.91400000e+04
46700.000000 2.90844000e+04
46900.000000 2.94877000e+04
47100.000000 2.92412000e+04
47300.000000 2.88092000e+04
47500.000000 2.83818000e+04
47700.000000 2.79423000e+04
47900.000000 2.74960000e+04
48100.000000 2.70529000e+04
48300.000000 2.66210000e+04
48500.000000 2.61953000e+04
48700.000000 2.57788000e+04
48900.000000 2.53715000e+04
49100.000000 2.49683000e+04
49300.000000 2.45801000e+04
49500.000000 2.41928000e+04
49700.000000 2.38185000e+04
49900.000000 2.34494000e+04
50100.000000 2.30855000e+04
50300.000000 2.27295000e+04
50500.000000 2.23829000e+04
50700.000000 2.20249000e+04
50900.000000 2.16355000e+04
51100.000000 2.11534000e+04
51300.000000 2.01542000e+04
51500.000000 2.05690000e+04
51700.000000 2.03665000e+04
51900.000000 2.01147000e+04
52100.000000 1.98190000e+04
52300.000000 1.95273000e+04
52500.000000 1.92393000e+04
52700.000000 1.89566000e+04
52900.000000 1.86789000e+04
53100.000000 1.84062000e+04
53300.000000 1.81383000e+04
53500.000000 1.78753000e+04
53700.000000 1.75974000e+04
53900.000000 1.73490000e+04
54100.000000 1.71155000e+04
54300.000000 1.68682000e+04
54500.000000 1.66292000e+04
54700.000000 1.63895000e+04
54900.000000 1.61603000e+04
55100.000000 1.59154000e+04
55300.000000 1.56650000e+04
55500.000000 1.54887000e+04
55700.000000 1.52732000e+04
55900.000000 1.50580000e+04
56100.000000 1.48527000e+04
56300.000000 1.46475000e+04
56500.000000 1.44484000e+04
56700.000000 1.42494000e+04
56900.000000 1.40377000e+04
57100.000000 1.37986000e+04
57300.000000 1.36508000e+04
57500.000000 1.34910000e+04
57700.000000 1.33083000e+04
57900.000000 1.31300000e+04
58100.000000 1.29538000e+04
58300.000000 1.27819000e+04
58500.000000 1.26110000e+04
58700.000000 1.24137000e+04
58900.000000 1.21493000e+04
59100.000000 1.15689000e+04
59300.000000 1.18574000e+04
59500.000000 1.16969000e+04
59700.000000 1.15870000e+04
59900.000000 1.14803000e+04
60100.000000 1.13550000e+04
60300.000000 1.12115000e+04
60500.000000 1.10675000e+04
60700.000000 1.09241000e+04
60900.000000 1.07834000e+04
61100.000000 1.06433000e+04
61300.000000 1.05118000e+04
61500.000000 1.03798000e+04
61700.000000 1.02483000e+04
61900.000000 1.01192000e+04
62100.000000 9.99262000e+03
62300.000000 9.86354000e+03
62500.000000 9.73300000e+03
62700.000000 9.57815000e+03
62900.000000 9.36403000e+03
63100.000000 9.32984000e+03
63300.000000 9.25603000e+03
63500.000000 9.15596000e+03
63700.000000 9.04470000e+03
63900.000000 8.93457000e+03
64200.000000 8.77275000e+03
64600.000000 8.56135000e+03
65000.000000 8.35635000e+03
65400.000000 8.15897000e+03
65800.000000 7.96592000e+03
66200.000000 7.77926000e+03
66600.000000 7.59776000e+03
67000.000000 7.42104000e+03
67400.000000 7.22160000e+03
67800.000000 6.97928000e+03
68200.000000 6.91402000e+03
68600.000000 6.76518000e+03
69000.000000 6.61259000e+03
69400.000000 6.46438000e+03
69800.000000 6.32037000e+03
70200.000000 6.17998000e+03
70600.000000 6.04386000e+03
71000.000000 5.91191000e+03
71400.000000 5.78275000e+03
71800.000000 5.65726000e+03
72200.000000 5.53418000e+03
72600.000000 5.41619000e+03
73000.000000 5.30122000e+03
73400.000000 5.18821000e+03
73800.000000 5.07873000e+03
74200.000000 4.95624000e+03
74600.000000 4.71626000e+03
75000.000000 4.59134000e+03
75400.000000 4.63686000e+03
75800.000000 4.56988000e+03
76200.000000 4.47908000e+03
76600.000000 4.38812000e+03
77000.000000 4.29932000e+03
77400.000000 4.21267000e+03
77800.000000 4.12247000e+03
78200.000000 4.04585000e+03
78600.000000 3.96556000e+03
79000.000000 3.88724000e+03
79400.000000 3.81082000e+03
79800.000000 3.73627000e+03
80200.000000 3.66354000e+03
80600.000000 3.59242000e+03
81000.000000 3.52332000e+03
81400.000000 3.44773000e+03
81800.000000 3.38532000e+03
82200.000000 3.32536000e+03
82600.000000 3.26247000e+03
83000.000000 3.20102000e+03
83400.000000 3.14077000e+03
83800.000000 3.08210000e+03
84200.000000 3.02504000e+03
84600.000000 2.96934000e+03
85000.000000 2.91476000e+03
85400.000000 2.86139000e+03
85800.000000 2.80918000e+03
86200.000000 2.75655000e+03
86600.000000 2.69327000e+03
87000.000000 2.65264000e+03
87400.000000 2.57505000e+03
87800.000000 2.52945000e+03
88200.000000 2.51906000e+03
88600.000000 2.47539000e+03
89000.000000 2.43188000e+03
89400.000000 2.38943000e+03
89800.000000 2.34763000e+03
90200.000000 2.30704000e+03
90600.000000 2.26716000e+03
91000.000000 2.22808000e+03
91400.000000 2.18986000e+03
91800.000000 2.15258000e+03
92200.000000 2.11604000e+03
92600.000000 2.08022000e+03
93000.000000 2.04516000e+03
93400.000000 2.00954000e+03
93800.000000 1.96003000e+03
94200.000000 1.93679000e+03
94600.000000 1.91211000e+03
95000.000000 1.88060000e+03
95400.000000 1.84955000e+03
95800.000000 1.81944000e+03
96200.000000 1.78973000e+03
96600.000000 1.76072000e+03
97000.000000 1.73226000e+03
97400.000000 1.70424000e+03
97800.000000 1.67702000e+03
98200.000000 1.65014000e+03
98600.000000 1.62395000e+03
99000.000000 1.59825000e+03
99400.000000 1.57302000e+03
99800.000000 1.54825000e+03
100200.000000 1.52402000e+03
200000.000000 9.82416000e+01
400000.000000 6.15011000e+00
600000.000000 1.20773000e+00
800000.000000 3.79755000e-01
1000000.000000 1.54655000e-01
1200000.000000 7.42000000e-02
1400000.000000 3.98699000e-02
1600000.000000 2.32778000e-02
