# teff = 4000.0
# logg = 4.0
# metallicity = 0.5
# wavelength_unit = angstrom
# flux_unit = erg/cm2/s/A
# units_standardized = True
147.200000 1.09302000e-144
151.000000 9.48358000e-141
155.200000 1.26823000e-136
158.800000 2.91001000e-133
162.000000 2.11103000e-130
166.000000 5.53884000e-127
170.300000 1.72815000e-123
173.400000 4.44294000e-121
176.800000 1.55834000e-118
180.200000 4.36942000e-116
181.700000 4.90668000e-115
186.100000 4.71243000e-112
191.000000 6.76948000e-109
193.900000 4.18902000e-107
198.400000 1.98239000e-104
201.800000 1.73345000e-102
205.000000 1.01701000e-100
210.500000 8.26998000e-98
216.200000 5.95845000e-95
219.800000 3.18027000e-93
223.000000 9.76047000e-92
226.800000 5.01725000e-90
230.000000 1.25090000e-88
234.000000 6.13104000e-87
240.000000 1.64322000e-84
246.500000 5.13873000e-82
252.400000 7.28790000e-80
256.800000 2.52220000e-78
260.000000 3.07519000e-77
264.000000 6.42369000e-76
268.500000 1.75436000e-74
273.500000 6.07282000e-73
278.500000 1.84891000e-71
284.000000 6.86844000e-70
290.000000 3.01970000e-68
296.000000 1.13329000e-66
301.000000 2.07906000e-65
308.000000 1.03848000e-63
318.000000 2.04067000e-61
328.000000 2.88381000e-59
338.000000 3.01541000e-57
348.000000 2.39827000e-55
357.000000 9.91860000e-54
366.000000 3.40405000e-52
375.000000 9.80260000e-51
385.000000 3.39253000e-49
395.000000 9.75356000e-48
405.000000 2.36385000e-46
414.000000 3.63726000e-45
422.000000 3.73188000e-44
430.000000 3.50140000e-43
441.000000 6.63186000e-42
451.000000 8.44748000e-41
460.000000 7.56539000e-40
470.000000 7.80814000e-39
480.000000 7.28196000e-38
490.000000 6.18112000e-37
500.000000 4.79607000e-36
506.000000 2.10851000e-35
512.000000 7.51924000e-35
520.000000 3.36953000e-34
530.000000 2.06792000e-33
540.000000 1.16728000e-32
550.000000 6.23577000e-32
560.000000 3.11318000e-31
570.000000 1.46494000e-30
580.000000 6.45200000e-30
590.000000 2.75096000e-29
600.000000 1.10371000e-28
610.000000 4.22148000e-28
620.000000 1.54181000e-27
630.000000 5.39371000e-27
640.000000 1.81154000e-26
650.000000 5.84943000e-26
658.000000 1.45405000e-25
665.000000 3.16053000e-25
675.000000 9.32346000e-25
685.000000 2.66185000e-24
695.000000 7.35263000e-24
705.000000 1.96079000e-23
716.000000 5.62982000e-23
726.000000 1.42022000e-22
735.000000 3.19278000e-22
745.000000 7.65982000e-22
755.000000 1.79388000e-21
765.000000 4.10683000e-21
775.000000 9.17322000e-21
785.000000 2.00847000e-20
795.000000 4.25968000e-20
805.000000 8.98244000e-20
815.000000 1.85664000e-19
825.000000 3.75243000e-19
835.000000 7.44570000e-19
845.000000 1.45168000e-18
855.000000 2.78157000e-18
865.000000 5.24191000e-18
875.000000 9.70086000e-18
885.000000 1.77772000e-17
895.000000 3.20313000e-17
905.000000 5.68205000e-17
915.000000 8.45141000e-13
925.000000 3.37911000e-12
935.000000 5.05696000e-12
945.000000 7.13108000e-12
955.000000 1.14152000e-11
965.000000 2.12265000e-11
975.000000 2.47634000e-11
985.000000 4.48204000e-11
995.000000 6.84831000e-11
1005.000000 9.35758000e-11
1015.000000 1.38065000e-10
1025.000000 1.84154000e-10
1035.000000 3.89135000e-10
1045.000000 5.53179000e-10
1055.000000 6.50444000e-10
1065.000000 1.32958000e-09
1075.000000 1.82502000e-09
1085.000000 2.80288000e-09
1095.000000 3.54979000e-09
1105.000000 4.86900000e-09
1115.000000 6.30718000e-09
1125.000000 1.19907000e-08
1135.000000 1.99980000e-08
1145.000000 2.93476000e-08
1155.000000 4.04849000e-08
1165.000000 5.28971000e-08
1175.000000 7.76748000e-08
1185.000000 9.96832000e-08
1195.000000 1.18393000e-07
1205.000000 1.07750000e-07
1215.000000 3.57558000e-08
1225.000000 1.64585000e-07
1235.000000 3.62447000e-07
1245.000000 5.09063000e-07
1255.000000 6.55068000e-07
1265.000000 8.00131000e-07
1275.000000 1.07578000e-06
1285.000000 1.08262000e-06
1295.000000 1.44285000e-06
1305.000000 1.65964000e-06
1315.000000 2.22348000e-06
1325.000000 2.54411000e-06
1335.000000 2.93271000e-06
1345.000000 3.94800000e-06
1355.000000 5.09399000e-06
1365.000000 5.99014000e-06
1375.000000 6.81416000e-06
1385.000000 8.42966000e-06
1395.000000 9.92435000e-06
1405.000000 1.36554000e-05
1415.000000 1.71528000e-05
1425.000000 1.98102000e-05
1435.000000 2.72683000e-05
1442.000000 3.59434000e-05
1447.000000 3.32646000e-05
1455.000000 3.90961000e-05
1465.000000 5.53994000e-05
1475.000000 5.81191000e-05
1485.000000 7.27022000e-05
1495.000000 1.02501000e-04
1505.000000 1.40435000e-04
1512.000000 1.03428000e-04
1517.000000 1.48298000e-04
1525.000000 2.23369000e-04
1535.000000 4.17081000e-04
1545.000000 3.40173000e-04
1555.000000 5.06928000e-04
1565.000000 4.95333000e-04
1575.000000 8.77650000e-04
1585.000000 9.19770000e-04
1595.000000 9.21779000e-04
1605.000000 9.75904000e-04
1615.000000 1.06135000e-03
1625.000000 1.11045000e-03
1635.000000 1.43619000e-03
1645.000000 1.85760000e-03
1655.000000 1.81844000e-03
1665.000000 2.54081000e-03
1672.000000 2.36798000e-03
1677.000000 3.17249000e-03
1685.000000 4.13069000e-03
1695.000000 5.48056000e-03
1705.000000 6.04330000e-03
1715.000000 6.78215000e-03
1725.000000 8.84198000e-03
1735.000000 1.01097000e-02
1745.000000 1.33840000e-02
1755.000000 1.40282000e-02
1765.000000 1.71384000e-02
1775.000000 1.71001000e-02
1785.000000 2.82965000e-02
1795.000000 2.50075000e-02
1805.000000 3.97968000e-02
1815.000000 3.21719000e-02
1825.000000 4.72011000e-02
1835.000000 4.45444000e-02
1845.000000 6.26026000e-02
1855.000000 5.32771000e-02
1865.000000 8.21505000e-02
1875.000000 8.03046000e-02
1885.000000 9.93833000e-02
1895.000000 1.20624000e-01
1905.000000 1.29866000e-01
1915.000000 1.75163000e-01
1925.000000 1.59003000e-01
1935.000000 1.28557000e-01
1945.000000 2.17860000e-01
1955.000000 2.94590000e-01
1967.000000 3.22097000e-01
1976.000000 3.67344000e-01
1984.000000 4.60554000e-01
1995.000000 4.30548000e-01
2005.000000 5.05405000e-01
2015.000000 5.73163000e-01
2025.000000 5.61701000e-01
2035.000000 6.86573000e-01
2045.000000 7.24069000e-01
2055.000000 8.51878000e-01
2065.000000 8.40679000e-01
2074.000000 7.87926000e-01
2078.000000 1.03184000e+00
2085.000000 1.23897000e+00
2095.000000 1.68510000e+00
2105.000000 1.82208000e+00
2115.000000 1.86721000e+00
2125.000000 2.17780000e+00
2135.000000 2.70276000e+00
2145.000000 2.17193000e+00
2155.000000 2.69380000e+00
2165.000000 2.68842000e+00
2175.000000 2.93587000e+00
2185.000000 2.81918000e+00
2195.000000 4.41290000e+00
2205.000000 3.83430000e+00
2215.000000 4.60885000e+00
2225.000000 4.16496000e+00
2235.000000 6.48715000e+00
2245.000000 7.32092000e+00
2255.000000 8.92959000e+00
2265.000000 5.45668000e+00
2275.000000 9.82363000e+00
2285.000000 9.30202000e+00
2295.000000 1.46514000e+01
2305.000000 6.70622000e+00
2315.000000 1.88174000e+01
2325.000000 1.50584000e+01
2335.000000 2.25455000e+01
2345.000000 1.48718000e+01
2355.000000 1.35604000e+01
2365.000000 1.76880000e+01
2375.000000 1.73650000e+01
2385.000000 2.80920000e+01
2395.000000 2.68399000e+01
2405.000000 4.55447000e+01
2415.000000 2.94338000e+01
2425.000000 3.69053000e+01
2435.000000 5.26969000e+01
2445.000000 7.01843000e+01
2455.000000 8.09024000e+01
2465.000000 5.45834000e+01
2475.000000 9.44587000e+01
2485.000000 4.16773000e+01
2495.000000 4.68795000e+01
2505.000000 8.50655000e+01
2513.000000 6.27090000e+01
2518.000000 7.22523000e+01
2525.000000 8.77176000e+01
2535.000000 1.63824000e+02
2545.000000 2.00229000e+02
2555.000000 2.11454000e+02
2565.000000 1.26677000e+02
2575.000000 1.89211000e+02
2585.000000 1.48420000e+02
2595.000000 1.75351000e+02
2605.000000 2.33476000e+02
2615.000000 2.20714000e+02
2625.000000 3.19868000e+02
2635.000000 4.56456000e+02
2645.000000 3.81941000e+02
2655.000000 4.84338000e+02
2665.000000 4.56209000e+02
2675.000000 4.03863000e+02
2685.000000 5.34062000e+02
2695.000000 4.07186000e+02
2705.000000 6.07646000e+02
2715.000000 6.17795000e+02
2725.000000 5.62129000e+02
2735.000000 5.78474000e+02
2745.000000 7.82405000e+02
2755.000000 7.47252000e+02
2765.000000 9.68578000e+02
2775.000000 1.23053000e+03
2785.000000 8.95508000e+02
2795.000000 1.15184000e+03
2805.000000 1.18089000e+03
2815.000000 1.30387000e+03
2825.000000 1.36452000e+03
2835.000000 1.27949000e+03
2845.000000 1.06675000e+03
2855.000000 5.87855000e+02
2865.000000 1.52560000e+03
2875.000000 1.60493000e+03
2885.000000 2.23755000e+03
2895.000000 2.44574000e+03
2910.000000 2.72245000e+03
2930.000000 2.97701000e+03
2950.000000 3.11072000e+03
2970.000000 3.19431000e+03
2990.000000 3.62887000e+03
3010.000000 3.90060000e+03
3030.000000 4.56668000e+03
3050.000000 5.36513000e+03
3070.000000 5.84466000e+03
3090.000000 6.15197000e+03
3110.000000 7.61397000e+03
3130.000000 8.01457000e+03
3150.000000 1.06521000e+04
3170.000000 1.37771000e+04
3190.000000 1.19348000e+04
3210.000000 1.43298000e+04
3230.000000 1.50307000e+04
3250.000000 2.03414000e+04
3270.000000 2.76601000e+04
3290.000000 3.56713000e+04
3310.000000 3.04104000e+04
3330.000000 3.51321000e+04
3350.000000 3.41935000e+04
3370.000000 2.61185000e+04
3390.000000 3.23053000e+04
3410.000000 3.73195000e+04
3430.000000 4.01517000e+04
3450.000000 3.84531000e+04
3470.000000 4.06894000e+04
3490.000000 5.20736000e+04
3510.000000 7.07432000e+04
3530.000000 6.38973000e+04
3550.000000 9.04001000e+04
3570.000000 4.60149000e+04
3590.000000 4.26945000e+04
3610.000000 6.32300000e+04
3630.000000 8.57733000e+04
3640.000000 9.15693000e+04
3650.000000 1.11476000e+05
3670.000000 1.48472000e+05
3690.000000 1.16355000e+05
3710.000000 9.68831000e+04
3730.000000 4.87507000e+04
3750.000000 5.95721000e+04
3770.000000 1.25915000e+05
3790.000000 1.40216000e+05
3810.000000 1.19008000e+05
3830.000000 5.88071000e+04
3850.000000 9.16604000e+04
3870.000000 8.95307000e+04
3890.000000 1.04155000e+05
3910.000000 1.42791000e+05
3930.000000 6.17333000e+04
3950.000000 1.03120000e+05
3970.000000 7.87238000e+04
3990.000000 2.35180000e+05
4010.000000 3.35259000e+05
4030.000000 2.56250000e+05
4050.000000 2.67414000e+05
4070.000000 2.43392000e+05
4090.000000 3.75691000e+05
4110.000000 2.64302000e+05
4130.000000 2.82996000e+05
4150.000000 2.77628000e+05
4170.000000 2.72220000e+05
4190.000000 2.87438000e+05
4210.000000 2.34721000e+05
4230.000000 1.27233000e+05
4250.000000 2.61860000e+05
4270.000000 2.62264000e+05
4290.000000 2.50510000e+05
4310.000000 2.85202000e+05
4330.000000 4.21560000e+05
4350.000000 4.40269000e+05
4370.000000 4.78682000e+05
4390.000000 3.85250000e+05
4410.000000 4.12816000e+05
4430.000000 4.02090000e+05
4450.000000 4.28466000e+05
4470.000000 4.88897000e+05
4490.000000 5.11965000e+05
4510.000000 6.17044000e+05
4530.000000 4.70414000e+05
4550.000000 5.33654000e+05
4570.000000 6.21169000e+05
4590.000000 5.35211000e+05
4610.000000 5.78156000e+05
4630.000000 5.42769000e+05
4650.000000 5.22848000e+05
4670.000000 5.76437000e+05
4690.000000 5.51613000e+05
4710.000000 5.22671000e+05
4730.000000 5.10666000e+05
4750.000000 5.30301000e+05
4770.000000 3.73072000e+05
4790.000000 4.41026000e+05
4810.000000 4.72424000e+05
4830.000000 5.10587000e+05
4850.000000 5.41187000e+05
4870.000000 5.47632000e+05
4890.000000 6.03092000e+05
4910.000000 6.19535000e+05
4930.000000 6.11186000e+05
4950.000000 5.88760000e+05
4970.000000 4.14631000e+05
4990.000000 4.25657000e+05
5010.000000 3.39851000e+05
5030.000000 4.06556000e+05
5050.000000 4.02308000e+05
5070.000000 4.16698000e+05
5090.000000 4.09620000e+05
5110.000000 4.52371000e+05
5130.000000 4.41163000e+05
5150.000000 4.22815000e+05
5170.000000 3.64652000e+05
5190.000000 3.48029000e+05
5210.000000 4.32924000e+05
5230.000000 6.61872000e+05
5250.000000 6.59791000e+05
5270.000000 5.94050000e+05
5290.000000 7.59918000e+05
5310.000000 8.64286000e+05
5330.000000 7.24115000e+05
5350.000000 8.11648000e+05
5370.000000 7.84828000e+05
5390.000000 7.80169000e+05
5410.000000 7.81259000e+05
5430.000000 7.82619000e+05
5450.000000 7.12073000e+05
5470.000000 6.59962000e+05
5490.000000 7.10771000e+05
5510.000000 6.52065000e+05
5530.000000 7.61173000e+05
5550.000000 8.08545000e+05
5570.000000 8.05554000e+05
5590.000000 7.31526000e+05
5610.000000 6.33873000e+05
5630.000000 6.64440000e+05
5650.000000 7.17594000e+05
5670.000000 6.99475000e+05
5690.000000 7.80650000e+05
5710.000000 7.52705000e+05
5730.000000 8.79069000e+05
5750.000000 9.04868000e+05
5770.000000 8.58379000e+05
5790.000000 8.54595000e+05
5810.000000 9.05315000e+05
5830.000000 9.44913000e+05
5850.000000 8.67669000e+05
5870.000000 7.76760000e+05
5890.000000 4.56229000e+05
5910.000000 6.46968000e+05
5930.000000 7.13522000e+05
5950.000000 7.30197000e+05
5970.000000 7.54433000e+05
5990.000000 7.87549000e+05
6010.000000 7.95802000e+05
6030.000000 8.77687000e+05
6050.000000 9.26238000e+05
6070.000000 9.57444000e+05
6090.000000 9.63762000e+05
6110.000000 9.61116000e+05
6130.000000 9.09027000e+05
6150.000000 9.76294000e+05
6170.000000 6.80181000e+05
6190.000000 7.49072000e+05
6210.000000 7.27296000e+05
6230.000000 6.32307000e+05
6250.000000 6.59813000e+05
6270.000000 7.38310000e+05
6290.000000 7.90336000e+05
6310.000000 8.14135000e+05
6330.000000 8.55181000e+05
6350.000000 8.70124000e+05
6370.000000 8.67472000e+05
6390.000000 9.30381000e+05
6410.000000 9.32102000e+05
6430.000000 8.84881000e+05
6450.000000 8.81901000e+05
6470.000000 9.17325000e+05
6490.000000 8.74847000e+05
6510.000000 9.42799000e+05
6530.000000 9.99584000e+05
6550.000000 9.65829000e+05
6570.000000 9.69034000e+05
6590.000000 9.77561000e+05
6610.000000 9.74328000e+05
6630.000000 9.44204000e+05
6650.000000 8.94149000e+05
6670.000000 8.51790000e+05
6690.000000 7.65688000e+05
6710.000000 7.67757000e+05
6730.000000 6.95686000e+05
6750.000000 7.04799000e+05
6770.000000 7.72316000e+05
6790.000000 7.10730000e+05
6810.000000 7.55943000e+05
6830.000000 8.02093000e+05
6850.000000 8.19897000e+05
6870.000000 8.30615000e+05
6890.000000 8.90159000e+05
6910.000000 9.51605000e+05
6930.000000 9.36864000e+05
6950.000000 9.94733000e+05
6970.000000 1.06324000e+06
6990.000000 1.06380000e+06
7010.000000 1.08549000e+06
7030.000000 1.12918000e+06
7050.000000 1.08534000e+06
7070.000000 8.56565000e+05
7090.000000 7.97854000e+05
7110.000000 7.84206000e+05
7130.000000 6.77384000e+05
7150.000000 6.66363000e+05
7170.000000 7.22968000e+05
7190.000000 7.87985000e+05
7210.000000 7.62241000e+05
7230.000000 8.63035000e+05
7250.000000 9.18198000e+05
7270.000000 9.82864000e+05
7290.000000 1.02079000e+06
7310.000000 1.06576000e+06
7330.000000 1.08751000e+06
7350.000000 1.11863000e+06
7370.000000 1.17589000e+06
7390.000000 1.18485000e+06
7410.000000 1.19253000e+06
7430.000000 1.21710000e+06
7450.000000 1.21858000e+06
7470.000000 1.23907000e+06
7490.000000 1.23897000e+06
7510.000000 1.26024000e+06
7530.000000 1.27315000e+06
7550.000000 1.27646000e+06
7570.000000 1.26821000e+06
7590.000000 1.20451000e+06
7610.000000 1.17276000e+06
7630.000000 1.15050000e+06
7650.000000 1.13722000e+06
7670.000000 1.01078000e+06
7690.000000 1.04120000e+06
7710.000000 1.00374000e+06
7730.000000 1.04868000e+06
7750.000000 1.01730000e+06
7770.000000 1.03260000e+06
7790.000000 1.03581000e+06
7810.000000 1.07566000e+06
7830.000000 1.04486000e+06
7850.000000 1.05544000e+06
7870.000000 1.09442000e+06
7890.000000 1.11351000e+06
7910.000000 1.09373000e+06
7930.000000 1.10278000e+06
7950.000000 1.09462000e+06
7970.000000 1.16054000e+06
7990.000000 1.14636000e+06
8010.000000 1.16025000e+06
8030.000000 1.17160000e+06
8050.000000 1.18101000e+06
8070.000000 1.17337000e+06
8090.000000 1.17454000e+06
8110.000000 1.18795000e+06
8130.000000 1.21494000e+06
8150.000000 1.21743000e+06
8170.000000 1.21543000e+06
8190.000000 1.10195000e+06
8210.000000 1.13018000e+06
8230.000000 1.16618000e+06
8250.000000 1.16541000e+06
8270.000000 1.17636000e+06
8290.000000 1.14377000e+06
8310.000000 1.11345000e+06
8330.000000 1.11310000e+06
8350.000000 1.10464000e+06
8370.000000 1.11126000e+06
8390.000000 1.05052000e+06
8410.000000 1.12138000e+06
8430.000000 1.05674000e+06
8450.000000 1.07570000e+06
8470.000000 1.06501000e+06
8490.000000 1.06951000e+06
8510.000000 1.02058000e+06
8530.000000 1.05603000e+06
8550.000000 9.26589000e+05
8570.000000 1.10842000e+06
8590.000000 1.10535000e+06
8610.000000 1.10947000e+06
8630.000000 1.12750000e+06
8650.000000 1.12788000e+06
8670.000000 9.65718000e+05
8690.000000 1.07487000e+06
8710.000000 1.14408000e+06
8730.000000 1.14132000e+06
8750.000000 1.15175000e+06
8770.000000 1.14327000e+06
8790.000000 1.15699000e+06
8810.000000 1.11486000e+06
8830.000000 1.13020000e+06
8850.000000 1.15112000e+06
8870.000000 1.01234000e+06
8890.000000 1.03687000e+06
8910.000000 1.05832000e+06
8930.000000 1.04631000e+06
8950.000000 1.02739000e+06
8970.000000 1.03878000e+06
8990.000000 1.06623000e+06
9010.000000 1.02976000e+06
9030.000000 1.06263000e+06
9050.000000 1.09805000e+06
9070.000000 1.10951000e+06
9090.000000 1.07372000e+06
9110.000000 1.07964000e+06
9130.000000 1.11283000e+06
9150.000000 1.09789000e+06
9170.000000 1.09508000e+06
9190.000000 1.11151000e+06
9210.000000 1.08683000e+06
9230.000000 1.09464000e+06
9250.000000 1.07573000e+06
9270.000000 1.08780000e+06
9290.000000 1.07518000e+06
9310.000000 1.09477000e+06
9330.000000 1.09445000e+06
9350.000000 1.08861000e+06
9370.000000 1.06990000e+06
9390.000000 1.08038000e+06
9410.000000 1.05550000e+06
9430.000000 1.07895000e+06
9450.000000 1.04747000e+06
9470.000000 1.07800000e+06
9490.000000 1.08539000e+06
9510.000000 1.07970000e+06
9530.000000 1.06995000e+06
9550.000000 1.04998000e+06
9570.000000 1.06300000e+06
9590.000000 1.08495000e+06
9610.000000 1.06069000e+06
9630.000000 1.07258000e+06
9650.000000 1.01992000e+06
9670.000000 1.02384000e+06
9690.000000 1.06046000e+06
9710.000000 1.04227000e+06
9730.000000 1.02466000e+06
9750.000000 1.01931000e+06
9770.000000 1.03145000e+06
9790.000000 1.00149000e+06
9810.000000 1.04290000e+06
9830.000000 1.01258000e+06
9850.000000 1.04070000e+06
9870.000000 1.03977000e+06
9890.000000 1.04027000e+06
9910.000000 1.02706000e+06
9930.000000 1.02774000e+06
9950.000000 1.02890000e+06
9970.000000 1.03444000e+06
9990.000000 1.03461000e+06
10025.000000 1.02087000e+06
10075.000000 1.01563000e+06
10125.000000 1.02304000e+06
10175.000000 1.01254000e+06
10225.000000 1.01297000e+06
10275.000000 1.01744000e+06
10325.000000 9.99411000e+05
10375.000000 9.98446000e+05
10425.000000 1.00473000e+06
10475.000000 9.93963000e+05
10525.000000 9.98179000e+05
10575.000000 9.83237000e+05
10625.000000 9.83582000e+05
10675.000000 9.66489000e+05
10725.000000 9.63656000e+05
10775.000000 9.58822000e+05
10825.000000 9.29730000e+05
10875.000000 9.40919000e+05
10925.000000 9.43689000e+05
10975.000000 9.16281000e+05
11025.000000 9.11646000e+05
11075.000000 9.13385000e+05
11125.000000 9.10155000e+05
11175.000000 9.05920000e+05
11225.000000 9.07315000e+05
11275.000000 8.88232000e+05
11325.000000 8.95270000e+05
11375.000000 8.77051000e+05
11425.000000 8.71181000e+05
11475.000000 8.91787000e+05
11525.000000 8.94248000e+05
11575.000000 8.82546000e+05
11625.000000 8.65576000e+05
11675.000000 8.69123000e+05
11725.000000 8.80908000e+05
11775.000000 8.57956000e+05
11825.000000 8.51524000e+05
11875.000000 8.44902000e+05
11925.000000 8.66390000e+05
11975.000000 8.23757000e+05
12025.000000 8.48732000e+05
12075.000000 8.36550000e+05
12125.000000 8.46090000e+05
12175.000000 8.47847000e+05
12225.000000 8.43573000e+05
12275.000000 8.35665000e+05
12325.000000 8.29295000e+05
12375.000000 8.30012000e+05
12425.000000 8.17415000e+05
12475.000000 8.23222000e+05
12525.000000 8.13204000e+05
12575.000000 8.14898000e+05
12625.000000 8.10276000e+05
12675.000000 7.99253000e+05
12725.000000 8.03547000e+05
12775.000000 8.05695000e+05
12825.000000 7.73864000e+05
12875.000000 7.89637000e+05
12925.000000 7.74135000e+05
12975.000000 7.90424000e+05
13025.000000 7.78971000e+05
13075.000000 7.84792000e+05
13125.000000 7.53084000e+05
13175.000000 7.62268000e+05
13225.000000 7.74070000e+05
13275.000000 7.59827000e+05
13325.000000 7.62834000e+05
13375.000000 7.62701000e+05
13425.000000 7.64827000e+05
13475.000000 7.61797000e+05
13525.000000 7.59882000e+05
13575.000000 7.50226000e+05
13625.000000 7.44365000e+05
13675.000000 7.51522000e+05
13725.000000 7.55036000e+05
13775.000000 7.48950000e+05
13825.000000 7.51347000e+05
13875.000000 7.40345000e+05
13925.000000 7.13764000e+05
13975.000000 7.27531000e+05
14025.000000 7.22295000e+05
14075.000000 7.27632000e+05
14125.000000 7.10499000e+05
14175.000000 7.18470000e+05
14225.000000 7.09910000e+05
14275.000000 6.80228000e+05
14325.000000 7.10020000e+05
14375.000000 7.09994000e+05
14425.000000 6.95702000e+05
14475.000000 7.12624000e+05
14525.000000 6.99083000e+05
14570.000000 6.98090000e+05
14620.000000 6.77972000e+05
14675.000000 6.81786000e+05
14725.000000 6.77320000e+05
14775.000000 6.80303000e+05
14825.000000 6.87738000e+05
14875.000000 6.63916000e+05
14925.000000 6.99118000e+05
14975.000000 6.96288000e+05
15025.000000 6.39028000e+05
15075.000000 6.64851000e+05
15125.000000 6.81953000e+05
15175.000000 6.87380000e+05
15225.000000 6.87993000e+05
15275.000000 6.85498000e+05
15325.000000 6.92084000e+05
15375.000000 6.83447000e+05
15425.000000 6.75999000e+05
15475.000000 6.97296000e+05
15525.000000 6.77791000e+05
15575.000000 6.76630000e+05
15625.000000 6.93632000e+05
15675.000000 6.76334000e+05
15725.000000 6.75407000e+05
15775.000000 6.31136000e+05
15825.000000 6.69606000e+05
15875.000000 6.48667000e+05
15925.000000 6.65070000e+05
15975.000000 6.70376000e+05
16050.000000 6.67211000e+05
16150.000000 6.59407000e+05
16250.000000 6.52486000e+05
16350.000000 6.56353000e+05
16450.000000 6.42940000e+05
16550.000000 6.49663000e+05
16650.000000 6.27859000e+05
16750.000000 6.09387000e+05
16850.000000 6.06169000e+05
16950.000000 6.06683000e+05
17050.000000 5.84619000e+05
17150.000000 5.68099000e+05
17250.000000 5.59038000e+05
17350.000000 5.46980000e+05
17450.000000 5.43018000e+05
17550.000000 5.31013000e+05
17650.000000 5.25509000e+05
17750.000000 5.10923000e+05
17850.000000 5.06456000e+05
17950.000000 5.00677000e+05
18050.000000 4.79974000e+05
18150.000000 4.79880000e+05
18250.000000 4.62023000e+05
18350.000000 4.54630000e+05
18450.000000 4.35316000e+05
18550.000000 4.38354000e+05
18650.000000 4.26994000e+05
18750.000000 4.19290000e+05
18850.000000 4.15002000e+05
18950.000000 3.93397000e+05
19050.000000 4.01081000e+05
19150.000000 3.92773000e+05
19250.000000 3.89445000e+05
19350.000000 3.69271000e+05
19450.000000 3.61759000e+05
19550.000000 3.65027000e+05
19650.000000 3.60287000e+05
19750.000000 3.36935000e+05
19850.000000 3.37957000e+05
19950.000000 3.36111000e+05
20050.000000 3.40910000e+05
20150.000000 3.35595000e+05
20250.000000 3.22707000e+05
20350.000000 3.20116000e+05
20450.000000 3.19209000e+05
20550.000000 3.09045000e+05
20650.000000 3.03329000e+05
20750.000000 3.01419000e+05
20850.000000 2.93482000e+05
20950.000000 2.85494000e+05
21050.000000 2.86257000e+05
21150.000000 2.80204000e+05
21250.000000 2.75988000e+05
21350.000000 2.74260000e+05
21450.000000 2.69768000e+05
21550.000000 2.64983000e+05
21650.000000 2.61616000e+05
21750.000000 2.53634000e+05
21850.000000 2.51870000e+05
21950.000000 2.48689000e+05
22050.000000 2.36102000e+05
22150.000000 2.43558000e+05
22250.000000 2.33170000e+05
22350.000000 2.31654000e+05
22450.000000 2.29011000e+05
22550.000000 2.27741000e+05
22650.000000 2.18332000e+05
22750.000000 2.21155000e+05
22850.000000 2.13776000e+05
22950.000000 1.88729000e+05
23050.000000 1.98823000e+05
23150.000000 1.97095000e+05
23250.000000 1.73596000e+05
23350.000000 1.80743000e+05
23450.000000 1.83075000e+05
23550.000000 1.61261000e+05
23650.000000 1.73425000e+05
23750.000000 1.70391000e+05
23850.000000 1.52414000e+05
23950.000000 1.62336000e+05
24050.000000 1.62890000e+05
24150.000000 1.47262000e+05
24250.000000 1.53347000e+05
24350.000000 1.54924000e+05
24450.000000 1.44062000e+05
24550.000000 1.41734000e+05
24650.000000 1.47592000e+05
24750.000000 1.41224000e+05
24850.000000 1.33739000e+05
24950.000000 1.39187000e+05
25050.000000 1.39020000e+05
25150.000000 1.30073000e+05
25250.000000 1.28395000e+05
25350.000000 1.30965000e+05
25450.000000 1.28025000e+05
25550.000000 1.27388000e+05
25650.000000 1.26740000e+05
25750.000000 1.27508000e+05
25850.000000 1.20863000e+05
25950.000000 1.22574000e+05
26050.000000 1.22417000e+05
26150.000000 1.22282000e+05
26250.000000 1.18525000e+05
26350.000000 1.18479000e+05
26450.000000 1.16815000e+05
26550.000000 1.11410000e+05
26650.000000 1.11684000e+05
26750.000000 1.14020000e+05
26850.000000 1.12796000e+05
26950.000000 1.09673000e+05
27050.000000 1.09502000e+05
27150.000000 1.08068000e+05
27250.000000 1.07398000e+05
27350.000000 1.05335000e+05
27450.000000 1.04884000e+05
27550.000000 1.03657000e+05
27650.000000 1.02056000e+05
27750.000000 1.00911000e+05
27850.000000 9.93670000e+04
27950.000000 9.65209000e+04
28050.000000 9.38134000e+04
28150.000000 9.43603000e+04
28250.000000 9.40145000e+04
28350.000000 9.37227000e+04
28450.000000 9.29486000e+04
28550.000000 9.07965000e+04
28650.000000 9.07559000e+04
28750.000000 8.97884000e+04
28850.000000 8.84156000e+04
28950.000000 8.77070000e+04
29050.000000 8.57783000e+04
29150.000000 8.62105000e+04
29250.000000 8.11703000e+04
29350.000000 8.27524000e+04
29450.000000 7.93158000e+04
29550.000000 8.09802000e+04
29650.000000 7.82794000e+04
29750.000000 7.93076000e+04
29850.000000 7.75045000e+04
29950.000000 7.74204000e+04
30050.000000 7.49076000e+04
30150.000000 7.61978000e+04
30250.000000 7.41756000e+04
30350.000000 7.44115000e+04
30450.000000 7.16564000e+04
30550.000000 7.26049000e+04
30650.000000 7.13980000e+04
30750.000000 7.05439000e+04
30850.000000 6.87336000e+04
30950.000000 6.80935000e+04
31050.000000 6.85504000e+04
31150.000000 6.59446000e+04
31250.000000 6.68232000e+04
31350.000000 6.43507000e+04
31450.000000 6.49362000e+04
31550.000000 6.41998000e+04
31650.000000 6.38022000e+04
31750.000000 6.27208000e+04
31850.000000 6.20490000e+04
31950.000000 6.13623000e+04
32100.000000 6.11668000e+04
32300.000000 5.86603000e+04
32500.000000 5.83186000e+04
32700.000000 5.68499000e+04
32900.000000 5.51863000e+04
33100.000000 5.44320000e+04
33300.000000 5.26964000e+04
33500.000000 5.21161000e+04
33700.000000 5.12970000e+04
33900.000000 4.93265000e+04
34100.000000 4.87301000e+04
34300.000000 4.83973000e+04
34500.000000 4.64609000e+04
34700.000000 4.62147000e+04
34900.000000 4.53896000e+04
35100.000000 4.39290000e+04
35300.000000 4.31121000e+04
35500.000000 4.25739000e+04
35700.000000 4.11583000e+04
35900.000000 4.04203000e+04
36100.000000 4.02079000e+04
36300.000000 3.88997000e+04
36500.000000 3.80957000e+04
36700.000000 3.74579000e+04
36900.000000 3.65466000e+04
37100.000000 3.54885000e+04
37300.000000 3.51496000e+04
37500.000000 3.45667000e+04
37700.000000 3.35674000e+04
37900.000000 3.33950000e+04
38100.000000 3.24718000e+04
38300.000000 3.19743000e+04
38500.000000 3.13507000e+04
38700.000000 3.07433000e+04
38900.000000 3.00470000e+04
39100.000000 2.96049000e+04
39300.000000 2.90531000e+04
39500.000000 2.84530000e+04
39700.000000 2.79878000e+04
39900.000000 2.68300000e+04
40100.000000 2.65208000e+04
40300.000000 2.63093000e+04
40500.000000 2.51314000e+04
40700.000000 2.48827000e+04
40900.000000 2.42076000e+04
41100.000000 2.40774000e+04
41300.000000 2.32153000e+04
41500.000000 2.31277000e+04
41700.000000 2.22412000e+04
41900.000000 2.22376000e+04
42100.000000 2.13594000e+04
42300.000000 2.14589000e+04
42500.000000 2.08028000e+04
42700.000000 2.05980000e+04
42900.000000 1.94744000e+04
43100.000000 1.81036000e+04
43300.000000 1.83905000e+04
43500.000000 1.71566000e+04
43700.000000 1.66841000e+04
43900.000000 1.63075000e+04
44100.000000 1.54540000e+04
44300.000000 1.52512000e+04
44500.000000 1.49720000e+04
44700.000000 1.42857000e+04
44900.000000 1.42796000e+04
45100.000000 1.38791000e+04
45300.000000 1.34381000e+04
45500.000000 1.34940000e+04
45700.000000 1.33549000e+04
45900.000000 1.27733000e+04
46100.000000 1.29013000e+04
46300.000000 1.26499000e+04
46500.000000 1.25690000e+04
46700.000000 1.25239000e+04
46900.000000 1.22952000e+04
47100.000000 1.20552000e+04
47300.000000 1.21282000e+04
47500.000000 1.18779000e+04
47700.000000 1.16963000e+04
47900.000000 1.16000000e+04
48100.000000 1.12645000e+04
48300.000000 1.14431000e+04
48500.000000 1.11802000e+04
48700.000000 1.09024000e+04
48900.000000 1.07662000e+04
49100.000000 1.06938000e+04
49300.000000 1.04781000e+04
49500.000000 1.03023000e+04
49700.000000 1.02688000e+04
49900.000000 1.01415000e+04
50100.000000 9.78082000e+03
50300.000000 9.86132000e+03
50500.000000 9.64421000e+03
50700.000000 9.58381000e+03
50900.000000 9.43550000e+03
51100.000000 9.24363000e+03
51300.000000 9.24398000e+03
51500.000000 9.07787000e+03
51700.000000 9.01298000e+03
51900.000000 8.86212000e+03
52100.000000 8.78421000e+03
52300.000000 8.62750000e+03
52500.000000 8.55465000e+03
52700.000000 8.57204000e+03
52900.000000 8.30205000e+03
53100.000000 8.21744000e+03
53300.000000 8.13176000e+03
53500.000000 8.05528000e+03
53700.000000 7.96469000e+03
53900.000000 7.90504000e+03
54100.000000 7.80860000e+03
54300.000000 7.60029000e+03
54500.000000 7.64088000e+03
54700.000000 7.50074000e+03
54900.000000 7.43257000e+03
55100.000000 7.32721000e+03
55300.000000 7.38494000e+03
55500.000000 7.13624000e+03
55700.000000 7.16231000e+03
55900.000000 7.03665000e+03
56100.000000 6.97902000e+03
56300.000000 6.83908000e+03
56500.000000 6.83488000e+03
56700.000000 6.74539000e+03
56900.000000 6.59996000e+03
57100.000000 6.61609000e+03
57300.000000 6.51594000e+03
57500.000000 6.46807000e+03
57700.000000 6.35903000e+03
57900.000000 6.32259000e+03
58100.000000 6.22936000e+03
58300.000000 6.15201000e+03
58500.000000 6.09768000e+03
58700.000000 6.00077000e+03
58900.000000 5.93804000e+03
59100.000000 5.88185000e+03
59300.000000 5.82735000e+03
59500.000000 5.74291000e+03
59700.000000 5.69953000e+03
59900.000000 5.63854000e+03
60100.000000 5.57802000e+03
60300.000000 5.49570000e+03
60500.000000 5.40909000e+03
60700.000000 5.36451000e+03
60900.000000 5.29866000e+03
61100.000000 5.22033000e+03
61300.000000 5.19274000e+03
61500.000000 5.13093000e+03
61700.000000 5.07427000e+03
61900.000000 5.01892000e+03
62100.000000 4.97199000e+03
62300.000000 4.90741000e+03
62500.000000 4.83091000e+03
62700.000000 4.76756000e+03
62900.000000 4.73786000e+03
63100.000000 4.66265000e+03
63300.000000 4.64188000e+03
63500.000000 4.56532000e+03
63700.000000 4.53781000e+03
63900.000000 4.46378000e+03
64200.000000 4.39163000e+03
64600.000000 4.26131000e+03
65000.000000 4.15856000e+03
65400.000000 4.06319000e+03
65800.000000 3.95468000e+03
66200.000000 3.85769000e+03
66600.000000 3.78185000e+03
67000.000000 3.68941000e+03
67400.000000 3.61258000e+03
67800.000000 3.51951000e+03
68200.000000 3.43672000e+03
68600.000000 3.38171000e+03
69000.000000 3.30202000e+03
69400.000000 3.22441000e+03
69800.000000 3.17093000e+03
70200.000000 3.08750000e+03
70600.000000 3.02654000e+03
71000.000000 2.96212000e+03
71400.000000 2.90331000e+03
71800.000000 2.84408000e+03
72200.000000 2.77638000e+03
72600.000000 2.71999000e+03
73000.000000 2.67097000e+03
73400.000000 2.60502000e+03
73800.000000 2.55901000e+03
74200.000000 2.49372000e+03
74600.000000 2.45046000e+03
75000.000000 2.40310000e+03
75400.000000 2.33652000e+03
75800.000000 2.24983000e+03
76200.000000 2.18442000e+03
76600.000000 2.11917000e+03
77000.000000 2.07014000e+03
77400.000000 2.00270000e+03
77800.000000 1.95478000e+03
78200.000000 1.90735000e+03
78600.000000 1.85616000e+03
79000.000000 1.82316000e+03
79400.000000 1.77574000e+03
79800.000000 1.74272000e+03
80200.000000 1.71126000e+03
80600.000000 1.67634000e+03
81000.000000 1.64840000e+03
81400.000000 1.62434000e+03
81800.000000 1.59323000e+03
82200.000000 1.56706000e+03
82600.000000 1.54474000e+03
83000.000000 1.51075000e+03
83400.000000 1.48941000e+03
83800.000000 1.45913000e+03
84200.000000 1.43712000e+03
84600.000000 1.40966000e+03
85000.000000 1.39059000e+03
85400.000000 1.36530000e+03
85800.000000 1.33970000e+03
86200.000000 1.32126000e+03
86600.000000 1.29186000e+03
87000.000000 1.27791000e+03
87400.000000 1.25658000e+03
87800.000000 1.23049000e+03
88200.000000 1.20836000e+03
88600.000000 1.19076000e+03
89000.000000 1.17252000e+03
89400.000000 1.15352000e+03
89800.000000 1.13088000e+03
90200.000000 1.11796000e+03
90600.000000 1.10379000e+03
91000.000000 1.08165000e+03
91400.000000 1.06097000e+03
91800.000000 1.04741000e+03
92200.000000 1.02646000e+03
92600.000000 1.01546000e+03
93000.000000 1.00039000e+03
93400.000000 9.83027000e+02
93800.000000 9.63228000e+02
94200.000000 9.52475000e+02
94600.000000 9.33787000e+02
95000.000000 9.25481000e+02
95400.000000 9.12645000e+02
95800.000000 8.93505000e+02
96200.000000 8.82956000e+02
96600.000000 8.65727000e+02
97000.000000 8.57281000e+02
97400.000000 8.42113000e+02
97800.000000 8.28188000e+02
98200.000000 8.18291000e+02
98600.000000 8.06666000e+02
99000.000000 7.90936000e+02
99400.000000 7.78940000e+02
99800.000000 7.70893000e+02
100200.000000 7.59047000e+02
200000.000000 5.07068000e+01
400000.000000 3.23234000e+00
600000.000000 6.39268000e-01
800000.000000 2.01850000e-01
1000000.000000 8.24623000e-02
1200000.000000 3.96560000e-02
1400000.000000 2.13486000e-02
1600000.000000 1.24836000e-02
