# teff = 4750.0
# logg = 3.0
# metallicity = -0.5
# wavelength_unit = angstrom
# flux_unit = erg/cm2/s/A
# units_standardized = True
147.200000 6.46537000e-130
151.000000 2.27961000e-126
155.200000 1.18602000e-122
158.800000 1.26068000e-119
162.000000 4.74859000e-117
166.000000 5.69018000e-114
170.300000 7.96517000e-111
173.400000 1.17765000e-108
176.800000 2.30232000e-106
180.200000 3.67830000e-104
181.700000 3.24446000e-103
186.100000 1.56932000e-100
191.000000 1.08988000e-97
193.900000 4.46337000e-96
198.400000 1.13988000e-93
201.800000 6.36948000e-92
205.000000 2.48520000e-90
210.500000 1.03190000e-87
216.200000 3.84012000e-85
219.800000 1.37445000e-83
223.000000 2.98935000e-82
226.800000 1.03370000e-80
230.000000 1.86463000e-79
234.000000 6.17452000e-78
240.000000 9.41758000e-76
246.500000 1.64915000e-73
252.400000 1.41784000e-71
256.800000 3.42932000e-70
260.000000 3.24662000e-69
264.000000 4.98576000e-68
268.500000 9.73906000e-67
273.500000 2.35323000e-65
278.500000 5.06598000e-64
284.000000 1.30363000e-62
290.000000 3.90101000e-61
296.000000 1.01212000e-59
301.000000 1.38079000e-58
308.000000 4.62771000e-57
318.000000 5.30276000e-55
328.000000 4.51582000e-53
338.000000 2.93172000e-51
348.000000 1.48786000e-49
357.000000 4.19623000e-48
366.000000 1.00071000e-46
375.000000 2.03757000e-45
385.000000 4.88979000e-44
395.000000 9.93006000e-43
405.000000 1.72927000e-41
414.000000 2.00344000e-40
422.000000 1.61355000e-39
430.000000 1.19908000e-38
441.000000 1.67120000e-37
451.000000 1.63167000e-36
460.000000 1.16170000e-35
470.000000 9.38771000e-35
480.000000 6.92518000e-34
490.000000 4.69429000e-33
500.000000 2.93502000e-32
506.000000 1.13500000e-31
512.000000 3.58429000e-31
520.000000 1.37024000e-30
530.000000 6.94220000e-30
540.000000 3.25672000e-29
550.000000 1.45598000e-28
560.000000 6.12137000e-28
570.000000 2.44045000e-27
580.000000 9.15618000e-27
590.000000 3.34414000e-26
600.000000 1.15520000e-25
610.000000 3.82288000e-25
620.000000 1.21408000e-24
630.000000 3.70882000e-24
640.000000 1.09248000e-23
650.000000 3.10612000e-23
658.000000 6.99365000e-23
665.000000 1.39770000e-22
675.000000 3.66406000e-22
685.000000 9.32460000e-22
695.000000 2.30464000e-21
705.000000 5.52908000e-21
716.000000 1.41144000e-20
726.000000 3.21596000e-20
735.000000 6.61233000e-20
745.000000 1.44087000e-19
755.000000 3.07147000e-19
765.000000 6.41288000e-19
775.000000 1.31078000e-18
785.000000 2.62923000e-18
795.000000 5.14007000e-18
805.000000 9.97015000e-18
815.000000 1.89685000e-17
825.000000 3.54260000e-17
835.000000 6.50932000e-17
845.000000 1.17748000e-16
855.000000 2.09812000e-16
865.000000 3.68434000e-16
875.000000 6.37211000e-16
885.000000 1.09009000e-15
895.000000 1.83830000e-15
905.000000 3.06089000e-15
915.000000 1.85142000e-11
925.000000 6.92412000e-11
935.000000 9.51493000e-11
945.000000 1.62014000e-10
955.000000 2.44673000e-10
965.000000 3.94657000e-10
975.000000 5.71579000e-10
985.000000 9.16522000e-10
995.000000 1.39755000e-09
1005.000000 2.25838000e-09
1015.000000 3.10650000e-09
1025.000000 4.55177000e-09
1035.000000 7.68106000e-09
1045.000000 1.13510000e-08
1055.000000 1.58355000e-08
1065.000000 2.36864000e-08
1075.000000 3.40503000e-08
1085.000000 5.10936000e-08
1095.000000 7.10681000e-08
1105.000000 9.97773000e-08
1115.000000 1.40886000e-07
1125.000000 2.00425000e-07
1135.000000 2.82916000e-07
1145.000000 4.02728000e-07
1155.000000 5.53759000e-07
1165.000000 7.55027000e-07
1175.000000 1.04621000e-06
1185.000000 1.41535000e-06
1195.000000 1.85061000e-06
1205.000000 2.42901000e-06
1215.000000 1.98993000e-06
1225.000000 4.33460000e-06
1235.000000 5.87512000e-06
1245.000000 7.73668000e-06
1255.000000 1.01856000e-05
1265.000000 1.33668000e-05
1275.000000 1.74063000e-05
1285.000000 2.25190000e-05
1295.000000 2.90776000e-05
1305.000000 3.61438000e-05
1315.000000 4.79249000e-05
1325.000000 6.10771000e-05
1335.000000 7.75791000e-05
1345.000000 9.99079000e-05
1355.000000 1.26205000e-04
1365.000000 1.58618000e-04
1375.000000 1.95653000e-04
1385.000000 2.36381000e-04
1395.000000 2.94372000e-04
1405.000000 3.77335000e-04
1415.000000 4.67133000e-04
1425.000000 5.56683000e-04
1435.000000 7.07054000e-04
1442.000000 8.29566000e-04
1447.000000 8.30428000e-04
1455.000000 1.02410000e-03
1465.000000 1.28977000e-03
1475.000000 1.51360000e-03
1485.000000 1.74183000e-03
1495.000000 2.29002000e-03
1505.000000 2.80307000e-03
1512.000000 2.57976000e-03
1517.000000 3.32433000e-03
1525.000000 4.00165000e-03
1535.000000 1.25410000e-02
1545.000000 1.80456000e-02
1555.000000 3.08937000e-02
1565.000000 3.11785000e-02
1575.000000 7.03380000e-02
1585.000000 8.21443000e-02
1595.000000 9.20046000e-02
1605.000000 9.98762000e-02
1615.000000 1.08160000e-01
1625.000000 1.16231000e-01
1635.000000 1.81979000e-01
1645.000000 2.69040000e-01
1655.000000 1.98459000e-01
1665.000000 3.32900000e-01
1672.000000 2.34265000e-01
1677.000000 4.59363000e-01
1685.000000 1.04027000e+00
1695.000000 2.00400000e+00
1705.000000 2.81255000e+00
1715.000000 3.07521000e+00
1725.000000 4.62007000e+00
1735.000000 5.54164000e+00
1745.000000 8.18529000e+00
1755.000000 9.09476000e+00
1765.000000 1.05928000e+01
1775.000000 9.06028000e+00
1785.000000 1.69587000e+01
1795.000000 1.54187000e+01
1805.000000 2.20867000e+01
1815.000000 1.76607000e+01
1825.000000 2.65313000e+01
1835.000000 2.75407000e+01
1845.000000 2.32101000e+01
1855.000000 2.60709000e+01
1865.000000 4.17235000e+01
1875.000000 4.22901000e+01
1885.000000 5.09173000e+01
1895.000000 6.86931000e+01
1905.000000 6.31010000e+01
1915.000000 8.70667000e+01
1925.000000 8.32081000e+01
1935.000000 6.47918000e+01
1945.000000 1.07133000e+02
1955.000000 1.33836000e+02
1967.000000 1.58867000e+02
1976.000000 1.65335000e+02
1984.000000 1.87663000e+02
1995.000000 1.91222000e+02
2005.000000 2.07415000e+02
2015.000000 2.33801000e+02
2025.000000 1.76181000e+02
2035.000000 2.68645000e+02
2045.000000 2.94373000e+02
2055.000000 3.28483000e+02
2065.000000 3.19488000e+02
2074.000000 3.26652000e+02
2078.000000 3.93377000e+02
2085.000000 4.10594000e+02
2095.000000 4.86844000e+02
2105.000000 5.02626000e+02
2115.000000 5.32069000e+02
2125.000000 4.60230000e+02
2135.000000 6.41896000e+02
2145.000000 5.95951000e+02
2155.000000 6.49717000e+02
2165.000000 6.29728000e+02
2175.000000 6.92868000e+02
2185.000000 6.74798000e+02
2195.000000 9.49716000e+02
2205.000000 8.59996000e+02
2215.000000 7.96348000e+02
2225.000000 8.95894000e+02
2235.000000 1.29017000e+03
2245.000000 1.38515000e+03
2255.000000 1.37778000e+03
2265.000000 1.01331000e+03
2275.000000 1.48504000e+03
2285.000000 1.65405000e+03
2295.000000 1.88986000e+03
2305.000000 1.24193000e+03
2315.000000 2.19160000e+03
2325.000000 2.12415000e+03
2335.000000 2.66678000e+03
2345.000000 1.86672000e+03
2355.000000 2.05441000e+03
2365.000000 2.15831000e+03
2375.000000 2.34067000e+03
2385.000000 2.54408000e+03
2395.000000 2.78625000e+03
2405.000000 3.64242000e+03
2415.000000 2.80495000e+03
2425.000000 3.76459000e+03
2435.000000 4.57757000e+03
2445.000000 5.54177000e+03
2455.000000 6.05846000e+03
2465.000000 4.86822000e+03
2475.000000 5.66014000e+03
2485.000000 2.67093000e+03
2495.000000 3.40865000e+03
2505.000000 5.49356000e+03
2513.000000 3.84307000e+03
2518.000000 2.81071000e+03
2525.000000 3.34450000e+03
2535.000000 6.73646000e+03
2545.000000 8.94387000e+03
2555.000000 2.06075000e+04
2565.000000 1.23517000e+04
2575.000000 2.13966000e+04
2585.000000 1.72522000e+04
2595.000000 1.67788000e+04
2605.000000 1.77350000e+04
2615.000000 1.58201000e+04
2625.000000 2.34431000e+04
2635.000000 5.86101000e+04
2645.000000 6.72036000e+04
2655.000000 1.21810000e+05
2665.000000 7.71682000e+04
2675.000000 6.51098000e+04
2685.000000 9.10101000e+04
2695.000000 5.07429000e+04
2705.000000 8.52208000e+04
2715.000000 5.82939000e+04
2725.000000 3.30520000e+04
2735.000000 4.57697000e+04
2745.000000 3.59394000e+04
2755.000000 4.63708000e+04
2765.000000 5.88016000e+04
2775.000000 5.53111000e+04
2785.000000 3.03031000e+04
2795.000000 1.29584000e+04
2805.000000 1.62872000e+04
2815.000000 4.23500000e+04
2825.000000 5.55892000e+04
2835.000000 4.19144000e+04
2845.000000 2.32576000e+04
2855.000000 9.64491000e+03
2865.000000 3.41214000e+04
2875.000000 6.17033000e+04
2885.000000 8.77322000e+04
2895.000000 1.51761000e+05
2910.000000 2.30924000e+05
2930.000000 2.34646000e+05
2950.000000 2.24877000e+05
2970.000000 2.14406000e+05
2990.000000 2.41972000e+05
3010.000000 2.23445000e+05
3030.000000 2.85355000e+05
3050.000000 3.15137000e+05
3070.000000 3.44524000e+05
3090.000000 3.27228000e+05
3110.000000 4.43914000e+05
3130.000000 3.69085000e+05
3150.000000 4.09248000e+05
3170.000000 4.94301000e+05
3190.000000 4.23890000e+05
3210.000000 4.54564000e+05
3230.000000 3.67814000e+05
3250.000000 6.08046000e+05
3270.000000 7.59455000e+05
3290.000000 7.85611000e+05
3310.000000 6.81793000e+05
3330.000000 6.98836000e+05
3350.000000 6.36235000e+05
3370.000000 4.54388000e+05
3390.000000 5.50206000e+05
3410.000000 6.35523000e+05
3430.000000 7.25382000e+05
3450.000000 7.37317000e+05
3470.000000 7.82469000e+05
3490.000000 9.06154000e+05
3510.000000 1.01346000e+06
3530.000000 9.06323000e+05
3550.000000 1.11633000e+06
3570.000000 7.24142000e+05
3590.000000 7.31442000e+05
3610.000000 9.42712000e+05
3630.000000 9.84930000e+05
3640.000000 1.03136000e+06
3650.000000 1.16040000e+06
3670.000000 1.24233000e+06
3690.000000 1.15088000e+06
3710.000000 1.25047000e+06
3730.000000 7.54926000e+05
3750.000000 9.05919000e+05
3770.000000 1.23590000e+06
3790.000000 1.23506000e+06
3810.000000 1.15982000e+06
3830.000000 5.69066000e+05
3850.000000 8.52149000e+05
3870.000000 8.22059000e+05
3890.000000 1.08450000e+06
3910.000000 1.19529000e+06
3930.000000 4.57957000e+05
3950.000000 9.25954000e+05
3970.000000 5.93865000e+05
3990.000000 1.57951000e+06
4010.000000 1.84709000e+06
4030.000000 1.81398000e+06
4050.000000 1.77771000e+06
4070.000000 1.71327000e+06
4090.000000 2.05858000e+06
4110.000000 1.91154000e+06
4130.000000 1.88114000e+06
4150.000000 1.80894000e+06
4170.000000 1.84880000e+06
4190.000000 1.84501000e+06
4210.000000 1.87063000e+06
4230.000000 1.74598000e+06
4250.000000 1.90360000e+06
4270.000000 1.79179000e+06
4290.000000 1.62389000e+06
4310.000000 1.40825000e+06
4330.000000 2.11282000e+06
4350.000000 2.10399000e+06
4370.000000 2.24891000e+06
4390.000000 2.01226000e+06
4410.000000 2.17265000e+06
4430.000000 2.29974000e+06
4450.000000 2.29776000e+06
4470.000000 2.47371000e+06
4490.000000 2.54216000e+06
4510.000000 2.84250000e+06
4530.000000 2.52115000e+06
4550.000000 2.64789000e+06
4570.000000 2.81651000e+06
4590.000000 2.70869000e+06
4610.000000 2.81411000e+06
4630.000000 2.77597000e+06
4650.000000 2.79082000e+06
4670.000000 2.92123000e+06
4690.000000 2.87615000e+06
4710.000000 2.79455000e+06
4730.000000 2.87335000e+06
4750.000000 2.91900000e+06
4770.000000 2.90417000e+06
4790.000000 2.92545000e+06
4810.000000 2.94514000e+06
4830.000000 3.00526000e+06
4850.000000 2.89516000e+06
4870.000000 2.70861000e+06
4890.000000 2.91747000e+06
4910.000000 2.90265000e+06
4930.000000 2.84133000e+06
4950.000000 2.97371000e+06
4970.000000 2.94967000e+06
4990.000000 2.75390000e+06
5010.000000 2.60978000e+06
5030.000000 2.75688000e+06
5050.000000 2.73981000e+06
5070.000000 2.83798000e+06
5090.000000 2.71713000e+06
5110.000000 2.76342000e+06
5130.000000 2.68380000e+06
5150.000000 2.57379000e+06
5170.000000 2.27048000e+06
5190.000000 2.37441000e+06
5210.000000 2.67002000e+06
5230.000000 2.86160000e+06
5250.000000 2.95506000e+06
5270.000000 2.65596000e+06
5290.000000 2.98633000e+06
5310.000000 3.15615000e+06
5330.000000 2.83931000e+06
5350.000000 3.06398000e+06
5370.000000 3.07752000e+06
5390.000000 2.98885000e+06
5410.000000 2.94645000e+06
5430.000000 2.97871000e+06
5450.000000 3.10173000e+06
5470.000000 3.03792000e+06
5490.000000 3.01845000e+06
5510.000000 3.00737000e+06
5530.000000 3.09357000e+06
5550.000000 3.15094000e+06
5570.000000 3.06387000e+06
5590.000000 2.98762000e+06
5610.000000 3.10652000e+06
5630.000000 3.12609000e+06
5650.000000 3.11297000e+06
5670.000000 3.03280000e+06
5690.000000 3.10298000e+06
5710.000000 2.99324000e+06
5730.000000 3.21815000e+06
5750.000000 3.12607000e+06
5770.000000 3.17018000e+06
5790.000000 3.05853000e+06
5810.000000 3.15436000e+06
5830.000000 3.22165000e+06
5850.000000 3.14362000e+06
5870.000000 3.14990000e+06
5890.000000 2.91114000e+06
5910.000000 3.12434000e+06
5930.000000 3.12108000e+06
5950.000000 3.12004000e+06
5970.000000 3.16248000e+06
5990.000000 3.12355000e+06
6010.000000 3.07922000e+06
6030.000000 3.11799000e+06
6050.000000 3.17121000e+06
6070.000000 3.14124000e+06
6090.000000 3.05259000e+06
6110.000000 3.05686000e+06
6130.000000 2.92927000e+06
6150.000000 3.00208000e+06
6170.000000 2.88082000e+06
6190.000000 3.05583000e+06
6210.000000 3.05347000e+06
6230.000000 2.97692000e+06
6250.000000 2.89618000e+06
6270.000000 3.00365000e+06
6290.000000 3.02885000e+06
6310.000000 2.94544000e+06
6330.000000 2.96437000e+06
6350.000000 2.98029000e+06
6370.000000 2.97303000e+06
6390.000000 3.01433000e+06
6410.000000 2.94823000e+06
6430.000000 2.97885000e+06
6450.000000 2.93949000e+06
6470.000000 2.92908000e+06
6490.000000 2.89514000e+06
6510.000000 2.96743000e+06
6530.000000 2.98771000e+06
6550.000000 2.93999000e+06
6570.000000 2.82786000e+06
6590.000000 2.94318000e+06
6610.000000 2.95445000e+06
6630.000000 2.94694000e+06
6650.000000 2.93964000e+06
6670.000000 2.90671000e+06
6690.000000 2.95829000e+06
6710.000000 2.88537000e+06
6730.000000 2.94070000e+06
6750.000000 2.89436000e+06
6770.000000 2.90153000e+06
6790.000000 2.88953000e+06
6810.000000 2.87453000e+06
6830.000000 2.90432000e+06
6850.000000 2.83817000e+06
6870.000000 2.85854000e+06
6890.000000 2.87237000e+06
6910.000000 2.85505000e+06
6930.000000 2.84228000e+06
6950.000000 2.83016000e+06
6970.000000 2.83899000e+06
6990.000000 2.81521000e+06
7010.000000 2.75164000e+06
7030.000000 2.79714000e+06
7050.000000 2.80176000e+06
7070.000000 2.77311000e+06
7090.000000 2.77203000e+06
7110.000000 2.78120000e+06
7130.000000 2.73768000e+06
7150.000000 2.71656000e+06
7170.000000 2.73052000e+06
7190.000000 2.64794000e+06
7210.000000 2.68364000e+06
7230.000000 2.71343000e+06
7250.000000 2.70356000e+06
7270.000000 2.70667000e+06
7290.000000 2.65221000e+06
7310.000000 2.68637000e+06
7330.000000 2.66836000e+06
7350.000000 2.66571000e+06
7370.000000 2.68782000e+06
7390.000000 2.63590000e+06
7410.000000 2.60028000e+06
7430.000000 2.62943000e+06
7450.000000 2.63000000e+06
7470.000000 2.64658000e+06
7490.000000 2.62562000e+06
7510.000000 2.63369000e+06
7530.000000 2.63235000e+06
7550.000000 2.63395000e+06
7570.000000 2.61032000e+06
7590.000000 2.59939000e+06
7610.000000 2.59134000e+06
7630.000000 2.60146000e+06
7650.000000 2.58994000e+06
7670.000000 2.52189000e+06
7690.000000 2.57816000e+06
7710.000000 2.54579000e+06
7730.000000 2.54190000e+06
7750.000000 2.51720000e+06
7770.000000 2.56060000e+06
7790.000000 2.54728000e+06
7810.000000 2.53808000e+06
7830.000000 2.51727000e+06
7850.000000 2.51076000e+06
7870.000000 2.52708000e+06
7890.000000 2.50763000e+06
7910.000000 2.47106000e+06
7930.000000 2.44154000e+06
7950.000000 2.42784000e+06
7970.000000 2.47332000e+06
7990.000000 2.46083000e+06
8010.000000 2.44445000e+06
8030.000000 2.43556000e+06
8050.000000 2.41470000e+06
8070.000000 2.42096000e+06
8090.000000 2.39024000e+06
8110.000000 2.40476000e+06
8130.000000 2.41734000e+06
8150.000000 2.40305000e+06
8170.000000 2.39581000e+06
8190.000000 2.34262000e+06
8210.000000 2.33150000e+06
8230.000000 2.34443000e+06
8250.000000 2.35539000e+06
8270.000000 2.37116000e+06
8290.000000 2.35546000e+06
8310.000000 2.30262000e+06
8330.000000 2.30352000e+06
8350.000000 2.30260000e+06
8370.000000 2.30705000e+06
8390.000000 2.23644000e+06
8410.000000 2.29543000e+06
8430.000000 2.23705000e+06
8450.000000 2.27644000e+06
8470.000000 2.26313000e+06
8490.000000 2.23304000e+06
8510.000000 2.13292000e+06
8530.000000 2.19728000e+06
8550.000000 1.88528000e+06
8570.000000 2.25248000e+06
8590.000000 2.22444000e+06
8610.000000 2.21757000e+06
8630.000000 2.22714000e+06
8650.000000 2.20164000e+06
8670.000000 1.89886000e+06
8690.000000 2.14650000e+06
8710.000000 2.18656000e+06
8730.000000 2.17972000e+06
8750.000000 2.16603000e+06
8770.000000 2.18481000e+06
8790.000000 2.16996000e+06
8810.000000 2.10925000e+06
8830.000000 2.15078000e+06
8850.000000 2.15559000e+06
8870.000000 2.12299000e+06
8890.000000 2.15182000e+06
8910.000000 2.15238000e+06
8930.000000 2.11431000e+06
8950.000000 2.10873000e+06
8970.000000 2.11202000e+06
8990.000000 2.11163000e+06
9010.000000 2.04495000e+06
9030.000000 2.08821000e+06
9050.000000 2.11146000e+06
9070.000000 2.09231000e+06
9090.000000 2.03994000e+06
9110.000000 2.04565000e+06
9130.000000 2.06969000e+06
9150.000000 2.04491000e+06
9170.000000 2.03084000e+06
9190.000000 2.03825000e+06
9210.000000 1.99668000e+06
9230.000000 1.99834000e+06
9250.000000 1.97605000e+06
9270.000000 1.99831000e+06
9290.000000 1.99055000e+06
9310.000000 2.00339000e+06
9330.000000 1.99433000e+06
9350.000000 1.98322000e+06
9370.000000 1.96425000e+06
9390.000000 1.96935000e+06
9410.000000 1.91721000e+06
9430.000000 1.94463000e+06
9450.000000 1.92059000e+06
9470.000000 1.94941000e+06
9490.000000 1.94794000e+06
9510.000000 1.93721000e+06
9530.000000 1.92689000e+06
9550.000000 1.90330000e+06
9570.000000 1.90921000e+06
9590.000000 1.92145000e+06
9610.000000 1.89939000e+06
9630.000000 1.89752000e+06
9650.000000 1.86260000e+06
9670.000000 1.86594000e+06
9690.000000 1.88044000e+06
9710.000000 1.86862000e+06
9730.000000 1.85876000e+06
9750.000000 1.84833000e+06
9770.000000 1.85052000e+06
9790.000000 1.82158000e+06
9810.000000 1.85769000e+06
9830.000000 1.84008000e+06
9850.000000 1.84993000e+06
9870.000000 1.83548000e+06
9890.000000 1.83069000e+06
9910.000000 1.82246000e+06
9930.000000 1.82831000e+06
9950.000000 1.82264000e+06
9970.000000 1.82015000e+06
9990.000000 1.80966000e+06
10025.000000 1.79798000e+06
10075.000000 1.77996000e+06
10125.000000 1.77282000e+06
10175.000000 1.74718000e+06
10225.000000 1.74163000e+06
10275.000000 1.73585000e+06
10325.000000 1.70763000e+06
10375.000000 1.69538000e+06
10425.000000 1.69527000e+06
10475.000000 1.67154000e+06
10525.000000 1.67059000e+06
10575.000000 1.64766000e+06
10625.000000 1.63529000e+06
10675.000000 1.61022000e+06
10725.000000 1.60749000e+06
10775.000000 1.58706000e+06
10825.000000 1.55832000e+06
10875.000000 1.55558000e+06
10925.000000 1.55460000e+06
10975.000000 1.51163000e+06
11025.000000 1.51280000e+06
11075.000000 1.51404000e+06
11125.000000 1.49897000e+06
11175.000000 1.49044000e+06
11225.000000 1.48673000e+06
11275.000000 1.46228000e+06
11325.000000 1.46215000e+06
11375.000000 1.44513000e+06
11425.000000 1.43271000e+06
11475.000000 1.44051000e+06
11525.000000 1.43232000e+06
11575.000000 1.41468000e+06
11625.000000 1.39504000e+06
11675.000000 1.39437000e+06
11725.000000 1.39823000e+06
11775.000000 1.37548000e+06
11825.000000 1.35682000e+06
11875.000000 1.34913000e+06
11925.000000 1.36277000e+06
11975.000000 1.31390000e+06
12025.000000 1.32866000e+06
12075.000000 1.31530000e+06
12125.000000 1.31531000e+06
12175.000000 1.31701000e+06
12225.000000 1.30860000e+06
12275.000000 1.29399000e+06
12325.000000 1.29008000e+06
12375.000000 1.27916000e+06
12425.000000 1.26679000e+06
12475.000000 1.26709000e+06
12525.000000 1.25514000e+06
12575.000000 1.24966000e+06
12625.000000 1.24077000e+06
12675.000000 1.22939000e+06
12725.000000 1.22624000e+06
12775.000000 1.22277000e+06
12825.000000 1.18383000e+06
12875.000000 1.19985000e+06
12925.000000 1.18779000e+06
12975.000000 1.19163000e+06
13025.000000 1.17859000e+06
13075.000000 1.17786000e+06
13125.000000 1.15902000e+06
13175.000000 1.15323000e+06
13225.000000 1.15659000e+06
13275.000000 1.13763000e+06
13325.000000 1.13790000e+06
13375.000000 1.13273000e+06
13425.000000 1.13135000e+06
13475.000000 1.12476000e+06
13525.000000 1.11988000e+06
13575.000000 1.10481000e+06
13625.000000 1.09780000e+06
13675.000000 1.09579000e+06
13725.000000 1.09508000e+06
13775.000000 1.08722000e+06
13825.000000 1.08414000e+06
13875.000000 1.07470000e+06
13925.000000 1.06919000e+06
13975.000000 1.06427000e+06
14025.000000 1.05336000e+06
14075.000000 1.05238000e+06
14125.000000 1.03794000e+06
14175.000000 1.04143000e+06
14225.000000 1.02399000e+06
14275.000000 1.00790000e+06
14325.000000 1.02199000e+06
14375.000000 1.02311000e+06
14425.000000 1.00014000e+06
14475.000000 1.01318000e+06
14525.000000 9.98698000e+05
14570.000000 9.97419000e+05
14620.000000 9.89886000e+05
14675.000000 9.87868000e+05
14725.000000 9.74429000e+05
14775.000000 9.75973000e+05
14825.000000 9.73635000e+05
14875.000000 9.50994000e+05
14925.000000 9.74111000e+05
14975.000000 9.64979000e+05
15025.000000 9.32818000e+05
15075.000000 9.38360000e+05
15125.000000 9.49853000e+05
15175.000000 9.52700000e+05
15225.000000 9.38831000e+05
15275.000000 9.42027000e+05
15325.000000 9.36275000e+05
15375.000000 9.31486000e+05
15425.000000 9.27959000e+05
15475.000000 9.29444000e+05
15525.000000 9.15590000e+05
15575.000000 9.08959000e+05
15625.000000 9.17996000e+05
15675.000000 8.99852000e+05
15725.000000 8.96363000e+05
15775.000000 8.70268000e+05
15825.000000 8.85747000e+05
15875.000000 8.51326000e+05
15925.000000 8.76025000e+05
15975.000000 8.74993000e+05
16050.000000 8.68122000e+05
16150.000000 8.48897000e+05
16250.000000 8.48625000e+05
16350.000000 8.34316000e+05
16450.000000 8.11283000e+05
16550.000000 8.12375000e+05
16650.000000 7.93174000e+05
16750.000000 7.74184000e+05
16850.000000 7.50546000e+05
16950.000000 7.54187000e+05
17050.000000 7.30968000e+05
17150.000000 7.15706000e+05
17250.000000 7.01076000e+05
17350.000000 6.74120000e+05
17450.000000 6.73876000e+05
17550.000000 6.64641000e+05
17650.000000 6.51737000e+05
17750.000000 6.37754000e+05
17850.000000 6.29162000e+05
17950.000000 6.17997000e+05
18050.000000 6.02473000e+05
18150.000000 5.83753000e+05
18250.000000 5.77012000e+05
18350.000000 5.68693000e+05
18450.000000 5.53846000e+05
18550.000000 5.46872000e+05
18650.000000 5.33886000e+05
18750.000000 5.12936000e+05
18850.000000 5.15980000e+05
18950.000000 4.96595000e+05
19050.000000 4.98133000e+05
19150.000000 4.87242000e+05
19250.000000 4.80546000e+05
19350.000000 4.67151000e+05
19450.000000 4.50728000e+05
19550.000000 4.53245000e+05
19650.000000 4.45014000e+05
19750.000000 4.32996000e+05
19850.000000 4.28539000e+05
19950.000000 4.20013000e+05
20050.000000 4.16443000e+05
20150.000000 4.10937000e+05
20250.000000 4.00136000e+05
20350.000000 3.90800000e+05
20450.000000 3.89627000e+05
20550.000000 3.80911000e+05
20650.000000 3.72858000e+05
20750.000000 3.68118000e+05
20850.000000 3.60877000e+05
20950.000000 3.52943000e+05
21050.000000 3.50787000e+05
21150.000000 3.44185000e+05
21250.000000 3.37900000e+05
21350.000000 3.33064000e+05
21450.000000 3.28042000e+05
21550.000000 3.22376000e+05
21650.000000 3.11593000e+05
21750.000000 3.09124000e+05
21850.000000 3.04865000e+05
21950.000000 3.01804000e+05
22050.000000 2.93951000e+05
22150.000000 2.92501000e+05
22250.000000 2.85593000e+05
22350.000000 2.81558000e+05
22450.000000 2.77560000e+05
22550.000000 2.72674000e+05
22650.000000 2.67216000e+05
22750.000000 2.65135000e+05
22850.000000 2.58822000e+05
22950.000000 2.40606000e+05
23050.000000 2.45706000e+05
23150.000000 2.43145000e+05
23250.000000 2.24541000e+05
23350.000000 2.30457000e+05
23450.000000 2.30538000e+05
23550.000000 2.11914000e+05
23650.000000 2.19401000e+05
23750.000000 2.17263000e+05
23850.000000 2.01517000e+05
23950.000000 2.07653000e+05
24050.000000 2.07344000e+05
24150.000000 1.94365000e+05
24250.000000 1.97269000e+05
24350.000000 1.97221000e+05
24450.000000 1.89007000e+05
24550.000000 1.85845000e+05
24650.000000 1.89623000e+05
24750.000000 1.83315000e+05
24850.000000 1.77486000e+05
24950.000000 1.80133000e+05
25050.000000 1.78848000e+05
25150.000000 1.71711000e+05
25250.000000 1.72038000e+05
25350.000000 1.71240000e+05
25450.000000 1.67088000e+05
25550.000000 1.65488000e+05
25650.000000 1.63839000e+05
25750.000000 1.63359000e+05
25850.000000 1.57249000e+05
25950.000000 1.58031000e+05
26050.000000 1.56548000e+05
26150.000000 1.54036000e+05
26250.000000 1.50388000e+05
26350.000000 1.49960000e+05
26450.000000 1.48004000e+05
26550.000000 1.44786000e+05
26650.000000 1.42900000e+05
26750.000000 1.43113000e+05
26850.000000 1.41741000e+05
26950.000000 1.39254000e+05
27050.000000 1.38026000e+05
27150.000000 1.36142000e+05
27250.000000 1.34789000e+05
27350.000000 1.32617000e+05
27450.000000 1.31467000e+05
27550.000000 1.29338000e+05
27650.000000 1.27902000e+05
27750.000000 1.26135000e+05
27850.000000 1.24639000e+05
27950.000000 1.23011000e+05
28050.000000 1.21187000e+05
28150.000000 1.19900000e+05
28250.000000 1.18623000e+05
28350.000000 1.17492000e+05
28450.000000 1.15550000e+05
28550.000000 1.14220000e+05
28650.000000 1.12782000e+05
28750.000000 1.10918000e+05
28850.000000 1.10074000e+05
28950.000000 1.08753000e+05
29050.000000 1.07193000e+05
29150.000000 1.06179000e+05
29250.000000 1.03834000e+05
29350.000000 1.03071000e+05
29450.000000 1.01590000e+05
29550.000000 1.00779000e+05
29650.000000 9.91273000e+04
29750.000000 9.82577000e+04
29850.000000 9.71904000e+04
29950.000000 9.57234000e+04
30050.000000 9.42530000e+04
30150.000000 9.36620000e+04
30250.000000 9.24056000e+04
30350.000000 9.08038000e+04
30450.000000 8.95461000e+04
30550.000000 8.91223000e+04
30650.000000 8.78079000e+04
30750.000000 8.70265000e+04
30850.000000 8.54024000e+04
30950.000000 8.45092000e+04
31050.000000 8.39306000e+04
31150.000000 8.20920000e+04
31250.000000 8.18760000e+04
31350.000000 8.03502000e+04
31450.000000 7.99277000e+04
31550.000000 7.86687000e+04
31650.000000 7.80294000e+04
31750.000000 7.68996000e+04
31850.000000 7.59570000e+04
31950.000000 7.52534000e+04
32100.000000 7.40107000e+04
32300.000000 7.19595000e+04
32500.000000 7.06200000e+04
32700.000000 6.89978000e+04
32900.000000 6.69607000e+04
33100.000000 6.58308000e+04
33300.000000 6.40470000e+04
33500.000000 6.28850000e+04
33700.000000 6.15703000e+04
33900.000000 5.97412000e+04
34100.000000 5.87055000e+04
34300.000000 5.77187000e+04
34500.000000 5.61525000e+04
34700.000000 5.51755000e+04
34900.000000 5.40500000e+04
35100.000000 5.27203000e+04
35300.000000 5.15018000e+04
35500.000000 5.06541000e+04
35700.000000 4.93491000e+04
35900.000000 4.83302000e+04
36100.000000 4.76169000e+04
36300.000000 4.64733000e+04
36500.000000 4.53687000e+04
36700.000000 4.44448000e+04
36900.000000 4.34608000e+04
37100.000000 4.25446000e+04
37300.000000 4.18053000e+04
37500.000000 4.07551000e+04
37700.000000 4.01277000e+04
37900.000000 3.94430000e+04
38100.000000 3.85421000e+04
38300.000000 3.79095000e+04
38500.000000 3.71710000e+04
38700.000000 3.64457000e+04
38900.000000 3.56262000e+04
39100.000000 3.50828000e+04
39300.000000 3.43754000e+04
39500.000000 3.36298000e+04
39700.000000 3.30982000e+04
39900.000000 3.22277000e+04
40100.000000 3.17664000e+04
40300.000000 3.12385000e+04
40500.000000 3.05656000e+04
40700.000000 2.99725000e+04
40900.000000 2.95337000e+04
41100.000000 2.89593000e+04
41300.000000 2.84895000e+04
41500.000000 2.78853000e+04
41700.000000 2.73975000e+04
41900.000000 2.69391000e+04
42100.000000 2.62693000e+04
42300.000000 2.60299000e+04
42500.000000 2.54872000e+04
42700.000000 2.50734000e+04
42900.000000 2.39497000e+04
43100.000000 2.30567000e+04
43300.000000 2.30713000e+04
43500.000000 2.19856000e+04
43700.000000 2.15047000e+04
43900.000000 2.13092000e+04
44100.000000 2.01323000e+04
44300.000000 2.00872000e+04
44500.000000 1.97282000e+04
44700.000000 1.88398000e+04
44900.000000 1.89111000e+04
45100.000000 1.84878000e+04
45300.000000 1.77644000e+04
45500.000000 1.77966000e+04
45700.000000 1.75944000e+04
45900.000000 1.68201000e+04
46100.000000 1.69061000e+04
46300.000000 1.65687000e+04
46500.000000 1.63360000e+04
46700.000000 1.61567000e+04
46900.000000 1.59433000e+04
47100.000000 1.56017000e+04
47300.000000 1.55788000e+04
47500.000000 1.52729000e+04
47700.000000 1.50376000e+04
47900.000000 1.48192000e+04
48100.000000 1.45029000e+04
48300.000000 1.45247000e+04
48500.000000 1.42245000e+04
48700.000000 1.39540000e+04
48900.000000 1.38125000e+04
49100.000000 1.35715000e+04
49300.000000 1.33779000e+04
49500.000000 1.31776000e+04
49700.000000 1.30208000e+04
49900.000000 1.28301000e+04
50100.000000 1.25620000e+04
50300.000000 1.25108000e+04
50500.000000 1.22384000e+04
50700.000000 1.20888000e+04
50900.000000 1.19549000e+04
51100.000000 1.17253000e+04
51300.000000 1.16024000e+04
51500.000000 1.14318000e+04
51700.000000 1.13700000e+04
51900.000000 1.11309000e+04
52100.000000 1.09608000e+04
52300.000000 1.08155000e+04
52500.000000 1.07279000e+04
52700.000000 1.06453000e+04
52900.000000 1.03764000e+04
53100.000000 1.02581000e+04
53300.000000 1.01407000e+04
53500.000000 1.00142000e+04
53700.000000 9.88159000e+03
53900.000000 9.77481000e+03
54100.000000 9.64462000e+03
54300.000000 9.46471000e+03
54500.000000 9.39994000e+03
54700.000000 9.25125000e+03
54900.000000 9.12872000e+03
55100.000000 9.01653000e+03
55300.000000 8.97854000e+03
55500.000000 8.76033000e+03
55700.000000 8.73869000e+03
55900.000000 8.56403000e+03
56100.000000 8.48512000e+03
56300.000000 8.34163000e+03
56500.000000 8.28858000e+03
56700.000000 8.17748000e+03
56900.000000 8.02363000e+03
57100.000000 7.97699000e+03
57300.000000 7.87436000e+03
57500.000000 7.77387000e+03
57700.000000 7.66282000e+03
57900.000000 7.59559000e+03
58100.000000 7.47374000e+03
58300.000000 7.38598000e+03
58500.000000 7.30826000e+03
58700.000000 7.19185000e+03
58900.000000 7.10139000e+03
59100.000000 7.03173000e+03
59300.000000 6.94474000e+03
59500.000000 6.84237000e+03
59700.000000 6.78466000e+03
59900.000000 6.69890000e+03
60100.000000 6.61496000e+03
60300.000000 6.53572000e+03
60500.000000 6.44277000e+03
60700.000000 6.36572000e+03
60900.000000 6.28243000e+03
61100.000000 6.19535000e+03
61300.000000 6.13755000e+03
61500.000000 6.06921000e+03
61700.000000 6.00033000e+03
61900.000000 5.93085000e+03
62100.000000 5.86272000e+03
62300.000000 5.77466000e+03
62500.000000 5.70401000e+03
62700.000000 5.64286000e+03
62900.000000 5.57751000e+03
63100.000000 5.49963000e+03
63300.000000 5.45591000e+03
63500.000000 5.38133000e+03
63700.000000 5.32921000e+03
63900.000000 5.25383000e+03
64200.000000 5.16983000e+03
64600.000000 5.04291000e+03
65000.000000 4.92646000e+03
65400.000000 4.81732000e+03
65800.000000 4.70986000e+03
66200.000000 4.59767000e+03
66600.000000 4.49623000e+03
67000.000000 4.39252000e+03
67400.000000 4.28987000e+03
67800.000000 4.19670000e+03
68200.000000 4.10210000e+03
68600.000000 4.01221000e+03
69000.000000 3.92152000e+03
69400.000000 3.83279000e+03
69800.000000 3.75180000e+03
70200.000000 3.66452000e+03
70600.000000 3.58887000e+03
71000.000000 3.51126000e+03
71400.000000 3.43515000e+03
71800.000000 3.36074000e+03
72200.000000 3.28935000e+03
72600.000000 3.21868000e+03
73000.000000 3.15218000e+03
73400.000000 3.08394000e+03
73800.000000 3.02079000e+03
74200.000000 2.95587000e+03
74600.000000 2.89339000e+03
75000.000000 2.83535000e+03
75400.000000 2.77665000e+03
75800.000000 2.71969000e+03
76200.000000 2.66331000e+03
76600.000000 2.60841000e+03
77000.000000 2.55311000e+03
77400.000000 2.50251000e+03
77800.000000 2.45189000e+03
78200.000000 2.40278000e+03
78600.000000 2.35418000e+03
79000.000000 2.30812000e+03
79400.000000 2.26216000e+03
79800.000000 2.21848000e+03
80200.000000 2.17444000e+03
80600.000000 2.13261000e+03
81000.000000 2.09352000e+03
81400.000000 2.05224000e+03
81800.000000 2.01504000e+03
82200.000000 1.97820000e+03
82600.000000 1.94081000e+03
83000.000000 1.90465000e+03
83400.000000 1.86763000e+03
83800.000000 1.83396000e+03
84200.000000 1.80032000e+03
84600.000000 1.76723000e+03
85000.000000 1.73473000e+03
85400.000000 1.70312000e+03
85800.000000 1.67213000e+03
86200.000000 1.64169000e+03
86600.000000 1.61230000e+03
87000.000000 1.58347000e+03
87400.000000 1.55554000e+03
87800.000000 1.52747000e+03
88200.000000 1.49970000e+03
88600.000000 1.47348000e+03
89000.000000 1.44766000e+03
89400.000000 1.42281000e+03
89800.000000 1.39736000e+03
90200.000000 1.37406000e+03
90600.000000 1.35126000e+03
91000.000000 1.32717000e+03
91400.000000 1.30399000e+03
91800.000000 1.28291000e+03
92200.000000 1.26125000e+03
92600.000000 1.23984000e+03
93000.000000 1.21983000e+03
93400.000000 1.19843000e+03
93800.000000 1.17843000e+03
94200.000000 1.16021000e+03
94600.000000 1.13977000e+03
95000.000000 1.12226000e+03
95400.000000 1.10405000e+03
95800.000000 1.08471000e+03
96200.000000 1.06842000e+03
96600.000000 1.04958000e+03
97000.000000 1.03425000e+03
97400.000000 1.01680000e+03
97800.000000 9.99364000e+02
98200.000000 9.85574000e+02
98600.000000 9.69844000e+02
99000.000000 9.54028000e+02
99400.000000 9.38281000e+02
99800.000000 9.25215000e+02
100200.000000 9.10789000e+02
200000.000000 5.92398000e+01
400000.000000 3.73315000e+00
600000.000000 7.35470000e-01
800000.000000 2.31830000e-01
1000000.000000 9.46269000e-02
1200000.000000 4.54927000e-02
1400000.000000 2.44874000e-02
1600000.000000 1.43153000e-02
