# teff = 5000.0
# logg = 4.0
# metallicity = 0.5
# wavelength_unit = angstrom
# flux_unit = erg/cm2/s/A
# units_standardized = True
147.200000 1.34096000e-126
151.000000 4.06387000e-123
155.200000 1.80427000e-119
158.800000 1.68545000e-116
162.000000 5.68783000e-114
166.000000 5.97673000e-111
170.300000 7.31543000e-108
173.400000 9.85928000e-106
176.800000 1.74793000e-103
180.200000 2.54204000e-101
181.700000 2.15358000e-100
186.100000 9.28922000e-98
191.000000 5.71481000e-95
193.900000 2.18459000e-93
198.400000 5.03460000e-91
201.800000 2.61109000e-89
205.000000 9.51841000e-88
210.500000 3.53432000e-85
216.200000 1.17857000e-82
219.800000 3.94758000e-81
223.000000 8.10897000e-80
226.800000 2.62570000e-78
230.000000 4.48892000e-77
234.000000 1.39295000e-75
240.000000 1.93525000e-73
246.500000 3.07913000e-71
252.400000 2.43711000e-69
256.800000 5.55592000e-68
260.000000 5.04477000e-67
264.000000 7.36367000e-66
268.500000 1.36113000e-64
273.500000 3.09966000e-63
278.500000 6.30260000e-62
284.000000 1.52670000e-60
290.000000 4.28853000e-59
296.000000 1.04721000e-57
301.000000 1.36041000e-56
308.000000 4.27149000e-55
318.000000 4.48019000e-53
328.000000 3.51118000e-51
338.000000 2.10854000e-49
348.000000 9.94303000e-48
357.000000 2.63411000e-46
366.000000 5.91941000e-45
375.000000 1.13894000e-43
385.000000 2.57490000e-42
395.000000 4.94088000e-41
405.000000 8.15357000e-40
414.000000 9.01996000e-39
422.000000 6.98398000e-38
430.000000 4.99691000e-37
441.000000 6.62586000e-36
451.000000 6.19563000e-35
460.000000 4.24996000e-34
470.000000 3.30069000e-33
480.000000 2.34409000e-32
490.000000 1.53209000e-31
500.000000 9.24991000e-31
506.000000 3.50236000e-30
512.000000 1.08394000e-29
520.000000 4.03883000e-29
530.000000 1.98383000e-28
540.000000 9.03298000e-28
550.000000 3.92409000e-27
560.000000 1.60470000e-26
570.000000 6.22885000e-26
580.000000 2.27751000e-25
590.000000 8.11554000e-25
600.000000 2.73683000e-24
610.000000 8.85096000e-24
620.000000 2.74795000e-23
630.000000 8.21344000e-23
640.000000 2.36863000e-22
650.000000 6.59789000e-22
658.000000 1.46206000e-21
665.000000 2.87992000e-21
675.000000 7.40874000e-21
685.000000 1.85223000e-20
695.000000 4.49665000e-20
705.000000 1.05744000e-19
716.000000 2.65659000e-19
726.000000 5.95454000e-19
735.000000 1.20678000e-18
745.000000 2.58778000e-18
755.000000 5.43306000e-18
765.000000 1.11842000e-17
775.000000 2.25200000e-17
785.000000 4.45736000e-17
795.000000 8.56251000e-17
805.000000 1.64057000e-16
815.000000 3.08870000e-16
825.000000 5.69778000e-16
835.000000 1.03408000e-15
845.000000 1.84828000e-15
855.000000 3.25517000e-15
865.000000 5.64975000e-15
875.000000 9.64526000e-15
885.000000 1.63486000e-14
895.000000 2.72737000e-14
905.000000 4.49292000e-14
915.000000 6.68391000e-11
925.000000 2.53017000e-10
935.000000 3.51608000e-10
945.000000 5.62463000e-10
955.000000 8.62075000e-10
965.000000 1.39154000e-09
975.000000 1.96765000e-09
985.000000 2.95575000e-09
995.000000 4.33000000e-09
1005.000000 6.51838000e-09
1015.000000 9.63120000e-09
1025.000000 1.35212000e-08
1035.000000 2.12637000e-08
1045.000000 3.09891000e-08
1055.000000 4.14765000e-08
1065.000000 6.14206000e-08
1075.000000 8.66270000e-08
1085.000000 1.23801000e-07
1095.000000 1.66983000e-07
1105.000000 2.22830000e-07
1115.000000 3.18117000e-07
1125.000000 4.52656000e-07
1135.000000 6.37491000e-07
1145.000000 8.72467000e-07
1155.000000 1.20037000e-06
1165.000000 1.61709000e-06
1175.000000 2.19024000e-06
1185.000000 2.91677000e-06
1195.000000 3.79150000e-06
1205.000000 4.93398000e-06
1215.000000 5.02357000e-06
1225.000000 8.67673000e-06
1235.000000 1.14884000e-05
1245.000000 1.49989000e-05
1255.000000 1.94413000e-05
1265.000000 2.52467000e-05
1275.000000 3.26319000e-05
1285.000000 4.16764000e-05
1295.000000 5.18877000e-05
1305.000000 6.60495000e-05
1315.000000 8.70809000e-05
1325.000000 1.10221000e-04
1335.000000 1.34855000e-04
1345.000000 1.75769000e-04
1355.000000 2.24475000e-04
1365.000000 2.76558000e-04
1375.000000 3.33943000e-04
1385.000000 3.94616000e-04
1395.000000 4.88793000e-04
1405.000000 6.35947000e-04
1415.000000 7.47109000e-04
1425.000000 9.12777000e-04
1435.000000 1.12167000e-03
1442.000000 1.35785000e-03
1447.000000 1.27657000e-03
1455.000000 1.65976000e-03
1465.000000 2.12428000e-03
1475.000000 2.43635000e-03
1485.000000 2.63991000e-03
1495.000000 3.73017000e-03
1505.000000 4.48694000e-03
1512.000000 4.29471000e-03
1517.000000 5.27355000e-03
1525.000000 6.58378000e-03
1535.000000 1.73845000e-02
1545.000000 1.86153000e-02
1555.000000 3.05322000e-02
1565.000000 3.04109000e-02
1575.000000 8.19286000e-02
1585.000000 9.13187000e-02
1595.000000 9.99093000e-02
1605.000000 1.00461000e-01
1615.000000 1.05048000e-01
1625.000000 1.12653000e-01
1635.000000 1.66280000e-01
1645.000000 2.38162000e-01
1655.000000 1.75021000e-01
1665.000000 3.01019000e-01
1672.000000 2.05413000e-01
1677.000000 3.64562000e-01
1685.000000 5.95581000e-01
1695.000000 1.02938000e+00
1705.000000 1.23866000e+00
1715.000000 1.29956000e+00
1725.000000 1.93427000e+00
1735.000000 2.30514000e+00
1745.000000 3.38658000e+00
1755.000000 3.58758000e+00
1765.000000 4.12788000e+00
1775.000000 3.69002000e+00
1785.000000 7.10734000e+00
1795.000000 6.08234000e+00
1805.000000 9.84473000e+00
1815.000000 7.10854000e+00
1825.000000 1.17058000e+01
1835.000000 1.10114000e+01
1845.000000 1.11026000e+01
1855.000000 1.08458000e+01
1865.000000 1.72864000e+01
1875.000000 1.68710000e+01
1885.000000 2.06504000e+01
1895.000000 2.78134000e+01
1905.000000 2.57065000e+01
1915.000000 3.51589000e+01
1925.000000 2.99442000e+01
1935.000000 1.73281000e+01
1945.000000 4.16043000e+01
1955.000000 5.48354000e+01
1967.000000 6.39870000e+01
1976.000000 6.88761000e+01
1984.000000 8.16414000e+01
1995.000000 7.64264000e+01
2005.000000 8.33017000e+01
2015.000000 9.41215000e+01
2025.000000 7.48401000e+01
2035.000000 1.05817000e+02
2045.000000 1.14676000e+02
2055.000000 1.31252000e+02
2065.000000 1.25399000e+02
2074.000000 1.11491000e+02
2078.000000 1.56883000e+02
2085.000000 1.91856000e+02
2095.000000 3.28188000e+02
2105.000000 4.31345000e+02
2115.000000 4.56878000e+02
2125.000000 4.32866000e+02
2135.000000 5.60802000e+02
2145.000000 4.96795000e+02
2155.000000 5.37778000e+02
2165.000000 5.11490000e+02
2175.000000 5.62232000e+02
2185.000000 5.23695000e+02
2195.000000 7.98572000e+02
2205.000000 7.06492000e+02
2215.000000 7.12159000e+02
2225.000000 7.31265000e+02
2235.000000 1.17561000e+03
2245.000000 1.29724000e+03
2255.000000 1.35615000e+03
2265.000000 8.61373000e+02
2275.000000 1.30227000e+03
2285.000000 1.53384000e+03
2295.000000 1.80503000e+03
2305.000000 1.04481000e+03
2315.000000 2.11189000e+03
2325.000000 1.92929000e+03
2335.000000 2.69428000e+03
2345.000000 1.69599000e+03
2355.000000 1.73603000e+03
2365.000000 1.94163000e+03
2375.000000 2.07713000e+03
2385.000000 2.47149000e+03
2395.000000 2.63893000e+03
2405.000000 3.76988000e+03
2415.000000 2.61808000e+03
2425.000000 3.55587000e+03
2435.000000 4.54263000e+03
2445.000000 5.90772000e+03
2455.000000 6.48007000e+03
2465.000000 4.49827000e+03
2475.000000 5.56925000e+03
2485.000000 1.92592000e+03
2495.000000 2.79378000e+03
2505.000000 5.43251000e+03
2513.000000 3.52941000e+03
2518.000000 2.69811000e+03
2525.000000 2.73488000e+03
2535.000000 6.26395000e+03
2545.000000 8.08363000e+03
2555.000000 1.45290000e+04
2565.000000 1.02118000e+04
2575.000000 1.57189000e+04
2585.000000 1.42743000e+04
2595.000000 1.57321000e+04
2605.000000 1.87681000e+04
2615.000000 1.70680000e+04
2625.000000 2.39784000e+04
2635.000000 4.82983000e+04
2645.000000 4.87754000e+04
2655.000000 1.00940000e+05
2665.000000 5.38820000e+04
2675.000000 5.12507000e+04
2685.000000 7.52390000e+04
2695.000000 3.81303000e+04
2705.000000 6.69070000e+04
2715.000000 4.48295000e+04
2725.000000 2.74921000e+04
2735.000000 3.75801000e+04
2745.000000 3.57789000e+04
2755.000000 4.43889000e+04
2765.000000 6.08465000e+04
2775.000000 7.07313000e+04
2785.000000 4.32167000e+04
2795.000000 2.27792000e+04
2805.000000 2.82671000e+04
2815.000000 6.30543000e+04
2825.000000 7.33101000e+04
2835.000000 5.35103000e+04
2845.000000 2.98339000e+04
2855.000000 1.11623000e+04
2865.000000 4.35701000e+04
2875.000000 7.30385000e+04
2885.000000 1.01374000e+05
2895.000000 1.57115000e+05
2910.000000 2.38799000e+05
2930.000000 2.34303000e+05
2950.000000 2.10272000e+05
2970.000000 2.12510000e+05
2990.000000 2.03356000e+05
3010.000000 1.72533000e+05
3030.000000 2.58301000e+05
3050.000000 2.66596000e+05
3070.000000 3.84884000e+05
3090.000000 3.71024000e+05
3110.000000 5.51456000e+05
3130.000000 4.65716000e+05
3150.000000 5.62294000e+05
3170.000000 6.64803000e+05
3190.000000 5.27253000e+05
3210.000000 5.62273000e+05
3230.000000 4.40683000e+05
3250.000000 7.37587000e+05
3270.000000 9.63905000e+05
3290.000000 9.75227000e+05
3310.000000 8.12939000e+05
3330.000000 8.53110000e+05
3350.000000 7.77662000e+05
3370.000000 5.18542000e+05
3390.000000 6.03608000e+05
3410.000000 6.51625000e+05
3430.000000 7.06522000e+05
3450.000000 7.19497000e+05
3470.000000 7.62038000e+05
3490.000000 9.48002000e+05
3510.000000 1.02747000e+06
3530.000000 8.42017000e+05
3550.000000 9.66657000e+05
3570.000000 4.93432000e+05
3590.000000 6.11567000e+05
3610.000000 9.12215000e+05
3630.000000 1.04391000e+06
3640.000000 1.06258000e+06
3650.000000 1.31924000e+06
3670.000000 1.44690000e+06
3690.000000 1.25275000e+06
3710.000000 1.27574000e+06
3730.000000 6.16668000e+05
3750.000000 7.29750000e+05
3770.000000 1.09672000e+06
3790.000000 1.06330000e+06
3810.000000 8.82178000e+05
3830.000000 4.25785000e+05
3850.000000 5.22757000e+05
3870.000000 5.92176000e+05
3890.000000 1.07322000e+06
3910.000000 1.43830000e+06
3930.000000 6.06576000e+05
3950.000000 1.20046000e+06
3970.000000 8.00839000e+05
3990.000000 2.05222000e+06
4010.000000 2.31071000e+06
4030.000000 2.16693000e+06
4050.000000 1.98024000e+06
4070.000000 1.84272000e+06
4090.000000 2.45026000e+06
4110.000000 2.34596000e+06
4130.000000 2.02183000e+06
4150.000000 1.83613000e+06
4170.000000 1.91080000e+06
4190.000000 1.93565000e+06
4210.000000 2.15443000e+06
4230.000000 2.13305000e+06
4250.000000 2.41274000e+06
4270.000000 2.19865000e+06
4290.000000 1.98617000e+06
4310.000000 1.75579000e+06
4330.000000 2.71984000e+06
4350.000000 2.70644000e+06
4370.000000 2.98079000e+06
4390.000000 2.55374000e+06
4410.000000 2.78691000e+06
4430.000000 2.96279000e+06
4450.000000 3.02411000e+06
4470.000000 3.31330000e+06
4490.000000 3.39970000e+06
4510.000000 4.01787000e+06
4530.000000 3.41336000e+06
4550.000000 3.60124000e+06
4570.000000 3.93074000e+06
4590.000000 3.76030000e+06
4610.000000 3.86814000e+06
4630.000000 3.72267000e+06
4650.000000 3.79108000e+06
4670.000000 3.98341000e+06
4690.000000 3.89093000e+06
4710.000000 3.71175000e+06
4730.000000 3.93132000e+06
4750.000000 4.09882000e+06
4770.000000 4.13455000e+06
4790.000000 4.14952000e+06
4810.000000 4.12046000e+06
4830.000000 4.29989000e+06
4850.000000 4.01850000e+06
4870.000000 3.63849000e+06
4890.000000 4.04456000e+06
4910.000000 4.03637000e+06
4930.000000 3.91177000e+06
4950.000000 4.19634000e+06
4970.000000 4.09919000e+06
4990.000000 3.71917000e+06
5010.000000 3.45209000e+06
5030.000000 3.72517000e+06
5050.000000 3.71330000e+06
5070.000000 3.89921000e+06
5090.000000 3.59381000e+06
5110.000000 3.70957000e+06
5130.000000 3.53726000e+06
5150.000000 3.37064000e+06
5170.000000 2.74335000e+06
5190.000000 2.96420000e+06
5210.000000 3.51080000e+06
5230.000000 3.85201000e+06
5250.000000 4.08446000e+06
5270.000000 3.42222000e+06
5290.000000 4.12592000e+06
5310.000000 4.49185000e+06
5330.000000 3.74662000e+06
5350.000000 4.23580000e+06
5370.000000 4.26205000e+06
5390.000000 4.09730000e+06
5410.000000 3.98958000e+06
5430.000000 4.11139000e+06
5450.000000 4.36183000e+06
5470.000000 4.20333000e+06
5490.000000 4.13251000e+06
5510.000000 4.10865000e+06
5530.000000 4.26315000e+06
5550.000000 4.38622000e+06
5570.000000 4.23833000e+06
5590.000000 4.05386000e+06
5610.000000 4.35957000e+06
5630.000000 4.29264000e+06
5650.000000 4.31612000e+06
5670.000000 4.19244000e+06
5690.000000 4.33594000e+06
5710.000000 4.15667000e+06
5730.000000 4.63108000e+06
5750.000000 4.38516000e+06
5770.000000 4.48177000e+06
5790.000000 4.18476000e+06
5810.000000 4.46268000e+06
5830.000000 4.64349000e+06
5850.000000 4.44942000e+06
5870.000000 4.46715000e+06
5890.000000 3.62655000e+06
5910.000000 4.37625000e+06
5930.000000 4.41053000e+06
5950.000000 4.42190000e+06
5970.000000 4.49865000e+06
5990.000000 4.40041000e+06
6010.000000 4.29921000e+06
6030.000000 4.40833000e+06
6050.000000 4.51499000e+06
6070.000000 4.48447000e+06
6090.000000 4.23728000e+06
6110.000000 4.25167000e+06
6130.000000 3.96431000e+06
6150.000000 4.13558000e+06
6170.000000 3.87567000e+06
6190.000000 4.26538000e+06
6210.000000 4.25270000e+06
6230.000000 4.07752000e+06
6250.000000 3.92040000e+06
6270.000000 4.14439000e+06
6290.000000 4.22206000e+06
6310.000000 4.01774000e+06
6330.000000 4.06215000e+06
6350.000000 4.01063000e+06
6370.000000 3.98799000e+06
6390.000000 4.15737000e+06
6410.000000 4.04409000e+06
6430.000000 4.09460000e+06
6450.000000 4.02578000e+06
6470.000000 4.01281000e+06
6490.000000 3.93660000e+06
6510.000000 4.07672000e+06
6530.000000 4.08174000e+06
6550.000000 4.01769000e+06
6570.000000 3.85519000e+06
6590.000000 4.04002000e+06
6610.000000 4.08148000e+06
6630.000000 4.01670000e+06
6650.000000 4.02188000e+06
6670.000000 3.93226000e+06
6690.000000 4.04758000e+06
6710.000000 3.88635000e+06
6730.000000 4.04087000e+06
6750.000000 3.95247000e+06
6770.000000 3.96671000e+06
6790.000000 3.91633000e+06
6810.000000 3.90181000e+06
6830.000000 3.97186000e+06
6850.000000 3.81543000e+06
6870.000000 3.89158000e+06
6890.000000 3.90577000e+06
6910.000000 3.86851000e+06
6930.000000 3.81774000e+06
6950.000000 3.78808000e+06
6970.000000 3.79281000e+06
6990.000000 3.75379000e+06
7010.000000 3.60951000e+06
7030.000000 3.71699000e+06
7050.000000 3.76506000e+06
7070.000000 3.68198000e+06
7090.000000 3.65877000e+06
7110.000000 3.67227000e+06
7130.000000 3.56447000e+06
7150.000000 3.52909000e+06
7170.000000 3.57501000e+06
7190.000000 3.42442000e+06
7210.000000 3.54089000e+06
7230.000000 3.59066000e+06
7250.000000 3.58865000e+06
7270.000000 3.56629000e+06
7290.000000 3.42291000e+06
7310.000000 3.51384000e+06
7330.000000 3.48578000e+06
7350.000000 3.48581000e+06
7370.000000 3.53364000e+06
7390.000000 3.42700000e+06
7410.000000 3.40783000e+06
7430.000000 3.45134000e+06
7450.000000 3.44227000e+06
7470.000000 3.47240000e+06
7490.000000 3.42360000e+06
7510.000000 3.46056000e+06
7530.000000 3.48293000e+06
7550.000000 3.48770000e+06
7570.000000 3.43386000e+06
7590.000000 3.42311000e+06
7610.000000 3.39493000e+06
7630.000000 3.44685000e+06
7650.000000 3.43567000e+06
7670.000000 3.28727000e+06
7690.000000 3.41391000e+06
7710.000000 3.35250000e+06
7730.000000 3.33958000e+06
7750.000000 3.30763000e+06
7770.000000 3.40107000e+06
7790.000000 3.39363000e+06
7810.000000 3.35428000e+06
7830.000000 3.31394000e+06
7850.000000 3.29915000e+06
7870.000000 3.31963000e+06
7890.000000 3.22887000e+06
7910.000000 3.13796000e+06
7930.000000 3.08831000e+06
7950.000000 3.05073000e+06
7970.000000 3.17298000e+06
7990.000000 3.16083000e+06
8010.000000 3.13132000e+06
8030.000000 3.13666000e+06
8050.000000 3.09238000e+06
8070.000000 3.09199000e+06
8090.000000 2.99332000e+06
8110.000000 2.99415000e+06
8130.000000 3.04493000e+06
8150.000000 3.02319000e+06
8170.000000 3.02862000e+06
8190.000000 2.91314000e+06
8210.000000 2.93322000e+06
8230.000000 2.95686000e+06
8250.000000 2.99369000e+06
8270.000000 3.02781000e+06
8290.000000 2.99858000e+06
8310.000000 2.86098000e+06
8330.000000 2.87419000e+06
8350.000000 2.87540000e+06
8370.000000 2.91750000e+06
8390.000000 2.80256000e+06
8410.000000 2.92076000e+06
8430.000000 2.82787000e+06
8450.000000 2.88198000e+06
8470.000000 2.86020000e+06
8490.000000 2.85045000e+06
8510.000000 2.69469000e+06
8530.000000 2.78153000e+06
8550.000000 2.34734000e+06
8570.000000 2.87186000e+06
8590.000000 2.80872000e+06
8610.000000 2.81723000e+06
8630.000000 2.84370000e+06
8650.000000 2.80947000e+06
8670.000000 2.36345000e+06
8690.000000 2.68648000e+06
8710.000000 2.76980000e+06
8730.000000 2.77334000e+06
8750.000000 2.75123000e+06
8770.000000 2.78963000e+06
8790.000000 2.75701000e+06
8810.000000 2.64704000e+06
8830.000000 2.72465000e+06
8850.000000 2.75602000e+06
8870.000000 2.68792000e+06
8890.000000 2.74948000e+06
8910.000000 2.77422000e+06
8930.000000 2.68041000e+06
8950.000000 2.68297000e+06
8970.000000 2.68441000e+06
8990.000000 2.69183000e+06
9010.000000 2.56030000e+06
9030.000000 2.64978000e+06
9050.000000 2.72079000e+06
9070.000000 2.67940000e+06
9090.000000 2.56850000e+06
9110.000000 2.55923000e+06
9130.000000 2.64972000e+06
9150.000000 2.50046000e+06
9170.000000 2.44467000e+06
9190.000000 2.47196000e+06
9210.000000 2.38604000e+06
9230.000000 2.41613000e+06
9250.000000 2.39310000e+06
9270.000000 2.44083000e+06
9290.000000 2.40799000e+06
9310.000000 2.46902000e+06
9330.000000 2.45892000e+06
9350.000000 2.43604000e+06
9370.000000 2.42055000e+06
9390.000000 2.38312000e+06
9410.000000 2.28838000e+06
9430.000000 2.34562000e+06
9450.000000 2.28292000e+06
9470.000000 2.36088000e+06
9490.000000 2.35822000e+06
9510.000000 2.37305000e+06
9530.000000 2.34481000e+06
9550.000000 2.31439000e+06
9570.000000 2.32603000e+06
9590.000000 2.36500000e+06
9610.000000 2.32931000e+06
9630.000000 2.31119000e+06
9650.000000 2.26930000e+06
9670.000000 2.25658000e+06
9690.000000 2.30834000e+06
9710.000000 2.28134000e+06
9730.000000 2.28148000e+06
9750.000000 2.25964000e+06
9770.000000 2.26785000e+06
9790.000000 2.21920000e+06
9810.000000 2.28685000e+06
9830.000000 2.25919000e+06
9850.000000 2.28521000e+06
9870.000000 2.27058000e+06
9890.000000 2.27839000e+06
9910.000000 2.24538000e+06
9930.000000 2.27486000e+06
9950.000000 2.25651000e+06
9970.000000 2.26312000e+06
9990.000000 2.25422000e+06
10025.000000 2.23630000e+06
10075.000000 2.20606000e+06
10125.000000 2.20998000e+06
10175.000000 2.16455000e+06
10225.000000 2.16469000e+06
10275.000000 2.17019000e+06
10325.000000 2.12367000e+06
10375.000000 2.10661000e+06
10425.000000 2.11120000e+06
10475.000000 2.08128000e+06
10525.000000 2.07903000e+06
10575.000000 2.04961000e+06
10625.000000 2.03554000e+06
10675.000000 1.98673000e+06
10725.000000 1.98515000e+06
10775.000000 1.96151000e+06
10825.000000 1.90363000e+06
10875.000000 1.89483000e+06
10925.000000 1.87422000e+06
10975.000000 1.75187000e+06
11025.000000 1.74996000e+06
11075.000000 1.77022000e+06
11125.000000 1.76080000e+06
11175.000000 1.77139000e+06
11225.000000 1.76249000e+06
11275.000000 1.72182000e+06
11325.000000 1.74237000e+06
11375.000000 1.70152000e+06
11425.000000 1.69927000e+06
11475.000000 1.72733000e+06
11525.000000 1.71932000e+06
11575.000000 1.69201000e+06
11625.000000 1.66617000e+06
11675.000000 1.66691000e+06
11725.000000 1.68857000e+06
11775.000000 1.64964000e+06
11825.000000 1.62387000e+06
11875.000000 1.61212000e+06
11925.000000 1.64790000e+06
11975.000000 1.55782000e+06
12025.000000 1.59265000e+06
12075.000000 1.56567000e+06
12125.000000 1.57769000e+06
12175.000000 1.58796000e+06
12225.000000 1.57671000e+06
12275.000000 1.56012000e+06
12325.000000 1.54421000e+06
12375.000000 1.53936000e+06
12425.000000 1.51565000e+06
12475.000000 1.52378000e+06
12525.000000 1.50016000e+06
12575.000000 1.49869000e+06
12625.000000 1.49093000e+06
12675.000000 1.46304000e+06
12725.000000 1.46806000e+06
12775.000000 1.46899000e+06
12825.000000 1.39196000e+06
12875.000000 1.42780000e+06
12925.000000 1.40669000e+06
12975.000000 1.42407000e+06
13025.000000 1.39402000e+06
13075.000000 1.40625000e+06
13125.000000 1.36603000e+06
13175.000000 1.36300000e+06
13225.000000 1.37126000e+06
13275.000000 1.34008000e+06
13325.000000 1.34961000e+06
13375.000000 1.33692000e+06
13425.000000 1.34278000e+06
13475.000000 1.32906000e+06
13525.000000 1.32488000e+06
13575.000000 1.29326000e+06
13625.000000 1.28959000e+06
13675.000000 1.28715000e+06
13725.000000 1.28819000e+06
13775.000000 1.27603000e+06
13825.000000 1.27374000e+06
13875.000000 1.26197000e+06
13925.000000 1.25871000e+06
13975.000000 1.24722000e+06
14025.000000 1.22478000e+06
14075.000000 1.21159000e+06
14125.000000 1.16722000e+06
14175.000000 1.17683000e+06
14225.000000 1.15213000e+06
14275.000000 1.12149000e+06
14325.000000 1.15076000e+06
14375.000000 1.15950000e+06
14425.000000 1.10953000e+06
14475.000000 1.14463000e+06
14525.000000 1.11123000e+06
14570.000000 1.11238000e+06
14620.000000 1.10105000e+06
14675.000000 1.09075000e+06
14725.000000 1.06603000e+06
14775.000000 1.07289000e+06
14825.000000 1.06968000e+06
14875.000000 1.04225000e+06
14925.000000 1.08313000e+06
14975.000000 1.06561000e+06
15025.000000 1.01502000e+06
15075.000000 1.02194000e+06
15125.000000 1.03980000e+06
15175.000000 1.04727000e+06
15225.000000 1.02555000e+06
15275.000000 1.03745000e+06
15325.000000 1.02814000e+06
15375.000000 1.03053000e+06
15425.000000 1.02407000e+06
15475.000000 1.01836000e+06
15525.000000 9.95085000e+05
15575.000000 9.89033000e+05
15625.000000 1.00803000e+06
15675.000000 9.67791000e+05
15725.000000 9.84468000e+05
15775.000000 9.22693000e+05
15825.000000 9.52209000e+05
15875.000000 9.11031000e+05
15925.000000 9.28998000e+05
15975.000000 9.42796000e+05
16050.000000 9.34180000e+05
16150.000000 9.16335000e+05
16250.000000 9.17319000e+05
16350.000000 8.99762000e+05
16450.000000 8.76744000e+05
16550.000000 8.79275000e+05
16650.000000 8.60727000e+05
16750.000000 8.36610000e+05
16850.000000 8.13055000e+05
16950.000000 8.25205000e+05
17050.000000 7.91760000e+05
17150.000000 7.82618000e+05
17250.000000 7.57327000e+05
17350.000000 7.30225000e+05
17450.000000 7.31567000e+05
17550.000000 7.22263000e+05
17650.000000 7.11477000e+05
17750.000000 6.90390000e+05
17850.000000 6.86389000e+05
17950.000000 6.72846000e+05
18050.000000 6.54716000e+05
18150.000000 6.36771000e+05
18250.000000 6.27029000e+05
18350.000000 6.14788000e+05
18450.000000 5.96631000e+05
18550.000000 5.94530000e+05
18650.000000 5.72856000e+05
18750.000000 5.52960000e+05
18850.000000 5.58930000e+05
18950.000000 5.28603000e+05
19050.000000 5.43384000e+05
19150.000000 5.29135000e+05
19250.000000 5.21588000e+05
19350.000000 5.03594000e+05
19450.000000 4.87096000e+05
19550.000000 4.94486000e+05
19650.000000 4.81358000e+05
19750.000000 4.67466000e+05
19850.000000 4.64058000e+05
19950.000000 4.56408000e+05
20050.000000 4.54172000e+05
20150.000000 4.49480000e+05
20250.000000 4.33108000e+05
20350.000000 4.23995000e+05
20450.000000 4.25228000e+05
20550.000000 4.12509000e+05
20650.000000 4.04097000e+05
20750.000000 3.99538000e+05
20850.000000 3.90957000e+05
20950.000000 3.81345000e+05
21050.000000 3.81752000e+05
21150.000000 3.73561000e+05
21250.000000 3.65740000e+05
21350.000000 3.63305000e+05
21450.000000 3.56757000e+05
21550.000000 3.50898000e+05
21650.000000 3.37296000e+05
21750.000000 3.33931000e+05
21850.000000 3.31402000e+05
21950.000000 3.28733000e+05
22050.000000 3.17708000e+05
22150.000000 3.19192000e+05
22250.000000 3.10645000e+05
22350.000000 3.05835000e+05
22450.000000 3.01188000e+05
22550.000000 2.96885000e+05
22650.000000 2.89783000e+05
22750.000000 2.89286000e+05
22850.000000 2.80237000e+05
22950.000000 2.58137000e+05
23050.000000 2.65950000e+05
23150.000000 2.62870000e+05
23250.000000 2.40173000e+05
23350.000000 2.47441000e+05
23450.000000 2.48939000e+05
23550.000000 2.25018000e+05
23650.000000 2.36112000e+05
23750.000000 2.31276000e+05
23850.000000 2.13015000e+05
23950.000000 2.22503000e+05
24050.000000 2.22637000e+05
24150.000000 2.05010000e+05
24250.000000 2.10677000e+05
24350.000000 2.11415000e+05
24450.000000 2.00539000e+05
24550.000000 1.96102000e+05
24650.000000 2.02909000e+05
24750.000000 1.94975000e+05
24850.000000 1.87113000e+05
24950.000000 1.92273000e+05
25050.000000 1.90982000e+05
25150.000000 1.81634000e+05
25250.000000 1.85102000e+05
25350.000000 1.83674000e+05
25450.000000 1.77563000e+05
25550.000000 1.76308000e+05
25650.000000 1.75423000e+05
25750.000000 1.75603000e+05
25850.000000 1.65689000e+05
25950.000000 1.68370000e+05
26050.000000 1.68162000e+05
26150.000000 1.64989000e+05
26250.000000 1.60071000e+05
26350.000000 1.60486000e+05
26450.000000 1.57999000e+05
26550.000000 1.55587000e+05
26650.000000 1.52453000e+05
26750.000000 1.54627000e+05
26850.000000 1.52683000e+05
26950.000000 1.49286000e+05
27050.000000 1.48704000e+05
27150.000000 1.46670000e+05
27250.000000 1.45174000e+05
27350.000000 1.42720000e+05
27450.000000 1.42047000e+05
27550.000000 1.39911000e+05
27650.000000 1.37723000e+05
27750.000000 1.35514000e+05
27850.000000 1.34285000e+05
27950.000000 1.33466000e+05
28050.000000 1.31486000e+05
28150.000000 1.29769000e+05
28250.000000 1.28328000e+05
28350.000000 1.27504000e+05
28450.000000 1.24929000e+05
28550.000000 1.23709000e+05
28650.000000 1.22126000e+05
28750.000000 1.20439000e+05
28850.000000 1.19176000e+05
28950.000000 1.17927000e+05
29050.000000 1.16380000e+05
29150.000000 1.15153000e+05
29250.000000 1.12108000e+05
29350.000000 1.11918000e+05
29450.000000 1.10273000e+05
29550.000000 1.09235000e+05
29650.000000 1.07955000e+05
29750.000000 1.06864000e+05
29850.000000 1.05401000e+05
29950.000000 1.03657000e+05
30050.000000 1.02342000e+05
30150.000000 1.01764000e+05
30250.000000 1.00137000e+05
30350.000000 9.85174000e+04
30450.000000 9.75219000e+04
30550.000000 9.66787000e+04
30650.000000 9.52508000e+04
30750.000000 9.45686000e+04
30850.000000 9.24602000e+04
30950.000000 9.17575000e+04
31050.000000 9.12299000e+04
31150.000000 8.88592000e+04
31250.000000 8.88778000e+04
31350.000000 8.75527000e+04
31450.000000 8.68787000e+04
31550.000000 8.53978000e+04
31650.000000 8.42235000e+04
31750.000000 8.36041000e+04
31850.000000 8.25786000e+04
31950.000000 8.18669000e+04
32100.000000 8.03175000e+04
32300.000000 7.81704000e+04
32500.000000 7.64302000e+04
32700.000000 7.46420000e+04
32900.000000 7.26165000e+04
33100.000000 7.11124000e+04
33300.000000 6.92891000e+04
33500.000000 6.81420000e+04
33700.000000 6.65262000e+04
33900.000000 6.47305000e+04
34100.000000 6.32963000e+04
34300.000000 6.23362000e+04
34500.000000 6.09287000e+04
34700.000000 5.96058000e+04
34900.000000 5.84080000e+04
35100.000000 5.71786000e+04
35300.000000 5.57314000e+04
35500.000000 5.47734000e+04
35700.000000 5.34638000e+04
35900.000000 5.22442000e+04
36100.000000 5.14877000e+04
36300.000000 5.03329000e+04
36500.000000 4.87847000e+04
36700.000000 4.79467000e+04
36900.000000 4.65430000e+04
37100.000000 4.53692000e+04
37300.000000 4.49490000e+04
37500.000000 4.33805000e+04
37700.000000 4.30964000e+04
37900.000000 4.22677000e+04
38100.000000 4.14410000e+04
38300.000000 4.09246000e+04
38500.000000 4.01726000e+04
38700.000000 3.91900000e+04
38900.000000 3.83125000e+04
39100.000000 3.78797000e+04
39300.000000 3.71171000e+04
39500.000000 3.60588000e+04
39700.000000 3.55673000e+04
39900.000000 3.44663000e+04
40100.000000 3.41069000e+04
40300.000000 3.36648000e+04
40500.000000 3.28509000e+04
40700.000000 3.22331000e+04
40900.000000 3.17835000e+04
41100.000000 3.11962000e+04
41300.000000 3.07358000e+04
41500.000000 3.00071000e+04
41700.000000 2.95401000e+04
41900.000000 2.89713000e+04
42100.000000 2.81908000e+04
42300.000000 2.80891000e+04
42500.000000 2.73936000e+04
42700.000000 2.70363000e+04
42900.000000 2.55382000e+04
43100.000000 2.44135000e+04
43300.000000 2.45401000e+04
43500.000000 2.31881000e+04
43700.000000 2.26548000e+04
43900.000000 2.24488000e+04
44100.000000 2.09536000e+04
44300.000000 2.10029000e+04
44500.000000 2.06414000e+04
44700.000000 1.95163000e+04
44900.000000 1.97558000e+04
45100.000000 1.92642000e+04
45300.000000 1.83484000e+04
45500.000000 1.85176000e+04
45700.000000 1.83360000e+04
45900.000000 1.73674000e+04
46100.000000 1.75936000e+04
46300.000000 1.72192000e+04
46500.000000 1.69388000e+04
46700.000000 1.68174000e+04
46900.000000 1.66196000e+04
47100.000000 1.61987000e+04
47300.000000 1.62709000e+04
47500.000000 1.59359000e+04
47700.000000 1.56777000e+04
47900.000000 1.54198000e+04
48100.000000 1.50944000e+04
48300.000000 1.52112000e+04
48500.000000 1.48395000e+04
48700.000000 1.45603000e+04
48900.000000 1.44477000e+04
49100.000000 1.41565000e+04
49300.000000 1.39712000e+04
49500.000000 1.37544000e+04
49700.000000 1.36315000e+04
49900.000000 1.33985000e+04
50100.000000 1.30935000e+04
50300.000000 1.31120000e+04
50500.000000 1.27975000e+04
50700.000000 1.26462000e+04
50900.000000 1.25005000e+04
51100.000000 1.22356000e+04
51300.000000 1.21382000e+04
51500.000000 1.19563000e+04
51700.000000 1.19270000e+04
51900.000000 1.16653000e+04
52100.000000 1.14730000e+04
52300.000000 1.13165000e+04
52500.000000 1.12484000e+04
52700.000000 1.12033000e+04
52900.000000 1.08681000e+04
53100.000000 1.07446000e+04
53300.000000 1.06505000e+04
53500.000000 1.05054000e+04
53700.000000 1.03512000e+04
53900.000000 1.02703000e+04
54100.000000 1.01339000e+04
54300.000000 9.92111000e+03
54500.000000 9.89180000e+03
54700.000000 9.72051000e+03
54900.000000 9.60469000e+03
55100.000000 9.48174000e+03
55300.000000 9.48485000e+03
55500.000000 9.21445000e+03
55700.000000 9.22963000e+03
55900.000000 9.00661000e+03
56100.000000 8.95687000e+03
56300.000000 8.78828000e+03
56500.000000 8.75898000e+03
56700.000000 8.64339000e+03
56900.000000 8.44997000e+03
57100.000000 8.43941000e+03
57300.000000 8.33390000e+03
57500.000000 8.22806000e+03
57700.000000 8.10333000e+03
57900.000000 8.04543000e+03
58100.000000 7.90699000e+03
58300.000000 7.82279000e+03
58500.000000 7.74430000e+03
58700.000000 7.60808000e+03
58900.000000 7.50253000e+03
59100.000000 7.45820000e+03
59300.000000 7.36823000e+03
59500.000000 7.24153000e+03
59700.000000 7.20165000e+03
59900.000000 7.11112000e+03
60100.000000 7.01464000e+03
60300.000000 6.93606000e+03
60500.000000 6.83480000e+03
60700.000000 6.75559000e+03
60900.000000 6.66131000e+03
61100.000000 6.56611000e+03
61300.000000 6.51561000e+03
61500.000000 6.44850000e+03
61700.000000 6.37826000e+03
61900.000000 6.30585000e+03
62100.000000 6.24087000e+03
62300.000000 6.13273000e+03
62500.000000 6.05718000e+03
62700.000000 5.99062000e+03
62900.000000 5.93421000e+03
63100.000000 5.83581000e+03
63300.000000 5.81159000e+03
63500.000000 5.72580000e+03
63700.000000 5.68006000e+03
63900.000000 5.59160000e+03
64200.000000 5.50711000e+03
64600.000000 5.36780000e+03
65000.000000 5.24621000e+03
65400.000000 5.13370000e+03
65800.000000 5.02423000e+03
66200.000000 4.90172000e+03
66600.000000 4.79902000e+03
67000.000000 4.68650000e+03
67400.000000 4.57307000e+03
67800.000000 4.47895000e+03
68200.000000 4.37732000e+03
68600.000000 4.28327000e+03
69000.000000 4.18675000e+03
69400.000000 4.09225000e+03
69800.000000 4.00790000e+03
70200.000000 3.91045000e+03
70600.000000 3.83270000e+03
71000.000000 3.75026000e+03
71400.000000 3.66926000e+03
71800.000000 3.58940000e+03
72200.000000 3.51396000e+03
72600.000000 3.43711000e+03
73000.000000 3.36738000e+03
73400.000000 3.29204000e+03
73800.000000 3.22657000e+03
74200.000000 3.15266000e+03
74600.000000 3.08503000e+03
75000.000000 3.02770000e+03
75400.000000 2.96359000e+03
75800.000000 2.90374000e+03
76200.000000 2.84297000e+03
76600.000000 2.78363000e+03
77000.000000 2.72092000e+03
77400.000000 2.66897000e+03
77800.000000 2.61452000e+03
78200.000000 2.56172000e+03
78600.000000 2.50961000e+03
79000.000000 2.46000000e+03
79400.000000 2.41036000e+03
79800.000000 2.36448000e+03
80200.000000 2.31483000e+03
80600.000000 2.27063000e+03
81000.000000 2.23063000e+03
81400.000000 2.18420000e+03
81800.000000 2.14707000e+03
82200.000000 2.10811000e+03
82600.000000 2.06753000e+03
83000.000000 2.02917000e+03
83400.000000 1.98797000e+03
83800.000000 1.95214000e+03
84200.000000 1.91738000e+03
84600.000000 1.88213000e+03
85000.000000 1.84736000e+03
85400.000000 1.81351000e+03
85800.000000 1.78083000e+03
86200.000000 1.74791000e+03
86600.000000 1.71683000e+03
87000.000000 1.68595000e+03
87400.000000 1.65655000e+03
87800.000000 1.62595000e+03
88200.000000 1.59477000e+03
88600.000000 1.56744000e+03
89000.000000 1.53983000e+03
89400.000000 1.51392000e+03
89800.000000 1.48561000e+03
90200.000000 1.46149000e+03
90600.000000 1.43796000e+03
91000.000000 1.41043000e+03
91400.000000 1.38701000e+03
91800.000000 1.36481000e+03
92200.000000 1.34235000e+03
92600.000000 1.31949000e+03
93000.000000 1.29788000e+03
93400.000000 1.27518000e+03
93800.000000 1.25409000e+03
94200.000000 1.23433000e+03
94600.000000 1.21268000e+03
95000.000000 1.19355000e+03
95400.000000 1.17438000e+03
95800.000000 1.15433000e+03
96200.000000 1.13636000e+03
96600.000000 1.11696000e+03
97000.000000 1.10032000e+03
97400.000000 1.07978000e+03
97800.000000 1.06270000e+03
98200.000000 1.04828000e+03
98600.000000 1.03157000e+03
99000.000000 1.01499000e+03
99400.000000 9.97992000e+02
99800.000000 9.83918000e+02
100200.000000 9.68536000e+02
200000.000000 6.24241000e+01
400000.000000 3.90668000e+00
600000.000000 7.66718000e-01
800000.000000 2.40871000e-01
1000000.000000 9.80062000e-02
1200000.000000 4.69761000e-02
1400000.000000 2.52178000e-02
1600000.000000 1.47073000e-02
