# teff = 5000.0
# logg = 3.5
# metallicity = 0.0
# wavelength_unit = angstrom
# flux_unit = erg/cm2/s/A
# units_standardized = True
147.200000 2.88826000e-122
151.000000 6.71309000e-119
155.200000 2.25612000e-115
158.800000 1.67932000e-112
162.000000 4.67007000e-110
166.000000 3.89280000e-107
170.300000 3.75923000e-104
173.400000 4.30148000e-102
176.800000 6.41428000e-100
180.200000 7.89667000e-98
181.700000 6.22807000e-97
186.100000 2.19207000e-94
191.000000 1.08709000e-91
193.900000 3.67619000e-90
198.400000 7.05393000e-88
201.800000 3.20250000e-86
205.000000 1.03413000e-84
210.500000 3.14390000e-82
216.200000 8.61178000e-80
219.800000 2.56089000e-78
223.000000 4.74736000e-77
226.800000 1.36591000e-75
230.000000 2.12022000e-74
234.000000 5.85280000e-73
240.000000 6.87204000e-71
246.500000 9.19468000e-69
252.400000 6.26603000e-67
256.800000 1.28330000e-65
260.000000 1.08025000e-64
264.000000 1.43814000e-63
268.500000 2.40443000e-62
273.500000 4.91652000e-61
278.500000 9.01045000e-60
284.000000 1.95511000e-58
290.000000 4.89345000e-57
296.000000 1.06953000e-55
301.000000 1.27134000e-54
308.000000 3.54034000e-53
318.000000 3.15752000e-51
328.000000 2.12492000e-49
338.000000 1.10548000e-47
348.000000 4.55296000e-46
357.000000 1.07474000e-44
366.000000 2.16407000e-43
375.000000 3.75055000e-42
385.000000 7.59177000e-41
395.000000 1.31156000e-39
405.000000 1.95863000e-38
414.000000 1.98856000e-37
422.000000 1.43100000e-36
430.000000 9.54130000e-36
441.000000 1.15296000e-34
451.000000 9.94716000e-34
460.000000 6.36505000e-33
470.000000 4.59033000e-32
480.000000 3.03624000e-31
490.000000 1.85368000e-30
500.000000 1.04817000e-29
506.000000 3.81723000e-29
512.000000 1.13881000e-28
520.000000 4.04357000e-28
530.000000 1.87386000e-27
540.000000 8.06596000e-27
550.000000 3.31958000e-26
560.000000 1.28840000e-25
570.000000 4.75556000e-25
580.000000 1.65609000e-24
590.000000 5.63005000e-24
600.000000 1.81416000e-23
610.000000 5.61429000e-23
620.000000 1.67039000e-22
630.000000 4.79108000e-22
640.000000 1.32757000e-21
650.000000 3.55748000e-21
658.000000 7.64903000e-21
665.000000 1.46782000e-20
675.000000 3.64314000e-20
685.000000 8.79872000e-20
695.000000 2.06481000e-19
705.000000 4.69402000e-19
716.000000 1.13954000e-18
726.000000 2.47626000e-18
735.000000 4.88380000e-18
745.000000 1.01665000e-17
755.000000 2.07384000e-17
765.000000 4.15234000e-17
775.000000 8.13453000e-17
785.000000 1.56830000e-16
795.000000 2.93259000e-16
805.000000 5.47806000e-16
815.000000 1.00730000e-15
825.000000 1.81428000e-15
835.000000 3.21635000e-15
845.000000 5.61856000e-15
855.000000 9.67610000e-15
865.000000 1.64342000e-14
875.000000 2.74522000e-14
885.000000 4.55890000e-14
895.000000 7.45299000e-14
905.000000 1.20366000e-13
915.000000 2.09593000e-10
925.000000 8.07725000e-10
935.000000 1.23729000e-09
945.000000 2.06398000e-09
955.000000 3.25098000e-09
965.000000 5.14672000e-09
975.000000 7.53716000e-09
985.000000 1.15932000e-08
995.000000 1.74813000e-08
1005.000000 2.73905000e-08
1015.000000 4.07145000e-08
1025.000000 5.76053000e-08
1035.000000 8.97841000e-08
1045.000000 1.30265000e-07
1055.000000 1.83490000e-07
1065.000000 2.66518000e-07
1075.000000 3.84708000e-07
1085.000000 5.44217000e-07
1095.000000 7.40278000e-07
1105.000000 1.02239000e-06
1115.000000 1.44783000e-06
1125.000000 2.02027000e-06
1135.000000 2.76938000e-06
1145.000000 3.83418000e-06
1155.000000 5.19532000e-06
1165.000000 7.00734000e-06
1175.000000 9.43198000e-06
1185.000000 1.25369000e-05
1195.000000 1.61060000e-05
1205.000000 2.08155000e-05
1215.000000 2.09796000e-05
1225.000000 3.60857000e-05
1235.000000 4.78042000e-05
1245.000000 6.21350000e-05
1255.000000 7.98510000e-05
1265.000000 1.02983000e-04
1275.000000 1.31874000e-04
1285.000000 1.66829000e-04
1295.000000 2.11985000e-04
1305.000000 2.58287000e-04
1315.000000 3.37705000e-04
1325.000000 4.21637000e-04
1335.000000 5.26509000e-04
1345.000000 6.67920000e-04
1355.000000 8.32507000e-04
1365.000000 1.02746000e-03
1375.000000 1.24784000e-03
1385.000000 1.48455000e-03
1395.000000 1.88068000e-03
1405.000000 2.30844000e-03
1415.000000 2.86598000e-03
1425.000000 3.32366000e-03
1435.000000 4.17339000e-03
1442.000000 4.87362000e-03
1447.000000 5.07893000e-03
1455.000000 5.90713000e-03
1465.000000 7.37143000e-03
1475.000000 8.51718000e-03
1485.000000 9.70923000e-03
1495.000000 1.26656000e-02
1505.000000 1.53867000e-02
1512.000000 1.55132000e-02
1517.000000 1.76227000e-02
1525.000000 2.12208000e-02
1535.000000 4.84905000e-02
1545.000000 6.50187000e-02
1555.000000 1.02858000e-01
1565.000000 1.05905000e-01
1575.000000 2.03018000e-01
1585.000000 2.37834000e-01
1595.000000 2.68002000e-01
1605.000000 2.96072000e-01
1615.000000 3.25667000e-01
1625.000000 3.51017000e-01
1635.000000 4.93639000e-01
1645.000000 6.91040000e-01
1655.000000 5.50179000e-01
1665.000000 8.35682000e-01
1672.000000 6.39915000e-01
1677.000000 1.80078000e+00
1685.000000 2.53181000e+00
1695.000000 4.22817000e+00
1705.000000 5.63754000e+00
1715.000000 6.01491000e+00
1725.000000 8.77639000e+00
1735.000000 1.03299000e+01
1745.000000 1.48971000e+01
1755.000000 1.66016000e+01
1765.000000 1.85509000e+01
1775.000000 1.67713000e+01
1785.000000 2.94942000e+01
1795.000000 2.73472000e+01
1805.000000 3.79791000e+01
1815.000000 3.16927000e+01
1825.000000 4.52748000e+01
1835.000000 4.72240000e+01
1845.000000 4.04494000e+01
1855.000000 4.52663000e+01
1865.000000 6.94760000e+01
1875.000000 7.04739000e+01
1885.000000 8.37033000e+01
1895.000000 1.10794000e+02
1905.000000 1.02668000e+02
1915.000000 1.37759000e+02
1925.000000 1.32062000e+02
1935.000000 9.97317000e+01
1945.000000 1.68188000e+02
1955.000000 2.07949000e+02
1967.000000 2.46178000e+02
1976.000000 2.50772000e+02
1984.000000 2.97985000e+02
1995.000000 3.00255000e+02
2005.000000 3.23798000e+02
2015.000000 3.63895000e+02
2025.000000 2.76431000e+02
2035.000000 4.13325000e+02
2045.000000 4.53658000e+02
2055.000000 5.03376000e+02
2065.000000 4.92046000e+02
2074.000000 4.90456000e+02
2078.000000 6.03802000e+02
2085.000000 6.48458000e+02
2095.000000 8.25624000e+02
2105.000000 8.97225000e+02
2115.000000 9.66326000e+02
2125.000000 8.64481000e+02
2135.000000 1.13129000e+03
2145.000000 1.04486000e+03
2155.000000 1.12288000e+03
2165.000000 1.09107000e+03
2175.000000 1.18714000e+03
2185.000000 1.15689000e+03
2195.000000 1.61442000e+03
2205.000000 1.45538000e+03
2215.000000 1.35965000e+03
2225.000000 1.51921000e+03
2235.000000 2.16608000e+03
2245.000000 2.32958000e+03
2255.000000 2.33356000e+03
2265.000000 1.71195000e+03
2275.000000 2.46064000e+03
2285.000000 2.74905000e+03
2295.000000 3.11195000e+03
2305.000000 2.08785000e+03
2315.000000 3.61003000e+03
2325.000000 3.49206000e+03
2335.000000 4.36807000e+03
2345.000000 3.07808000e+03
2355.000000 3.34592000e+03
2365.000000 3.53942000e+03
2375.000000 3.81416000e+03
2385.000000 4.16459000e+03
2395.000000 4.52599000e+03
2405.000000 5.89647000e+03
2415.000000 4.52775000e+03
2425.000000 5.95643000e+03
2435.000000 7.21344000e+03
2445.000000 8.74515000e+03
2455.000000 9.53415000e+03
2465.000000 7.65025000e+03
2475.000000 8.96924000e+03
2485.000000 4.28663000e+03
2495.000000 5.39111000e+03
2505.000000 8.70166000e+03
2513.000000 5.99649000e+03
2518.000000 4.40947000e+03
2525.000000 5.11794000e+03
2535.000000 1.01900000e+04
2545.000000 1.35284000e+04
2555.000000 2.39662000e+04
2565.000000 1.70023000e+04
2575.000000 2.70759000e+04
2585.000000 2.39380000e+04
2595.000000 2.44023000e+04
2605.000000 2.73491000e+04
2615.000000 2.50441000e+04
2625.000000 3.55001000e+04
2635.000000 7.80998000e+04
2645.000000 8.51785000e+04
2655.000000 1.60578000e+05
2665.000000 9.44075000e+04
2675.000000 8.57057000e+04
2685.000000 1.18837000e+05
2695.000000 6.57601000e+04
2705.000000 1.11314000e+05
2715.000000 7.97389000e+04
2725.000000 4.72458000e+04
2735.000000 6.20880000e+04
2745.000000 5.35319000e+04
2755.000000 6.67042000e+04
2765.000000 8.34349000e+04
2775.000000 8.32651000e+04
2785.000000 4.90375000e+04
2795.000000 2.13986000e+04
2805.000000 2.69906000e+04
2815.000000 7.03091000e+04
2825.000000 8.84726000e+04
2835.000000 6.84019000e+04
2845.000000 3.74671000e+04
2855.000000 1.48390000e+04
2865.000000 5.56634000e+04
2875.000000 9.62057000e+04
2885.000000 1.28681000e+05
2895.000000 2.14462000e+05
2910.000000 3.24772000e+05
2930.000000 3.32030000e+05
2950.000000 3.25167000e+05
2970.000000 3.16190000e+05
2990.000000 3.41834000e+05
3010.000000 3.14861000e+05
3030.000000 4.16865000e+05
3050.000000 4.53412000e+05
3070.000000 5.07721000e+05
3090.000000 4.87044000e+05
3110.000000 6.62853000e+05
3130.000000 5.64696000e+05
3150.000000 6.41721000e+05
3170.000000 7.59277000e+05
3190.000000 6.38538000e+05
3210.000000 6.88044000e+05
3230.000000 5.37385000e+05
3250.000000 8.84356000e+05
3270.000000 1.11744000e+06
3290.000000 1.14807000e+06
3310.000000 1.01172000e+06
3330.000000 1.03830000e+06
3350.000000 9.55847000e+05
3370.000000 7.19133000e+05
3390.000000 8.37078000e+05
3410.000000 9.50498000e+05
3430.000000 1.02754000e+06
3450.000000 1.07197000e+06
3470.000000 1.13464000e+06
3490.000000 1.31056000e+06
3510.000000 1.43942000e+06
3530.000000 1.27565000e+06
3550.000000 1.53077000e+06
3570.000000 9.56359000e+05
3590.000000 9.96332000e+05
3610.000000 1.30620000e+06
3630.000000 1.38291000e+06
3640.000000 1.41589000e+06
3650.000000 1.65263000e+06
3670.000000 1.76188000e+06
3690.000000 1.61523000e+06
3710.000000 1.75379000e+06
3730.000000 1.04726000e+06
3750.000000 1.24339000e+06
3770.000000 1.69883000e+06
3790.000000 1.66272000e+06
3810.000000 1.53058000e+06
3830.000000 7.15043000e+05
3850.000000 1.07777000e+06
3870.000000 1.08751000e+06
3890.000000 1.52892000e+06
3910.000000 1.68660000e+06
3930.000000 6.61702000e+05
3950.000000 1.29026000e+06
3970.000000 8.40972000e+05
3990.000000 2.23440000e+06
4010.000000 2.61343000e+06
4030.000000 2.58918000e+06
4050.000000 2.48718000e+06
4070.000000 2.39457000e+06
4090.000000 2.94819000e+06
4110.000000 2.81207000e+06
4130.000000 2.67933000e+06
4150.000000 2.62316000e+06
4170.000000 2.64811000e+06
4190.000000 2.63834000e+06
4210.000000 2.71939000e+06
4230.000000 2.48614000e+06
4250.000000 2.78921000e+06
4270.000000 2.61313000e+06
4290.000000 2.35567000e+06
4310.000000 2.05805000e+06
4330.000000 3.05782000e+06
4350.000000 3.04031000e+06
4370.000000 3.32483000e+06
4390.000000 2.91792000e+06
4410.000000 3.13927000e+06
4430.000000 3.22597000e+06
4450.000000 3.24879000e+06
4470.000000 3.52334000e+06
4490.000000 3.58713000e+06
4510.000000 4.09362000e+06
4530.000000 3.57271000e+06
4550.000000 3.74264000e+06
4570.000000 4.01696000e+06
4590.000000 3.83880000e+06
4610.000000 3.98106000e+06
4630.000000 3.87170000e+06
4650.000000 3.92489000e+06
4670.000000 4.11608000e+06
4690.000000 4.04028000e+06
4710.000000 3.86832000e+06
4730.000000 4.02696000e+06
4750.000000 4.10950000e+06
4770.000000 4.10988000e+06
4790.000000 4.13425000e+06
4810.000000 4.11558000e+06
4830.000000 4.26566000e+06
4850.000000 4.01049000e+06
4870.000000 3.68821000e+06
4890.000000 4.06363000e+06
4910.000000 4.03481000e+06
4930.000000 3.94510000e+06
4950.000000 4.17051000e+06
4970.000000 4.09949000e+06
4990.000000 3.78695000e+06
5010.000000 3.57171000e+06
5030.000000 3.79292000e+06
5050.000000 3.79987000e+06
5070.000000 3.97000000e+06
5090.000000 3.76394000e+06
5110.000000 3.85529000e+06
5130.000000 3.71993000e+06
5150.000000 3.55714000e+06
5170.000000 2.99831000e+06
5190.000000 3.12546000e+06
5210.000000 3.66763000e+06
5230.000000 3.88865000e+06
5250.000000 4.03143000e+06
5270.000000 3.53440000e+06
5290.000000 4.07866000e+06
5310.000000 4.35143000e+06
5330.000000 3.80444000e+06
5350.000000 4.17235000e+06
5370.000000 4.21998000e+06
5390.000000 4.07318000e+06
5410.000000 3.98172000e+06
5430.000000 4.06833000e+06
5450.000000 4.27469000e+06
5470.000000 4.13357000e+06
5490.000000 4.06764000e+06
5510.000000 4.06311000e+06
5530.000000 4.18936000e+06
5550.000000 4.28935000e+06
5570.000000 4.16268000e+06
5590.000000 4.02022000e+06
5610.000000 4.23448000e+06
5630.000000 4.23084000e+06
5650.000000 4.19657000e+06
5670.000000 4.06940000e+06
5690.000000 4.18699000e+06
5710.000000 4.03038000e+06
5730.000000 4.40779000e+06
5750.000000 4.21720000e+06
5770.000000 4.30072000e+06
5790.000000 4.09328000e+06
5810.000000 4.27006000e+06
5830.000000 4.39521000e+06
5850.000000 4.25931000e+06
5870.000000 4.26947000e+06
5890.000000 3.86523000e+06
5910.000000 4.22428000e+06
5930.000000 4.21833000e+06
5950.000000 4.21758000e+06
5970.000000 4.28461000e+06
5990.000000 4.20575000e+06
6010.000000 4.13713000e+06
6030.000000 4.20298000e+06
6050.000000 4.28835000e+06
6070.000000 4.25288000e+06
6090.000000 4.07262000e+06
6110.000000 4.07890000e+06
6130.000000 3.87297000e+06
6150.000000 3.97661000e+06
6170.000000 3.78927000e+06
6190.000000 4.08850000e+06
6210.000000 4.08790000e+06
6230.000000 3.95250000e+06
6250.000000 3.82511000e+06
6270.000000 4.01301000e+06
6290.000000 4.05609000e+06
6310.000000 3.88821000e+06
6330.000000 3.91115000e+06
6350.000000 3.88039000e+06
6370.000000 3.86841000e+06
6390.000000 4.01418000e+06
6410.000000 3.90628000e+06
6430.000000 3.95419000e+06
6450.000000 3.87628000e+06
6470.000000 3.86612000e+06
6490.000000 3.82909000e+06
6510.000000 3.93645000e+06
6530.000000 3.94868000e+06
6550.000000 3.88413000e+06
6570.000000 3.70717000e+06
6590.000000 3.89845000e+06
6610.000000 3.92076000e+06
6630.000000 3.88403000e+06
6650.000000 3.88336000e+06
6670.000000 3.82421000e+06
6690.000000 3.90491000e+06
6710.000000 3.78569000e+06
6730.000000 3.87685000e+06
6750.000000 3.80198000e+06
6770.000000 3.80848000e+06
6790.000000 3.77627000e+06
6810.000000 3.75786000e+06
6830.000000 3.81519000e+06
6850.000000 3.69572000e+06
6870.000000 3.74399000e+06
6890.000000 3.75380000e+06
6910.000000 3.72878000e+06
6930.000000 3.70384000e+06
6950.000000 3.69488000e+06
6970.000000 3.69805000e+06
6990.000000 3.66975000e+06
7010.000000 3.53906000e+06
7030.000000 3.63116000e+06
7050.000000 3.64257000e+06
7070.000000 3.59071000e+06
7090.000000 3.58757000e+06
7110.000000 3.61004000e+06
7130.000000 3.53350000e+06
7150.000000 3.49917000e+06
7170.000000 3.51316000e+06
7190.000000 3.38011000e+06
7210.000000 3.46313000e+06
7230.000000 3.48911000e+06
7250.000000 3.48824000e+06
7270.000000 3.48917000e+06
7290.000000 3.38555000e+06
7310.000000 3.46145000e+06
7330.000000 3.43284000e+06
7350.000000 3.43288000e+06
7370.000000 3.46039000e+06
7390.000000 3.37264000e+06
7410.000000 3.32907000e+06
7430.000000 3.36488000e+06
7450.000000 3.36693000e+06
7470.000000 3.40624000e+06
7490.000000 3.36732000e+06
7510.000000 3.38595000e+06
7530.000000 3.38526000e+06
7550.000000 3.38110000e+06
7570.000000 3.33781000e+06
7590.000000 3.32620000e+06
7610.000000 3.30249000e+06
7630.000000 3.33885000e+06
7650.000000 3.31639000e+06
7670.000000 3.20645000e+06
7690.000000 3.29408000e+06
7710.000000 3.25781000e+06
7730.000000 3.23801000e+06
7750.000000 3.20288000e+06
7770.000000 3.26878000e+06
7790.000000 3.26450000e+06
7810.000000 3.23217000e+06
7830.000000 3.20770000e+06
7850.000000 3.19284000e+06
7870.000000 3.22353000e+06
7890.000000 3.19044000e+06
7910.000000 3.13308000e+06
7930.000000 3.07818000e+06
7950.000000 3.06420000e+06
7970.000000 3.13597000e+06
7990.000000 3.12223000e+06
8010.000000 3.09621000e+06
8030.000000 3.07923000e+06
8050.000000 3.04604000e+06
8070.000000 3.06000000e+06
8090.000000 3.00920000e+06
8110.000000 3.03316000e+06
8130.000000 3.05929000e+06
8150.000000 3.02853000e+06
8170.000000 3.02162000e+06
8190.000000 2.93808000e+06
8210.000000 2.91372000e+06
8230.000000 2.94507000e+06
8250.000000 2.96241000e+06
8270.000000 2.99013000e+06
8290.000000 2.96629000e+06
8310.000000 2.86562000e+06
8330.000000 2.88950000e+06
8350.000000 2.87432000e+06
8370.000000 2.89593000e+06
8390.000000 2.79903000e+06
8410.000000 2.88012000e+06
8430.000000 2.79368000e+06
8450.000000 2.83983000e+06
8470.000000 2.82544000e+06
8490.000000 2.78130000e+06
8510.000000 2.63960000e+06
8530.000000 2.71298000e+06
8550.000000 2.27751000e+06
8570.000000 2.81277000e+06
8590.000000 2.76338000e+06
8610.000000 2.76067000e+06
8630.000000 2.78011000e+06
8650.000000 2.73142000e+06
8670.000000 2.29780000e+06
8690.000000 2.65256000e+06
8710.000000 2.71165000e+06
8730.000000 2.70206000e+06
8750.000000 2.68436000e+06
8770.000000 2.71998000e+06
8790.000000 2.69279000e+06
8810.000000 2.59234000e+06
8830.000000 2.67498000e+06
8850.000000 2.67983000e+06
8870.000000 2.62347000e+06
8890.000000 2.67007000e+06
8910.000000 2.67779000e+06
8930.000000 2.60704000e+06
8950.000000 2.61393000e+06
8970.000000 2.61376000e+06
8990.000000 2.60955000e+06
9010.000000 2.50999000e+06
9030.000000 2.57775000e+06
9050.000000 2.62502000e+06
9070.000000 2.58900000e+06
9090.000000 2.50969000e+06
9110.000000 2.51062000e+06
9130.000000 2.56503000e+06
9150.000000 2.51909000e+06
9170.000000 2.49691000e+06
9190.000000 2.51554000e+06
9210.000000 2.44134000e+06
9230.000000 2.44130000e+06
9250.000000 2.40988000e+06
9270.000000 2.45140000e+06
9290.000000 2.44260000e+06
9310.000000 2.46489000e+06
9330.000000 2.45035000e+06
9350.000000 2.43656000e+06
9370.000000 2.41459000e+06
9390.000000 2.41170000e+06
9410.000000 2.32241000e+06
9430.000000 2.37345000e+06
9450.000000 2.33359000e+06
9470.000000 2.38755000e+06
9490.000000 2.38976000e+06
9510.000000 2.36730000e+06
9530.000000 2.35120000e+06
9550.000000 2.31042000e+06
9570.000000 2.32821000e+06
9590.000000 2.35267000e+06
9610.000000 2.31760000e+06
9630.000000 2.31253000e+06
9650.000000 2.26816000e+06
9670.000000 2.26709000e+06
9690.000000 2.29409000e+06
9710.000000 2.27698000e+06
9730.000000 2.26823000e+06
9750.000000 2.24799000e+06
9770.000000 2.25206000e+06
9790.000000 2.20950000e+06
9810.000000 2.26607000e+06
9830.000000 2.23097000e+06
9850.000000 2.25578000e+06
9870.000000 2.23473000e+06
9890.000000 2.22855000e+06
9910.000000 2.21235000e+06
9930.000000 2.22901000e+06
9950.000000 2.21987000e+06
9970.000000 2.21776000e+06
9990.000000 2.19994000e+06
10025.000000 2.18667000e+06
10075.000000 2.15811000e+06
10125.000000 2.15482000e+06
10175.000000 2.11328000e+06
10225.000000 2.10902000e+06
10275.000000 2.10578000e+06
10325.000000 2.06554000e+06
10375.000000 2.04936000e+06
10425.000000 2.04864000e+06
10475.000000 2.01450000e+06
10525.000000 2.01646000e+06
10575.000000 1.98628000e+06
10625.000000 1.96853000e+06
10675.000000 1.93020000e+06
10725.000000 1.92636000e+06
10775.000000 1.89989000e+06
10825.000000 1.85171000e+06
10875.000000 1.85266000e+06
10925.000000 1.85411000e+06
10975.000000 1.79028000e+06
11025.000000 1.79580000e+06
11075.000000 1.80060000e+06
11125.000000 1.78168000e+06
11175.000000 1.77163000e+06
11225.000000 1.76548000e+06
11275.000000 1.73041000e+06
11325.000000 1.73203000e+06
11375.000000 1.70988000e+06
11425.000000 1.69286000e+06
11475.000000 1.70904000e+06
11525.000000 1.69617000e+06
11575.000000 1.67286000e+06
11625.000000 1.64727000e+06
11675.000000 1.64729000e+06
11725.000000 1.65448000e+06
11775.000000 1.62320000e+06
11825.000000 1.59396000e+06
11875.000000 1.58767000e+06
11925.000000 1.61057000e+06
11975.000000 1.53757000e+06
12025.000000 1.56019000e+06
12075.000000 1.53929000e+06
12125.000000 1.54297000e+06
12175.000000 1.54958000e+06
12225.000000 1.53910000e+06
12275.000000 1.51919000e+06
12325.000000 1.51222000e+06
12375.000000 1.49980000e+06
12425.000000 1.47882000e+06
12475.000000 1.48435000e+06
12525.000000 1.46537000e+06
12575.000000 1.46043000e+06
12625.000000 1.44981000e+06
12675.000000 1.43049000e+06
12725.000000 1.42862000e+06
12775.000000 1.42739000e+06
12825.000000 1.36255000e+06
12875.000000 1.39276000e+06
12925.000000 1.37634000e+06
12975.000000 1.38491000e+06
13025.000000 1.36157000e+06
13075.000000 1.36546000e+06
13125.000000 1.33651000e+06
13175.000000 1.33051000e+06
13225.000000 1.33699000e+06
13275.000000 1.30881000e+06
13325.000000 1.31216000e+06
13375.000000 1.30264000e+06
13425.000000 1.30207000e+06
13475.000000 1.29242000e+06
13525.000000 1.28690000e+06
13575.000000 1.26441000e+06
13625.000000 1.25604000e+06
13675.000000 1.25143000e+06
13725.000000 1.25195000e+06
13775.000000 1.24069000e+06
13825.000000 1.23765000e+06
13875.000000 1.22757000e+06
13925.000000 1.22081000e+06
13975.000000 1.21222000e+06
14025.000000 1.19582000e+06
14075.000000 1.19329000e+06
14125.000000 1.17032000e+06
14175.000000 1.17805000e+06
14225.000000 1.15336000e+06
14275.000000 1.12794000e+06
14325.000000 1.14723000e+06
14375.000000 1.15150000e+06
14425.000000 1.11509000e+06
14475.000000 1.13390000e+06
14525.000000 1.11546000e+06
14570.000000 1.11502000e+06
14620.000000 1.10322000e+06
14675.000000 1.10066000e+06
14725.000000 1.07890000e+06
14775.000000 1.08133000e+06
14825.000000 1.07758000e+06
14875.000000 1.04399000e+06
14925.000000 1.07912000e+06
14975.000000 1.06593000e+06
15025.000000 1.01936000e+06
15075.000000 1.02811000e+06
15125.000000 1.04209000e+06
15175.000000 1.04839000e+06
15225.000000 1.02536000e+06
15275.000000 1.03617000e+06
15325.000000 1.02405000e+06
15375.000000 1.01990000e+06
15425.000000 1.01341000e+06
15475.000000 1.01236000e+06
15525.000000 9.92584000e+05
15575.000000 9.85414000e+05
15625.000000 9.98854000e+05
15675.000000 9.67806000e+05
15725.000000 9.72585000e+05
15775.000000 9.28764000e+05
15825.000000 9.50328000e+05
15875.000000 9.06815000e+05
15925.000000 9.32236000e+05
15975.000000 9.36182000e+05
16050.000000 9.28623000e+05
16150.000000 9.05719000e+05
16250.000000 9.06704000e+05
16350.000000 8.88544000e+05
16450.000000 8.65342000e+05
16550.000000 8.66621000e+05
16650.000000 8.46825000e+05
16750.000000 8.25317000e+05
16850.000000 7.99627000e+05
16950.000000 8.07122000e+05
17050.000000 7.79073000e+05
17150.000000 7.65057000e+05
17250.000000 7.45768000e+05
17350.000000 7.15344000e+05
17450.000000 7.17116000e+05
17550.000000 7.08747000e+05
17650.000000 6.95974000e+05
17750.000000 6.78325000e+05
17850.000000 6.72425000e+05
17950.000000 6.59447000e+05
18050.000000 6.42227000e+05
18150.000000 6.21127000e+05
18250.000000 6.13988000e+05
18350.000000 6.04483000e+05
18450.000000 5.88254000e+05
18550.000000 5.82366000e+05
18650.000000 5.65967000e+05
18750.000000 5.42983000e+05
18850.000000 5.48720000e+05
18950.000000 5.23756000e+05
19050.000000 5.30438000e+05
19150.000000 5.17712000e+05
19250.000000 5.10873000e+05
19350.000000 4.95353000e+05
19450.000000 4.76779000e+05
19550.000000 4.82707000e+05
19650.000000 4.72831000e+05
19750.000000 4.59353000e+05
19850.000000 4.55893000e+05
19950.000000 4.46696000e+05
20050.000000 4.43292000e+05
20150.000000 4.38235000e+05
20250.000000 4.24987000e+05
20350.000000 4.14498000e+05
20450.000000 4.15220000e+05
20550.000000 4.04257000e+05
20650.000000 3.96261000e+05
20750.000000 3.91523000e+05
20850.000000 3.82533000e+05
20950.000000 3.74247000e+05
21050.000000 3.73590000e+05
21150.000000 3.65947000e+05
21250.000000 3.58465000e+05
21350.000000 3.54669000e+05
21450.000000 3.49126000e+05
21550.000000 3.42835000e+05
21650.000000 3.30022000e+05
21750.000000 3.27377000e+05
21850.000000 3.23922000e+05
21950.000000 3.21227000e+05
22050.000000 3.12044000e+05
22150.000000 3.11375000e+05
22250.000000 3.03682000e+05
22350.000000 2.99221000e+05
22450.000000 2.94909000e+05
22550.000000 2.89684000e+05
22650.000000 2.83453000e+05
22750.000000 2.82153000e+05
22850.000000 2.74248000e+05
22950.000000 2.56485000e+05
23050.000000 2.61724000e+05
23150.000000 2.58638000e+05
23250.000000 2.39713000e+05
23350.000000 2.45175000e+05
23450.000000 2.45260000e+05
23550.000000 2.25846000e+05
23650.000000 2.33862000e+05
23750.000000 2.29639000e+05
23850.000000 2.14266000e+05
23950.000000 2.21131000e+05
24050.000000 2.20422000e+05
24150.000000 2.06121000e+05
24250.000000 2.09479000e+05
24350.000000 2.09376000e+05
24450.000000 2.00753000e+05
24550.000000 1.96209000e+05
24650.000000 2.01322000e+05
24750.000000 1.94194000e+05
24850.000000 1.87778000e+05
24950.000000 1.91063000e+05
25050.000000 1.89138000e+05
25150.000000 1.81979000e+05
25250.000000 1.83288000e+05
25350.000000 1.81822000e+05
25450.000000 1.76574000e+05
25550.000000 1.75270000e+05
25650.000000 1.73591000e+05
25750.000000 1.73399000e+05
25850.000000 1.65582000e+05
25950.000000 1.67195000e+05
26050.000000 1.66113000e+05
26150.000000 1.63176000e+05
26250.000000 1.58759000e+05
26350.000000 1.58679000e+05
26450.000000 1.56098000e+05
26550.000000 1.53486000e+05
26650.000000 1.51148000e+05
26750.000000 1.51847000e+05
26850.000000 1.50285000e+05
26950.000000 1.47465000e+05
27050.000000 1.46299000e+05
27150.000000 1.44166000e+05
27250.000000 1.42744000e+05
27350.000000 1.40413000e+05
27450.000000 1.39382000e+05
27550.000000 1.36962000e+05
27650.000000 1.35353000e+05
27750.000000 1.33283000e+05
27850.000000 1.31803000e+05
27950.000000 1.30644000e+05
28050.000000 1.28767000e+05
28150.000000 1.27150000e+05
28250.000000 1.25704000e+05
28350.000000 1.24635000e+05
28450.000000 1.22253000e+05
28550.000000 1.21037000e+05
28650.000000 1.19538000e+05
28750.000000 1.17500000e+05
28850.000000 1.16564000e+05
28950.000000 1.15239000e+05
29050.000000 1.13643000e+05
29150.000000 1.12515000e+05
29250.000000 1.09761000e+05
29350.000000 1.09259000e+05
29450.000000 1.07741000e+05
29550.000000 1.06806000e+05
29650.000000 1.05285000e+05
29750.000000 1.04179000e+05
29850.000000 1.02974000e+05
29950.000000 1.01313000e+05
30050.000000 9.99102000e+04
30150.000000 9.92568000e+04
30250.000000 9.78277000e+04
30350.000000 9.61371000e+04
30450.000000 9.51207000e+04
30550.000000 9.43738000e+04
30650.000000 9.29610000e+04
30750.000000 9.22697000e+04
30850.000000 9.03266000e+04
30950.000000 8.95708000e+04
31050.000000 8.89596000e+04
31150.000000 8.68480000e+04
31250.000000 8.67329000e+04
31350.000000 8.53678000e+04
31450.000000 8.47763000e+04
31550.000000 8.33428000e+04
31650.000000 8.24183000e+04
31750.000000 8.15449000e+04
31850.000000 8.05360000e+04
31950.000000 7.98371000e+04
32100.000000 7.83578000e+04
32300.000000 7.63252000e+04
32500.000000 7.47039000e+04
32700.000000 7.30354000e+04
32900.000000 7.09494000e+04
33100.000000 6.95925000e+04
33300.000000 6.77942000e+04
33500.000000 6.65676000e+04
33700.000000 6.50832000e+04
33900.000000 6.32914000e+04
34100.000000 6.20263000e+04
34300.000000 6.10169000e+04
34500.000000 5.95519000e+04
34700.000000 5.83543000e+04
34900.000000 5.71337000e+04
35100.000000 5.58515000e+04
35300.000000 5.44888000e+04
35500.000000 5.35717000e+04
35700.000000 5.22578000e+04
35900.000000 5.11364000e+04
36100.000000 5.03719000e+04
36300.000000 4.92322000e+04
36500.000000 4.78430000e+04
36700.000000 4.69538000e+04
36900.000000 4.58015000e+04
37100.000000 4.48437000e+04
37300.000000 4.41502000e+04
37500.000000 4.27938000e+04
37700.000000 4.23834000e+04
37900.000000 4.15963000e+04
38100.000000 4.06572000e+04
38300.000000 4.00822000e+04
38500.000000 3.93186000e+04
38700.000000 3.84681000e+04
38900.000000 3.75831000e+04
39100.000000 3.71133000e+04
39300.000000 3.63560000e+04
39500.000000 3.53948000e+04
39700.000000 3.49363000e+04
39900.000000 3.39788000e+04
40100.000000 3.34931000e+04
40300.000000 3.30038000e+04
40500.000000 3.22652000e+04
40700.000000 3.16418000e+04
40900.000000 3.11755000e+04
41100.000000 3.05940000e+04
41300.000000 3.01151000e+04
41500.000000 2.94165000e+04
41700.000000 2.89660000e+04
41900.000000 2.84520000e+04
42100.000000 2.77083000e+04
42300.000000 2.75248000e+04
42500.000000 2.69180000e+04
42700.000000 2.65094000e+04
42900.000000 2.52926000e+04
43100.000000 2.43607000e+04
43300.000000 2.43452000e+04
43500.000000 2.32000000e+04
43700.000000 2.27140000e+04
43900.000000 2.25270000e+04
44100.000000 2.12345000e+04
44300.000000 2.12313000e+04
44500.000000 2.08887000e+04
44700.000000 1.99122000e+04
44900.000000 2.00230000e+04
45100.000000 1.95846000e+04
45300.000000 1.87787000e+04
45500.000000 1.88378000e+04
45700.000000 1.86210000e+04
45900.000000 1.77851000e+04
46100.000000 1.78915000e+04
46300.000000 1.75357000e+04
46500.000000 1.72397000e+04
46700.000000 1.70737000e+04
46900.000000 1.68652000e+04
47100.000000 1.64812000e+04
47300.000000 1.64663000e+04
47500.000000 1.61491000e+04
47700.000000 1.58832000e+04
47900.000000 1.56408000e+04
48100.000000 1.53207000e+04
48300.000000 1.53506000e+04
48500.000000 1.50070000e+04
48700.000000 1.47395000e+04
48900.000000 1.45985000e+04
49100.000000 1.43204000e+04
49300.000000 1.41330000e+04
49500.000000 1.39096000e+04
49700.000000 1.37567000e+04
49900.000000 1.35445000e+04
50100.000000 1.32676000e+04
50300.000000 1.32205000e+04
50500.000000 1.29299000e+04
50700.000000 1.27663000e+04
50900.000000 1.26209000e+04
51100.000000 1.23744000e+04
51300.000000 1.22470000e+04
51500.000000 1.20705000e+04
51700.000000 1.20078000e+04
51900.000000 1.17571000e+04
52100.000000 1.15646000e+04
52300.000000 1.14102000e+04
52500.000000 1.13249000e+04
52700.000000 1.12391000e+04
52900.000000 1.09502000e+04
53100.000000 1.08230000e+04
53300.000000 1.07048000e+04
53500.000000 1.05651000e+04
53700.000000 1.04028000e+04
53900.000000 1.03102000e+04
54100.000000 1.01752000e+04
54300.000000 9.97873000e+03
54500.000000 9.91552000e+03
54700.000000 9.75287000e+03
54900.000000 9.62782000e+03
55100.000000 9.50978000e+03
55300.000000 9.46933000e+03
55500.000000 9.23805000e+03
55700.000000 9.21882000e+03
55900.000000 9.01240000e+03
56100.000000 8.94682000e+03
56300.000000 8.79208000e+03
56500.000000 8.74258000e+03
56700.000000 8.62488000e+03
56900.000000 8.45032000e+03
57100.000000 8.41237000e+03
57300.000000 8.30567000e+03
57500.000000 8.19832000e+03
57700.000000 8.07833000e+03
57900.000000 8.00643000e+03
58100.000000 7.87797000e+03
58300.000000 7.78644000e+03
58500.000000 7.70555000e+03
58700.000000 7.57933000e+03
58900.000000 7.47180000e+03
59100.000000 7.41528000e+03
59300.000000 7.32174000e+03
59500.000000 7.20503000e+03
59700.000000 7.15303000e+03
59900.000000 7.06240000e+03
60100.000000 6.96739000e+03
60300.000000 6.88903000e+03
60500.000000 6.79250000e+03
60700.000000 6.70906000e+03
60900.000000 6.61794000e+03
61100.000000 6.52493000e+03
61300.000000 6.46909000e+03
61500.000000 6.39850000e+03
61700.000000 6.32413000e+03
61900.000000 6.25118000e+03
62100.000000 6.18343000e+03
62300.000000 6.08070000e+03
62500.000000 6.01089000e+03
62700.000000 5.94826000e+03
62900.000000 5.88126000e+03
63100.000000 5.78708000e+03
63300.000000 5.75489000e+03
63500.000000 5.67516000e+03
63700.000000 5.62064000e+03
63900.000000 5.53984000e+03
64200.000000 5.45263000e+03
64600.000000 5.31590000e+03
65000.000000 5.19369000e+03
65400.000000 5.08147000e+03
65800.000000 4.96967000e+03
66200.000000 4.84902000e+03
66600.000000 4.74500000e+03
67000.000000 4.63338000e+03
67400.000000 4.52323000e+03
67800.000000 4.42830000e+03
68200.000000 4.32832000e+03
68600.000000 4.23380000e+03
69000.000000 4.13817000e+03
69400.000000 4.04406000e+03
69800.000000 3.96058000e+03
70200.000000 3.86573000e+03
70600.000000 3.78758000e+03
71000.000000 3.70624000e+03
71400.000000 3.62574000e+03
71800.000000 3.54708000e+03
72200.000000 3.47219000e+03
72600.000000 3.39694000e+03
73000.000000 3.32786000e+03
73400.000000 3.25470000e+03
73800.000000 3.18894000e+03
74200.000000 3.11825000e+03
74600.000000 3.05247000e+03
75000.000000 2.99307000e+03
75400.000000 2.92999000e+03
75800.000000 2.87109000e+03
76200.000000 2.81118000e+03
76600.000000 2.75352000e+03
77000.000000 2.69258000e+03
77400.000000 2.64180000e+03
77800.000000 2.58857000e+03
78200.000000 2.53671000e+03
78600.000000 2.48534000e+03
79000.000000 2.43634000e+03
79400.000000 2.38783000e+03
79800.000000 2.34188000e+03
80200.000000 2.29375000e+03
80600.000000 2.24970000e+03
81000.000000 2.20968000e+03
81400.000000 2.16408000e+03
81800.000000 2.12635000e+03
82200.000000 2.08809000e+03
82600.000000 2.04787000e+03
83000.000000 2.01030000e+03
83400.000000 1.96967000e+03
83800.000000 1.93498000e+03
84200.000000 1.90011000e+03
84600.000000 1.86508000e+03
85000.000000 1.83088000e+03
85400.000000 1.79734000e+03
85800.000000 1.76486000e+03
86200.000000 1.73219000e+03
86600.000000 1.70176000e+03
87000.000000 1.67127000e+03
87400.000000 1.64170000e+03
87800.000000 1.61207000e+03
88200.000000 1.58145000e+03
88600.000000 1.55444000e+03
89000.000000 1.52708000e+03
89400.000000 1.50124000e+03
89800.000000 1.47337000e+03
90200.000000 1.44922000e+03
90600.000000 1.42589000e+03
91000.000000 1.39983000e+03
91400.000000 1.37561000e+03
91800.000000 1.35376000e+03
92200.000000 1.33110000e+03
92600.000000 1.30838000e+03
93000.000000 1.28726000e+03
93400.000000 1.26451000e+03
93800.000000 1.24364000e+03
94200.000000 1.22410000e+03
94600.000000 1.20278000e+03
95000.000000 1.18387000e+03
95400.000000 1.16465000e+03
95800.000000 1.14476000e+03
96200.000000 1.12712000e+03
96600.000000 1.10779000e+03
97000.000000 1.09131000e+03
97400.000000 1.07216000e+03
97800.000000 1.05419000e+03
98200.000000 1.03984000e+03
98600.000000 1.02332000e+03
99000.000000 1.00684000e+03
99400.000000 9.89984000e+02
99800.000000 9.76088000e+02
100200.000000 9.60844000e+02
200000.000000 6.23393000e+01
400000.000000 3.91516000e+00
600000.000000 7.68685000e-01
800000.000000 2.41448000e-01
1000000.000000 9.82096000e-02
1200000.000000 4.70676000e-02
1400000.000000 2.52678000e-02
1600000.000000 1.47395000e-02
