# teff = 7000.0
# logg = 3.0
# metallicity = 0.0
# wavelength_unit = angstrom
# flux_unit = erg/cm2/s/A
# units_standardized = True
162.000000 1.13325000e-73
166.000000 1.26651000e-71
170.300000 1.56682000e-69
173.400000 4.34095000e-68
176.800000 1.44662000e-66
180.200000 4.21152000e-65
181.700000 1.78866000e-64
186.100000 1.08497000e-62
191.000000 8.35205000e-61
193.900000 9.80361000e-60
198.400000 3.87137000e-58
201.800000 5.57815000e-57
205.000000 6.33210000e-56
210.500000 3.43782000e-54
216.200000 1.73259000e-52
219.800000 1.85027000e-51
223.000000 1.41915000e-50
226.800000 1.47870000e-49
230.000000 1.00157000e-48
234.000000 1.01228000e-47
240.000000 2.80363000e-46
246.500000 8.49222000e-45
252.400000 1.60566000e-43
256.800000 1.31323000e-42
260.000000 5.78246000e-42
264.000000 3.50060000e-41
268.500000 2.48041000e-40
273.500000 2.01972000e-39
278.500000 1.52358000e-38
284.000000 1.29078000e-37
290.000000 1.20612000e-36
296.000000 1.02429000e-35
301.000000 5.69953000e-35
308.000000 5.71623000e-34
318.000000 1.28128000e-32
328.000000 2.35736000e-31
338.000000 3.62009000e-30
348.000000 4.72032000e-29
357.000000 4.18174000e-28
366.000000 3.31603000e-27
375.000000 2.36660000e-26
385.000000 1.87664000e-25
395.000000 1.33179000e-24
405.000000 8.53621000e-24
414.000000 4.19204000e-23
422.000000 1.62342000e-22
430.000000 5.96084000e-22
441.000000 3.28552000e-21
451.000000 1.43551000e-20
460.000000 5.10668000e-20
470.000000 1.96926000e-19
480.000000 7.14968000e-19
490.000000 2.45525000e-18
500.000000 7.99073000e-18
506.000000 2.09821000e-17
512.000000 4.59602000e-17
520.000000 1.08693000e-16
530.000000 3.08586000e-16
540.000000 8.26828000e-16
550.000000 2.15950000e-15
560.000000 5.40191000e-15
570.000000 1.30481000e-14
580.000000 3.01395000e-14
590.000000 6.90386000e-14
600.000000 1.51728000e-13
610.000000 3.24609000e-13
620.000000 6.75212000e-13
630.000000 1.36948000e-12
640.000000 2.71161000e-12
650.000000 5.24925000e-12
658.000000 8.76208000e-12
665.000000 1.35298000e-11
675.000000 2.48491000e-11
685.000000 4.47860000e-11
695.000000 7.91013000e-11
705.000000 1.36252000e-10
716.000000 2.46552000e-10
726.000000 4.12956000e-10
735.000000 6.48137000e-10
745.000000 1.05310000e-09
755.000000 1.68873000e-09
765.000000 2.67266000e-09
775.000000 4.17082000e-09
785.000000 6.43935000e-09
795.000000 9.67954000e-09
805.000000 1.46343000e-08
815.000000 2.19138000e-08
825.000000 3.22738000e-08
835.000000 4.70101000e-08
845.000000 6.77825000e-08
855.000000 9.67971000e-08
865.000000 1.36911000e-07
875.000000 1.90858000e-07
885.000000 2.66627000e-07
895.000000 3.67410000e-07
905.000000 5.00865000e-07
915.000000 4.93531000e-04
925.000000 1.62848000e-03
935.000000 2.24962000e-03
945.000000 3.09319000e-03
955.000000 4.41034000e-03
965.000000 5.99425000e-03
975.000000 8.03689000e-03
985.000000 1.07339000e-02
995.000000 1.41791000e-02
1005.000000 1.92101000e-02
1015.000000 2.52240000e-02
1025.000000 3.13428000e-02
1035.000000 4.27011000e-02
1045.000000 5.51661000e-02
1055.000000 7.09373000e-02
1065.000000 9.04038000e-02
1075.000000 1.15341000e-01
1085.000000 1.46298000e-01
1095.000000 1.83720000e-01
1105.000000 5.42035000e-01
1115.000000 1.95791000e+00
1125.000000 2.94043000e+00
1135.000000 4.23659000e+00
1145.000000 5.53417000e+00
1155.000000 6.17921000e+00
1165.000000 8.65335000e+00
1175.000000 1.03600000e+01
1185.000000 1.10436000e+01
1195.000000 5.23850000e+00
1205.000000 5.86567000e+00
1215.000000 2.02032000e+00
1225.000000 7.21664000e+00
1235.000000 1.74028000e+01
1245.000000 3.98889000e+01
1255.000000 8.55581000e+01
1265.000000 7.94481000e+01
1275.000000 1.38453000e+02
1285.000000 1.98581000e+02
1295.000000 2.45488000e+02
1305.000000 1.82119000e+02
1315.000000 3.24699000e+02
1325.000000 3.91230000e+02
1335.000000 4.49968000e+02
1345.000000 5.41158000e+02
1355.000000 5.75879000e+02
1365.000000 6.44609000e+02
1375.000000 6.99050000e+02
1385.000000 7.65783000e+02
1395.000000 8.83483000e+02
1405.000000 1.00674000e+03
1415.000000 1.07967000e+03
1425.000000 1.19967000e+03
1435.000000 1.26645000e+03
1442.000000 1.51051000e+03
1447.000000 1.55531000e+03
1455.000000 1.76723000e+03
1465.000000 1.88205000e+03
1475.000000 2.04484000e+03
1485.000000 2.30815000e+03
1495.000000 2.73686000e+03
1505.000000 3.10478000e+03
1512.000000 3.07264000e+03
1517.000000 2.69391000e+03
1525.000000 3.06567000e+03
1535.000000 5.91118000e+03
1545.000000 9.41798000e+03
1555.000000 1.04826000e+04
1565.000000 1.01265000e+04
1575.000000 1.42738000e+04
1585.000000 1.60666000e+04
1595.000000 1.91887000e+04
1605.000000 1.91463000e+04
1615.000000 1.95397000e+04
1625.000000 1.94227000e+04
1635.000000 2.36067000e+04
1645.000000 2.76433000e+04
1655.000000 1.88996000e+04
1665.000000 2.97568000e+04
1672.000000 2.03216000e+04
1677.000000 4.32023000e+04
1685.000000 5.42745000e+04
1695.000000 8.32469000e+04
1705.000000 1.85071000e+05
1715.000000 5.01021000e+05
1725.000000 6.10629000e+05
1735.000000 8.70781000e+05
1745.000000 7.60962000e+05
1755.000000 1.15793000e+06
1765.000000 7.15916000e+05
1775.000000 1.10933000e+06
1785.000000 1.04134000e+06
1795.000000 1.68931000e+06
1805.000000 9.60375000e+05
1815.000000 1.13724000e+06
1825.000000 9.49485000e+05
1835.000000 1.08442000e+06
1845.000000 9.02794000e+05
1855.000000 1.31181000e+06
1865.000000 1.77218000e+06
1875.000000 1.57566000e+06
1885.000000 1.72004000e+06
1895.000000 1.97428000e+06
1905.000000 1.72273000e+06
1915.000000 1.91661000e+06
1925.000000 1.62459000e+06
1935.000000 7.96548000e+05
1945.000000 2.17611000e+06
1955.000000 2.33202000e+06
1967.000000 2.73695000e+06
1976.000000 2.13654000e+06
1984.000000 2.65694000e+06
1995.000000 2.72304000e+06
2005.000000 2.72481000e+06
2015.000000 2.58361000e+06
2025.000000 2.34106000e+06
2035.000000 3.22354000e+06
2045.000000 3.61863000e+06
2055.000000 3.07671000e+06
2065.000000 3.01721000e+06
2074.000000 3.79779000e+06
2078.000000 4.84827000e+06
2085.000000 4.56030000e+06
2095.000000 4.31309000e+06
2105.000000 4.20088000e+06
2115.000000 4.57670000e+06
2125.000000 4.14645000e+06
2135.000000 3.44321000e+06
2145.000000 4.51647000e+06
2155.000000 4.70276000e+06
2165.000000 4.10677000e+06
2175.000000 4.26397000e+06
2185.000000 4.71284000e+06
2195.000000 5.16737000e+06
2205.000000 4.78859000e+06
2215.000000 3.63037000e+06
2225.000000 3.73341000e+06
2235.000000 4.99689000e+06
2245.000000 4.60714000e+06
2255.000000 3.56065000e+06
2265.000000 3.60572000e+06
2275.000000 4.34850000e+06
2285.000000 4.71443000e+06
2295.000000 4.08249000e+06
2305.000000 4.63730000e+06
2315.000000 4.24409000e+06
2325.000000 4.02214000e+06
2335.000000 2.58262000e+06
2345.000000 1.76532000e+06
2355.000000 3.42424000e+06
2365.000000 1.83912000e+06
2375.000000 2.63568000e+06
2385.000000 1.32334000e+06
2395.000000 1.85034000e+06
2405.000000 1.79786000e+06
2415.000000 2.36952000e+06
2425.000000 4.01834000e+06
2435.000000 3.92193000e+06
2445.000000 4.47977000e+06
2455.000000 4.55049000e+06
2465.000000 4.29819000e+06
2475.000000 3.84545000e+06
2485.000000 3.66204000e+06
2495.000000 3.56521000e+06
2505.000000 5.00277000e+06
2513.000000 3.06637000e+06
2518.000000 2.84125000e+06
2525.000000 2.21028000e+06
2535.000000 2.23468000e+06
2545.000000 2.73941000e+06
2555.000000 4.25868000e+06
2565.000000 3.56189000e+06
2575.000000 4.46794000e+06
2585.000000 4.10651000e+06
2595.000000 3.68594000e+06
2605.000000 3.10665000e+06
2615.000000 2.82560000e+06
2625.000000 4.05251000e+06
2635.000000 5.53329000e+06
2645.000000 7.93843000e+06
2655.000000 8.81402000e+06
2665.000000 6.32442000e+06
2675.000000 7.36177000e+06
2685.000000 7.38908000e+06
2695.000000 6.39291000e+06
2705.000000 7.27404000e+06
2715.000000 5.93059000e+06
2725.000000 5.90794000e+06
2735.000000 6.44953000e+06
2745.000000 3.37575000e+06
2755.000000 4.17702000e+06
2765.000000 4.87418000e+06
2775.000000 5.43572000e+06
2785.000000 3.03274000e+06
2795.000000 9.63811000e+05
2805.000000 1.25673000e+06
2815.000000 4.43182000e+06
2825.000000 7.15211000e+06
2835.000000 7.40407000e+06
2845.000000 7.16826000e+06
2855.000000 5.27725000e+06
2865.000000 8.09570000e+06
2875.000000 8.16664000e+06
2885.000000 8.04585000e+06
2895.000000 7.86810000e+06
2910.000000 9.91372000e+06
2930.000000 9.07760000e+06
2950.000000 9.04713000e+06
2970.000000 1.00788000e+07
2990.000000 1.00085000e+07
3010.000000 1.06423000e+07
3030.000000 1.05367000e+07
3050.000000 1.06148000e+07
3070.000000 1.05030000e+07
3090.000000 1.11633000e+07
3110.000000 1.07705000e+07
3130.000000 1.07198000e+07
3150.000000 1.10849000e+07
3170.000000 1.09860000e+07
3190.000000 9.99086000e+06
3210.000000 1.08126000e+07
3230.000000 9.57667000e+06
3250.000000 1.08648000e+07
3270.000000 1.16511000e+07
3290.000000 1.16237000e+07
3310.000000 1.20307000e+07
3330.000000 1.16475000e+07
3350.000000 1.13786000e+07
3370.000000 1.10356000e+07
3390.000000 1.14968000e+07
3410.000000 1.17745000e+07
3430.000000 1.20250000e+07
3450.000000 1.20620000e+07
3470.000000 1.18473000e+07
3490.000000 1.18672000e+07
3510.000000 1.23069000e+07
3530.000000 1.20850000e+07
3550.000000 1.30598000e+07
3570.000000 1.18618000e+07
3590.000000 1.18338000e+07
3610.000000 1.20609000e+07
3630.000000 1.21754000e+07
3640.000000 1.19519000e+07
3650.000000 1.29430000e+07
3670.000000 1.26862000e+07
3690.000000 1.23263000e+07
3710.000000 1.40991000e+07
3730.000000 1.48919000e+07
3750.000000 1.84289000e+07
3770.000000 2.00320000e+07
3790.000000 2.34526000e+07
3810.000000 2.66481000e+07
3830.000000 2.11436000e+07
3850.000000 2.78992000e+07
3870.000000 3.02578000e+07
3890.000000 2.12366000e+07
3910.000000 2.82964000e+07
3930.000000 1.51722000e+07
3950.000000 2.44642000e+07
3970.000000 1.42769000e+07
3990.000000 2.91821000e+07
4010.000000 3.20874000e+07
4030.000000 3.18787000e+07
4050.000000 3.15440000e+07
4070.000000 3.09345000e+07
4090.000000 2.86847000e+07
4110.000000 2.37562000e+07
4130.000000 3.08462000e+07
4150.000000 3.24373000e+07
4170.000000 3.16005000e+07
4190.000000 3.16643000e+07
4210.000000 3.15512000e+07
4230.000000 3.05714000e+07
4250.000000 3.12521000e+07
4270.000000 3.01460000e+07
4290.000000 2.96731000e+07
4310.000000 2.75305000e+07
4330.000000 2.57296000e+07
4350.000000 2.26287000e+07
4370.000000 3.00860000e+07
4390.000000 2.94998000e+07
4410.000000 2.90585000e+07
4430.000000 2.85893000e+07
4450.000000 2.88371000e+07
4470.000000 2.93093000e+07
4490.000000 2.90562000e+07
4510.000000 3.03864000e+07
4530.000000 2.83361000e+07
4550.000000 2.83841000e+07
4570.000000 2.97272000e+07
4590.000000 2.83118000e+07
4610.000000 2.91710000e+07
4630.000000 2.83273000e+07
4650.000000 2.85546000e+07
4670.000000 2.88443000e+07
4690.000000 2.77373000e+07
4710.000000 2.66888000e+07
4730.000000 2.79976000e+07
4750.000000 2.80913000e+07
4770.000000 2.75896000e+07
4790.000000 2.74336000e+07
4810.000000 2.70252000e+07
4830.000000 2.67050000e+07
4850.000000 2.27119000e+07
4870.000000 1.87150000e+07
4890.000000 2.52958000e+07
4910.000000 2.57121000e+07
4930.000000 2.52590000e+07
4950.000000 2.59256000e+07
4970.000000 2.60803000e+07
4990.000000 2.45872000e+07
5010.000000 2.34532000e+07
5030.000000 2.44970000e+07
5050.000000 2.42856000e+07
5070.000000 2.48667000e+07
5090.000000 2.44085000e+07
5110.000000 2.44876000e+07
5130.000000 2.37688000e+07
5150.000000 2.32366000e+07
5170.000000 2.28147000e+07
5190.000000 2.24420000e+07
5210.000000 2.27266000e+07
5230.000000 2.27708000e+07
5250.000000 2.30746000e+07
5270.000000 2.10279000e+07
5290.000000 2.25856000e+07
5310.000000 2.25107000e+07
5330.000000 2.12653000e+07
5350.000000 2.22201000e+07
5370.000000 2.21607000e+07
5390.000000 2.17943000e+07
5410.000000 2.12267000e+07
5430.000000 2.14744000e+07
5450.000000 2.17914000e+07
5470.000000 2.14422000e+07
5490.000000 2.11150000e+07
5510.000000 2.09980000e+07
5530.000000 2.10398000e+07
5550.000000 2.11269000e+07
5570.000000 2.06962000e+07
5590.000000 2.03711000e+07
5610.000000 2.04847000e+07
5630.000000 2.05748000e+07
5650.000000 2.02500000e+07
5670.000000 1.97605000e+07
5690.000000 1.99360000e+07
5710.000000 1.96926000e+07
5730.000000 2.01956000e+07
5750.000000 1.96611000e+07
5770.000000 1.97095000e+07
5790.000000 1.94005000e+07
5810.000000 1.94212000e+07
5830.000000 1.93979000e+07
5850.000000 1.90938000e+07
5870.000000 1.90011000e+07
5890.000000 1.85052000e+07
5910.000000 1.87404000e+07
5930.000000 1.85971000e+07
5950.000000 1.84627000e+07
5970.000000 1.83963000e+07
5990.000000 1.81487000e+07
6010.000000 1.78800000e+07
6030.000000 1.78300000e+07
6050.000000 1.77761000e+07
6070.000000 1.78207000e+07
6090.000000 1.75129000e+07
6110.000000 1.72703000e+07
6130.000000 1.68730000e+07
6150.000000 1.66081000e+07
6170.000000 1.64620000e+07
6190.000000 1.69457000e+07
6210.000000 1.68514000e+07
6230.000000 1.65240000e+07
6250.000000 1.59429000e+07
6270.000000 1.65323000e+07
6290.000000 1.64550000e+07
6310.000000 1.60206000e+07
6330.000000 1.59863000e+07
6350.000000 1.57419000e+07
6370.000000 1.56868000e+07
6390.000000 1.57881000e+07
6410.000000 1.54284000e+07
6430.000000 1.55066000e+07
6450.000000 1.51199000e+07
6470.000000 1.52101000e+07
6490.000000 1.49207000e+07
6510.000000 1.49882000e+07
6530.000000 1.47543000e+07
6550.000000 1.35193000e+07
6570.000000 1.11173000e+07
6590.000000 1.42084000e+07
6610.000000 1.45278000e+07
6630.000000 1.45449000e+07
6650.000000 1.44703000e+07
6670.000000 1.43142000e+07
6690.000000 1.43155000e+07
6710.000000 1.41658000e+07
6730.000000 1.40967000e+07
6750.000000 1.37909000e+07
6770.000000 1.39273000e+07
6790.000000 1.37898000e+07
6810.000000 1.37008000e+07
6830.000000 1.36070000e+07
6850.000000 1.34634000e+07
6870.000000 1.34658000e+07
6890.000000 1.33774000e+07
6910.000000 1.32772000e+07
6930.000000 1.31732000e+07
6950.000000 1.30991000e+07
6970.000000 1.29984000e+07
6990.000000 1.29419000e+07
7010.000000 1.25722000e+07
7030.000000 1.27089000e+07
7050.000000 1.26634000e+07
7070.000000 1.25685000e+07
7090.000000 1.24984000e+07
7110.000000 1.22017000e+07
7130.000000 1.22363000e+07
7150.000000 1.21525000e+07
7170.000000 1.20210000e+07
7190.000000 1.18814000e+07
7210.000000 1.18887000e+07
7230.000000 1.17906000e+07
7250.000000 1.16955000e+07
7270.000000 1.17396000e+07
7290.000000 1.15137000e+07
7310.000000 1.15445000e+07
7330.000000 1.14697000e+07
7350.000000 1.14429000e+07
7370.000000 1.14024000e+07
7390.000000 1.12180000e+07
7410.000000 1.10333000e+07
7430.000000 1.09836000e+07
7450.000000 1.09484000e+07
7470.000000 1.09115000e+07
7490.000000 1.08587000e+07
7510.000000 1.08416000e+07
7530.000000 1.07894000e+07
7550.000000 1.07727000e+07
7570.000000 1.06258000e+07
7590.000000 1.06104000e+07
7610.000000 1.05137000e+07
7630.000000 1.04981000e+07
7650.000000 1.03680000e+07
7670.000000 1.01930000e+07
7690.000000 1.01763000e+07
7710.000000 1.01610000e+07
7730.000000 1.01104000e+07
7750.000000 1.00062000e+07
7770.000000 9.80186000e+06
7790.000000 9.99495000e+06
7810.000000 9.87897000e+06
7830.000000 9.77941000e+06
7850.000000 9.67951000e+06
7870.000000 9.67295000e+06
7890.000000 9.57859000e+06
7910.000000 9.50673000e+06
7930.000000 9.32584000e+06
7950.000000 9.33561000e+06
7970.000000 9.41810000e+06
7990.000000 9.27482000e+06
8010.000000 9.27319000e+06
8030.000000 9.17389000e+06
8050.000000 9.12778000e+06
8070.000000 9.09647000e+06
8090.000000 9.02392000e+06
8110.000000 9.01899000e+06
8130.000000 8.99291000e+06
8150.000000 8.91877000e+06
8170.000000 8.86105000e+06
8190.000000 8.64203000e+06
8210.000000 8.57818000e+06
8230.000000 8.55767000e+06
8250.000000 8.53560000e+06
8270.000000 8.61830000e+06
8290.000000 8.54552000e+06
8310.000000 8.41170000e+06
8330.000000 8.32466000e+06
8350.000000 8.35183000e+06
8370.000000 8.32971000e+06
8390.000000 8.21405000e+06
8410.000000 8.19740000e+06
8430.000000 8.10130000e+06
8450.000000 7.94006000e+06
8470.000000 7.88423000e+06
8490.000000 7.93389000e+06
8510.000000 7.33742000e+06
8530.000000 7.85240000e+06
8550.000000 6.37738000e+06
8570.000000 8.05113000e+06
8590.000000 7.63638000e+06
8610.000000 7.43070000e+06
8630.000000 8.00786000e+06
8650.000000 7.75134000e+06
8670.000000 6.15947000e+06
8690.000000 7.62976000e+06
8710.000000 7.96323000e+06
8730.000000 7.76959000e+06
8750.000000 6.64274000e+06
8770.000000 7.61806000e+06
8790.000000 7.85014000e+06
8810.000000 7.80192000e+06
8830.000000 7.65162000e+06
8850.000000 7.25633000e+06
8870.000000 6.41634000e+06
8890.000000 7.45621000e+06
8910.000000 7.60168000e+06
8930.000000 7.52657000e+06
8950.000000 7.59173000e+06
8970.000000 7.48721000e+06
8990.000000 7.32529000e+06
9010.000000 6.26350000e+06
9030.000000 6.77218000e+06
9050.000000 7.29287000e+06
9070.000000 7.17328000e+06
9090.000000 7.04235000e+06
9110.000000 7.15672000e+06
9130.000000 7.23026000e+06
9150.000000 7.21578000e+06
9170.000000 7.14223000e+06
9190.000000 7.05096000e+06
9210.000000 6.70725000e+06
9230.000000 5.65760000e+06
9250.000000 6.46797000e+06
9270.000000 6.69743000e+06
9290.000000 6.90914000e+06
9310.000000 6.89731000e+06
9330.000000 6.83921000e+06
9350.000000 6.82937000e+06
9370.000000 6.80583000e+06
9390.000000 6.72218000e+06
9410.000000 6.42985000e+06
9430.000000 6.55512000e+06
9450.000000 6.53711000e+06
9470.000000 6.58598000e+06
9490.000000 6.54319000e+06
9510.000000 6.42114000e+06
9530.000000 6.13787000e+06
9550.000000 5.24226000e+06
9570.000000 6.12286000e+06
9590.000000 6.29807000e+06
9610.000000 6.22864000e+06
9630.000000 6.15283000e+06
9650.000000 6.19613000e+06
9670.000000 6.09478000e+06
9690.000000 6.04718000e+06
9710.000000 6.16054000e+06
9730.000000 6.13206000e+06
9750.000000 5.98685000e+06
9770.000000 6.05788000e+06
9790.000000 6.01035000e+06
9810.000000 6.00505000e+06
9830.000000 5.94127000e+06
9850.000000 5.88571000e+06
9870.000000 5.85608000e+06
9890.000000 5.78389000e+06
9910.000000 5.74599000e+06
9930.000000 5.77445000e+06
9950.000000 5.73984000e+06
9970.000000 5.70964000e+06
9990.000000 5.66453000e+06
10025.000000 5.36489000e+06
10075.000000 5.13474000e+06
10125.000000 5.43179000e+06
10175.000000 5.37599000e+06
10225.000000 5.34120000e+06
10275.000000 5.29149000e+06
10325.000000 5.18276000e+06
10375.000000 5.13048000e+06
10425.000000 5.06578000e+06
10475.000000 4.91076000e+06
10525.000000 4.90672000e+06
10575.000000 4.84696000e+06
10625.000000 4.78109000e+06
10675.000000 4.62830000e+06
10725.000000 4.62324000e+06
10775.000000 4.56356000e+06
10825.000000 4.47360000e+06
10875.000000 4.41758000e+06
10925.000000 3.97165000e+06
10975.000000 4.18325000e+06
11025.000000 4.30749000e+06
11075.000000 4.28742000e+06
11125.000000 4.20697000e+06
11175.000000 4.15885000e+06
11225.000000 4.12068000e+06
11275.000000 3.98731000e+06
11325.000000 3.94660000e+06
11375.000000 3.94022000e+06
11425.000000 3.84693000e+06
11475.000000 3.87614000e+06
11525.000000 3.82641000e+06
11575.000000 3.76868000e+06
11625.000000 3.66497000e+06
11675.000000 3.60960000e+06
11725.000000 3.64492000e+06
11775.000000 3.52654000e+06
11825.000000 3.50136000e+06
11875.000000 3.44335000e+06
11925.000000 3.48262000e+06
11975.000000 3.36848000e+06
12025.000000 3.36762000e+06
12075.000000 3.31705000e+06
12125.000000 3.28053000e+06
12175.000000 3.26660000e+06
12225.000000 3.22405000e+06
12275.000000 3.17684000e+06
12325.000000 3.14566000e+06
12375.000000 3.10799000e+06
12425.000000 3.07571000e+06
12475.000000 3.03755000e+06
12525.000000 2.98885000e+06
12575.000000 2.94488000e+06
12625.000000 2.92656000e+06
12675.000000 2.89859000e+06
12725.000000 2.86469000e+06
12775.000000 2.78529000e+06
12825.000000 2.45533000e+06
12875.000000 2.73038000e+06
12925.000000 2.72598000e+06
12975.000000 2.70904000e+06
13025.000000 2.67651000e+06
13075.000000 2.65432000e+06
13125.000000 2.61073000e+06
13175.000000 2.57012000e+06
13225.000000 2.56537000e+06
13275.000000 2.52556000e+06
13325.000000 2.50346000e+06
13375.000000 2.47635000e+06
13425.000000 2.44833000e+06
13475.000000 2.42355000e+06
13525.000000 2.39042000e+06
13575.000000 2.35649000e+06
13625.000000 2.34024000e+06
13675.000000 2.30745000e+06
13725.000000 2.26207000e+06
13775.000000 2.25203000e+06
13825.000000 2.23124000e+06
13875.000000 2.22164000e+06
13925.000000 2.18240000e+06
13975.000000 2.16103000e+06
14025.000000 2.13645000e+06
14075.000000 2.12111000e+06
14125.000000 2.08875000e+06
14175.000000 2.07404000e+06
14225.000000 2.04068000e+06
14275.000000 2.01107000e+06
14325.000000 2.00531000e+06
14375.000000 1.99102000e+06
14425.000000 1.91659000e+06
14475.000000 1.94257000e+06
14525.000000 1.89690000e+06
14570.000000 1.89851000e+06
14620.000000 1.87127000e+06
14675.000000 1.86094000e+06
14725.000000 1.82765000e+06
14775.000000 1.80529000e+06
14825.000000 1.79451000e+06
14875.000000 1.76033000e+06
14925.000000 1.77189000e+06
14975.000000 1.74513000e+06
15025.000000 1.71434000e+06
15075.000000 1.69321000e+06
15125.000000 1.69142000e+06
15175.000000 1.67784000e+06
15225.000000 1.65156000e+06
15275.000000 1.63592000e+06
15325.000000 1.61420000e+06
15375.000000 1.60499000e+06
15425.000000 1.55726000e+06
15475.000000 1.56735000e+06
15525.000000 1.55704000e+06
15575.000000 1.50087000e+06
15625.000000 1.54694000e+06
15675.000000 1.49330000e+06
15725.000000 1.44248000e+06
15775.000000 1.48028000e+06
15825.000000 1.47759000e+06
15875.000000 1.33873000e+06
15925.000000 1.43355000e+06
15975.000000 1.44595000e+06
16050.000000 1.40659000e+06
16150.000000 1.32111000e+06
16250.000000 1.38213000e+06
16350.000000 1.31963000e+06
16450.000000 1.23580000e+06
16550.000000 1.29758000e+06
16650.000000 1.27372000e+06
16750.000000 1.21279000e+06
16850.000000 1.13364000e+06
16950.000000 1.19701000e+06
17050.000000 1.16714000e+06
17150.000000 1.14801000e+06
17250.000000 1.10988000e+06
17350.000000 9.98396000e+05
17450.000000 1.05329000e+06
17550.000000 1.04999000e+06
17650.000000 1.02769000e+06
17750.000000 1.00966000e+06
17850.000000 9.90021000e+05
17950.000000 9.75174000e+05
18050.000000 9.45077000e+05
18150.000000 8.59957000e+05
18250.000000 8.93484000e+05
18350.000000 8.95173000e+05
18450.000000 8.77527000e+05
18550.000000 8.58085000e+05
18650.000000 8.37828000e+05
18750.000000 7.56272000e+05
18850.000000 8.02469000e+05
18950.000000 7.83080000e+05
19050.000000 7.83496000e+05
19150.000000 7.67004000e+05
19250.000000 7.52681000e+05
19350.000000 7.31540000e+05
19450.000000 6.63071000e+05
19550.000000 7.05846000e+05
19650.000000 6.97899000e+05
19750.000000 6.82157000e+05
19850.000000 6.72854000e+05
19950.000000 6.59774000e+05
20050.000000 6.49320000e+05
20150.000000 6.38827000e+05
20250.000000 6.25119000e+05
20350.000000 6.10958000e+05
20450.000000 6.05187000e+05
20550.000000 5.93290000e+05
20650.000000 5.80940000e+05
20750.000000 5.71644000e+05
20850.000000 5.61347000e+05
20950.000000 5.50791000e+05
21050.000000 5.42654000e+05
21150.000000 5.31462000e+05
21250.000000 5.22284000e+05
21350.000000 5.13337000e+05
21450.000000 5.06195000e+05
21550.000000 4.94994000e+05
21650.000000 4.50776000e+05
21750.000000 4.74346000e+05
21850.000000 4.71158000e+05
21950.000000 4.65733000e+05
22050.000000 4.55087000e+05
22150.000000 4.48384000e+05
22250.000000 4.42453000e+05
22350.000000 4.35101000e+05
22450.000000 4.28027000e+05
22550.000000 4.17327000e+05
22650.000000 4.12343000e+05
22750.000000 4.06840000e+05
22850.000000 3.99528000e+05
22950.000000 3.92478000e+05
23050.000000 3.88250000e+05
23150.000000 3.81557000e+05
23250.000000 3.76080000e+05
23350.000000 3.69797000e+05
23450.000000 3.64287000e+05
23550.000000 3.58598000e+05
23650.000000 3.53228000e+05
23750.000000 3.45985000e+05
23850.000000 3.41116000e+05
23950.000000 3.36316000e+05
24050.000000 3.30712000e+05
24150.000000 3.25013000e+05
24250.000000 3.20955000e+05
24350.000000 3.14817000e+05
24450.000000 3.10766000e+05
24550.000000 3.05145000e+05
24650.000000 3.01515000e+05
24750.000000 2.96261000e+05
24850.000000 2.92154000e+05
24950.000000 2.85260000e+05
25050.000000 2.84782000e+05
25150.000000 2.80854000e+05
25250.000000 2.72010000e+05
25350.000000 2.72518000e+05
25450.000000 2.68526000e+05
25550.000000 2.63767000e+05
25650.000000 2.53017000e+05
25750.000000 2.57106000e+05
25850.000000 2.52725000e+05
25950.000000 2.50563000e+05
26050.000000 2.44923000e+05
26150.000000 2.33154000e+05
26250.000000 2.22709000e+05
26350.000000 2.34310000e+05
26450.000000 2.32623000e+05
26550.000000 2.29575000e+05
26650.000000 2.24651000e+05
26750.000000 2.12035000e+05
26850.000000 2.19791000e+05
26950.000000 2.18365000e+05
27050.000000 2.15091000e+05
27150.000000 2.12329000e+05
27250.000000 2.09490000e+05
27350.000000 2.06510000e+05
27450.000000 2.03178000e+05
27550.000000 1.90206000e+05
27650.000000 1.94149000e+05
27750.000000 1.95159000e+05
27850.000000 1.92833000e+05
27950.000000 1.90573000e+05
28050.000000 1.87943000e+05
28150.000000 1.85431000e+05
28250.000000 1.82869000e+05
28350.000000 1.80607000e+05
28450.000000 1.77738000e+05
28550.000000 1.75520000e+05
28650.000000 1.71171000e+05
28750.000000 1.60607000e+05
28850.000000 1.67887000e+05
28950.000000 1.66464000e+05
29050.000000 1.64557000e+05
29150.000000 1.62109000e+05
29250.000000 1.59835000e+05
29350.000000 1.58241000e+05
29450.000000 1.56095000e+05
29550.000000 1.54272000e+05
29650.000000 1.52295000e+05
29750.000000 1.50281000e+05
29850.000000 1.48481000e+05
29950.000000 1.46370000e+05
30050.000000 1.44433000e+05
30150.000000 1.42723000e+05
30250.000000 1.40603000e+05
30350.000000 1.32464000e+05
30450.000000 1.34069000e+05
30550.000000 1.35506000e+05
30650.000000 1.33953000e+05
30750.000000 1.32506000e+05
30850.000000 1.30457000e+05
30950.000000 1.29092000e+05
31050.000000 1.27520000e+05
31150.000000 1.25332000e+05
31250.000000 1.24419000e+05
31350.000000 1.22814000e+05
31450.000000 1.21493000e+05
31550.000000 1.19998000e+05
31650.000000 1.18710000e+05
31750.000000 1.17119000e+05
31850.000000 1.15913000e+05
31950.000000 1.14580000e+05
32100.000000 1.12429000e+05
32300.000000 1.09936000e+05
32500.000000 1.07314000e+05
32700.000000 1.04779000e+05
32900.000000 9.85878000e+04
33100.000000 9.90401000e+04
33300.000000 9.73512000e+04
33500.000000 9.53296000e+04
33700.000000 9.29873000e+04
33900.000000 9.09132000e+04
34100.000000 8.88715000e+04
34300.000000 8.70856000e+04
34500.000000 8.53983000e+04
34700.000000 8.34249000e+04
34900.000000 8.16735000e+04
35100.000000 7.99167000e+04
35300.000000 7.81400000e+04
35500.000000 7.65117000e+04
35700.000000 7.47908000e+04
35900.000000 7.32758000e+04
36100.000000 7.17145000e+04
36300.000000 7.03317000e+04
36500.000000 6.85451000e+04
36700.000000 6.72910000e+04
36900.000000 6.55149000e+04
37100.000000 6.44765000e+04
37300.000000 6.23302000e+04
37500.000000 6.01133000e+04
37700.000000 6.06885000e+04
37900.000000 5.95435000e+04
38100.000000 5.80039000e+04
38300.000000 5.70247000e+04
38500.000000 5.62051000e+04
38700.000000 5.50119000e+04
38900.000000 5.37755000e+04
39100.000000 5.22238000e+04
39300.000000 5.19083000e+04
39500.000000 5.08382000e+04
39700.000000 4.99783000e+04
39900.000000 4.88254000e+04
40100.000000 4.75384000e+04
40300.000000 4.64924000e+04
40500.000000 4.49089000e+04
40700.000000 4.52783000e+04
40900.000000 4.44717000e+04
41100.000000 4.37478000e+04
41300.000000 4.29497000e+04
41500.000000 4.20248000e+04
41700.000000 4.03553000e+04
41900.000000 4.05267000e+04
42100.000000 3.97472000e+04
42300.000000 3.91891000e+04
42500.000000 3.84540000e+04
42700.000000 3.77847000e+04
42900.000000 3.71119000e+04
43100.000000 3.64377000e+04
43300.000000 3.57462000e+04
43500.000000 3.51116000e+04
43700.000000 3.36409000e+04
43900.000000 3.37319000e+04
44100.000000 3.32407000e+04
44300.000000 3.27185000e+04
44500.000000 3.21606000e+04
44700.000000 3.16510000e+04
44900.000000 3.11043000e+04
45100.000000 3.05864000e+04
45300.000000 3.00599000e+04
45500.000000 2.95560000e+04
45700.000000 2.90346000e+04
45900.000000 2.85460000e+04
46100.000000 2.80879000e+04
46300.000000 2.75734000e+04
46500.000000 2.63001000e+04
46700.000000 2.59112000e+04
46900.000000 2.61942000e+04
47100.000000 2.58397000e+04
47300.000000 2.54483000e+04
47500.000000 2.50140000e+04
47700.000000 2.46060000e+04
47900.000000 2.42351000e+04
48100.000000 2.38337000e+04
48300.000000 2.34623000e+04
48500.000000 2.30802000e+04
48700.000000 2.27195000e+04
48900.000000 2.23639000e+04
49100.000000 2.19977000e+04
49300.000000 2.16614000e+04
49500.000000 2.13130000e+04
49700.000000 2.09817000e+04
49900.000000 2.06792000e+04
50100.000000 2.03553000e+04
50300.000000 2.00240000e+04
50500.000000 1.97387000e+04
50700.000000 1.94382000e+04
50900.000000 1.90952000e+04
51100.000000 1.87845000e+04
51300.000000 1.80342000e+04
51500.000000 1.82608000e+04
51700.000000 1.79634000e+04
51900.000000 1.77525000e+04
52100.000000 1.74763000e+04
52300.000000 1.72217000e+04
52500.000000 1.69636000e+04
52700.000000 1.66777000e+04
52900.000000 1.64832000e+04
53100.000000 1.62417000e+04
53300.000000 1.60073000e+04
53500.000000 1.57760000e+04
53700.000000 1.54771000e+04
53900.000000 1.52756000e+04
54100.000000 1.51075000e+04
54300.000000 1.48789000e+04
54500.000000 1.46773000e+04
54700.000000 1.44480000e+04
54900.000000 1.42617000e+04
55100.000000 1.40479000e+04
55300.000000 1.37666000e+04
55500.000000 1.36712000e+04
55700.000000 1.34834000e+04
55900.000000 1.32605000e+04
56100.000000 1.31146000e+04
56300.000000 1.29253000e+04
56500.000000 1.27608000e+04
56700.000000 1.25819000e+04
56900.000000 1.23994000e+04
57100.000000 1.21081000e+04
57300.000000 1.20685000e+04
57500.000000 1.19152000e+04
57700.000000 1.17513000e+04
57900.000000 1.15916000e+04
58100.000000 1.14405000e+04
58300.000000 1.12901000e+04
58500.000000 1.11491000e+04
58700.000000 1.09968000e+04
58900.000000 1.08086000e+04
59100.000000 1.04108000e+04
59300.000000 1.05383000e+04
59500.000000 1.02451000e+04
59700.000000 1.02457000e+04
59900.000000 1.01594000e+04
60100.000000 1.00226000e+04
60300.000000 9.90299000e+03
60500.000000 9.77721000e+03
60700.000000 9.64540000e+03
60900.000000 9.51908000e+03
61100.000000 9.38703000e+03
61300.000000 9.28477000e+03
61500.000000 9.17039000e+03
61700.000000 9.05305000e+03
61900.000000 8.93417000e+03
62100.000000 8.82895000e+03
62300.000000 8.70062000e+03
62500.000000 8.60616000e+03
62700.000000 8.48963000e+03
62900.000000 8.22644000e+03
63100.000000 8.25905000e+03
63300.000000 8.19049000e+03
63500.000000 8.09030000e+03
63700.000000 7.99084000e+03
63900.000000 7.89310000e+03
64200.000000 7.75297000e+03
64600.000000 7.56183000e+03
65000.000000 7.37864000e+03
65400.000000 7.21035000e+03
65800.000000 7.03942000e+03
66200.000000 6.87191000e+03
66600.000000 6.71487000e+03
67000.000000 6.55764000e+03
67400.000000 6.39935000e+03
67800.000000 6.18376000e+03
68200.000000 6.11645000e+03
68600.000000 5.97865000e+03
69000.000000 5.84204000e+03
69400.000000 5.70762000e+03
69800.000000 5.58556000e+03
70200.000000 5.45902000e+03
70600.000000 5.34080000e+03
71000.000000 5.22302000e+03
71400.000000 5.11094000e+03
71800.000000 4.99883000e+03
72200.000000 4.88817000e+03
72600.000000 4.78006000e+03
73000.000000 4.68653000e+03
73400.000000 4.58510000e+03
73800.000000 4.49023000e+03
74200.000000 4.39254000e+03
74600.000000 4.23705000e+03
75000.000000 4.11214000e+03
75400.000000 4.12211000e+03
75800.000000 4.04206000e+03
76200.000000 3.96003000e+03
76600.000000 3.87962000e+03
77000.000000 3.79945000e+03
77400.000000 3.72487000e+03
77800.000000 3.63800000e+03
78200.000000 3.57777000e+03
78600.000000 3.50681000e+03
79000.000000 3.43753000e+03
79400.000000 3.36981000e+03
79800.000000 3.30376000e+03
80200.000000 3.23832000e+03
80600.000000 3.17552000e+03
81000.000000 3.11570000e+03
81400.000000 3.04046000e+03
81800.000000 2.99306000e+03
82200.000000 2.94064000e+03
82600.000000 2.88473000e+03
83000.000000 2.83042000e+03
83400.000000 2.77512000e+03
83800.000000 2.72390000e+03
84200.000000 2.67449000e+03
84600.000000 2.62573000e+03
85000.000000 2.57766000e+03
85400.000000 2.52997000e+03
85800.000000 2.48407000e+03
86200.000000 2.43846000e+03
86600.000000 2.37645000e+03
87000.000000 2.35191000e+03
87400.000000 2.29418000e+03
87800.000000 2.25363000e+03
88200.000000 2.22757000e+03
88600.000000 2.18840000e+03
89000.000000 2.14989000e+03
89400.000000 2.11274000e+03
89800.000000 2.07476000e+03
90200.000000 2.03931000e+03
90600.000000 2.00505000e+03
91000.000000 1.96963000e+03
91400.000000 1.93583000e+03
91800.000000 1.90362000e+03
92200.000000 1.87141000e+03
92600.000000 1.83937000e+03
93000.000000 1.80882000e+03
93400.000000 1.77807000e+03
93800.000000 1.73249000e+03
94200.000000 1.71743000e+03
94600.000000 1.69094000e+03
95000.000000 1.66270000e+03
95400.000000 1.63455000e+03
95800.000000 1.60898000e+03
96200.000000 1.58220000e+03
96600.000000 1.55713000e+03
97000.000000 1.53194000e+03
97400.000000 1.50640000e+03
97800.000000 1.48252000e+03
98200.000000 1.45887000e+03
98600.000000 1.43477000e+03
99000.000000 1.41348000e+03
99400.000000 1.39072000e+03
99800.000000 1.36885000e+03
100200.000000 1.34744000e+03
200000.000000 8.67269000e+01
400000.000000 5.41478000e+00
600000.000000 1.06175000e+00
800000.000000 3.33564000e-01
1000000.000000 1.35762000e-01
1200000.000000 6.51036000e-02
1400000.000000 3.49666000e-02
1600000.000000 2.04067000e-02
