# teff = 7500.0
# logg = 4.0
# metallicity = -1.0
# wavelength_unit = angstrom
# flux_unit = erg/cm2/s/A
# units_standardized = True
256.800000 8.59700000e-36
260.000000 3.16748000e-35
264.000000 1.54408000e-34
268.500000 8.64115000e-34
273.500000 5.46292000e-33
278.500000 3.22858000e-32
284.000000 2.11228000e-31
290.000000 1.50548000e-30
296.000000 9.85982000e-30
301.000000 4.45417000e-29
308.000000 3.37366000e-28
318.000000 5.17424000e-27
328.000000 6.66588000e-26
338.000000 7.32097000e-25
348.000000 6.96009000e-24
357.000000 4.71056000e-23
366.000000 2.89164000e-22
375.000000 1.61756000e-21
385.000000 9.91607000e-21
395.000000 5.51168000e-20
405.000000 2.80046000e-19
414.000000 1.12663000e-18
422.000000 3.68048000e-18
430.000000 1.14718000e-17
441.000000 5.09729000e-17
451.000000 1.84758000e-16
460.000000 5.59433000e-16
470.000000 1.81679000e-15
480.000000 5.59420000e-15
490.000000 1.64044000e-14
500.000000 4.58766000e-14
506.000000 1.10340000e-13
512.000000 2.22091000e-13
520.000000 4.69741000e-13
530.000000 1.16590000e-12
540.000000 2.74434000e-12
550.000000 6.32283000e-12
560.000000 1.40168000e-11
570.000000 3.01349000e-11
580.000000 6.22130000e-11
590.000000 1.27835000e-10
600.000000 2.53005000e-10
610.000000 4.88554000e-10
620.000000 9.21262000e-10
630.000000 1.69884000e-09
640.000000 3.06838000e-09
650.000000 5.43168000e-09
658.000000 8.45789000e-09
665.000000 1.23354000e-08
675.000000 2.08405000e-08
685.000000 3.46104000e-08
695.000000 5.65385000e-08
705.000000 9.08198000e-08
716.000000 1.50668000e-07
726.000000 2.34925000e-07
735.000000 3.46370000e-07
745.000000 5.26610000e-07
755.000000 7.90701000e-07
765.000000 1.17288000e-06
775.000000 1.71974000e-06
785.000000 2.49388000e-06
795.000000 3.56383000e-06
805.000000 5.07321000e-06
815.000000 7.13785000e-06
825.000000 9.94040000e-06
835.000000 1.37178000e-05
845.000000 1.87641000e-05
855.000000 2.54472000e-05
865.000000 3.42308000e-05
875.000000 4.56425000e-05
885.000000 6.05047000e-05
895.000000 7.95481000e-05
905.000000 1.03788000e-04
915.000000 1.30983000e-01
925.000000 6.32003000e-01
935.000000 8.87758000e-01
945.000000 1.23663000e+00
955.000000 1.71597000e+00
965.000000 2.22067000e+00
975.000000 2.45922000e+00
985.000000 3.47905000e+00
995.000000 4.20975000e+00
1005.000000 5.49974000e+00
1015.000000 6.60047000e+00
1025.000000 6.88467000e+00
1035.000000 9.98246000e+00
1045.000000 1.25829000e+01
1055.000000 1.53410000e+01
1065.000000 1.83312000e+01
1075.000000 2.25404000e+01
1085.000000 2.74217000e+01
1095.000000 3.22805000e+01
1105.000000 8.34804000e+01
1115.000000 2.15309000e+02
1125.000000 2.84923000e+02
1135.000000 3.86841000e+02
1145.000000 4.60860000e+02
1155.000000 4.80335000e+02
1165.000000 5.78407000e+02
1175.000000 6.17775000e+02
1185.000000 6.59815000e+02
1195.000000 2.88715000e+02
1205.000000 1.99214000e+02
1215.000000 5.82693000e+01
1225.000000 2.27013000e+02
1235.000000 5.89933000e+02
1245.000000 1.14687000e+03
1255.000000 1.85714000e+03
1265.000000 2.20141000e+03
1275.000000 3.06621000e+03
1285.000000 4.26894000e+03
1295.000000 5.24246000e+03
1305.000000 5.40907000e+03
1315.000000 7.14865000e+03
1325.000000 8.48595000e+03
1335.000000 9.62018000e+03
1345.000000 1.12449000e+04
1355.000000 1.20638000e+04
1365.000000 1.38134000e+04
1375.000000 1.52395000e+04
1385.000000 1.66841000e+04
1395.000000 1.87632000e+04
1405.000000 2.05920000e+04
1415.000000 2.28044000e+04
1425.000000 2.47211000e+04
1435.000000 2.57956000e+04
1442.000000 2.93721000e+04
1447.000000 3.01717000e+04
1455.000000 3.33376000e+04
1465.000000 3.47341000e+04
1475.000000 3.80050000e+04
1485.000000 4.12242000e+04
1495.000000 4.56722000e+04
1505.000000 4.99539000e+04
1512.000000 5.21604000e+04
1517.000000 5.45968000e+04
1525.000000 5.86163000e+04
1535.000000 7.67041000e+04
1545.000000 9.56902000e+04
1555.000000 1.00163000e+05
1565.000000 9.48859000e+04
1575.000000 1.12612000e+05
1585.000000 1.20933000e+05
1595.000000 1.32571000e+05
1605.000000 1.37537000e+05
1615.000000 1.56399000e+05
1625.000000 1.89547000e+05
1635.000000 3.15705000e+05
1645.000000 7.64158000e+05
1655.000000 7.21419000e+05
1665.000000 1.83308000e+06
1672.000000 1.45526000e+06
1677.000000 2.87269000e+06
1685.000000 4.12459000e+06
1695.000000 3.86902000e+06
1705.000000 5.59309000e+06
1715.000000 7.88484000e+06
1725.000000 8.32644000e+06
1735.000000 1.02794000e+07
1745.000000 9.95634000e+06
1755.000000 1.18953000e+07
1765.000000 8.67443000e+06
1775.000000 1.12218000e+07
1785.000000 1.18840000e+07
1795.000000 1.37537000e+07
1805.000000 1.14951000e+07
1815.000000 1.23727000e+07
1825.000000 1.09775000e+07
1835.000000 1.18348000e+07
1845.000000 9.97496000e+06
1855.000000 1.13171000e+07
1865.000000 1.26518000e+07
1875.000000 1.25858000e+07
1885.000000 1.29806000e+07
1895.000000 1.35343000e+07
1905.000000 1.25371000e+07
1915.000000 1.40584000e+07
1925.000000 1.43835000e+07
1935.000000 1.21333000e+07
1945.000000 1.51527000e+07
1955.000000 1.52445000e+07
1967.000000 1.63580000e+07
1976.000000 1.57327000e+07
1984.000000 1.53008000e+07
1995.000000 1.52139000e+07
2005.000000 1.43878000e+07
2015.000000 1.46183000e+07
2025.000000 1.32157000e+07
2035.000000 1.53249000e+07
2045.000000 1.64266000e+07
2055.000000 1.58167000e+07
2065.000000 1.56471000e+07
2074.000000 1.74786000e+07
2078.000000 1.79602000e+07
2085.000000 1.75261000e+07
2095.000000 1.67926000e+07
2105.000000 1.59992000e+07
2115.000000 1.64488000e+07
2125.000000 1.65880000e+07
2135.000000 1.40436000e+07
2145.000000 1.64340000e+07
2155.000000 1.61813000e+07
2165.000000 1.51440000e+07
2175.000000 1.50696000e+07
2185.000000 1.60753000e+07
2195.000000 1.74258000e+07
2205.000000 1.67211000e+07
2215.000000 1.50954000e+07
2225.000000 1.54835000e+07
2235.000000 1.78567000e+07
2245.000000 1.60483000e+07
2255.000000 1.52284000e+07
2265.000000 1.48857000e+07
2275.000000 1.61963000e+07
2285.000000 1.68875000e+07
2295.000000 1.53924000e+07
2305.000000 1.62178000e+07
2315.000000 1.62945000e+07
2325.000000 1.60403000e+07
2335.000000 1.49621000e+07
2345.000000 1.27768000e+07
2355.000000 1.61505000e+07
2365.000000 1.35935000e+07
2375.000000 1.52946000e+07
2385.000000 1.21214000e+07
2395.000000 1.36386000e+07
2405.000000 1.33470000e+07
2415.000000 1.34602000e+07
2425.000000 1.55698000e+07
2435.000000 1.49752000e+07
2445.000000 1.60220000e+07
2455.000000 1.58017000e+07
2465.000000 1.60265000e+07
2475.000000 1.47798000e+07
2485.000000 1.50583000e+07
2495.000000 1.44772000e+07
2505.000000 1.69783000e+07
2513.000000 1.45766000e+07
2518.000000 1.42342000e+07
2525.000000 1.31597000e+07
2535.000000 1.22911000e+07
2545.000000 1.20586000e+07
2555.000000 1.38947000e+07
2565.000000 1.41445000e+07
2575.000000 1.60257000e+07
2585.000000 1.64138000e+07
2595.000000 1.62165000e+07
2605.000000 1.53839000e+07
2615.000000 1.47288000e+07
2625.000000 1.68791000e+07
2635.000000 1.71045000e+07
2645.000000 1.96134000e+07
2655.000000 1.99924000e+07
2665.000000 1.78567000e+07
2675.000000 1.88627000e+07
2685.000000 1.93464000e+07
2695.000000 1.75293000e+07
2705.000000 1.81743000e+07
2715.000000 1.68319000e+07
2725.000000 1.70617000e+07
2735.000000 1.84335000e+07
2745.000000 1.50441000e+07
2755.000000 1.59402000e+07
2765.000000 1.68028000e+07
2775.000000 1.80825000e+07
2785.000000 1.64380000e+07
2795.000000 7.87889000e+06
2805.000000 9.97123000e+06
2815.000000 1.86748000e+07
2825.000000 1.93646000e+07
2835.000000 1.89466000e+07
2845.000000 1.80363000e+07
2855.000000 1.60425000e+07
2865.000000 1.86372000e+07
2875.000000 1.84021000e+07
2885.000000 1.87323000e+07
2895.000000 1.82471000e+07
2910.000000 2.02532000e+07
2930.000000 1.94708000e+07
2950.000000 1.93337000e+07
2970.000000 1.98284000e+07
2990.000000 1.98409000e+07
3010.000000 1.99560000e+07
3030.000000 2.00111000e+07
3050.000000 2.00143000e+07
3070.000000 2.00210000e+07
3090.000000 2.02172000e+07
3110.000000 1.98486000e+07
3130.000000 1.99180000e+07
3150.000000 2.02897000e+07
3170.000000 2.02890000e+07
3190.000000 1.91824000e+07
3210.000000 1.96706000e+07
3230.000000 1.89060000e+07
3250.000000 1.96420000e+07
3270.000000 2.00204000e+07
3290.000000 2.02786000e+07
3310.000000 2.04648000e+07
3330.000000 1.99849000e+07
3350.000000 1.97229000e+07
3370.000000 1.96095000e+07
3390.000000 1.96713000e+07
3410.000000 1.98617000e+07
3430.000000 2.00973000e+07
3450.000000 1.98599000e+07
3470.000000 1.96970000e+07
3490.000000 1.97243000e+07
3510.000000 1.99803000e+07
3530.000000 1.98670000e+07
3550.000000 2.02518000e+07
3570.000000 1.95490000e+07
3590.000000 1.94402000e+07
3610.000000 1.95503000e+07
3630.000000 1.96726000e+07
3640.000000 1.94282000e+07
3650.000000 2.00743000e+07
3670.000000 1.99750000e+07
3690.000000 1.90743000e+07
3710.000000 1.99104000e+07
3730.000000 2.02869000e+07
3750.000000 2.48043000e+07
3770.000000 2.61650000e+07
3790.000000 3.07199000e+07
3810.000000 3.47582000e+07
3830.000000 2.82042000e+07
3850.000000 3.75293000e+07
3870.000000 4.07017000e+07
3890.000000 2.66711000e+07
3910.000000 4.05558000e+07
3930.000000 3.58853000e+07
3950.000000 4.05523000e+07
3970.000000 2.48732000e+07
3990.000000 4.02189000e+07
4010.000000 4.37781000e+07
4030.000000 4.37599000e+07
4050.000000 4.33425000e+07
4070.000000 4.16827000e+07
4090.000000 3.53013000e+07
4110.000000 2.82412000e+07
4130.000000 4.04782000e+07
4150.000000 4.19286000e+07
4170.000000 4.18545000e+07
4190.000000 4.14151000e+07
4210.000000 4.13584000e+07
4230.000000 4.04524000e+07
4250.000000 4.05564000e+07
4270.000000 4.00307000e+07
4290.000000 3.92858000e+07
4310.000000 3.68494000e+07
4330.000000 3.08715000e+07
4350.000000 2.69350000e+07
4370.000000 3.73831000e+07
4390.000000 3.79933000e+07
4410.000000 3.77367000e+07
4430.000000 3.77211000e+07
4450.000000 3.74989000e+07
4470.000000 3.73997000e+07
4490.000000 3.71962000e+07
4510.000000 3.73060000e+07
4530.000000 3.64651000e+07
4550.000000 3.60616000e+07
4570.000000 3.64267000e+07
4590.000000 3.58632000e+07
4610.000000 3.61022000e+07
4630.000000 3.55203000e+07
4650.000000 3.54681000e+07
4670.000000 3.53152000e+07
4690.000000 3.47166000e+07
4710.000000 3.37550000e+07
4730.000000 3.43711000e+07
4750.000000 3.41340000e+07
4770.000000 3.37722000e+07
4790.000000 3.33479000e+07
4810.000000 3.28090000e+07
4830.000000 3.16287000e+07
4850.000000 2.63586000e+07
4870.000000 2.18713000e+07
4890.000000 3.01483000e+07
4910.000000 3.13330000e+07
4930.000000 3.10809000e+07
4950.000000 3.12131000e+07
4970.000000 3.12872000e+07
4990.000000 3.07359000e+07
5010.000000 3.01037000e+07
5030.000000 3.04306000e+07
5050.000000 3.00719000e+07
5070.000000 3.00755000e+07
5090.000000 2.97974000e+07
5110.000000 2.96310000e+07
5130.000000 2.92515000e+07
5150.000000 2.88841000e+07
5170.000000 2.80888000e+07
5190.000000 2.79385000e+07
5210.000000 2.80742000e+07
5230.000000 2.77910000e+07
5250.000000 2.80458000e+07
5270.000000 2.69855000e+07
5290.000000 2.75330000e+07
5310.000000 2.72686000e+07
5330.000000 2.65962000e+07
5350.000000 2.69044000e+07
5370.000000 2.65725000e+07
5390.000000 2.63834000e+07
5410.000000 2.59712000e+07
5430.000000 2.59527000e+07
5450.000000 2.58184000e+07
5470.000000 2.56652000e+07
5490.000000 2.54860000e+07
5510.000000 2.53361000e+07
5530.000000 2.50595000e+07
5550.000000 2.50236000e+07
5570.000000 2.47130000e+07
5590.000000 2.43955000e+07
5610.000000 2.43080000e+07
5630.000000 2.42616000e+07
5650.000000 2.40547000e+07
5670.000000 2.37998000e+07
5690.000000 2.36875000e+07
5710.000000 2.34756000e+07
5730.000000 2.34015000e+07
5750.000000 2.31592000e+07
5770.000000 2.30205000e+07
5790.000000 2.28347000e+07
5810.000000 2.26812000e+07
5830.000000 2.25214000e+07
5850.000000 2.23082000e+07
5870.000000 2.21553000e+07
5890.000000 2.17749000e+07
5910.000000 2.18349000e+07
5930.000000 2.16729000e+07
5950.000000 2.15082000e+07
5970.000000 2.13570000e+07
5990.000000 2.11831000e+07
6010.000000 2.10090000e+07
6030.000000 2.08419000e+07
6050.000000 2.07146000e+07
6070.000000 2.05865000e+07
6090.000000 2.04159000e+07
6110.000000 2.02431000e+07
6130.000000 1.99829000e+07
6150.000000 1.98203000e+07
6170.000000 1.96228000e+07
6190.000000 1.96781000e+07
6210.000000 1.95388000e+07
6230.000000 1.93456000e+07
6250.000000 1.91014000e+07
6270.000000 1.91149000e+07
6290.000000 1.89793000e+07
6310.000000 1.87986000e+07
6330.000000 1.86706000e+07
6350.000000 1.84831000e+07
6370.000000 1.83653000e+07
6390.000000 1.82847000e+07
6410.000000 1.80910000e+07
6430.000000 1.79932000e+07
6450.000000 1.77116000e+07
6470.000000 1.76220000e+07
6490.000000 1.74152000e+07
6510.000000 1.72586000e+07
6530.000000 1.68023000e+07
6550.000000 1.50578000e+07
6570.000000 1.23732000e+07
6590.000000 1.60405000e+07
6610.000000 1.65817000e+07
6630.000000 1.66412000e+07
6650.000000 1.65881000e+07
6670.000000 1.64905000e+07
6690.000000 1.64164000e+07
6710.000000 1.63020000e+07
6730.000000 1.61944000e+07
6750.000000 1.60432000e+07
6770.000000 1.59732000e+07
6790.000000 1.58588000e+07
6810.000000 1.57463000e+07
6830.000000 1.56340000e+07
6850.000000 1.55196000e+07
6870.000000 1.54222000e+07
6890.000000 1.53153000e+07
6910.000000 1.52086000e+07
6930.000000 1.51014000e+07
6950.000000 1.49974000e+07
6970.000000 1.48929000e+07
6990.000000 1.47947000e+07
7010.000000 1.46498000e+07
7030.000000 1.45780000e+07
7050.000000 1.44871000e+07
7070.000000 1.43856000e+07
7090.000000 1.42903000e+07
7110.000000 1.41355000e+07
7130.000000 1.40786000e+07
7150.000000 1.39690000e+07
7170.000000 1.38765000e+07
7190.000000 1.37746000e+07
7210.000000 1.36889000e+07
7230.000000 1.36032000e+07
7250.000000 1.35060000e+07
7270.000000 1.34296000e+07
7290.000000 1.33071000e+07
7310.000000 1.32443000e+07
7330.000000 1.31413000e+07
7350.000000 1.30740000e+07
7370.000000 1.29886000e+07
7390.000000 1.28853000e+07
7410.000000 1.27616000e+07
7430.000000 1.26917000e+07
7450.000000 1.26216000e+07
7470.000000 1.25352000e+07
7490.000000 1.24482000e+07
7510.000000 1.23799000e+07
7530.000000 1.23043000e+07
7550.000000 1.22306000e+07
7570.000000 1.21417000e+07
7590.000000 1.20654000e+07
7610.000000 1.19826000e+07
7630.000000 1.19082000e+07
7650.000000 1.18196000e+07
7670.000000 1.17222000e+07
7690.000000 1.16517000e+07
7710.000000 1.15844000e+07
7730.000000 1.15176000e+07
7750.000000 1.14306000e+07
7770.000000 1.12177000e+07
7790.000000 1.13005000e+07
7810.000000 1.12198000e+07
7830.000000 1.11399000e+07
7850.000000 1.10618000e+07
7870.000000 1.09868000e+07
7890.000000 1.09087000e+07
7910.000000 1.08524000e+07
7930.000000 1.07439000e+07
7950.000000 1.06875000e+07
7970.000000 1.06541000e+07
7990.000000 1.05613000e+07
8010.000000 1.05121000e+07
8030.000000 1.04411000e+07
8050.000000 1.03736000e+07
8070.000000 1.03130000e+07
8090.000000 1.02437000e+07
8110.000000 1.01840000e+07
8130.000000 1.01237000e+07
8150.000000 1.00577000e+07
8170.000000 9.99267000e+06
8190.000000 9.87315000e+06
8210.000000 9.83852000e+06
8230.000000 9.77018000e+06
8250.000000 9.71014000e+06
8270.000000 9.69904000e+06
8290.000000 9.63804000e+06
8310.000000 9.56388000e+06
8330.000000 9.46643000e+06
8350.000000 9.45356000e+06
8370.000000 9.39768000e+06
8390.000000 9.31814000e+06
8410.000000 9.26535000e+06
8430.000000 9.20130000e+06
8450.000000 9.08340000e+06
8470.000000 9.00694000e+06
8490.000000 9.05759000e+06
8510.000000 8.68682000e+06
8530.000000 8.97957000e+06
8550.000000 8.19294000e+06
8570.000000 8.96417000e+06
8590.000000 8.59061000e+06
8610.000000 8.42167000e+06
8630.000000 8.89155000e+06
8650.000000 8.66922000e+06
8670.000000 7.54923000e+06
8690.000000 8.64347000e+06
8710.000000 8.81140000e+06
8730.000000 8.59114000e+06
8750.000000 7.35819000e+06
8770.000000 8.33025000e+06
8790.000000 8.65710000e+06
8810.000000 8.62269000e+06
8830.000000 8.51313000e+06
8850.000000 7.96773000e+06
8870.000000 7.03307000e+06
8890.000000 8.22319000e+06
8910.000000 8.38942000e+06
8930.000000 8.39062000e+06
8950.000000 8.39549000e+06
8970.000000 8.28646000e+06
8990.000000 8.02868000e+06
9010.000000 6.82270000e+06
9030.000000 7.35617000e+06
9050.000000 7.97639000e+06
9070.000000 7.99621000e+06
9090.000000 7.93325000e+06
9110.000000 8.00377000e+06
9130.000000 8.00761000e+06
9150.000000 7.95374000e+06
9170.000000 7.87204000e+06
9190.000000 7.73210000e+06
9210.000000 7.33481000e+06
9230.000000 6.11927000e+06
9250.000000 7.12841000e+06
9270.000000 7.45805000e+06
9290.000000 7.59578000e+06
9310.000000 7.59230000e+06
9330.000000 7.56108000e+06
9350.000000 7.52834000e+06
9370.000000 7.48937000e+06
9390.000000 7.44084000e+06
9410.000000 7.27012000e+06
9430.000000 7.32065000e+06
9450.000000 7.28801000e+06
9470.000000 7.24424000e+06
9490.000000 7.16354000e+06
9510.000000 7.01389000e+06
9530.000000 6.62070000e+06
9550.000000 5.59337000e+06
9570.000000 6.63005000e+06
9590.000000 6.87893000e+06
9610.000000 6.90335000e+06
9630.000000 6.87471000e+06
9650.000000 6.88387000e+06
9670.000000 6.81513000e+06
9690.000000 6.81070000e+06
9710.000000 6.80265000e+06
9730.000000 6.76516000e+06
9750.000000 6.70890000e+06
9770.000000 6.68896000e+06
9790.000000 6.64987000e+06
9810.000000 6.61495000e+06
9830.000000 6.57403000e+06
9850.000000 6.52911000e+06
9870.000000 6.49455000e+06
9890.000000 6.43249000e+06
9910.000000 6.40924000e+06
9930.000000 6.36588000e+06
9950.000000 6.33194000e+06
9970.000000 6.28268000e+06
9990.000000 6.21490000e+06
10025.000000 5.79785000e+06
10075.000000 5.54560000e+06
10125.000000 5.99184000e+06
10175.000000 5.94911000e+06
10225.000000 5.88963000e+06
10275.000000 5.81318000e+06
10325.000000 5.72697000e+06
10375.000000 5.65406000e+06
10425.000000 5.57881000e+06
10475.000000 5.46868000e+06
10525.000000 5.42671000e+06
10575.000000 5.34823000e+06
10625.000000 5.26898000e+06
10675.000000 5.14370000e+06
10725.000000 5.11616000e+06
10775.000000 5.05159000e+06
10825.000000 4.95938000e+06
10875.000000 4.85017000e+06
10925.000000 4.25541000e+06
10975.000000 4.55107000e+06
11025.000000 4.71134000e+06
11075.000000 4.68456000e+06
11125.000000 4.62946000e+06
11175.000000 4.57153000e+06
11225.000000 4.51804000e+06
11275.000000 4.43361000e+06
11325.000000 4.37839000e+06
11375.000000 4.34085000e+06
11425.000000 4.27581000e+06
11475.000000 4.24006000e+06
11525.000000 4.18662000e+06
11575.000000 4.13338000e+06
11625.000000 4.06389000e+06
11675.000000 4.00317000e+06
11725.000000 3.98253000e+06
11775.000000 3.89552000e+06
11825.000000 3.85834000e+06
11875.000000 3.81283000e+06
11925.000000 3.79072000e+06
11975.000000 3.71342000e+06
12025.000000 3.68495000e+06
12075.000000 3.63486000e+06
12125.000000 3.59931000e+06
12175.000000 3.56447000e+06
12225.000000 3.52100000e+06
12275.000000 3.47237000e+06
12325.000000 3.43582000e+06
12375.000000 3.39434000e+06
12425.000000 3.35512000e+06
12475.000000 3.31448000e+06
12525.000000 3.27222000e+06
12575.000000 3.22981000e+06
12625.000000 3.19152000e+06
12675.000000 3.15091000e+06
12725.000000 3.09758000e+06
12775.000000 2.97527000e+06
12825.000000 2.58588000e+06
12875.000000 2.92901000e+06
12925.000000 2.95848000e+06
12975.000000 2.93841000e+06
13025.000000 2.91168000e+06
13075.000000 2.88041000e+06
13125.000000 2.84430000e+06
13175.000000 2.80799000e+06
13225.000000 2.78292000e+06
13275.000000 2.74981000e+06
13325.000000 2.71903000e+06
13375.000000 2.68842000e+06
13425.000000 2.65819000e+06
13475.000000 2.62833000e+06
13525.000000 2.59719000e+06
13575.000000 2.56747000e+06
13625.000000 2.54054000e+06
13675.000000 2.51092000e+06
13725.000000 2.47506000e+06
13775.000000 2.45295000e+06
13825.000000 2.42460000e+06
13875.000000 2.40285000e+06
13925.000000 2.37377000e+06
13975.000000 2.34794000e+06
14025.000000 2.32185000e+06
14075.000000 2.29778000e+06
14125.000000 2.27077000e+06
14175.000000 2.24747000e+06
14225.000000 2.22016000e+06
14275.000000 2.19465000e+06
14325.000000 2.17458000e+06
14375.000000 2.15146000e+06
14425.000000 2.10778000e+06
14475.000000 2.10457000e+06
14525.000000 2.07154000e+06
14570.000000 2.06018000e+06
14620.000000 2.03642000e+06
14675.000000 2.01594000e+06
14725.000000 1.99271000e+06
14775.000000 1.96924000e+06
14825.000000 1.95084000e+06
14875.000000 1.91918000e+06
14925.000000 1.91345000e+06
14975.000000 1.89213000e+06
15025.000000 1.86136000e+06
15075.000000 1.84622000e+06
15125.000000 1.83271000e+06
15175.000000 1.81346000e+06
15225.000000 1.79328000e+06
15275.000000 1.77219000e+06
15325.000000 1.75247000e+06
15375.000000 1.73663000e+06
15425.000000 1.70401000e+06
15475.000000 1.69789000e+06
15525.000000 1.68150000e+06
15575.000000 1.64215000e+06
15625.000000 1.65820000e+06
15675.000000 1.61605000e+06
15725.000000 1.57745000e+06
15775.000000 1.60199000e+06
15825.000000 1.58842000e+06
15875.000000 1.48047000e+06
15925.000000 1.53957000e+06
15975.000000 1.55076000e+06
16050.000000 1.50588000e+06
16150.000000 1.42353000e+06
16250.000000 1.47731000e+06
16350.000000 1.40531000e+06
16450.000000 1.31861000e+06
16550.000000 1.39027000e+06
16650.000000 1.36275000e+06
16750.000000 1.28273000e+06
16850.000000 1.19845000e+06
16950.000000 1.27650000e+06
17050.000000 1.25472000e+06
17150.000000 1.22783000e+06
17250.000000 1.18895000e+06
17350.000000 1.05065000e+06
17450.000000 1.12452000e+06
17550.000000 1.12651000e+06
17650.000000 1.10615000e+06
17750.000000 1.08566000e+06
17850.000000 1.06358000e+06
17950.000000 1.04064000e+06
18050.000000 1.01040000e+06
18150.000000 9.00006000e+05
18250.000000 9.46284000e+05
18350.000000 9.56003000e+05
18450.000000 9.39006000e+05
18550.000000 9.19296000e+05
18650.000000 8.91972000e+05
18750.000000 7.89491000e+05
18850.000000 8.53244000e+05
18950.000000 8.46193000e+05
19050.000000 8.36689000e+05
19150.000000 8.20433000e+05
19250.000000 8.02710000e+05
19350.000000 7.77078000e+05
19450.000000 6.91821000e+05
19550.000000 7.48052000e+05
19650.000000 7.44185000e+05
19750.000000 7.31153000e+05
19850.000000 7.19082000e+05
19950.000000 7.05578000e+05
20050.000000 6.93000000e+05
20150.000000 6.80525000e+05
20250.000000 6.67784000e+05
20350.000000 6.54915000e+05
20450.000000 6.44202000e+05
20550.000000 6.32550000e+05
20650.000000 6.20449000e+05
20750.000000 6.10021000e+05
20850.000000 5.99261000e+05
20950.000000 5.88283000e+05
21050.000000 5.78286000e+05
21150.000000 5.67744000e+05
21250.000000 5.57716000e+05
21350.000000 5.47942000e+05
21450.000000 5.37547000e+05
21550.000000 5.23030000e+05
21650.000000 4.69101000e+05
21750.000000 5.01295000e+05
21850.000000 5.00796000e+05
21950.000000 4.94727000e+05
22050.000000 4.85879000e+05
22150.000000 4.77908000e+05
22250.000000 4.70388000e+05
22350.000000 4.62576000e+05
22450.000000 4.54921000e+05
22550.000000 4.46346000e+05
22650.000000 4.39821000e+05
22750.000000 4.32739000e+05
22850.000000 4.25604000e+05
22950.000000 4.18742000e+05
23050.000000 4.12351000e+05
23150.000000 4.05696000e+05
23250.000000 3.99308000e+05
23350.000000 3.92931000e+05
23450.000000 3.86785000e+05
23550.000000 3.80695000e+05
23650.000000 3.74748000e+05
23750.000000 3.68693000e+05
23850.000000 3.62925000e+05
23950.000000 3.57405000e+05
24050.000000 3.51801000e+05
24150.000000 3.46259000e+05
24250.000000 3.41090000e+05
24350.000000 3.35625000e+05
24450.000000 3.30478000e+05
24550.000000 3.25422000e+05
24650.000000 3.20419000e+05
24750.000000 3.15510000e+05
24850.000000 3.10804000e+05
24950.000000 3.04850000e+05
25050.000000 3.02247000e+05
25150.000000 2.97817000e+05
25250.000000 2.90328000e+05
25350.000000 2.88833000e+05
25450.000000 2.85207000e+05
25550.000000 2.80134000e+05
25650.000000 2.71346000e+05
25750.000000 2.72413000e+05
25850.000000 2.68826000e+05
25950.000000 2.65097000e+05
26050.000000 2.58697000e+05
26150.000000 2.47819000e+05
26250.000000 2.31555000e+05
26350.000000 2.46307000e+05
26450.000000 2.46446000e+05
26550.000000 2.43294000e+05
26650.000000 2.38183000e+05
26750.000000 2.25391000e+05
26850.000000 2.31941000e+05
26950.000000 2.30575000e+05
27050.000000 2.27808000e+05
27150.000000 2.24947000e+05
27250.000000 2.21798000e+05
27350.000000 2.18280000e+05
27450.000000 2.14178000e+05
27550.000000 2.00758000e+05
27650.000000 2.04423000e+05
27750.000000 2.06108000e+05
27850.000000 2.04101000e+05
27950.000000 2.01539000e+05
28050.000000 1.98817000e+05
28150.000000 1.96147000e+05
28250.000000 1.93514000e+05
28350.000000 1.90952000e+05
28450.000000 1.88234000e+05
28550.000000 1.85115000e+05
28650.000000 1.79602000e+05
28750.000000 1.68570000e+05
28850.000000 1.76908000e+05
28950.000000 1.75904000e+05
29050.000000 1.74016000e+05
29150.000000 1.71703000e+05
29250.000000 1.69483000e+05
29350.000000 1.67363000e+05
29450.000000 1.65195000e+05
29550.000000 1.63099000e+05
29650.000000 1.61015000e+05
29750.000000 1.58952000e+05
29850.000000 1.56945000e+05
29950.000000 1.54933000e+05
30050.000000 1.52948000e+05
30150.000000 1.50833000e+05
30250.000000 1.48125000e+05
30350.000000 1.38758000e+05
30450.000000 1.40144000e+05
30550.000000 1.42881000e+05
30650.000000 1.41725000e+05
30750.000000 1.40128000e+05
30850.000000 1.38346000e+05
30950.000000 1.36671000e+05
31050.000000 1.34991000e+05
31150.000000 1.33135000e+05
31250.000000 1.31729000e+05
31350.000000 1.30124000e+05
31450.000000 1.28558000e+05
31550.000000 1.26988000e+05
31650.000000 1.25532000e+05
31750.000000 1.23969000e+05
31850.000000 1.22535000e+05
31950.000000 1.21082000e+05
32100.000000 1.18911000e+05
32300.000000 1.16143000e+05
32500.000000 1.13431000e+05
32700.000000 1.10628000e+05
32900.000000 1.03290000e+05
33100.000000 1.04335000e+05
33300.000000 1.03062000e+05
33500.000000 1.00855000e+05
33700.000000 9.85503000e+04
33900.000000 9.63550000e+04
34100.000000 9.42107000e+04
34300.000000 9.21770000e+04
34500.000000 9.01872000e+04
34700.000000 8.82057000e+04
34900.000000 8.62945000e+04
35100.000000 8.44301000e+04
35300.000000 8.26024000e+04
35500.000000 8.08373000e+04
35700.000000 7.90946000e+04
35900.000000 7.74470000e+04
36100.000000 7.57876000e+04
36300.000000 7.42429000e+04
36500.000000 7.26058000e+04
36700.000000 7.11705000e+04
36900.000000 6.95268000e+04
37100.000000 6.81962000e+04
37300.000000 6.55037000e+04
37500.000000 6.34754000e+04
37700.000000 6.41449000e+04
37900.000000 6.29425000e+04
38100.000000 6.14582000e+04
38300.000000 6.02864000e+04
38500.000000 5.92982000e+04
38700.000000 5.81737000e+04
38900.000000 5.68949000e+04
39100.000000 5.53312000e+04
39300.000000 5.47816000e+04
39500.000000 5.38081000e+04
39700.000000 5.27941000e+04
39900.000000 5.17124000e+04
40100.000000 5.03052000e+04
40300.000000 4.91530000e+04
40500.000000 4.70381000e+04
40700.000000 4.77709000e+04
40900.000000 4.70391000e+04
41100.000000 4.61899000e+04
41300.000000 4.53328000e+04
41500.000000 4.43785000e+04
41700.000000 4.26106000e+04
41900.000000 4.27412000e+04
42100.000000 4.20598000e+04
42300.000000 4.13367000e+04
42500.000000 4.05877000e+04
42700.000000 3.98592000e+04
42900.000000 3.91466000e+04
43100.000000 3.84495000e+04
43300.000000 3.77616000e+04
43500.000000 3.70568000e+04
43700.000000 3.54874000e+04
43900.000000 3.54951000e+04
44100.000000 3.51603000e+04
44300.000000 3.45691000e+04
44500.000000 3.39737000e+04
44700.000000 3.34460000e+04
44900.000000 3.28702000e+04
45100.000000 3.23071000e+04
45300.000000 3.17617000e+04
45500.000000 3.12247000e+04
45700.000000 3.06923000e+04
45900.000000 3.01768000e+04
46100.000000 2.96142000e+04
46300.000000 2.90619000e+04
46500.000000 2.75336000e+04
46700.000000 2.71895000e+04
46900.000000 2.75763000e+04
47100.000000 2.72459000e+04
47300.000000 2.68610000e+04
47500.000000 2.64232000e+04
47700.000000 2.59968000e+04
47900.000000 2.55815000e+04
48100.000000 2.51722000e+04
48300.000000 2.47704000e+04
48500.000000 2.43759000e+04
48700.000000 2.39887000e+04
48900.000000 2.36117000e+04
49100.000000 2.32369000e+04
49300.000000 2.28751000e+04
49500.000000 2.25154000e+04
49700.000000 2.21683000e+04
49900.000000 2.18260000e+04
50100.000000 2.14900000e+04
50300.000000 2.11586000e+04
50500.000000 2.08363000e+04
50700.000000 2.05183000e+04
50900.000000 2.01669000e+04
51100.000000 1.97929000e+04
51300.000000 1.89045000e+04
51500.000000 1.92282000e+04
51700.000000 1.89711000e+04
51900.000000 1.87343000e+04
52100.000000 1.84561000e+04
52300.000000 1.81830000e+04
52500.000000 1.79053000e+04
52700.000000 1.76205000e+04
52900.000000 1.73959000e+04
53100.000000 1.71409000e+04
53300.000000 1.68931000e+04
53500.000000 1.66486000e+04
53700.000000 1.63707000e+04
53900.000000 1.61379000e+04
54100.000000 1.59416000e+04
54300.000000 1.57132000e+04
54500.000000 1.54903000e+04
54700.000000 1.52677000e+04
54900.000000 1.50554000e+04
55100.000000 1.48234000e+04
55300.000000 1.45636000e+04
55500.000000 1.44307000e+04
55700.000000 1.42314000e+04
55900.000000 1.40297000e+04
56100.000000 1.38400000e+04
56300.000000 1.36492000e+04
56500.000000 1.34630000e+04
56700.000000 1.32780000e+04
56900.000000 1.30859000e+04
57100.000000 1.28141000e+04
57300.000000 1.27271000e+04
57500.000000 1.25738000e+04
57700.000000 1.24042000e+04
57900.000000 1.22377000e+04
58100.000000 1.20744000e+04
58300.000000 1.19141000e+04
58500.000000 1.17645000e+04
58700.000000 1.16025000e+04
58900.000000 1.13924000e+04
59100.000000 1.09067000e+04
59300.000000 1.11053000e+04
59500.000000 1.08722000e+04
59700.000000 1.08027000e+04
59900.000000 1.07233000e+04
60100.000000 1.05874000e+04
60300.000000 1.04531000e+04
60500.000000 1.03182000e+04
60700.000000 1.01857000e+04
60900.000000 1.00551000e+04
61100.000000 9.92489000e+03
61300.000000 9.80209000e+03
61500.000000 9.67878000e+03
61700.000000 9.55685000e+03
61900.000000 9.43620000e+03
62100.000000 9.31867000e+03
62300.000000 9.19904000e+03
62500.000000 9.08674000e+03
62700.000000 8.95076000e+03
62900.000000 8.69092000e+03
63100.000000 8.71596000e+03
63300.000000 8.64677000e+03
63500.000000 8.54110000e+03
63700.000000 8.43667000e+03
63900.000000 8.33412000e+03
64200.000000 8.18338000e+03
64600.000000 7.98657000e+03
65000.000000 7.79585000e+03
65400.000000 7.61199000e+03
65800.000000 7.43263000e+03
66200.000000 7.25849000e+03
66600.000000 7.08960000e+03
67000.000000 6.92514000e+03
67400.000000 6.75470000e+03
67800.000000 6.51772000e+03
68200.000000 6.46028000e+03
68600.000000 6.31439000e+03
69000.000000 6.17232000e+03
69400.000000 6.03395000e+03
69800.000000 5.90004000e+03
70200.000000 5.76916000e+03
70600.000000 5.64252000e+03
71000.000000 5.51934000e+03
71400.000000 5.39921000e+03
71800.000000 5.28215000e+03
72200.000000 5.16807000e+03
72600.000000 5.05588000e+03
73000.000000 4.95029000e+03
73400.000000 4.84516000e+03
73800.000000 4.74332000e+03
74200.000000 4.64066000e+03
74600.000000 4.45523000e+03
75000.000000 4.32773000e+03
75400.000000 4.34906000e+03
75800.000000 4.27122000e+03
76200.000000 4.18426000e+03
76600.000000 4.09926000e+03
77000.000000 4.01637000e+03
77400.000000 3.93560000e+03
77800.000000 3.84631000e+03
78200.000000 3.78008000e+03
78600.000000 3.70524000e+03
79000.000000 3.63220000e+03
79400.000000 3.56098000e+03
79800.000000 3.49141000e+03
80200.000000 3.42358000e+03
80600.000000 3.35726000e+03
81000.000000 3.29284000e+03
81400.000000 3.21814000e+03
81800.000000 3.16405000e+03
82200.000000 3.10813000e+03
82600.000000 3.04945000e+03
83000.000000 2.99213000e+03
83400.000000 2.93598000e+03
83800.000000 2.88135000e+03
84200.000000 2.82811000e+03
84600.000000 2.77601000e+03
85000.000000 2.72502000e+03
85400.000000 2.67522000e+03
85800.000000 2.62654000e+03
86200.000000 2.57880000e+03
86600.000000 2.51394000e+03
87000.000000 2.48545000e+03
87400.000000 2.42009000e+03
87800.000000 2.37737000e+03
88200.000000 2.35668000e+03
88600.000000 2.31505000e+03
89000.000000 2.27441000e+03
89400.000000 2.23473000e+03
89800.000000 2.19576000e+03
90200.000000 2.15780000e+03
90600.000000 2.12062000e+03
91000.000000 2.08414000e+03
91400.000000 2.04844000e+03
91800.000000 2.01368000e+03
92200.000000 1.97954000e+03
92600.000000 1.94609000e+03
93000.000000 1.91335000e+03
93400.000000 1.88128000e+03
93800.000000 1.83209000e+03
94200.000000 1.81503000e+03
94600.000000 1.78915000e+03
95000.000000 1.75967000e+03
95400.000000 1.73066000e+03
95800.000000 1.70253000e+03
96200.000000 1.67477000e+03
96600.000000 1.64772000e+03
97000.000000 1.62111000e+03
97400.000000 1.59496000e+03
97800.000000 1.56953000e+03
98200.000000 1.54438000e+03
98600.000000 1.51994000e+03
99000.000000 1.49592000e+03
99400.000000 1.47232000e+03
99800.000000 1.44923000e+03
100200.000000 1.42658000e+03
200000.000000 9.24080000e+01
400000.000000 5.80870000e+00
600000.000000 1.14285000e+00
800000.000000 3.59724000e-01
1000000.000000 1.46585000e-01
1200000.000000 7.03542000e-02
1400000.000000 3.78133000e-02
1600000.000000 2.20784000e-02
