# teff = 4750.0
# logg = 3.0
# metallicity = 0.5
# wavelength_unit = angstrom
# flux_unit = erg/cm2/s/A
# units_standardized = True
147.200000 9.56070000e-141
151.000000 6.44873000e-137
155.200000 6.62384000e-133
158.800000 1.22596000e-129
162.000000 7.40626000e-127
166.000000 1.56155000e-123
170.300000 3.89627000e-120
173.400000 8.58542000e-118
176.800000 2.55867000e-115
180.200000 6.13449000e-113
181.700000 6.44099000e-112
186.100000 5.11121000e-109
191.000000 5.99890000e-106
193.900000 3.30985000e-104
198.400000 1.31971000e-101
201.800000 1.01909000e-99
205.000000 5.33911000e-98
210.500000 3.60335000e-95
216.200000 2.16193000e-92
219.800000 1.03306000e-90
223.000000 2.88223000e-89
226.800000 1.32768000e-87
230.000000 3.02665000e-86
234.000000 1.33110000e-84
240.000000 3.05308000e-82
246.500000 8.13571000e-80
252.400000 1.00501000e-77
256.800000 3.15105000e-76
260.000000 3.58322000e-75
264.000000 6.87665000e-74
268.500000 1.71260000e-72
273.500000 5.36974000e-71
278.500000 1.48628000e-69
284.000000 4.99124000e-68
290.000000 1.97440000e-66
296.000000 6.69605000e-65
301.000000 1.13242000e-63
308.000000 5.07050000e-62
318.000000 8.59492000e-60
328.000000 1.05735000e-57
338.000000 9.70480000e-56
348.000000 6.82695000e-54
357.000000 2.54322000e-52
366.000000 7.90323000e-51
375.000000 2.07049000e-49
385.000000 6.48541000e-48
395.000000 1.69610000e-46
405.000000 3.75684000e-45
414.000000 5.35148000e-44
422.000000 5.14099000e-43
430.000000 4.52727000e-42
441.000000 7.88981000e-41
451.000000 9.34984000e-40
460.000000 7.86841000e-39
470.000000 7.59957000e-38
480.000000 6.65097000e-37
490.000000 5.31203000e-36
500.000000 3.88755000e-35
506.000000 1.64811000e-34
512.000000 5.68592000e-34
520.000000 2.44080000e-33
530.000000 1.42229000e-32
540.000000 7.63743000e-32
550.000000 3.88835000e-31
560.000000 1.85325000e-30
570.000000 8.33965000e-30
580.000000 3.51756000e-29
590.000000 1.43852000e-28
600.000000 5.54336000e-28
610.000000 2.03936000e-27
620.000000 7.17295000e-27
630.000000 2.41936000e-26
640.000000 7.84353000e-26
650.000000 2.44736000e-25
658.000000 5.92393000e-25
665.000000 1.25850000e-24
675.000000 3.59659000e-24
685.000000 9.95807000e-24
695.000000 2.66957000e-23
705.000000 6.91442000e-23
716.000000 1.92496000e-22
726.000000 4.72509000e-22
735.000000 1.03704000e-21
745.000000 2.42420000e-21
755.000000 5.53556000e-21
765.000000 1.23655000e-20
775.000000 2.69652000e-20
785.000000 5.76791000e-20
795.000000 1.19553000e-19
805.000000 2.46580000e-19
815.000000 4.98833000e-19
825.000000 9.87176000e-19
835.000000 1.91875000e-18
845.000000 3.66713000e-18
855.000000 6.89427000e-18
865.000000 1.27556000e-17
875.000000 2.31807000e-17
885.000000 4.17530000e-17
895.000000 7.39420000e-17
905.000000 1.29124000e-16
915.000000 2.71397000e-13
925.000000 1.00137000e-12
935.000000 1.47869000e-12
945.000000 2.53397000e-12
955.000000 4.12127000e-12
965.000000 7.05621000e-12
975.000000 1.06128000e-11
985.000000 1.69990000e-11
995.000000 2.66417000e-11
1005.000000 4.18346000e-11
1015.000000 6.54744000e-11
1025.000000 9.85942000e-11
1035.000000 1.67664000e-10
1045.000000 2.56336000e-10
1055.000000 3.65281000e-10
1065.000000 5.67606000e-10
1075.000000 8.41690000e-10
1085.000000 1.23423000e-09
1095.000000 1.75730000e-09
1105.000000 2.52234000e-09
1115.000000 3.66964000e-09
1125.000000 5.66720000e-09
1135.000000 8.30473000e-09
1145.000000 1.21442000e-08
1155.000000 1.72007000e-08
1165.000000 2.41092000e-08
1175.000000 3.39312000e-08
1185.000000 4.76926000e-08
1195.000000 6.44623000e-08
1205.000000 8.69395000e-08
1215.000000 8.41796000e-08
1225.000000 1.62707000e-07
1235.000000 2.25332000e-07
1245.000000 3.04222000e-07
1255.000000 4.09205000e-07
1265.000000 5.48982000e-07
1275.000000 7.33309000e-07
1285.000000 9.38204000e-07
1295.000000 1.18606000e-06
1305.000000 1.63128000e-06
1315.000000 2.21542000e-06
1325.000000 2.80462000e-06
1335.000000 3.47046000e-06
1345.000000 4.50695000e-06
1355.000000 6.11479000e-06
1365.000000 7.47363000e-06
1375.000000 9.53747000e-06
1385.000000 1.09311000e-05
1395.000000 1.38412000e-05
1405.000000 1.77000000e-05
1415.000000 2.22625000e-05
1425.000000 2.78119000e-05
1435.000000 3.50673000e-05
1442.000000 4.56417000e-05
1447.000000 4.04742000e-05
1455.000000 5.42719000e-05
1465.000000 6.79358000e-05
1475.000000 8.32722000e-05
1485.000000 1.02357000e-04
1495.000000 1.41384000e-04
1505.000000 1.82358000e-04
1512.000000 1.56193000e-04
1517.000000 1.97459000e-04
1525.000000 2.62068000e-04
1535.000000 5.13653000e-04
1545.000000 4.65391000e-04
1555.000000 7.23241000e-04
1565.000000 7.46453000e-04
1575.000000 1.74512000e-03
1585.000000 1.79710000e-03
1595.000000 1.79685000e-03
1605.000000 1.87602000e-03
1615.000000 1.98560000e-03
1625.000000 2.14970000e-03
1635.000000 2.97215000e-03
1645.000000 3.98068000e-03
1655.000000 3.61610000e-03
1665.000000 5.38957000e-03
1672.000000 4.65066000e-03
1677.000000 6.85374000e-03
1685.000000 9.92568000e-03
1695.000000 1.45826000e-02
1705.000000 1.75145000e-02
1715.000000 1.91091000e-02
1725.000000 2.74910000e-02
1735.000000 3.27242000e-02
1745.000000 4.62093000e-02
1755.000000 4.52010000e-02
1765.000000 6.34613000e-02
1775.000000 5.06248000e-02
1785.000000 1.19691000e-01
1795.000000 8.79976000e-02
1805.000000 1.87288000e-01
1815.000000 1.11354000e-01
1825.000000 2.05115000e-01
1835.000000 1.70887000e-01
1845.000000 2.39615000e-01
1855.000000 1.63380000e-01
1865.000000 3.55140000e-01
1875.000000 3.05498000e-01
1885.000000 4.16051000e-01
1895.000000 5.26347000e-01
1905.000000 5.34176000e-01
1915.000000 8.07458000e-01
1925.000000 6.05095000e-01
1935.000000 3.99748000e-01
1945.000000 9.16672000e-01
1955.000000 1.39208000e+00
1967.000000 1.46044000e+00
1976.000000 1.72832000e+00
1984.000000 2.33019000e+00
1995.000000 1.94024000e+00
2005.000000 2.27695000e+00
2015.000000 2.53517000e+00
2025.000000 2.15374000e+00
2035.000000 2.83228000e+00
2045.000000 2.86509000e+00
2055.000000 3.58404000e+00
2065.000000 3.14770000e+00
2074.000000 2.61658000e+00
2078.000000 4.08654000e+00
2085.000000 5.38859000e+00
2095.000000 1.00306000e+01
2105.000000 1.21962000e+01
2115.000000 1.00187000e+01
2125.000000 1.05970000e+01
2135.000000 1.75495000e+01
2145.000000 1.26135000e+01
2155.000000 1.70963000e+01
2165.000000 1.53642000e+01
2175.000000 1.78887000e+01
2185.000000 1.47268000e+01
2195.000000 3.23283000e+01
2205.000000 2.34265000e+01
2215.000000 3.04433000e+01
2225.000000 2.76880000e+01
2235.000000 6.18962000e+01
2245.000000 6.51806000e+01
2255.000000 8.31320000e+01
2265.000000 3.13311000e+01
2275.000000 7.71711000e+01
2285.000000 7.31059000e+01
2295.000000 1.23912000e+02
2305.000000 3.49273000e+01
2315.000000 1.64189000e+02
2325.000000 1.00594000e+02
2335.000000 2.02107000e+02
2345.000000 1.11559000e+02
2355.000000 8.00597000e+01
2365.000000 1.23508000e+02
2375.000000 1.18964000e+02
2385.000000 2.14717000e+02
2395.000000 2.04567000e+02
2405.000000 3.80994000e+02
2415.000000 2.05527000e+02
2425.000000 3.15567000e+02
2435.000000 4.56201000e+02
2445.000000 6.91130000e+02
2455.000000 7.88897000e+02
2465.000000 3.96010000e+02
2475.000000 6.69311000e+02
2485.000000 1.35471000e+02
2495.000000 2.26715000e+02
2505.000000 5.85456000e+02
2513.000000 3.34812000e+02
2518.000000 2.52069000e+02
2525.000000 3.01135000e+02
2535.000000 1.08601000e+03
2545.000000 1.43712000e+03
2555.000000 2.49305000e+03
2565.000000 1.19342000e+03
2575.000000 2.29863000e+03
2585.000000 1.56026000e+03
2595.000000 2.02613000e+03
2605.000000 2.81686000e+03
2615.000000 2.38492000e+03
2625.000000 3.93545000e+03
2635.000000 8.60541000e+03
2645.000000 7.99336000e+03
2655.000000 1.84110000e+04
2665.000000 9.52509000e+03
2675.000000 8.74220000e+03
2685.000000 1.34477000e+04
2695.000000 5.90638000e+03
2705.000000 1.30256000e+04
2715.000000 8.67560000e+03
2725.000000 5.13932000e+03
2735.000000 6.91036000e+03
2745.000000 7.72455000e+03
2755.000000 9.11494000e+03
2765.000000 1.34387000e+04
2775.000000 1.76041000e+04
2785.000000 9.32325000e+03
2795.000000 5.21208000e+03
2805.000000 6.37297000e+03
2815.000000 1.47768000e+04
2825.000000 1.75638000e+04
2835.000000 1.23046000e+04
2845.000000 5.73331000e+03
2855.000000 1.64146000e+03
2865.000000 9.95175000e+03
2875.000000 1.73652000e+04
2885.000000 2.82365000e+04
2895.000000 4.39969000e+04
2910.000000 6.71325000e+04
2930.000000 6.77331000e+04
2950.000000 6.03157000e+04
2970.000000 6.12828000e+04
2990.000000 5.84767000e+04
3010.000000 4.84462000e+04
3030.000000 7.93434000e+04
3050.000000 8.42351000e+04
3070.000000 1.26003000e+05
3090.000000 1.41386000e+05
3110.000000 2.13719000e+05
3130.000000 1.76446000e+05
3150.000000 2.35996000e+05
3170.000000 2.90398000e+05
3190.000000 2.23736000e+05
3210.000000 2.50265000e+05
3230.000000 1.85582000e+05
3250.000000 3.24028000e+05
3270.000000 4.29369000e+05
3290.000000 4.49537000e+05
3310.000000 3.69333000e+05
3330.000000 3.91002000e+05
3350.000000 3.55128000e+05
3370.000000 2.38771000e+05
3390.000000 2.75084000e+05
3410.000000 3.15513000e+05
3430.000000 3.52877000e+05
3450.000000 3.54368000e+05
3470.000000 3.81926000e+05
3490.000000 4.69330000e+05
3510.000000 5.06960000e+05
3530.000000 3.95719000e+05
3550.000000 4.58891000e+05
3570.000000 2.21032000e+05
3590.000000 2.89160000e+05
3610.000000 4.58680000e+05
3630.000000 5.71174000e+05
3640.000000 5.82256000e+05
3650.000000 6.94274000e+05
3670.000000 7.83225000e+05
3690.000000 6.85944000e+05
3710.000000 7.00409000e+05
3730.000000 3.18136000e+05
3750.000000 3.77252000e+05
3770.000000 5.70757000e+05
3790.000000 5.59373000e+05
3810.000000 4.54429000e+05
3830.000000 2.08182000e+05
3850.000000 2.54643000e+05
3870.000000 3.03131000e+05
3890.000000 6.06493000e+05
3910.000000 7.85291000e+05
3930.000000 2.86433000e+05
3950.000000 6.07620000e+05
3970.000000 3.79672000e+05
3990.000000 1.15105000e+06
4010.000000 1.34999000e+06
4030.000000 1.27204000e+06
4050.000000 1.14961000e+06
4070.000000 1.04825000e+06
4090.000000 1.41259000e+06
4110.000000 1.35802000e+06
4130.000000 1.11509000e+06
4150.000000 9.85807000e+05
4170.000000 1.03320000e+06
4190.000000 1.11175000e+06
4210.000000 1.27682000e+06
4230.000000 1.32026000e+06
4250.000000 1.51995000e+06
4270.000000 1.39388000e+06
4290.000000 1.26363000e+06
4310.000000 1.11392000e+06
4330.000000 1.73185000e+06
4350.000000 1.74272000e+06
4370.000000 1.90707000e+06
4390.000000 1.64482000e+06
4410.000000 1.79573000e+06
4430.000000 1.89938000e+06
4450.000000 1.95037000e+06
4470.000000 2.14074000e+06
4490.000000 2.21010000e+06
4510.000000 2.63857000e+06
4530.000000 2.22117000e+06
4550.000000 2.33307000e+06
4570.000000 2.57570000e+06
4590.000000 2.50520000e+06
4610.000000 2.58774000e+06
4630.000000 2.46368000e+06
4650.000000 2.53313000e+06
4670.000000 2.65814000e+06
4690.000000 2.60024000e+06
4710.000000 2.50399000e+06
4730.000000 2.65731000e+06
4750.000000 2.82499000e+06
4770.000000 2.87089000e+06
4790.000000 2.86782000e+06
4810.000000 2.84874000e+06
4830.000000 3.00380000e+06
4850.000000 2.79698000e+06
4870.000000 2.56947000e+06
4890.000000 2.86815000e+06
4910.000000 2.84718000e+06
4930.000000 2.77871000e+06
4950.000000 3.01291000e+06
4970.000000 2.89949000e+06
4990.000000 2.62893000e+06
5010.000000 2.45053000e+06
5030.000000 2.63091000e+06
5050.000000 2.65295000e+06
5070.000000 2.79518000e+06
5090.000000 2.53028000e+06
5110.000000 2.63863000e+06
5130.000000 2.49269000e+06
5150.000000 2.41172000e+06
5170.000000 2.07005000e+06
5190.000000 2.25063000e+06
5210.000000 2.54983000e+06
5230.000000 2.78103000e+06
5250.000000 2.92445000e+06
5270.000000 2.50403000e+06
5290.000000 2.99414000e+06
5310.000000 3.28308000e+06
5330.000000 2.73653000e+06
5350.000000 3.10952000e+06
5370.000000 3.15408000e+06
5390.000000 2.98574000e+06
5410.000000 2.94993000e+06
5430.000000 3.02062000e+06
5450.000000 3.25000000e+06
5470.000000 3.07670000e+06
5490.000000 3.00983000e+06
5510.000000 2.99943000e+06
5530.000000 3.13842000e+06
5550.000000 3.24206000e+06
5570.000000 3.15713000e+06
5590.000000 3.02897000e+06
5610.000000 3.27123000e+06
5630.000000 3.16793000e+06
5650.000000 3.20313000e+06
5670.000000 3.11343000e+06
5690.000000 3.25739000e+06
5710.000000 3.09584000e+06
5730.000000 3.49422000e+06
5750.000000 3.27682000e+06
5770.000000 3.36786000e+06
5790.000000 3.11573000e+06
5810.000000 3.37277000e+06
5830.000000 3.53887000e+06
5850.000000 3.37700000e+06
5870.000000 3.39535000e+06
5890.000000 2.79864000e+06
5910.000000 3.32431000e+06
5930.000000 3.35313000e+06
5950.000000 3.35723000e+06
5970.000000 3.44322000e+06
5990.000000 3.34425000e+06
6010.000000 3.26341000e+06
6030.000000 3.38976000e+06
6050.000000 3.46856000e+06
6070.000000 3.45177000e+06
6090.000000 3.22893000e+06
6110.000000 3.25455000e+06
6130.000000 3.02150000e+06
6150.000000 3.16364000e+06
6170.000000 2.99265000e+06
6190.000000 3.27912000e+06
6210.000000 3.25334000e+06
6230.000000 3.10805000e+06
6250.000000 2.96803000e+06
6270.000000 3.15678000e+06
6290.000000 3.24196000e+06
6310.000000 3.07544000e+06
6330.000000 3.12749000e+06
6350.000000 3.07139000e+06
6370.000000 3.04944000e+06
6390.000000 3.20457000e+06
6410.000000 3.13491000e+06
6430.000000 3.17084000e+06
6450.000000 3.14378000e+06
6470.000000 3.14120000e+06
6490.000000 3.05202000e+06
6510.000000 3.15792000e+06
6530.000000 3.16308000e+06
6550.000000 3.12658000e+06
6570.000000 3.04465000e+06
6590.000000 3.15979000e+06
6610.000000 3.18441000e+06
6630.000000 3.13592000e+06
6650.000000 3.14017000e+06
6670.000000 3.06099000e+06
6690.000000 3.17723000e+06
6710.000000 3.02762000e+06
6730.000000 3.18865000e+06
6750.000000 3.10346000e+06
6770.000000 3.13209000e+06
6790.000000 3.08163000e+06
6810.000000 3.07851000e+06
6830.000000 3.13755000e+06
6850.000000 3.00749000e+06
6870.000000 3.07254000e+06
6890.000000 3.10838000e+06
6910.000000 3.07021000e+06
6930.000000 3.00757000e+06
6950.000000 2.95963000e+06
6970.000000 2.97966000e+06
6990.000000 2.93719000e+06
7010.000000 2.82286000e+06
7030.000000 2.91994000e+06
7050.000000 2.97904000e+06
7070.000000 2.89875000e+06
7090.000000 2.87388000e+06
7110.000000 2.86295000e+06
7130.000000 2.77058000e+06
7150.000000 2.76269000e+06
7170.000000 2.80783000e+06
7190.000000 2.68941000e+06
7210.000000 2.79155000e+06
7230.000000 2.84719000e+06
7250.000000 2.83874000e+06
7270.000000 2.80917000e+06
7290.000000 2.68943000e+06
7310.000000 2.76751000e+06
7330.000000 2.75503000e+06
7350.000000 2.74361000e+06
7370.000000 2.81537000e+06
7390.000000 2.72930000e+06
7410.000000 2.72303000e+06
7430.000000 2.75664000e+06
7450.000000 2.75285000e+06
7470.000000 2.76527000e+06
7490.000000 2.72695000e+06
7510.000000 2.77791000e+06
7530.000000 2.80450000e+06
7550.000000 2.81781000e+06
7570.000000 2.77770000e+06
7590.000000 2.75870000e+06
7610.000000 2.75378000e+06
7630.000000 2.78990000e+06
7650.000000 2.79291000e+06
7670.000000 2.66392000e+06
7690.000000 2.78157000e+06
7710.000000 2.71855000e+06
7730.000000 2.70910000e+06
7750.000000 2.69125000e+06
7770.000000 2.77551000e+06
7790.000000 2.77220000e+06
7810.000000 2.74690000e+06
7830.000000 2.71538000e+06
7850.000000 2.68615000e+06
7870.000000 2.69654000e+06
7890.000000 2.58322000e+06
7910.000000 2.49581000e+06
7930.000000 2.48372000e+06
7950.000000 2.43410000e+06
7970.000000 2.55594000e+06
7990.000000 2.54622000e+06
8010.000000 2.53306000e+06
8030.000000 2.54213000e+06
8050.000000 2.50637000e+06
8070.000000 2.48645000e+06
8090.000000 2.39093000e+06
8110.000000 2.37618000e+06
8130.000000 2.43142000e+06
8150.000000 2.42006000e+06
8170.000000 2.43447000e+06
8190.000000 2.36964000e+06
8210.000000 2.36833000e+06
8230.000000 2.40339000e+06
8250.000000 2.43050000e+06
8270.000000 2.46183000e+06
8290.000000 2.43171000e+06
8310.000000 2.29564000e+06
8330.000000 2.32649000e+06
8350.000000 2.31941000e+06
8370.000000 2.36292000e+06
8390.000000 2.27321000e+06
8410.000000 2.37639000e+06
8430.000000 2.29569000e+06
8450.000000 2.34983000e+06
8470.000000 2.33985000e+06
8490.000000 2.32889000e+06
8510.000000 2.19504000e+06
8530.000000 2.26801000e+06
8550.000000 1.87776000e+06
8570.000000 2.35430000e+06
8590.000000 2.30567000e+06
8610.000000 2.32069000e+06
8630.000000 2.34459000e+06
8650.000000 2.31745000e+06
8670.000000 1.91545000e+06
8690.000000 2.21944000e+06
8710.000000 2.29323000e+06
8730.000000 2.30478000e+06
8750.000000 2.28387000e+06
8770.000000 2.32157000e+06
8790.000000 2.29068000e+06
8810.000000 2.20637000e+06
8830.000000 2.27123000e+06
8850.000000 2.30331000e+06
8870.000000 2.24691000e+06
8890.000000 2.29287000e+06
8910.000000 2.32554000e+06
8930.000000 2.23619000e+06
8950.000000 2.23952000e+06
8970.000000 2.24186000e+06
8990.000000 2.24951000e+06
9010.000000 2.14881000e+06
9030.000000 2.21817000e+06
9050.000000 2.28630000e+06
9070.000000 2.25630000e+06
9090.000000 2.15119000e+06
9110.000000 2.13181000e+06
9130.000000 2.22394000e+06
9150.000000 2.04594000e+06
9170.000000 1.98663000e+06
9190.000000 2.02237000e+06
9210.000000 1.94813000e+06
9230.000000 1.99776000e+06
9250.000000 1.97465000e+06
9270.000000 2.01822000e+06
9290.000000 1.98230000e+06
9310.000000 2.05289000e+06
9330.000000 2.04752000e+06
9350.000000 2.02175000e+06
9370.000000 2.00699000e+06
9390.000000 1.95790000e+06
9410.000000 1.88633000e+06
9430.000000 1.92998000e+06
9450.000000 1.87052000e+06
9470.000000 1.94983000e+06
9490.000000 1.93924000e+06
9510.000000 1.97308000e+06
9530.000000 1.95319000e+06
9550.000000 1.93271000e+06
9570.000000 1.93529000e+06
9590.000000 1.97544000e+06
9610.000000 1.94202000e+06
9630.000000 1.92604000e+06
9650.000000 1.88396000e+06
9670.000000 1.86763000e+06
9690.000000 1.92076000e+06
9710.000000 1.89819000e+06
9730.000000 1.90321000e+06
9750.000000 1.88518000e+06
9770.000000 1.89334000e+06
9790.000000 1.84634000e+06
9810.000000 1.91778000e+06
9830.000000 1.89860000e+06
9850.000000 1.92216000e+06
9870.000000 1.91542000e+06
9890.000000 1.92794000e+06
9910.000000 1.89400000e+06
9930.000000 1.92329000e+06
9950.000000 1.90289000e+06
9970.000000 1.91679000e+06
9990.000000 1.91305000e+06
10025.000000 1.89469000e+06
10075.000000 1.87297000e+06
10125.000000 1.88171000e+06
10175.000000 1.84474000e+06
10225.000000 1.85002000e+06
10275.000000 1.85760000e+06
10325.000000 1.81711000e+06
10375.000000 1.80408000e+06
10425.000000 1.81105000e+06
10475.000000 1.78982000e+06
10525.000000 1.78901000e+06
10575.000000 1.76634000e+06
10625.000000 1.75703000e+06
10675.000000 1.71409000e+06
10725.000000 1.71249000e+06
10775.000000 1.69608000e+06
10825.000000 1.65367000e+06
10875.000000 1.63121000e+06
10925.000000 1.60637000e+06
10975.000000 1.47848000e+06
11025.000000 1.47644000e+06
11075.000000 1.50135000e+06
11125.000000 1.49833000e+06
11175.000000 1.51807000e+06
11225.000000 1.50942000e+06
11275.000000 1.47680000e+06
11325.000000 1.49637000e+06
11375.000000 1.45648000e+06
11425.000000 1.46564000e+06
11475.000000 1.49189000e+06
11525.000000 1.48572000e+06
11575.000000 1.46361000e+06
11625.000000 1.44383000e+06
11675.000000 1.44431000e+06
11725.000000 1.46857000e+06
11775.000000 1.43594000e+06
11825.000000 1.42054000e+06
11875.000000 1.40496000e+06
11925.000000 1.43756000e+06
11975.000000 1.36184000e+06
12025.000000 1.39389000e+06
12075.000000 1.37191000e+06
12125.000000 1.37914000e+06
12175.000000 1.38858000e+06
12225.000000 1.38012000e+06
12275.000000 1.36957000e+06
12325.000000 1.35228000e+06
12375.000000 1.34935000e+06
12425.000000 1.33072000e+06
12475.000000 1.33867000e+06
12525.000000 1.31871000e+06
12575.000000 1.31849000e+06
12625.000000 1.31464000e+06
12675.000000 1.28935000e+06
12725.000000 1.29382000e+06
12775.000000 1.29851000e+06
12825.000000 1.23444000e+06
12875.000000 1.26235000e+06
12925.000000 1.24158000e+06
12975.000000 1.26138000e+06
13025.000000 1.23435000e+06
13075.000000 1.24776000e+06
13125.000000 1.21546000e+06
13175.000000 1.21294000e+06
13225.000000 1.21710000e+06
13275.000000 1.18928000e+06
13325.000000 1.20259000e+06
13375.000000 1.19008000e+06
13425.000000 1.19709000e+06
13475.000000 1.18613000e+06
13525.000000 1.18310000e+06
13575.000000 1.15465000e+06
13625.000000 1.15092000e+06
13675.000000 1.15147000e+06
13725.000000 1.15363000e+06
13775.000000 1.14365000e+06
13825.000000 1.14315000e+06
13875.000000 1.13147000e+06
13925.000000 1.13014000e+06
13975.000000 1.11865000e+06
14025.000000 1.09854000e+06
14075.000000 1.07598000e+06
14125.000000 1.02925000e+06
14175.000000 1.03544000e+06
14225.000000 1.02082000e+06
14275.000000 9.97177000e+05
14325.000000 1.02298000e+06
14375.000000 1.03250000e+06
14425.000000 9.87844000e+05
14475.000000 1.02551000e+06
14525.000000 9.89913000e+05
14570.000000 9.89770000e+05
14620.000000 9.74693000e+05
14675.000000 9.65686000e+05
14725.000000 9.47446000e+05
14775.000000 9.56006000e+05
14825.000000 9.53717000e+05
14875.000000 9.44132000e+05
14925.000000 9.71320000e+05
14975.000000 9.57638000e+05
15025.000000 9.27978000e+05
15075.000000 9.22811000e+05
15125.000000 9.29054000e+05
15175.000000 9.38909000e+05
15225.000000 9.24951000e+05
15275.000000 9.32226000e+05
15325.000000 9.27709000e+05
15375.000000 9.32920000e+05
15425.000000 9.25061000e+05
15475.000000 9.21390000e+05
15525.000000 9.00131000e+05
15575.000000 8.91442000e+05
15625.000000 9.14277000e+05
15675.000000 8.79828000e+05
15725.000000 8.95693000e+05
15775.000000 8.45803000e+05
15825.000000 8.66041000e+05
15875.000000 8.27737000e+05
15925.000000 8.46404000e+05
15975.000000 8.62076000e+05
16050.000000 8.51830000e+05
16150.000000 8.37400000e+05
16250.000000 8.40336000e+05
16350.000000 8.31413000e+05
16450.000000 8.01315000e+05
16550.000000 8.10490000e+05
16650.000000 7.90157000e+05
16750.000000 7.76333000e+05
16850.000000 7.48596000e+05
16950.000000 7.63457000e+05
17050.000000 7.31629000e+05
17150.000000 7.28873000e+05
17250.000000 7.03456000e+05
17350.000000 6.78538000e+05
17450.000000 6.82104000e+05
17550.000000 6.69582000e+05
17650.000000 6.61629000e+05
17750.000000 6.41054000e+05
17850.000000 6.37687000e+05
17950.000000 6.25726000e+05
18050.000000 6.08058000e+05
18150.000000 5.95235000e+05
18250.000000 5.85043000e+05
18350.000000 5.73213000e+05
18450.000000 5.57941000e+05
18550.000000 5.54864000e+05
18650.000000 5.34720000e+05
18750.000000 5.20330000e+05
18850.000000 5.22087000e+05
18950.000000 4.94130000e+05
19050.000000 5.08742000e+05
19150.000000 4.95142000e+05
19250.000000 4.89483000e+05
19350.000000 4.71890000e+05
19450.000000 4.58784000e+05
19550.000000 4.63644000e+05
19650.000000 4.50205000e+05
19750.000000 4.36849000e+05
19850.000000 4.33367000e+05
19950.000000 4.25995000e+05
20050.000000 4.24596000e+05
20150.000000 4.20076000e+05
20250.000000 4.04344000e+05
20350.000000 3.96850000e+05
20450.000000 3.97527000e+05
20550.000000 3.85354000e+05
20650.000000 3.78052000e+05
20750.000000 3.72755000e+05
20850.000000 3.65695000e+05
20950.000000 3.56960000e+05
21050.000000 3.57138000e+05
21150.000000 3.49845000e+05
21250.000000 3.42488000e+05
21350.000000 3.40445000e+05
21450.000000 3.33692000e+05
21550.000000 3.28436000e+05
21650.000000 3.17605000e+05
21750.000000 3.13186000e+05
21850.000000 3.10894000e+05
21950.000000 3.08028000e+05
22050.000000 2.98042000e+05
22150.000000 2.99611000e+05
22250.000000 2.90814000e+05
22350.000000 2.86520000e+05
22450.000000 2.82254000e+05
22550.000000 2.78475000e+05
22650.000000 2.71711000e+05
22750.000000 2.71780000e+05
22850.000000 2.63613000e+05
22950.000000 2.34248000e+05
23050.000000 2.45827000e+05
23150.000000 2.43349000e+05
23250.000000 2.16589000e+05
23350.000000 2.27127000e+05
23450.000000 2.28366000e+05
23550.000000 2.00958000e+05
23650.000000 2.15171000e+05
23750.000000 2.11807000e+05
23850.000000 1.89914000e+05
23950.000000 2.01493000e+05
24050.000000 2.02543000e+05
24150.000000 1.83558000e+05
24250.000000 1.90664000e+05
24350.000000 1.92373000e+05
24450.000000 1.80083000e+05
24550.000000 1.77632000e+05
24650.000000 1.85109000e+05
24750.000000 1.77208000e+05
24850.000000 1.68238000e+05
24950.000000 1.74445000e+05
25050.000000 1.75120000e+05
25150.000000 1.62974000e+05
25250.000000 1.68138000e+05
25350.000000 1.68010000e+05
25450.000000 1.62341000e+05
25550.000000 1.60311000e+05
25650.000000 1.60392000e+05
25750.000000 1.61240000e+05
25850.000000 1.50574000e+05
25950.000000 1.53791000e+05
26050.000000 1.54561000e+05
26150.000000 1.50847000e+05
26250.000000 1.47480000e+05
26350.000000 1.47963000e+05
26450.000000 1.46039000e+05
26550.000000 1.42872000e+05
26650.000000 1.40041000e+05
26750.000000 1.43129000e+05
26850.000000 1.41192000e+05
26950.000000 1.37205000e+05
27050.000000 1.37660000e+05
27150.000000 1.35983000e+05
27250.000000 1.35018000e+05
27350.000000 1.31821000e+05
27450.000000 1.31952000e+05
27550.000000 1.30480000e+05
27650.000000 1.28439000e+05
27750.000000 1.25896000e+05
27850.000000 1.25260000e+05
27950.000000 1.24708000e+05
28050.000000 1.22820000e+05
28150.000000 1.21012000e+05
28250.000000 1.20034000e+05
28350.000000 1.19597000e+05
28450.000000 1.17282000e+05
28550.000000 1.16018000e+05
28650.000000 1.14677000e+05
28750.000000 1.13197000e+05
28850.000000 1.12083000e+05
28950.000000 1.10942000e+05
29050.000000 1.09496000e+05
29150.000000 1.08494000e+05
29250.000000 1.05697000e+05
29350.000000 1.05551000e+05
29450.000000 1.03910000e+05
29550.000000 1.03005000e+05
29650.000000 1.01831000e+05
29750.000000 1.00948000e+05
29850.000000 9.95665000e+04
29950.000000 9.79620000e+04
30050.000000 9.66936000e+04
30150.000000 9.62853000e+04
30250.000000 9.47852000e+04
30350.000000 9.31923000e+04
30450.000000 9.21831000e+04
30550.000000 9.15160000e+04
30650.000000 9.02380000e+04
30750.000000 8.95525000e+04
30850.000000 8.74805000e+04
30950.000000 8.68257000e+04
31050.000000 8.64705000e+04
31150.000000 8.43555000e+04
31250.000000 8.42331000e+04
31350.000000 8.28188000e+04
31450.000000 8.23425000e+04
31550.000000 8.10379000e+04
31650.000000 7.98421000e+04
31750.000000 7.92989000e+04
31850.000000 7.82521000e+04
31950.000000 7.76264000e+04
32100.000000 7.62336000e+04
32300.000000 7.40611000e+04
32500.000000 7.25175000e+04
32700.000000 7.08123000e+04
32900.000000 6.88680000e+04
33100.000000 6.75569000e+04
33300.000000 6.57388000e+04
33500.000000 6.46776000e+04
33700.000000 6.31758000e+04
33900.000000 6.13835000e+04
34100.000000 6.01148000e+04
34300.000000 5.92013000e+04
34500.000000 5.77636000e+04
34700.000000 5.65928000e+04
34900.000000 5.54883000e+04
35100.000000 5.42737000e+04
35300.000000 5.28985000e+04
35500.000000 5.20531000e+04
35700.000000 5.07591000e+04
35900.000000 4.95988000e+04
36100.000000 4.89380000e+04
36300.000000 4.78256000e+04
36500.000000 4.64263000e+04
36700.000000 4.56084000e+04
36900.000000 4.42659000e+04
37100.000000 4.30893000e+04
37300.000000 4.26745000e+04
37500.000000 4.12239000e+04
37700.000000 4.09494000e+04
37900.000000 4.01800000e+04
38100.000000 3.93933000e+04
38300.000000 3.89136000e+04
38500.000000 3.81978000e+04
38700.000000 3.72732000e+04
38900.000000 3.64603000e+04
39100.000000 3.60192000e+04
39300.000000 3.53047000e+04
39500.000000 3.42962000e+04
39700.000000 3.38129000e+04
39900.000000 3.27151000e+04
40100.000000 3.24248000e+04
40300.000000 3.20156000e+04
40500.000000 3.12844000e+04
40700.000000 3.06798000e+04
40900.000000 3.02138000e+04
41100.000000 2.96908000e+04
41300.000000 2.92206000e+04
41500.000000 2.85612000e+04
41700.000000 2.80691000e+04
41900.000000 2.75743000e+04
42100.000000 2.68496000e+04
42300.000000 2.67310000e+04
42500.000000 2.60462000e+04
42700.000000 2.57036000e+04
42900.000000 2.40582000e+04
43100.000000 2.28539000e+04
43300.000000 2.31737000e+04
43500.000000 2.17128000e+04
43700.000000 2.11890000e+04
43900.000000 2.09241000e+04
44100.000000 1.92906000e+04
44300.000000 1.94461000e+04
44500.000000 1.89597000e+04
44700.000000 1.78090000e+04
44900.000000 1.81805000e+04
45100.000000 1.76371000e+04
45300.000000 1.66837000e+04
45500.000000 1.69712000e+04
45700.000000 1.67513000e+04
45900.000000 1.57286000e+04
46100.000000 1.60985000e+04
46300.000000 1.56497000e+04
46500.000000 1.54441000e+04
46700.000000 1.53484000e+04
46900.000000 1.51386000e+04
47100.000000 1.47225000e+04
47300.000000 1.48827000e+04
47500.000000 1.45529000e+04
47700.000000 1.43381000e+04
47900.000000 1.40590000e+04
48100.000000 1.37648000e+04
48300.000000 1.39645000e+04
48500.000000 1.35920000e+04
48700.000000 1.33161000e+04
48900.000000 1.32687000e+04
49100.000000 1.29542000e+04
49300.000000 1.28039000e+04
49500.000000 1.26155000e+04
49700.000000 1.25520000e+04
49900.000000 1.22925000e+04
50100.000000 1.20086000e+04
50300.000000 1.20926000e+04
50500.000000 1.17661000e+04
50700.000000 1.16397000e+04
50900.000000 1.15133000e+04
51100.000000 1.12743000e+04
51300.000000 1.11669000e+04
51500.000000 1.10194000e+04
51700.000000 1.10240000e+04
51900.000000 1.07839000e+04
52100.000000 1.05708000e+04
52300.000000 1.04609000e+04
52500.000000 1.04086000e+04
52700.000000 1.04307000e+04
52900.000000 1.00490000e+04
53100.000000 9.92873000e+03
53300.000000 9.86854000e+03
53500.000000 9.73764000e+03
53700.000000 9.61038000e+03
53900.000000 9.53322000e+03
54100.000000 9.41782000e+03
54300.000000 9.21403000e+03
54500.000000 9.21210000e+03
54700.000000 9.02814000e+03
54900.000000 8.95123000e+03
55100.000000 8.81030000e+03
55300.000000 8.87481000e+03
55500.000000 8.58678000e+03
55700.000000 8.62904000e+03
55900.000000 8.41924000e+03
56100.000000 8.39331000e+03
56300.000000 8.20768000e+03
56500.000000 8.20467000e+03
56700.000000 8.09381000e+03
56900.000000 7.89935000e+03
57100.000000 7.91356000e+03
57300.000000 7.82376000e+03
57500.000000 7.72032000e+03
57700.000000 7.60692000e+03
57900.000000 7.56659000e+03
58100.000000 7.43390000e+03
58300.000000 7.35716000e+03
58500.000000 7.28800000e+03
58700.000000 7.14899000e+03
58900.000000 7.06643000e+03
59100.000000 7.02213000e+03
59300.000000 6.94485000e+03
59500.000000 6.81885000e+03
59700.000000 6.79322000e+03
59900.000000 6.71108000e+03
60100.000000 6.62664000e+03
60300.000000 6.54846000e+03
60500.000000 6.44822000e+03
60700.000000 6.37942000e+03
60900.000000 6.28974000e+03
61100.000000 6.20231000e+03
61300.000000 6.15740000e+03
61500.000000 6.09879000e+03
61700.000000 6.04308000e+03
61900.000000 5.97254000e+03
62100.000000 5.91508000e+03
62300.000000 5.81329000e+03
62500.000000 5.73535000e+03
62700.000000 5.67716000e+03
62900.000000 5.62093000e+03
63100.000000 5.53114000e+03
63300.000000 5.51242000e+03
63500.000000 5.42608000e+03
63700.000000 5.39735000e+03
63900.000000 5.30439000e+03
64200.000000 5.22806000e+03
64600.000000 5.09761000e+03
65000.000000 4.98469000e+03
65400.000000 4.87616000e+03
65800.000000 4.77781000e+03
66200.000000 4.65930000e+03
66600.000000 4.56656000e+03
67000.000000 4.46259000e+03
67400.000000 4.35289000e+03
67800.000000 4.26571000e+03
68200.000000 4.16932000e+03
68600.000000 4.08266000e+03
69000.000000 3.98980000e+03
69400.000000 3.90084000e+03
69800.000000 3.82263000e+03
70200.000000 3.73164000e+03
70600.000000 3.65645000e+03
71000.000000 3.57807000e+03
71400.000000 3.50314000e+03
71800.000000 3.42607000e+03
72200.000000 3.35526000e+03
72600.000000 3.28201000e+03
73000.000000 3.21574000e+03
73400.000000 3.14449000e+03
73800.000000 3.08249000e+03
74200.000000 3.01041000e+03
74600.000000 2.94626000e+03
75000.000000 2.89248000e+03
75400.000000 2.82927000e+03
75800.000000 2.76690000e+03
76200.000000 2.70503000e+03
76600.000000 2.64205000e+03
77000.000000 2.57941000e+03
77400.000000 2.52295000e+03
77800.000000 2.46738000e+03
78200.000000 2.41529000e+03
78600.000000 2.36150000e+03
79000.000000 2.31658000e+03
79400.000000 2.26563000e+03
79800.000000 2.22392000e+03
80200.000000 2.17877000e+03
80600.000000 2.13893000e+03
81000.000000 2.10236000e+03
81400.000000 2.06378000e+03
81800.000000 2.02794000e+03
82200.000000 1.99347000e+03
82600.000000 1.95555000e+03
83000.000000 1.91925000e+03
83400.000000 1.88187000e+03
83800.000000 1.84839000e+03
84200.000000 1.81286000e+03
84600.000000 1.78102000e+03
85000.000000 1.74714000e+03
85400.000000 1.71573000e+03
85800.000000 1.68431000e+03
86200.000000 1.65361000e+03
86600.000000 1.62224000e+03
87000.000000 1.59402000e+03
87400.000000 1.56807000e+03
87800.000000 1.53676000e+03
88200.000000 1.50789000e+03
88600.000000 1.48355000e+03
89000.000000 1.45788000e+03
89400.000000 1.43176000e+03
89800.000000 1.40577000e+03
90200.000000 1.38462000e+03
90600.000000 1.36251000e+03
91000.000000 1.33645000e+03
91400.000000 1.31351000e+03
91800.000000 1.29431000e+03
92200.000000 1.27238000e+03
92600.000000 1.25179000e+03
93000.000000 1.23142000e+03
93400.000000 1.21031000e+03
93800.000000 1.18995000e+03
94200.000000 1.17256000e+03
94600.000000 1.15193000e+03
95000.000000 1.13440000e+03
95400.000000 1.11701000e+03
95800.000000 1.09752000e+03
96200.000000 1.08133000e+03
96600.000000 1.06274000e+03
97000.000000 1.04771000e+03
97400.000000 1.02820000e+03
97800.000000 1.01201000e+03
98200.000000 9.98740000e+02
98600.000000 9.82980000e+02
99000.000000 9.67327000e+02
99400.000000 9.50826000e+02
99800.000000 9.38113000e+02
100200.000000 9.23434000e+02
200000.000000 5.94893000e+01
400000.000000 3.71620000e+00
600000.000000 7.28344000e-01
800000.000000 2.28598000e-01
1000000.000000 9.29391000e-02
1200000.000000 4.45195000e-02
1400000.000000 2.38858000e-02
1600000.000000 1.39253000e-02
