# teff = 4750.0
# logg = 5.0
# metallicity = 0.0
# wavelength_unit = angstrom
# flux_unit = erg/cm2/s/A
# units_standardized = True
155.200000 6.63526000e-114
158.800000 4.63938000e-111
162.000000 1.22305000e-108
166.000000 9.56356000e-106
170.300000 8.65038000e-103
173.400000 9.46047000e-101
176.800000 1.34478000e-98
180.200000 1.58107000e-96
181.700000 1.22256000e-95
186.100000 4.06750000e-93
191.000000 1.90022000e-90
193.900000 6.21179000e-89
198.400000 1.13289000e-86
201.800000 4.95741000e-85
205.000000 1.54789000e-83
210.500000 4.45195000e-81
216.200000 1.15479000e-78
219.800000 3.32219000e-77
223.000000 5.98567000e-76
226.800000 1.66656000e-74
230.000000 2.51853000e-73
234.000000 6.73002000e-72
240.000000 7.54047000e-70
246.500000 9.61505000e-68
252.400000 6.28555000e-66
256.800000 1.24953000e-64
260.000000 1.02993000e-63
264.000000 1.33647000e-62
268.500000 2.17288000e-61
273.500000 4.31191000e-60
278.500000 7.67717000e-59
284.000000 1.61554000e-57
290.000000 3.91548000e-56
296.000000 8.29814000e-55
301.000000 9.62230000e-54
308.000000 2.59160000e-52
318.000000 2.20929000e-50
328.000000 1.42496000e-48
338.000000 7.12246000e-47
348.000000 2.82494000e-45
357.000000 6.45721000e-44
366.000000 1.26094000e-42
375.000000 2.12246000e-41
385.000000 4.16594000e-40
395.000000 6.98914000e-39
405.000000 1.01504000e-37
414.000000 1.00618000e-36
422.000000 7.09419000e-36
430.000000 4.63791000e-35
441.000000 5.46088000e-34
451.000000 4.60667000e-33
460.000000 2.89117000e-32
470.000000 2.04225000e-31
480.000000 1.32426000e-30
490.000000 7.93234000e-30
500.000000 4.40412000e-29
506.000000 1.58822000e-28
512.000000 4.68842000e-28
520.000000 1.64248000e-27
530.000000 7.48886000e-27
540.000000 3.17326000e-26
550.000000 1.28636000e-25
560.000000 4.92043000e-25
570.000000 1.79065000e-24
580.000000 6.15153000e-24
590.000000 2.06395000e-23
600.000000 6.56723000e-23
610.000000 2.00737000e-22
620.000000 5.90164000e-22
630.000000 1.67331000e-21
640.000000 4.58495000e-21
650.000000 1.21543000e-20
658.000000 2.59130000e-20
665.000000 4.93690000e-20
675.000000 1.21306000e-19
685.000000 2.90111000e-19
695.000000 6.74428000e-19
705.000000 1.51920000e-18
716.000000 3.65195000e-18
726.000000 7.86658000e-18
735.000000 1.53976000e-17
745.000000 3.17891000e-17
755.000000 6.43293000e-17
765.000000 1.27794000e-16
775.000000 2.48445000e-16
785.000000 4.75441000e-16
795.000000 8.82656000e-16
805.000000 1.63737000e-15
815.000000 2.98962000e-15
825.000000 5.34874000e-15
835.000000 9.42006000e-15
845.000000 1.63497000e-14
855.000000 2.79775000e-14
865.000000 4.72185000e-14
875.000000 7.83892000e-14
885.000000 1.29388000e-13
895.000000 2.10280000e-13
905.000000 3.37524000e-13
915.000000 5.80871000e-10
925.000000 2.35537000e-09
935.000000 3.52690000e-09
945.000000 5.38628000e-09
955.000000 8.48733000e-09
965.000000 1.39360000e-08
975.000000 1.95604000e-08
985.000000 3.08415000e-08
995.000000 4.68350000e-08
1005.000000 6.78768000e-08
1015.000000 9.92630000e-08
1025.000000 1.37876000e-07
1035.000000 2.28892000e-07
1045.000000 3.29914000e-07
1055.000000 4.28812000e-07
1065.000000 6.63929000e-07
1075.000000 9.23091000e-07
1085.000000 1.35104000e-06
1095.000000 1.76999000e-06
1105.000000 2.38683000e-06
1115.000000 3.27116000e-06
1125.000000 4.77064000e-06
1135.000000 6.83697000e-06
1145.000000 9.32926000e-06
1155.000000 1.26422000e-05
1165.000000 1.65572000e-05
1175.000000 2.26789000e-05
1185.000000 2.94601000e-05
1195.000000 3.70866000e-05
1205.000000 4.46152000e-05
1215.000000 3.76723000e-05
1225.000000 7.30375000e-05
1235.000000 1.07857000e-04
1245.000000 1.41451000e-04
1255.000000 1.75154000e-04
1265.000000 2.28450000e-04
1275.000000 2.83470000e-04
1285.000000 3.49140000e-04
1295.000000 4.29312000e-04
1305.000000 5.30311000e-04
1315.000000 6.71119000e-04
1325.000000 8.17823000e-04
1335.000000 9.78231000e-04
1345.000000 1.22828000e-03
1355.000000 1.53796000e-03
1365.000000 1.83530000e-03
1375.000000 2.21938000e-03
1385.000000 2.62580000e-03
1395.000000 3.17215000e-03
1405.000000 3.93824000e-03
1415.000000 4.85987000e-03
1425.000000 5.81599000e-03
1435.000000 7.08920000e-03
1442.000000 8.48661000e-03
1447.000000 8.95183000e-03
1455.000000 1.04789000e-02
1465.000000 1.28199000e-02
1475.000000 1.45455000e-02
1485.000000 1.75687000e-02
1495.000000 2.20051000e-02
1505.000000 2.67949000e-02
1512.000000 2.72955000e-02
1517.000000 2.85368000e-02
1525.000000 3.64641000e-02
1535.000000 9.83176000e-02
1545.000000 1.16558000e-01
1555.000000 1.79996000e-01
1565.000000 1.75565000e-01
1575.000000 2.91163000e-01
1585.000000 3.07805000e-01
1595.000000 3.20054000e-01
1605.000000 3.39580000e-01
1615.000000 3.54164000e-01
1625.000000 3.56838000e-01
1635.000000 4.75051000e-01
1645.000000 6.17226000e-01
1655.000000 5.29672000e-01
1665.000000 7.56075000e-01
1672.000000 6.56100000e-01
1677.000000 1.06886000e+00
1685.000000 1.40808000e+00
1695.000000 1.86068000e+00
1705.000000 2.15785000e+00
1715.000000 2.37074000e+00
1725.000000 3.12715000e+00
1735.000000 3.51221000e+00
1745.000000 4.77743000e+00
1755.000000 4.91836000e+00
1765.000000 6.07331000e+00
1775.000000 5.40685000e+00
1785.000000 9.68124000e+00
1795.000000 8.09038000e+00
1805.000000 1.28038000e+01
1815.000000 9.77062000e+00
1825.000000 1.42610000e+01
1835.000000 1.35231000e+01
1845.000000 1.65421000e+01
1855.000000 1.41768000e+01
1865.000000 2.32727000e+01
1875.000000 2.20490000e+01
1885.000000 2.68582000e+01
1895.000000 3.29644000e+01
1905.000000 3.29597000e+01
1915.000000 4.60964000e+01
1925.000000 4.13428000e+01
1935.000000 3.73346000e+01
1945.000000 5.36828000e+01
1955.000000 7.13307000e+01
1967.000000 7.71387000e+01
1976.000000 8.50034000e+01
1984.000000 1.04828000e+02
1995.000000 9.67658000e+01
2005.000000 1.10516000e+02
2015.000000 1.23321000e+02
2025.000000 1.07195000e+02
2035.000000 1.41250000e+02
2045.000000 1.47538000e+02
2055.000000 1.71887000e+02
2065.000000 1.62867000e+02
2074.000000 1.58698000e+02
2078.000000 1.91537000e+02
2085.000000 2.02385000e+02
2095.000000 2.32285000e+02
2105.000000 2.34147000e+02
2115.000000 2.42163000e+02
2125.000000 2.54864000e+02
2135.000000 3.13196000e+02
2145.000000 2.61834000e+02
2155.000000 2.97245000e+02
2165.000000 2.92488000e+02
2175.000000 3.12262000e+02
2185.000000 3.01859000e+02
2195.000000 4.34699000e+02
2205.000000 3.80470000e+02
2215.000000 4.17486000e+02
2225.000000 3.99846000e+02
2235.000000 5.73093000e+02
2245.000000 6.39749000e+02
2255.000000 7.00439000e+02
2265.000000 4.78969000e+02
2275.000000 7.53077000e+02
2285.000000 7.70455000e+02
2295.000000 1.03541000e+03
2305.000000 5.70807000e+02
2315.000000 1.23889000e+03
2325.000000 1.10023000e+03
2335.000000 1.47086000e+03
2345.000000 1.02215000e+03
2355.000000 9.87263000e+02
2365.000000 1.18470000e+03
2375.000000 1.18997000e+03
2385.000000 1.64104000e+03
2395.000000 1.62979000e+03
2405.000000 2.38855000e+03
2415.000000 1.71253000e+03
2425.000000 2.06436000e+03
2435.000000 2.69031000e+03
2445.000000 3.29344000e+03
2455.000000 3.64958000e+03
2465.000000 2.82791000e+03
2475.000000 4.02589000e+03
2485.000000 2.22339000e+03
2495.000000 2.32797000e+03
2505.000000 3.70832000e+03
2513.000000 2.84953000e+03
2518.000000 2.79900000e+03
2525.000000 3.27808000e+03
2535.000000 5.45230000e+03
2545.000000 6.58649000e+03
2555.000000 7.48551000e+03
2565.000000 5.30913000e+03
2575.000000 6.91287000e+03
2585.000000 6.27598000e+03
2595.000000 6.75582000e+03
2605.000000 8.33565000e+03
2615.000000 8.15577000e+03
2625.000000 1.05551000e+04
2635.000000 1.44746000e+04
2645.000000 1.30126000e+04
2655.000000 1.75912000e+04
2665.000000 1.50719000e+04
2675.000000 1.34321000e+04
2685.000000 1.70994000e+04
2695.000000 1.31603000e+04
2705.000000 1.83246000e+04
2715.000000 1.73313000e+04
2725.000000 1.57772000e+04
2735.000000 1.65640000e+04
2745.000000 1.99833000e+04
2755.000000 2.01448000e+04
2765.000000 2.40464000e+04
2775.000000 2.78488000e+04
2785.000000 2.13932000e+04
2795.000000 1.94773000e+04
2805.000000 2.12956000e+04
2815.000000 2.72346000e+04
2825.000000 2.80169000e+04
2835.000000 2.51005000e+04
2845.000000 1.88457000e+04
2855.000000 1.05203000e+04
2865.000000 2.51908000e+04
2875.000000 3.03389000e+04
2885.000000 3.72139000e+04
2895.000000 4.34687000e+04
2910.000000 5.39240000e+04
2930.000000 6.15851000e+04
2950.000000 6.33892000e+04
2970.000000 6.27050000e+04
2990.000000 6.98248000e+04
3010.000000 7.23346000e+04
3030.000000 9.64464000e+04
3050.000000 1.08023000e+05
3070.000000 1.26534000e+05
3090.000000 1.09474000e+05
3110.000000 1.76506000e+05
3130.000000 1.64133000e+05
3150.000000 2.27758000e+05
3170.000000 2.92595000e+05
3190.000000 2.38841000e+05
3210.000000 2.59489000e+05
3230.000000 2.31586000e+05
3250.000000 3.97256000e+05
3270.000000 5.38728000e+05
3290.000000 6.12145000e+05
3310.000000 5.01854000e+05
3330.000000 5.11370000e+05
3350.000000 4.57681000e+05
3370.000000 3.11676000e+05
3390.000000 3.95805000e+05
3410.000000 4.47840000e+05
3430.000000 5.11287000e+05
3450.000000 4.95944000e+05
3470.000000 5.18402000e+05
3490.000000 6.86211000e+05
3510.000000 8.58092000e+05
3530.000000 7.57365000e+05
3550.000000 1.01198000e+06
3570.000000 5.10399000e+05
3590.000000 5.03354000e+05
3610.000000 7.07750000e+05
3630.000000 7.92690000e+05
3640.000000 8.17229000e+05
3650.000000 1.02713000e+06
3670.000000 1.24113000e+06
3690.000000 1.00399000e+06
3710.000000 9.51177000e+05
3730.000000 4.17782000e+05
3750.000000 5.11495000e+05
3770.000000 1.02918000e+06
3790.000000 1.07049000e+06
3810.000000 9.10440000e+05
3830.000000 3.49868000e+05
3850.000000 6.59292000e+05
3870.000000 6.95534000e+05
3890.000000 8.35561000e+05
3910.000000 9.55494000e+05
3930.000000 3.74049000e+05
3950.000000 7.16709000e+05
3970.000000 4.90270000e+05
3990.000000 1.40523000e+06
4010.000000 1.83158000e+06
4030.000000 1.67890000e+06
4050.000000 1.61790000e+06
4070.000000 1.49751000e+06
4090.000000 2.04669000e+06
4110.000000 1.65767000e+06
4130.000000 1.72868000e+06
4150.000000 1.64400000e+06
4170.000000 1.68393000e+06
4190.000000 1.70725000e+06
4210.000000 1.60177000e+06
4230.000000 1.05739000e+06
4250.000000 1.68178000e+06
4270.000000 1.56404000e+06
4290.000000 1.46679000e+06
4310.000000 1.42305000e+06
4330.000000 2.10700000e+06
4350.000000 2.21210000e+06
4370.000000 2.43138000e+06
4390.000000 2.02047000e+06
4410.000000 2.12616000e+06
4430.000000 2.14425000e+06
4450.000000 2.17068000e+06
4470.000000 2.51236000e+06
4490.000000 2.59430000e+06
4510.000000 3.00919000e+06
4530.000000 2.43193000e+06
4550.000000 2.73378000e+06
4570.000000 2.91752000e+06
4590.000000 2.77593000e+06
4610.000000 2.92739000e+06
4630.000000 2.88809000e+06
4650.000000 2.82253000e+06
4670.000000 3.02314000e+06
4690.000000 2.91126000e+06
4710.000000 2.67839000e+06
4730.000000 2.76962000e+06
4750.000000 2.73733000e+06
4770.000000 2.54057000e+06
4790.000000 2.69082000e+06
4810.000000 2.93684000e+06
4830.000000 2.96376000e+06
4850.000000 2.93232000e+06
4870.000000 2.68383000e+06
4890.000000 2.84279000e+06
4910.000000 2.83358000e+06
4930.000000 2.63812000e+06
4950.000000 2.68296000e+06
4970.000000 2.59461000e+06
4990.000000 2.28927000e+06
5010.000000 2.02923000e+06
5030.000000 2.20535000e+06
5050.000000 2.09249000e+06
5070.000000 2.05359000e+06
5090.000000 1.96580000e+06
5110.000000 2.02171000e+06
5130.000000 1.91722000e+06
5150.000000 1.79072000e+06
5170.000000 1.41424000e+06
5190.000000 1.54798000e+06
5210.000000 2.07447000e+06
5230.000000 2.78489000e+06
5250.000000 2.98951000e+06
5270.000000 2.41735000e+06
5290.000000 3.01864000e+06
5310.000000 3.28308000e+06
5330.000000 2.78745000e+06
5350.000000 3.07478000e+06
5370.000000 3.07425000e+06
5390.000000 2.97510000e+06
5410.000000 2.90243000e+06
5430.000000 2.96031000e+06
5450.000000 3.04326000e+06
5470.000000 3.04585000e+06
5490.000000 3.04595000e+06
5510.000000 2.97511000e+06
5530.000000 3.12376000e+06
5550.000000 3.23288000e+06
5570.000000 3.09472000e+06
5590.000000 2.81654000e+06
5610.000000 3.08067000e+06
5630.000000 3.21903000e+06
5650.000000 3.24856000e+06
5670.000000 3.14413000e+06
5690.000000 3.20003000e+06
5710.000000 3.06210000e+06
5730.000000 3.34953000e+06
5750.000000 3.26816000e+06
5770.000000 3.30846000e+06
5790.000000 3.15180000e+06
5810.000000 3.28103000e+06
5830.000000 3.38447000e+06
5850.000000 3.23191000e+06
5870.000000 3.22610000e+06
5890.000000 2.32626000e+06
5910.000000 3.16220000e+06
5930.000000 3.22843000e+06
5950.000000 3.23486000e+06
5970.000000 3.28118000e+06
5990.000000 3.24188000e+06
6010.000000 3.19875000e+06
6030.000000 3.24387000e+06
6050.000000 3.31365000e+06
6070.000000 3.27652000e+06
6090.000000 3.17397000e+06
6110.000000 3.14909000e+06
6130.000000 2.92566000e+06
6150.000000 3.09621000e+06
6170.000000 2.70477000e+06
6190.000000 3.16428000e+06
6210.000000 3.14901000e+06
6230.000000 3.05069000e+06
6250.000000 2.96561000e+06
6270.000000 3.08616000e+06
6290.000000 3.14293000e+06
6310.000000 3.01423000e+06
6330.000000 3.03366000e+06
6350.000000 3.02112000e+06
6370.000000 3.01035000e+06
6390.000000 3.13731000e+06
6410.000000 3.05386000e+06
6430.000000 3.04337000e+06
6450.000000 2.90544000e+06
6470.000000 2.89957000e+06
6490.000000 2.91875000e+06
6510.000000 3.04779000e+06
6530.000000 3.11396000e+06
6550.000000 3.05107000e+06
6570.000000 2.96331000e+06
6590.000000 3.06445000e+06
6610.000000 3.08138000e+06
6630.000000 3.06753000e+06
6650.000000 3.05430000e+06
6670.000000 3.00646000e+06
6690.000000 3.04120000e+06
6710.000000 2.95516000e+06
6730.000000 3.03011000e+06
6750.000000 2.97564000e+06
6770.000000 2.99466000e+06
6790.000000 2.95996000e+06
6810.000000 2.95836000e+06
6830.000000 3.00486000e+06
6850.000000 2.93283000e+06
6870.000000 2.95185000e+06
6890.000000 2.95204000e+06
6910.000000 2.95202000e+06
6930.000000 2.92881000e+06
6950.000000 2.93062000e+06
6970.000000 2.94399000e+06
6990.000000 2.90542000e+06
7010.000000 2.86027000e+06
7030.000000 2.90668000e+06
7050.000000 2.90492000e+06
7070.000000 2.84389000e+06
7090.000000 2.83985000e+06
7110.000000 2.86191000e+06
7130.000000 2.78955000e+06
7150.000000 2.69394000e+06
7170.000000 2.79083000e+06
7190.000000 2.70770000e+06
7210.000000 2.71727000e+06
7230.000000 2.80049000e+06
7250.000000 2.77624000e+06
7270.000000 2.79798000e+06
7290.000000 2.75011000e+06
7310.000000 2.78126000e+06
7330.000000 2.71576000e+06
7350.000000 2.74480000e+06
7370.000000 2.77327000e+06
7390.000000 2.72068000e+06
7410.000000 2.68914000e+06
7430.000000 2.72190000e+06
7450.000000 2.70038000e+06
7470.000000 2.73995000e+06
7490.000000 2.71359000e+06
7510.000000 2.72701000e+06
7530.000000 2.73560000e+06
7550.000000 2.72800000e+06
7570.000000 2.69828000e+06
7590.000000 2.68559000e+06
7610.000000 2.66199000e+06
7630.000000 2.69477000e+06
7650.000000 2.66512000e+06
7670.000000 2.55198000e+06
7690.000000 2.63868000e+06
7710.000000 2.61455000e+06
7730.000000 2.62298000e+06
7750.000000 2.58575000e+06
7770.000000 2.64391000e+06
7790.000000 2.63389000e+06
7810.000000 2.61461000e+06
7830.000000 2.58302000e+06
7850.000000 2.58351000e+06
7870.000000 2.61838000e+06
7890.000000 2.59623000e+06
7910.000000 2.57156000e+06
7930.000000 2.51427000e+06
7950.000000 2.50569000e+06
7970.000000 2.57118000e+06
7990.000000 2.54847000e+06
8010.000000 2.53352000e+06
8030.000000 2.52676000e+06
8050.000000 2.49515000e+06
8070.000000 2.51387000e+06
8090.000000 2.48436000e+06
8110.000000 2.49113000e+06
8130.000000 2.51845000e+06
8150.000000 2.50349000e+06
8170.000000 2.48764000e+06
8190.000000 2.35110000e+06
8210.000000 2.39242000e+06
8230.000000 2.42336000e+06
8250.000000 2.43924000e+06
8270.000000 2.46133000e+06
8290.000000 2.44174000e+06
8310.000000 2.37272000e+06
8330.000000 2.35711000e+06
8350.000000 2.36274000e+06
8370.000000 2.38002000e+06
8390.000000 2.26598000e+06
8410.000000 2.36675000e+06
8430.000000 2.27952000e+06
8450.000000 2.34229000e+06
8470.000000 2.32515000e+06
8490.000000 2.28091000e+06
8510.000000 2.17438000e+06
8530.000000 2.22245000e+06
8550.000000 1.86570000e+06
8570.000000 2.31680000e+06
8590.000000 2.29413000e+06
8610.000000 2.28511000e+06
8630.000000 2.29138000e+06
8650.000000 2.24791000e+06
8670.000000 1.88282000e+06
8690.000000 2.16476000e+06
8710.000000 2.24640000e+06
8730.000000 2.21906000e+06
8750.000000 2.23929000e+06
8770.000000 2.23781000e+06
8790.000000 2.23480000e+06
8810.000000 2.10168000e+06
8830.000000 2.19165000e+06
8850.000000 2.21644000e+06
8870.000000 2.18653000e+06
8890.000000 2.21947000e+06
8910.000000 2.21184000e+06
8930.000000 2.16991000e+06
8950.000000 2.16798000e+06
8970.000000 2.16807000e+06
8990.000000 2.16659000e+06
9010.000000 2.08756000e+06
9030.000000 2.14314000e+06
9050.000000 2.17765000e+06
9070.000000 2.16206000e+06
9090.000000 2.09524000e+06
9110.000000 2.09028000e+06
9130.000000 2.13161000e+06
9150.000000 2.12068000e+06
9170.000000 2.10952000e+06
9190.000000 2.12149000e+06
9210.000000 2.07671000e+06
9230.000000 2.08558000e+06
9250.000000 2.02819000e+06
9270.000000 2.06723000e+06
9290.000000 2.06100000e+06
9310.000000 2.07845000e+06
9330.000000 2.06721000e+06
9350.000000 2.05351000e+06
9370.000000 2.03523000e+06
9390.000000 2.04400000e+06
9410.000000 1.95567000e+06
9430.000000 2.00649000e+06
9450.000000 1.97083000e+06
9470.000000 2.02011000e+06
9490.000000 2.02169000e+06
9510.000000 2.00078000e+06
9530.000000 1.98476000e+06
9550.000000 1.95262000e+06
9570.000000 1.96878000e+06
9590.000000 1.98908000e+06
9610.000000 1.95079000e+06
9630.000000 1.96163000e+06
9650.000000 1.89399000e+06
9670.000000 1.90248000e+06
9690.000000 1.93372000e+06
9710.000000 1.90942000e+06
9730.000000 1.89982000e+06
9750.000000 1.89129000e+06
9770.000000 1.90324000e+06
9790.000000 1.85200000e+06
9810.000000 1.91359000e+06
9830.000000 1.87536000e+06
9850.000000 1.90888000e+06
9870.000000 1.89264000e+06
9890.000000 1.88642000e+06
9910.000000 1.87739000e+06
9930.000000 1.88218000e+06
9950.000000 1.87549000e+06
9970.000000 1.87260000e+06
9990.000000 1.85839000e+06
10025.000000 1.84919000e+06
10075.000000 1.83051000e+06
10125.000000 1.82497000e+06
10175.000000 1.79605000e+06
10225.000000 1.78285000e+06
10275.000000 1.78299000e+06
10325.000000 1.74848000e+06
10375.000000 1.73937000e+06
10425.000000 1.74259000e+06
10475.000000 1.71511000e+06
10525.000000 1.71667000e+06
10575.000000 1.68572000e+06
10625.000000 1.67417000e+06
10675.000000 1.64642000e+06
10725.000000 1.64417000e+06
10775.000000 1.62162000e+06
10825.000000 1.56118000e+06
10875.000000 1.58534000e+06
10925.000000 1.60097000e+06
10975.000000 1.54876000e+06
11025.000000 1.56481000e+06
11075.000000 1.56908000e+06
11125.000000 1.55184000e+06
11175.000000 1.53690000e+06
11225.000000 1.53412000e+06
11275.000000 1.49719000e+06
11325.000000 1.50256000e+06
11375.000000 1.48167000e+06
11425.000000 1.46220000e+06
11475.000000 1.48113000e+06
11525.000000 1.47361000e+06
11575.000000 1.45439000e+06
11625.000000 1.42704000e+06
11675.000000 1.43032000e+06
11725.000000 1.43591000e+06
11775.000000 1.40665000e+06
11825.000000 1.36029000e+06
11875.000000 1.37552000e+06
11925.000000 1.40007000e+06
11975.000000 1.32039000e+06
12025.000000 1.35038000e+06
12075.000000 1.32173000e+06
12125.000000 1.34670000e+06
12175.000000 1.35335000e+06
12225.000000 1.34420000e+06
12275.000000 1.32394000e+06
12325.000000 1.32230000e+06
12375.000000 1.31304000e+06
12425.000000 1.29024000e+06
12475.000000 1.30049000e+06
12525.000000 1.28519000e+06
12575.000000 1.28325000e+06
12625.000000 1.27249000e+06
12675.000000 1.25607000e+06
12725.000000 1.25646000e+06
12775.000000 1.25509000e+06
12825.000000 1.20329000e+06
12875.000000 1.22801000e+06
12925.000000 1.21075000e+06
12975.000000 1.22146000e+06
13025.000000 1.20386000e+06
13075.000000 1.20732000e+06
13125.000000 1.16750000e+06
13175.000000 1.17096000e+06
13225.000000 1.18586000e+06
13275.000000 1.16239000e+06
13325.000000 1.15894000e+06
13375.000000 1.15941000e+06
13425.000000 1.15913000e+06
13475.000000 1.15098000e+06
13525.000000 1.14663000e+06
13575.000000 1.12971000e+06
13625.000000 1.12239000e+06
13675.000000 1.12256000e+06
13725.000000 1.12385000e+06
13775.000000 1.11371000e+06
13825.000000 1.11191000e+06
13875.000000 1.10055000e+06
13925.000000 1.08803000e+06
13975.000000 1.08464000e+06
14025.000000 1.07349000e+06
14075.000000 1.07953000e+06
14125.000000 1.06167000e+06
14175.000000 1.07084000e+06
14225.000000 1.04821000e+06
14275.000000 1.00441000e+06
14325.000000 1.04593000e+06
14375.000000 1.04701000e+06
14425.000000 1.01993000e+06
14475.000000 1.03583000e+06
14525.000000 1.01936000e+06
14570.000000 1.01706000e+06
14620.000000 1.00691000e+06
14675.000000 1.00652000e+06
14725.000000 9.88833000e+05
14775.000000 9.92092000e+05
14825.000000 9.92662000e+05
14875.000000 9.21487000e+05
14925.000000 9.92207000e+05
14975.000000 9.83324000e+05
15025.000000 8.70205000e+05
15075.000000 9.29757000e+05
15125.000000 9.65284000e+05
15175.000000 9.70336000e+05
15225.000000 9.51979000e+05
15275.000000 9.58302000e+05
15325.000000 9.53615000e+05
15375.000000 9.46036000e+05
15425.000000 9.42272000e+05
15475.000000 9.49974000e+05
15525.000000 9.28953000e+05
15575.000000 9.26804000e+05
15625.000000 9.34538000e+05
15675.000000 9.10324000e+05
15725.000000 8.97673000e+05
15775.000000 8.31846000e+05
15825.000000 8.94352000e+05
15875.000000 8.55048000e+05
15925.000000 8.83185000e+05
15975.000000 8.75613000e+05
16050.000000 8.78374000e+05
16150.000000 8.53273000e+05
16250.000000 8.51178000e+05
16350.000000 8.39121000e+05
16450.000000 8.30147000e+05
16550.000000 8.24437000e+05
16650.000000 8.02578000e+05
16750.000000 7.76977000e+05
16850.000000 7.69614000e+05
16950.000000 7.65005000e+05
17050.000000 7.39482000e+05
17150.000000 7.11056000e+05
17250.000000 7.06368000e+05
17350.000000 6.86973000e+05
17450.000000 6.76400000e+05
17550.000000 6.71808000e+05
17650.000000 6.58884000e+05
17750.000000 6.42764000e+05
17850.000000 6.37179000e+05
17950.000000 6.26439000e+05
18050.000000 6.08371000e+05
18150.000000 5.97774000e+05
18250.000000 5.81989000e+05
18350.000000 5.70874000e+05
18450.000000 5.51289000e+05
18550.000000 5.50792000e+05
18650.000000 5.37687000e+05
18750.000000 5.17265000e+05
18850.000000 5.19881000e+05
18950.000000 4.92966000e+05
19050.000000 5.00064000e+05
19150.000000 4.89071000e+05
19250.000000 4.82671000e+05
19350.000000 4.65450000e+05
19450.000000 4.49752000e+05
19550.000000 4.54694000e+05
19650.000000 4.48215000e+05
19750.000000 4.25559000e+05
19850.000000 4.25450000e+05
19950.000000 4.19274000e+05
20050.000000 4.21091000e+05
20150.000000 4.15929000e+05
20250.000000 4.02993000e+05
20350.000000 3.93720000e+05
20450.000000 3.93789000e+05
20550.000000 3.83471000e+05
20650.000000 3.72310000e+05
20750.000000 3.71889000e+05
20850.000000 3.63243000e+05
20950.000000 3.52702000e+05
21050.000000 3.53976000e+05
21150.000000 3.46510000e+05
21250.000000 3.40378000e+05
21350.000000 3.36296000e+05
21450.000000 3.31620000e+05
21550.000000 3.25921000e+05
21650.000000 3.17187000e+05
21750.000000 3.10550000e+05
21850.000000 3.06830000e+05
21950.000000 3.05088000e+05
22050.000000 2.93254000e+05
22150.000000 2.96340000e+05
22250.000000 2.87245000e+05
22350.000000 2.83956000e+05
22450.000000 2.80460000e+05
22550.000000 2.76185000e+05
22650.000000 2.67870000e+05
22750.000000 2.68505000e+05
22850.000000 2.58786000e+05
22950.000000 2.48582000e+05
23050.000000 2.50819000e+05
23150.000000 2.47778000e+05
23250.000000 2.33169000e+05
23350.000000 2.34002000e+05
23450.000000 2.34710000e+05
23550.000000 2.20528000e+05
23650.000000 2.25517000e+05
23750.000000 2.19427000e+05
23850.000000 2.08518000e+05
23950.000000 2.14202000e+05
24050.000000 2.12509000e+05
24150.000000 2.00482000e+05
24250.000000 2.03143000e+05
24350.000000 2.02044000e+05
24450.000000 1.95258000e+05
24550.000000 1.89158000e+05
24650.000000 1.92964000e+05
24750.000000 1.87103000e+05
24850.000000 1.79042000e+05
24950.000000 1.84442000e+05
25050.000000 1.81394000e+05
25150.000000 1.76845000e+05
25250.000000 1.74460000e+05
25350.000000 1.73544000e+05
25450.000000 1.68769000e+05
25550.000000 1.68246000e+05
25650.000000 1.66095000e+05
25750.000000 1.65984000e+05
25850.000000 1.59425000e+05
25950.000000 1.60487000e+05
26050.000000 1.59135000e+05
26150.000000 1.57474000e+05
26250.000000 1.52493000e+05
26350.000000 1.51343000e+05
26450.000000 1.48338000e+05
26550.000000 1.45229000e+05
26650.000000 1.44226000e+05
26750.000000 1.45003000e+05
26850.000000 1.43491000e+05
26950.000000 1.40872000e+05
27050.000000 1.39338000e+05
27150.000000 1.37287000e+05
27250.000000 1.35855000e+05
27350.000000 1.33957000e+05
27450.000000 1.32522000e+05
27550.000000 1.30579000e+05
27650.000000 1.28809000e+05
27750.000000 1.26903000e+05
27850.000000 1.25212000e+05
27950.000000 1.23083000e+05
28050.000000 1.20895000e+05
28150.000000 1.20071000e+05
28250.000000 1.18986000e+05
28350.000000 1.17876000e+05
28450.000000 1.15872000e+05
28550.000000 1.14373000e+05
28650.000000 1.13195000e+05
28750.000000 1.11853000e+05
28850.000000 1.10395000e+05
28950.000000 1.09058000e+05
29050.000000 1.07246000e+05
29150.000000 1.06574000e+05
29250.000000 1.02108000e+05
29350.000000 1.02865000e+05
29450.000000 1.01112000e+05
29550.000000 1.00912000e+05
29650.000000 9.86688000e+04
29750.000000 9.83897000e+04
29850.000000 9.70381000e+04
29950.000000 9.57444000e+04
30050.000000 9.37482000e+04
30150.000000 9.38153000e+04
30250.000000 9.20763000e+04
30350.000000 9.13805000e+04
30450.000000 8.91805000e+04
30550.000000 8.93040000e+04
30650.000000 8.76755000e+04
30750.000000 8.70385000e+04
30850.000000 8.49551000e+04
30950.000000 8.43283000e+04
31050.000000 8.40127000e+04
31150.000000 8.11640000e+04
31250.000000 8.19995000e+04
31350.000000 7.99056000e+04
31450.000000 7.99048000e+04
31550.000000 7.85021000e+04
31650.000000 7.80557000e+04
31750.000000 7.68024000e+04
31850.000000 7.59310000e+04
31950.000000 7.52165000e+04
32100.000000 7.41935000e+04
32300.000000 7.17790000e+04
32500.000000 7.07556000e+04
32700.000000 6.91035000e+04
32900.000000 6.70547000e+04
33100.000000 6.57551000e+04
33300.000000 6.38397000e+04
33500.000000 6.29723000e+04
33700.000000 6.17395000e+04
33900.000000 5.96035000e+04
34100.000000 5.87541000e+04
34300.000000 5.80069000e+04
34500.000000 5.61462000e+04
34700.000000 5.53914000e+04
34900.000000 5.42975000e+04
35100.000000 5.28334000e+04
35300.000000 5.16499000e+04
35500.000000 5.09052000e+04
35700.000000 4.94260000e+04
35900.000000 4.84676000e+04
36100.000000 4.79147000e+04
36300.000000 4.66105000e+04
36500.000000 4.54026000e+04
36700.000000 4.44812000e+04
36900.000000 4.34719000e+04
37100.000000 4.26076000e+04
37300.000000 4.19732000e+04
37500.000000 4.09533000e+04
37700.000000 4.01939000e+04
37900.000000 3.96817000e+04
38100.000000 3.86355000e+04
38300.000000 3.80687000e+04
38500.000000 3.73082000e+04
38700.000000 3.65463000e+04
38900.000000 3.56636000e+04
39100.000000 3.52356000e+04
39300.000000 3.45120000e+04
39500.000000 3.36708000e+04
39700.000000 3.32344000e+04
39900.000000 3.21969000e+04
40100.000000 3.18836000e+04
40300.000000 3.13823000e+04
40500.000000 3.06000000e+04
40700.000000 2.99498000e+04
40900.000000 2.96328000e+04
41100.000000 2.89860000e+04
41300.000000 2.85580000e+04
41500.000000 2.79466000e+04
41700.000000 2.74256000e+04
41900.000000 2.69649000e+04
42100.000000 2.60525000e+04
42300.000000 2.61204000e+04
42500.000000 2.55227000e+04
42700.000000 2.51313000e+04
42900.000000 2.40951000e+04
43100.000000 2.31034000e+04
43300.000000 2.30150000e+04
43500.000000 2.19657000e+04
43700.000000 2.14475000e+04
43900.000000 2.11841000e+04
44100.000000 2.01691000e+04
44300.000000 2.00047000e+04
44500.000000 1.97073000e+04
44700.000000 1.89469000e+04
44900.000000 1.88980000e+04
45100.000000 1.84263000e+04
45300.000000 1.78904000e+04
45500.000000 1.78233000e+04
45700.000000 1.76626000e+04
45900.000000 1.70048000e+04
46100.000000 1.69852000e+04
46300.000000 1.67012000e+04
46500.000000 1.65054000e+04
46700.000000 1.63479000e+04
46900.000000 1.61137000e+04
47100.000000 1.58267000e+04
47300.000000 1.57665000e+04
47500.000000 1.54387000e+04
47700.000000 1.52106000e+04
47900.000000 1.50125000e+04
48100.000000 1.46653000e+04
48300.000000 1.46784000e+04
48500.000000 1.43949000e+04
48700.000000 1.40835000e+04
48900.000000 1.39130000e+04
49100.000000 1.37438000e+04
49300.000000 1.34969000e+04
49500.000000 1.32706000e+04
49700.000000 1.31157000e+04
49900.000000 1.29723000e+04
50100.000000 1.26587000e+04
50300.000000 1.26142000e+04
50500.000000 1.23434000e+04
50700.000000 1.22065000e+04
50900.000000 1.20628000e+04
51100.000000 1.17958000e+04
51300.000000 1.17401000e+04
51500.000000 1.15338000e+04
51700.000000 1.14492000e+04
51900.000000 1.12286000e+04
52100.000000 1.10878000e+04
52300.000000 1.09065000e+04
52500.000000 1.08095000e+04
52700.000000 1.07157000e+04
52900.000000 1.04631000e+04
53100.000000 1.03477000e+04
53300.000000 1.02139000e+04
53500.000000 1.00996000e+04
53700.000000 9.94469000e+03
53900.000000 9.85144000e+03
54100.000000 9.72185000e+03
54300.000000 9.51646000e+03
54500.000000 9.46944000e+03
54700.000000 9.33045000e+03
54900.000000 9.20034000e+03
55100.000000 9.09595000e+03
55300.000000 9.04247000e+03
55500.000000 8.83163000e+03
55700.000000 8.79394000e+03
55900.000000 8.61684000e+03
56100.000000 8.53743000e+03
56300.000000 8.40712000e+03
56500.000000 8.34652000e+03
56700.000000 8.23783000e+03
56900.000000 8.08274000e+03
57100.000000 8.03442000e+03
57300.000000 7.92462000e+03
57500.000000 7.83335000e+03
57700.000000 7.72041000e+03
57900.000000 7.64233000e+03
58100.000000 7.52943000e+03
58300.000000 7.43873000e+03
58500.000000 7.35989000e+03
58700.000000 7.24816000e+03
58900.000000 7.14396000e+03
59100.000000 7.08501000e+03
59300.000000 6.99638000e+03
59500.000000 6.89611000e+03
59700.000000 6.83201000e+03
59900.000000 6.74951000e+03
60100.000000 6.65814000e+03
60300.000000 6.57623000e+03
60500.000000 6.48826000e+03
60700.000000 6.41173000e+03
60900.000000 6.31625000e+03
61100.000000 6.23239000e+03
61300.000000 6.18106000e+03
61500.000000 6.11194000e+03
61700.000000 6.03398000e+03
61900.000000 5.96329000e+03
62100.000000 5.89837000e+03
62300.000000 5.79883000e+03
62500.000000 5.73111000e+03
62700.000000 5.66806000e+03
62900.000000 5.61655000e+03
63100.000000 5.52783000e+03
63300.000000 5.49004000e+03
63500.000000 5.41571000e+03
63700.000000 5.35121000e+03
63900.000000 5.28658000e+03
64200.000000 5.19780000e+03
64600.000000 5.06123000e+03
65000.000000 4.93582000e+03
65400.000000 4.83238000e+03
65800.000000 4.71673000e+03
66200.000000 4.60472000e+03
66600.000000 4.50286000e+03
67000.000000 4.39302000e+03
67400.000000 4.29194000e+03
67800.000000 4.19645000e+03
68200.000000 4.09983000e+03
68600.000000 4.01373000e+03
69000.000000 3.92262000e+03
69400.000000 3.83178000e+03
69800.000000 3.75481000e+03
70200.000000 3.65993000e+03
70600.000000 3.58918000e+03
71000.000000 3.51171000e+03
71400.000000 3.43560000e+03
71800.000000 3.36176000e+03
72200.000000 3.29000000e+03
72600.000000 3.21882000e+03
73000.000000 3.15409000e+03
73400.000000 3.08352000e+03
73800.000000 3.02182000e+03
74200.000000 2.95245000e+03
74600.000000 2.89393000e+03
75000.000000 2.83709000e+03
75400.000000 2.77526000e+03
75800.000000 2.71038000e+03
76200.000000 2.64949000e+03
76600.000000 2.58909000e+03
77000.000000 2.52998000e+03
77400.000000 2.47402000e+03
77800.000000 2.42170000e+03
78200.000000 2.37105000e+03
78600.000000 2.31881000e+03
79000.000000 2.27462000e+03
79400.000000 2.22637000e+03
79800.000000 2.18346000e+03
80200.000000 2.14006000e+03
80600.000000 2.10008000e+03
81000.000000 2.06274000e+03
81400.000000 2.02478000e+03
81800.000000 1.98976000e+03
82200.000000 1.95422000e+03
82600.000000 1.91933000e+03
83000.000000 1.88250000e+03
83400.000000 1.84683000e+03
83800.000000 1.81277000e+03
84200.000000 1.78034000e+03
84600.000000 1.74764000e+03
85000.000000 1.71580000e+03
85400.000000 1.68561000e+03
85800.000000 1.65483000e+03
86200.000000 1.62552000e+03
86600.000000 1.59486000e+03
87000.000000 1.56784000e+03
87400.000000 1.54090000e+03
87800.000000 1.51174000e+03
88200.000000 1.48372000e+03
88600.000000 1.45869000e+03
89000.000000 1.43386000e+03
89400.000000 1.40895000e+03
89800.000000 1.38274000e+03
90200.000000 1.36254000e+03
90600.000000 1.34016000e+03
91000.000000 1.31576000e+03
91400.000000 1.29150000e+03
91800.000000 1.27222000e+03
92200.000000 1.25035000e+03
92600.000000 1.23000000e+03
93000.000000 1.21077000e+03
93400.000000 1.18902000e+03
93800.000000 1.16854000e+03
94200.000000 1.15235000e+03
94600.000000 1.13055000e+03
95000.000000 1.11504000e+03
95400.000000 1.09809000e+03
95800.000000 1.07662000e+03
96200.000000 1.06260000e+03
96600.000000 1.04179000e+03
97000.000000 1.02849000e+03
97400.000000 1.01065000e+03
97800.000000 9.92550000e+02
98200.000000 9.80691000e+02
98600.000000 9.65039000e+02
99000.000000 9.48070000e+02
99400.000000 9.32371000e+02
99800.000000 9.21243000e+02
100200.000000 9.06924000e+02
200000.000000 5.91390000e+01
400000.000000 3.72915000e+00
600000.000000 7.35167000e-01
800000.000000 2.31842000e-01
1000000.000000 9.46608000e-02
1200000.000000 4.55162000e-02
1400000.000000 2.45028000e-02
1600000.000000 1.43275000e-02
