# teff = 5250.0
# logg = 4.0
# metallicity = -1.0
# wavelength_unit = angstrom
# flux_unit = erg/cm2/s/A
# units_standardized = True
147.200000 3.94779000e-107
151.000000 3.75540000e-104
155.200000 4.94735000e-101
158.800000 1.71652000e-98
162.000000 2.49186000e-96
166.000000 9.54702000e-94
170.300000 4.16373000e-91
173.400000 2.75247000e-89
176.800000 2.29895000e-87
180.200000 1.62029000e-85
181.700000 1.00582000e-84
186.100000 1.79341000e-82
191.000000 4.32680000e-80
193.900000 9.71763000e-79
198.400000 1.01172000e-76
201.800000 2.94680000e-75
205.000000 6.35138000e-74
210.500000 9.91768000e-72
216.200000 1.41165000e-69
219.800000 2.82500000e-68
223.000000 3.72275000e-67
226.800000 7.23193000e-66
230.000000 8.14633000e-65
234.000000 1.52471000e-63
240.000000 1.02410000e-61
246.500000 7.71535000e-60
252.400000 3.20268000e-58
256.800000 4.59956000e-57
260.000000 3.01372000e-56
264.000000 2.95844000e-55
268.500000 3.54916000e-54
273.500000 5.08368000e-53
278.500000 6.61054000e-52
284.000000 9.97126000e-51
290.000000 1.70509000e-49
296.000000 2.58593000e-48
301.000000 2.29249000e-47
308.000000 4.30127000e-46
318.000000 2.24926000e-44
328.000000 9.16891000e-43
338.000000 2.97637000e-41
348.000000 7.85911000e-40
357.000000 1.27019000e-38
366.000000 1.78401000e-37
375.000000 2.19429000e-36
385.000000 3.09212000e-35
395.000000 3.78746000e-34
405.000000 4.07885000e-33
414.000000 3.12776000e-32
422.000000 1.77146000e-31
430.000000 9.37932000e-31
441.000000 8.36828000e-30
451.000000 5.55034000e-29
460.000000 2.83063000e-28
470.000000 1.60278000e-27
480.000000 8.40790000e-27
490.000000 4.10982000e-26
500.000000 1.87717000e-25
506.000000 6.03521000e-25
512.000000 1.59749000e-24
520.000000 4.84760000e-24
530.000000 1.85884000e-23
540.000000 6.66305000e-23
550.000000 2.29961000e-22
560.000000 7.53122000e-22
570.000000 2.35940000e-21
580.000000 7.01216000e-21
590.000000 2.04588000e-20
600.000000 5.68631000e-20
610.000000 1.52484000e-19
620.000000 3.95135000e-19
630.000000 9.91228000e-19
640.000000 2.41241000e-18
650.000000 5.70079000e-18
658.000000 1.11149000e-17
665.000000 1.96507000e-17
675.000000 4.33918000e-17
685.000000 9.34628000e-17
695.000000 1.96521000e-16
705.000000 4.03520000e-16
716.000000 8.69778000e-16
726.000000 1.70912000e-15
735.000000 3.08636000e-15
745.000000 5.84481000e-15
755.000000 1.08672000e-14
765.000000 1.98528000e-14
775.000000 3.56467000e-14
785.000000 6.29874000e-14
795.000000 1.09217000e-13
805.000000 1.87485000e-13
815.000000 3.16794000e-13
825.000000 5.27562000e-13
835.000000 8.66846000e-13
845.000000 1.40599000e-12
855.000000 2.25216000e-12
865.000000 3.56416000e-12
875.000000 5.57252000e-12
885.000000 8.62477000e-12
895.000000 1.31983000e-11
905.000000 1.99854000e-11
915.000000 1.35204000e-07
925.000000 5.53190000e-07
935.000000 7.53782000e-07
945.000000 1.11999000e-06
955.000000 1.76909000e-06
965.000000 2.69169000e-06
975.000000 3.40855000e-06
985.000000 5.47335000e-06
995.000000 7.87268000e-06
1005.000000 1.12117000e-05
1015.000000 1.46048000e-05
1025.000000 1.80066000e-05
1035.000000 3.07246000e-05
1045.000000 4.43095000e-05
1055.000000 5.45450000e-05
1065.000000 8.00209000e-05
1075.000000 1.07752000e-04
1085.000000 1.50749000e-04
1095.000000 1.86670000e-04
1105.000000 3.12300000e-04
1115.000000 4.82872000e-04
1125.000000 6.63758000e-04
1135.000000 9.71576000e-04
1145.000000 1.27614000e-03
1155.000000 1.56120000e-03
1165.000000 1.98545000e-03
1175.000000 2.55937000e-03
1185.000000 2.95701000e-03
1195.000000 2.60910000e-03
1205.000000 2.33745000e-03
1215.000000 1.39001000e-03
1225.000000 3.39794000e-03
1235.000000 6.90783000e-03
1245.000000 1.05517000e-02
1255.000000 1.34312000e-02
1265.000000 1.62477000e-02
1275.000000 2.00477000e-02
1285.000000 2.45628000e-02
1295.000000 2.97628000e-02
1305.000000 3.44847000e-02
1315.000000 4.27442000e-02
1325.000000 4.84810000e-02
1335.000000 5.73309000e-02
1345.000000 6.73106000e-02
1355.000000 8.11127000e-02
1365.000000 9.25191000e-02
1375.000000 1.07950000e-01
1385.000000 1.24483000e-01
1395.000000 1.44816000e-01
1405.000000 1.74601000e-01
1415.000000 2.04299000e-01
1425.000000 2.37229000e-01
1435.000000 2.80879000e-01
1442.000000 3.31605000e-01
1447.000000 3.31782000e-01
1455.000000 3.84199000e-01
1465.000000 4.58768000e-01
1475.000000 4.97469000e-01
1485.000000 5.85349000e-01
1495.000000 7.26869000e-01
1505.000000 8.61512000e-01
1512.000000 8.27714000e-01
1517.000000 1.00617000e+00
1525.000000 1.50086000e+00
1535.000000 5.79702000e+00
1545.000000 6.00788000e+00
1555.000000 9.57020000e+00
1565.000000 9.51274000e+00
1575.000000 1.55969000e+01
1585.000000 1.89113000e+01
1595.000000 2.18454000e+01
1605.000000 2.49361000e+01
1615.000000 2.95537000e+01
1625.000000 3.36380000e+01
1635.000000 4.00500000e+01
1645.000000 5.71242000e+01
1655.000000 4.19075000e+01
1665.000000 6.71318000e+01
1672.000000 5.30896000e+01
1677.000000 7.51911000e+01
1685.000000 1.30545000e+02
1695.000000 2.12897000e+02
1705.000000 2.79817000e+02
1715.000000 2.65343000e+02
1725.000000 3.46531000e+02
1735.000000 4.06662000e+02
1745.000000 5.46173000e+02
1755.000000 7.27473000e+02
1765.000000 7.00086000e+02
1775.000000 7.67515000e+02
1785.000000 1.05821000e+03
1795.000000 1.18057000e+03
1805.000000 1.28952000e+03
1815.000000 1.23498000e+03
1825.000000 1.48469000e+03
1835.000000 1.77779000e+03
1845.000000 1.22514000e+03
1855.000000 1.89228000e+03
1865.000000 2.56393000e+03
1875.000000 2.78248000e+03
1885.000000 3.13419000e+03
1895.000000 3.99072000e+03
1905.000000 3.73924000e+03
1915.000000 4.66440000e+03
1925.000000 4.69933000e+03
1935.000000 3.40696000e+03
1945.000000 6.35018000e+03
1955.000000 6.74649000e+03
1967.000000 9.29309000e+03
1976.000000 8.25257000e+03
1984.000000 8.31392000e+03
1995.000000 1.08361000e+04
2005.000000 1.18238000e+04
2015.000000 1.43353000e+04
2025.000000 9.28910000e+03
2035.000000 1.74782000e+04
2045.000000 2.20064000e+04
2055.000000 2.09684000e+04
2065.000000 2.26326000e+04
2074.000000 2.27318000e+04
2078.000000 3.68687000e+04
2085.000000 3.69621000e+04
2095.000000 5.95837000e+04
2105.000000 8.53524000e+04
2115.000000 1.07640000e+05
2125.000000 6.92769000e+04
2135.000000 9.12933000e+04
2145.000000 1.30197000e+05
2155.000000 1.25819000e+05
2165.000000 1.07275000e+05
2175.000000 1.13975000e+05
2185.000000 1.54425000e+05
2195.000000 1.63100000e+05
2205.000000 1.45902000e+05
2215.000000 8.51326000e+04
2225.000000 1.49196000e+05
2235.000000 2.21231000e+05
2245.000000 2.16514000e+05
2255.000000 1.55181000e+05
2265.000000 1.26180000e+05
2275.000000 1.44712000e+05
2285.000000 2.17781000e+05
2295.000000 1.66176000e+05
2305.000000 1.98362000e+05
2315.000000 1.92912000e+05
2325.000000 1.86266000e+05
2335.000000 1.57029000e+05
2345.000000 9.52267000e+04
2355.000000 1.99076000e+05
2365.000000 1.06993000e+05
2375.000000 1.51109000e+05
2385.000000 7.72967000e+04
2395.000000 1.08644000e+05
2405.000000 1.14471000e+05
2415.000000 1.31101000e+05
2425.000000 2.52920000e+05
2435.000000 2.44785000e+05
2445.000000 3.23338000e+05
2455.000000 3.35723000e+05
2465.000000 2.87844000e+05
2475.000000 2.48167000e+05
2485.000000 9.19796000e+04
2495.000000 1.57760000e+05
2505.000000 2.09461000e+05
2513.000000 7.53319000e+04
2518.000000 4.58261000e+04
2525.000000 5.22932000e+04
2535.000000 9.85172000e+04
2545.000000 1.59189000e+05
2555.000000 4.14078000e+05
2565.000000 3.57036000e+05
2575.000000 5.30496000e+05
2585.000000 4.89929000e+05
2595.000000 4.27005000e+05
2605.000000 3.36241000e+05
2615.000000 3.00498000e+05
2625.000000 4.45189000e+05
2635.000000 8.23211000e+05
2645.000000 1.07187000e+06
2655.000000 1.45144000e+06
2665.000000 1.02698000e+06
2675.000000 1.09992000e+06
2685.000000 1.27255000e+06
2695.000000 8.89562000e+05
2705.000000 1.10835000e+06
2715.000000 7.68564000e+05
2725.000000 6.01702000e+05
2735.000000 7.50918000e+05
2745.000000 4.44044000e+05
2755.000000 6.10260000e+05
2765.000000 7.66741000e+05
2775.000000 6.36719000e+05
2785.000000 2.51288000e+05
2795.000000 9.85415000e+04
2805.000000 1.23725000e+05
2815.000000 4.30013000e+05
2825.000000 7.55146000e+05
2835.000000 6.19849000e+05
2845.000000 2.66772000e+05
2855.000000 1.28945000e+05
2865.000000 4.59884000e+05
2875.000000 9.11739000e+05
2885.000000 8.69175000e+05
2895.000000 1.27412000e+06
2910.000000 1.70073000e+06
2930.000000 1.61607000e+06
2950.000000 1.55181000e+06
2970.000000 1.54418000e+06
2990.000000 1.58157000e+06
3010.000000 1.60873000e+06
3030.000000 1.73451000e+06
3050.000000 1.84175000e+06
3070.000000 1.73197000e+06
3090.000000 1.55827000e+06
3110.000000 1.82279000e+06
3130.000000 1.66486000e+06
3150.000000 1.60389000e+06
3170.000000 1.83920000e+06
3190.000000 1.68882000e+06
3210.000000 1.86308000e+06
3230.000000 1.64942000e+06
3250.000000 2.27896000e+06
3270.000000 2.68441000e+06
3290.000000 2.67662000e+06
3310.000000 2.51553000e+06
3330.000000 2.49407000e+06
3350.000000 2.40268000e+06
3370.000000 1.80355000e+06
3390.000000 2.21017000e+06
3410.000000 2.36795000e+06
3430.000000 2.64882000e+06
3450.000000 2.58642000e+06
3470.000000 2.72927000e+06
3490.000000 2.94731000e+06
3510.000000 3.11961000e+06
3530.000000 2.90091000e+06
3550.000000 3.40753000e+06
3570.000000 2.68625000e+06
3590.000000 2.63618000e+06
3610.000000 2.92981000e+06
3630.000000 2.93678000e+06
3640.000000 2.94654000e+06
3650.000000 3.27682000e+06
3670.000000 3.42329000e+06
3690.000000 3.26814000e+06
3710.000000 3.42815000e+06
3730.000000 2.57655000e+06
3750.000000 2.90453000e+06
3770.000000 3.51631000e+06
3790.000000 3.63980000e+06
3810.000000 3.67228000e+06
3830.000000 2.30898000e+06
3850.000000 3.29062000e+06
3870.000000 3.17217000e+06
3890.000000 3.25690000e+06
3910.000000 3.37275000e+06
3930.000000 1.65679000e+06
3950.000000 2.99041000e+06
3970.000000 2.01890000e+06
3990.000000 4.11229000e+06
4010.000000 4.51229000e+06
4030.000000 4.48687000e+06
4050.000000 4.40178000e+06
4070.000000 4.29381000e+06
4090.000000 4.74918000e+06
4110.000000 4.59356000e+06
4130.000000 4.65277000e+06
4150.000000 4.56472000e+06
4170.000000 4.66944000e+06
4190.000000 4.49923000e+06
4210.000000 4.48676000e+06
4230.000000 4.19599000e+06
4250.000000 4.32199000e+06
4270.000000 4.09729000e+06
4290.000000 3.70054000e+06
4310.000000 3.10715000e+06
4330.000000 4.51539000e+06
4350.000000 4.40170000e+06
4370.000000 4.63058000e+06
4390.000000 4.32810000e+06
4410.000000 4.65253000e+06
4430.000000 4.97804000e+06
4450.000000 4.87213000e+06
4470.000000 5.10202000e+06
4490.000000 5.21102000e+06
4510.000000 5.47755000e+06
4530.000000 5.09774000e+06
4550.000000 5.26266000e+06
4570.000000 5.47176000e+06
4590.000000 5.33012000e+06
4610.000000 5.42738000e+06
4630.000000 5.42400000e+06
4650.000000 5.39765000e+06
4670.000000 5.55173000e+06
4690.000000 5.50808000e+06
4710.000000 5.38973000e+06
4730.000000 5.50607000e+06
4750.000000 5.51941000e+06
4770.000000 5.49822000e+06
4790.000000 5.48804000e+06
4810.000000 5.52391000e+06
4830.000000 5.51976000e+06
4850.000000 5.40578000e+06
4870.000000 5.01519000e+06
4890.000000 5.38640000e+06
4910.000000 5.38933000e+06
4930.000000 5.28539000e+06
4950.000000 5.38868000e+06
4970.000000 5.47778000e+06
4990.000000 5.21882000e+06
5010.000000 5.04080000e+06
5030.000000 5.25660000e+06
5050.000000 5.21756000e+06
5070.000000 5.35367000e+06
5090.000000 5.23868000e+06
5110.000000 5.26138000e+06
5130.000000 5.20082000e+06
5150.000000 5.04375000e+06
5170.000000 4.52291000e+06
5190.000000 4.61469000e+06
5210.000000 5.03345000e+06
5230.000000 5.18785000e+06
5250.000000 5.32294000e+06
5270.000000 4.89602000e+06
5290.000000 5.28919000e+06
5310.000000 5.41109000e+06
5330.000000 5.06648000e+06
5350.000000 5.29442000e+06
5370.000000 5.27347000e+06
5390.000000 5.23195000e+06
5410.000000 5.13902000e+06
5430.000000 5.19310000e+06
5450.000000 5.24726000e+06
5470.000000 5.23464000e+06
5490.000000 5.23370000e+06
5510.000000 5.20346000e+06
5530.000000 5.25274000e+06
5550.000000 5.30778000e+06
5570.000000 5.18206000e+06
5590.000000 5.09369000e+06
5610.000000 5.16110000e+06
5630.000000 5.24192000e+06
5650.000000 5.23202000e+06
5670.000000 5.14233000e+06
5690.000000 5.19363000e+06
5710.000000 5.09306000e+06
5730.000000 5.25195000e+06
5750.000000 5.17354000e+06
5770.000000 5.18979000e+06
5790.000000 5.13242000e+06
5810.000000 5.16601000e+06
5830.000000 5.18505000e+06
5850.000000 5.10804000e+06
5870.000000 5.10467000e+06
5890.000000 4.86884000e+06
5910.000000 5.07615000e+06
5930.000000 5.06639000e+06
5950.000000 5.05665000e+06
5970.000000 5.05422000e+06
5990.000000 5.03648000e+06
6010.000000 4.98894000e+06
6030.000000 4.98108000e+06
6050.000000 5.02529000e+06
6070.000000 4.98568000e+06
6090.000000 4.94903000e+06
6110.000000 4.90881000e+06
6130.000000 4.78149000e+06
6150.000000 4.84606000e+06
6170.000000 4.70752000e+06
6190.000000 4.85895000e+06
6210.000000 4.86170000e+06
6230.000000 4.78714000e+06
6250.000000 4.70409000e+06
6270.000000 4.79851000e+06
6290.000000 4.81032000e+06
6310.000000 4.72652000e+06
6330.000000 4.72716000e+06
6350.000000 4.74797000e+06
6370.000000 4.73863000e+06
6390.000000 4.72202000e+06
6410.000000 4.65162000e+06
6430.000000 4.66911000e+06
6450.000000 4.61756000e+06
6470.000000 4.60642000e+06
6490.000000 4.55956000e+06
6510.000000 4.62635000e+06
6530.000000 4.63684000e+06
6550.000000 4.55210000e+06
6570.000000 4.22481000e+06
6590.000000 4.55097000e+06
6610.000000 4.57736000e+06
6630.000000 4.56238000e+06
6650.000000 4.54239000e+06
6670.000000 4.49944000e+06
6690.000000 4.52956000e+06
6710.000000 4.47733000e+06
6730.000000 4.49460000e+06
6750.000000 4.45808000e+06
6770.000000 4.44920000e+06
6790.000000 4.43798000e+06
6810.000000 4.41309000e+06
6830.000000 4.41700000e+06
6850.000000 4.37110000e+06
6870.000000 4.36875000e+06
6890.000000 4.36731000e+06
6910.000000 4.34633000e+06
6930.000000 4.33163000e+06
6950.000000 4.31025000e+06
6970.000000 4.30517000e+06
6990.000000 4.28558000e+06
7010.000000 4.23410000e+06
7030.000000 4.24907000e+06
7050.000000 4.24129000e+06
7070.000000 4.21770000e+06
7090.000000 4.20414000e+06
7110.000000 4.19974000e+06
7130.000000 4.15539000e+06
7150.000000 4.12422000e+06
7170.000000 4.12733000e+06
7190.000000 4.06869000e+06
7210.000000 4.07115000e+06
7230.000000 4.08902000e+06
7250.000000 4.07495000e+06
7270.000000 4.06724000e+06
7290.000000 4.01625000e+06
7310.000000 4.03456000e+06
7330.000000 4.00226000e+06
7350.000000 4.00673000e+06
7370.000000 4.00388000e+06
7390.000000 3.95616000e+06
7410.000000 3.90499000e+06
7430.000000 3.92467000e+06
7450.000000 3.92215000e+06
7470.000000 3.92724000e+06
7490.000000 3.89622000e+06
7510.000000 3.88538000e+06
7530.000000 3.88038000e+06
7550.000000 3.87459000e+06
7570.000000 3.84928000e+06
7590.000000 3.83157000e+06
7610.000000 3.81790000e+06
7630.000000 3.81376000e+06
7650.000000 3.79340000e+06
7670.000000 3.73093000e+06
7690.000000 3.76493000e+06
7710.000000 3.73376000e+06
7730.000000 3.73086000e+06
7750.000000 3.69582000e+06
7770.000000 3.71850000e+06
7790.000000 3.70117000e+06
7810.000000 3.68965000e+06
7830.000000 3.66124000e+06
7850.000000 3.65312000e+06
7870.000000 3.65587000e+06
7890.000000 3.63923000e+06
7910.000000 3.61327000e+06
7930.000000 3.56661000e+06
7950.000000 3.55936000e+06
7970.000000 3.58190000e+06
7990.000000 3.56942000e+06
8010.000000 3.54082000e+06
8030.000000 3.53261000e+06
8050.000000 3.50455000e+06
8070.000000 3.51214000e+06
8090.000000 3.47937000e+06
8110.000000 3.48273000e+06
8130.000000 3.47867000e+06
8150.000000 3.46196000e+06
8170.000000 3.44774000e+06
8190.000000 3.39104000e+06
8210.000000 3.38801000e+06
8230.000000 3.37601000e+06
8250.000000 3.38756000e+06
8270.000000 3.38783000e+06
8290.000000 3.37030000e+06
8310.000000 3.33522000e+06
8330.000000 3.30880000e+06
8350.000000 3.31836000e+06
8370.000000 3.31236000e+06
8390.000000 3.25404000e+06
8410.000000 3.28823000e+06
8430.000000 3.23803000e+06
8450.000000 3.25928000e+06
8470.000000 3.22910000e+06
8490.000000 3.18652000e+06
8510.000000 3.07038000e+06
8530.000000 3.15101000e+06
8550.000000 2.76930000e+06
8570.000000 3.18680000e+06
8590.000000 3.16187000e+06
8610.000000 3.14669000e+06
8630.000000 3.15195000e+06
8650.000000 3.11227000e+06
8670.000000 2.76961000e+06
8690.000000 3.06727000e+06
8710.000000 3.09904000e+06
8730.000000 3.07971000e+06
8750.000000 3.04474000e+06
8770.000000 3.07348000e+06
8790.000000 3.05336000e+06
8810.000000 2.99394000e+06
8830.000000 3.01736000e+06
8850.000000 3.01691000e+06
8870.000000 2.97316000e+06
8890.000000 3.00665000e+06
8910.000000 2.99573000e+06
8930.000000 2.96896000e+06
8950.000000 2.95951000e+06
8970.000000 2.95701000e+06
8990.000000 2.94969000e+06
9010.000000 2.87039000e+06
9030.000000 2.91867000e+06
9050.000000 2.92262000e+06
9070.000000 2.90086000e+06
9090.000000 2.85624000e+06
9110.000000 2.86573000e+06
9130.000000 2.87059000e+06
9150.000000 2.85918000e+06
9170.000000 2.84672000e+06
9190.000000 2.84099000e+06
9210.000000 2.80495000e+06
9230.000000 2.76817000e+06
9250.000000 2.76978000e+06
9270.000000 2.78800000e+06
9290.000000 2.78155000e+06
9310.000000 2.77653000e+06
9330.000000 2.76351000e+06
9350.000000 2.75157000e+06
9370.000000 2.73559000e+06
9390.000000 2.73254000e+06
9410.000000 2.67222000e+06
9430.000000 2.70182000e+06
9450.000000 2.68500000e+06
9470.000000 2.69303000e+06
9490.000000 2.68492000e+06
9510.000000 2.67143000e+06
9530.000000 2.65965000e+06
9550.000000 2.60874000e+06
9570.000000 2.63705000e+06
9590.000000 2.63433000e+06
9610.000000 2.61694000e+06
9630.000000 2.60738000e+06
9650.000000 2.58137000e+06
9670.000000 2.57803000e+06
9690.000000 2.58084000e+06
9710.000000 2.56851000e+06
9730.000000 2.55816000e+06
9750.000000 2.54129000e+06
9770.000000 2.53923000e+06
9790.000000 2.52029000e+06
9810.000000 2.52823000e+06
9830.000000 2.51503000e+06
9850.000000 2.51026000e+06
9870.000000 2.49550000e+06
9890.000000 2.48514000e+06
9910.000000 2.47459000e+06
9930.000000 2.47395000e+06
9950.000000 2.46504000e+06
9970.000000 2.45653000e+06
9990.000000 2.44515000e+06
10025.000000 2.42657000e+06
10075.000000 2.39215000e+06
10125.000000 2.38498000e+06
10175.000000 2.35464000e+06
10225.000000 2.33913000e+06
10275.000000 2.32131000e+06
10325.000000 2.28895000e+06
10375.000000 2.26953000e+06
10425.000000 2.25891000e+06
10475.000000 2.22926000e+06
10525.000000 2.21860000e+06
10575.000000 2.18790000e+06
10625.000000 2.16656000e+06
10675.000000 2.13586000e+06
10725.000000 2.13191000e+06
10775.000000 2.10198000e+06
10825.000000 2.06821000e+06
10875.000000 2.05987000e+06
10925.000000 2.04150000e+06
10975.000000 2.01947000e+06
11025.000000 2.01750000e+06
11075.000000 2.00906000e+06
11125.000000 1.98739000e+06
11175.000000 1.96805000e+06
11225.000000 1.95776000e+06
11275.000000 1.92849000e+06
11325.000000 1.92137000e+06
11375.000000 1.90265000e+06
11425.000000 1.87905000e+06
11475.000000 1.87779000e+06
11525.000000 1.86213000e+06
11575.000000 1.84194000e+06
11625.000000 1.81573000e+06
11675.000000 1.80994000e+06
11725.000000 1.80300000e+06
11775.000000 1.77811000e+06
11825.000000 1.75262000e+06
11875.000000 1.74254000e+06
11925.000000 1.74571000e+06
11975.000000 1.69588000e+06
12025.000000 1.70103000e+06
12075.000000 1.68491000e+06
12125.000000 1.68114000e+06
12175.000000 1.67668000e+06
12225.000000 1.66360000e+06
12275.000000 1.64388000e+06
12325.000000 1.63751000e+06
12375.000000 1.62229000e+06
12425.000000 1.60833000e+06
12475.000000 1.59999000e+06
12525.000000 1.58674000e+06
12575.000000 1.57505000e+06
12625.000000 1.56241000e+06
12675.000000 1.54957000e+06
12725.000000 1.53995000e+06
12775.000000 1.52891000e+06
12825.000000 1.47911000e+06
12875.000000 1.50455000e+06
12925.000000 1.49144000e+06
12975.000000 1.48467000e+06
13025.000000 1.47178000e+06
13075.000000 1.46330000e+06
13125.000000 1.44430000e+06
13175.000000 1.43312000e+06
13225.000000 1.43223000e+06
13275.000000 1.41475000e+06
13325.000000 1.40819000e+06
13375.000000 1.39995000e+06
13425.000000 1.39245000e+06
13475.000000 1.38280000e+06
13525.000000 1.37379000e+06
13575.000000 1.36025000e+06
13625.000000 1.35146000e+06
13675.000000 1.34311000e+06
13725.000000 1.33582000e+06
13775.000000 1.32632000e+06
13825.000000 1.31832000e+06
13875.000000 1.30896000e+06
13925.000000 1.30031000e+06
13975.000000 1.29058000e+06
14025.000000 1.28021000e+06
14075.000000 1.27544000e+06
14125.000000 1.26265000e+06
14175.000000 1.25970000e+06
14225.000000 1.24299000e+06
14275.000000 1.22962000e+06
14325.000000 1.23434000e+06
14375.000000 1.22882000e+06
14425.000000 1.20923000e+06
14475.000000 1.21321000e+06
14525.000000 1.19828000e+06
14570.000000 1.19332000e+06
14620.000000 1.18817000e+06
14675.000000 1.18110000e+06
14725.000000 1.16913000e+06
14775.000000 1.16425000e+06
14825.000000 1.15840000e+06
14875.000000 1.12907000e+06
14925.000000 1.14826000e+06
14975.000000 1.13840000e+06
15025.000000 1.10081000e+06
15075.000000 1.10939000e+06
15125.000000 1.11845000e+06
15175.000000 1.11384000e+06
15225.000000 1.10072000e+06
15275.000000 1.09695000e+06
15325.000000 1.09068000e+06
15375.000000 1.08171000e+06
15425.000000 1.07698000e+06
15475.000000 1.07263000e+06
15525.000000 1.06275000e+06
15575.000000 1.05384000e+06
15625.000000 1.05266000e+06
15675.000000 1.04059000e+06
15725.000000 1.02917000e+06
15775.000000 1.00630000e+06
15825.000000 1.01814000e+06
15875.000000 9.90064000e+05
15925.000000 1.00595000e+06
15975.000000 9.96869000e+05
16050.000000 9.87750000e+05
16150.000000 9.66542000e+05
16250.000000 9.60661000e+05
16350.000000 9.39475000e+05
16450.000000 9.16101000e+05
16550.000000 9.11157000e+05
16650.000000 8.91616000e+05
16750.000000 8.67869000e+05
16850.000000 8.42671000e+05
16950.000000 8.40900000e+05
17050.000000 8.21281000e+05
17150.000000 8.00550000e+05
17250.000000 7.86788000e+05
17350.000000 7.54053000e+05
17450.000000 7.54467000e+05
17550.000000 7.43900000e+05
17650.000000 7.28142000e+05
17750.000000 7.14604000e+05
17850.000000 7.01831000e+05
17950.000000 6.88584000e+05
18050.000000 6.74003000e+05
18150.000000 6.47246000e+05
18250.000000 6.45534000e+05
18350.000000 6.35844000e+05
18450.000000 6.20548000e+05
18550.000000 6.11499000e+05
18650.000000 5.99110000e+05
18750.000000 5.67533000e+05
18850.000000 5.77071000e+05
18950.000000 5.61030000e+05
19050.000000 5.56692000e+05
19150.000000 5.45531000e+05
19250.000000 5.36533000e+05
19350.000000 5.24260000e+05
19450.000000 5.00978000e+05
19550.000000 5.06048000e+05
19650.000000 4.98062000e+05
19750.000000 4.85739000e+05
19850.000000 4.79346000e+05
19950.000000 4.70587000e+05
20050.000000 4.64396000e+05
20150.000000 4.56996000e+05
20250.000000 4.47606000e+05
20350.000000 4.37732000e+05
20450.000000 4.33326000e+05
20550.000000 4.25292000e+05
20650.000000 4.15785000e+05
20750.000000 4.10475000e+05
20850.000000 4.03358000e+05
20950.000000 3.94898000e+05
21050.000000 3.90365000e+05
21150.000000 3.83507000e+05
21250.000000 3.76978000e+05
21350.000000 3.70363000e+05
21450.000000 3.64822000e+05
21550.000000 3.58589000e+05
21650.000000 3.43879000e+05
21750.000000 3.45128000e+05
21850.000000 3.39435000e+05
21950.000000 3.35599000e+05
22050.000000 3.28098000e+05
22150.000000 3.24789000e+05
22250.000000 3.18970000e+05
22350.000000 3.13965000e+05
22450.000000 3.09059000e+05
22550.000000 3.03486000e+05
22650.000000 2.98543000e+05
22750.000000 2.94520000e+05
22850.000000 2.88794000e+05
22950.000000 2.82506000e+05
23050.000000 2.79841000e+05
23150.000000 2.75586000e+05
23250.000000 2.68022000e+05
23350.000000 2.65704000e+05
23450.000000 2.62785000e+05
23550.000000 2.55164000e+05
23650.000000 2.53859000e+05
23750.000000 2.49930000e+05
23850.000000 2.43229000e+05
23950.000000 2.42180000e+05
24050.000000 2.38952000e+05
24150.000000 2.33063000e+05
24250.000000 2.31023000e+05
24350.000000 2.27891000e+05
24450.000000 2.23793000e+05
24550.000000 2.19517000e+05
24650.000000 2.18298000e+05
24750.000000 2.14139000e+05
24850.000000 2.09149000e+05
24950.000000 2.08547000e+05
25050.000000 2.05744000e+05
25150.000000 2.02015000e+05
25250.000000 1.99431000e+05
25350.000000 1.96905000e+05
25450.000000 1.93482000e+05
25550.000000 1.90955000e+05
25650.000000 1.87929000e+05
25750.000000 1.86296000e+05
25850.000000 1.82134000e+05
25950.000000 1.80867000e+05
26050.000000 1.78427000e+05
26150.000000 1.75522000e+05
26250.000000 1.69633000e+05
26350.000000 1.70475000e+05
26450.000000 1.68079000e+05
26550.000000 1.65431000e+05
26650.000000 1.62903000e+05
26750.000000 1.61382000e+05
26850.000000 1.59842000e+05
26950.000000 1.57574000e+05
27050.000000 1.55480000e+05
27150.000000 1.53314000e+05
27250.000000 1.51339000e+05
27350.000000 1.49242000e+05
27450.000000 1.47376000e+05
27550.000000 1.44725000e+05
27650.000000 1.43252000e+05
27750.000000 1.41487000e+05
27850.000000 1.39613000e+05
27950.000000 1.37714000e+05
28050.000000 1.35877000e+05
28150.000000 1.34191000e+05
28250.000000 1.32478000e+05
28350.000000 1.30832000e+05
28450.000000 1.28951000e+05
28550.000000 1.27374000e+05
28650.000000 1.25646000e+05
28750.000000 1.23302000e+05
28850.000000 1.22512000e+05
28950.000000 1.20975000e+05
29050.000000 1.19349000e+05
29150.000000 1.17942000e+05
29250.000000 1.16075000e+05
29350.000000 1.14826000e+05
29450.000000 1.13266000e+05
29550.000000 1.12026000e+05
29650.000000 1.10479000e+05
29750.000000 1.09197000e+05
29850.000000 1.07913000e+05
29950.000000 1.06425000e+05
30050.000000 1.05013000e+05
30150.000000 1.03928000e+05
30250.000000 1.02607000e+05
30350.000000 1.00628000e+05
30450.000000 9.96876000e+04
30550.000000 9.88907000e+04
30650.000000 9.75567000e+04
30750.000000 9.65248000e+04
30850.000000 9.51638000e+04
30950.000000 9.39874000e+04
31050.000000 9.30548000e+04
31150.000000 9.13285000e+04
31250.000000 9.08028000e+04
31350.000000 8.94923000e+04
31450.000000 8.86498000e+04
31550.000000 8.72902000e+04
31650.000000 8.65740000e+04
31750.000000 8.53568000e+04
31850.000000 8.43983000e+04
31950.000000 8.35054000e+04
32100.000000 8.20102000e+04
32300.000000 8.00264000e+04
32500.000000 7.83062000e+04
32700.000000 7.65163000e+04
32900.000000 7.42628000e+04
33100.000000 7.29967000e+04
33300.000000 7.11780000e+04
33500.000000 6.97768000e+04
33700.000000 6.82577000e+04
33900.000000 6.64680000e+04
34100.000000 6.51463000e+04
34300.000000 6.38956000e+04
34500.000000 6.23784000e+04
34700.000000 6.11263000e+04
34900.000000 5.98277000e+04
35100.000000 5.84751000e+04
35300.000000 5.71765000e+04
35500.000000 5.60677000e+04
35700.000000 5.47585000e+04
35900.000000 5.36327000e+04
36100.000000 5.26411000e+04
36300.000000 5.14823000e+04
36500.000000 5.03484000e+04
36700.000000 4.92725000e+04
36900.000000 4.82474000e+04
37100.000000 4.73098000e+04
37300.000000 4.63354000e+04
37500.000000 4.52236000e+04
37700.000000 4.45357000e+04
37900.000000 4.36944000e+04
38100.000000 4.27775000e+04
38300.000000 4.19673000e+04
38500.000000 4.11460000e+04
38700.000000 4.03496000e+04
38900.000000 3.95125000e+04
39100.000000 3.88013000e+04
39300.000000 3.80366000e+04
39500.000000 3.72854000e+04
39700.000000 3.66167000e+04
39900.000000 3.58293000e+04
40100.000000 3.51846000e+04
40300.000000 3.45556000e+04
40500.000000 3.37259000e+04
40700.000000 3.32338000e+04
40900.000000 3.26506000e+04
41100.000000 3.20437000e+04
41300.000000 3.14801000e+04
41500.000000 3.08711000e+04
41700.000000 3.03114000e+04
41900.000000 2.97824000e+04
42100.000000 2.91175000e+04
42300.000000 2.87354000e+04
42500.000000 2.81987000e+04
42700.000000 2.77037000e+04
42900.000000 2.68913000e+04
43100.000000 2.61920000e+04
43300.000000 2.58924000e+04
43500.000000 2.50854000e+04
43700.000000 2.45683000e+04
43900.000000 2.42590000e+04
44100.000000 2.34544000e+04
44300.000000 2.32009000e+04
44500.000000 2.28406000e+04
44700.000000 2.21484000e+04
44900.000000 2.19795000e+04
45100.000000 2.15757000e+04
45300.000000 2.10166000e+04
45500.000000 2.07995000e+04
45700.000000 2.05313000e+04
45900.000000 1.99790000e+04
46100.000000 1.97883000e+04
46300.000000 1.94455000e+04
46500.000000 1.91514000e+04
46700.000000 1.88892000e+04
46900.000000 1.86035000e+04
47100.000000 1.83167000e+04
47300.000000 1.81218000e+04
47500.000000 1.77841000e+04
47700.000000 1.75045000e+04
47900.000000 1.72618000e+04
48100.000000 1.69199000e+04
48300.000000 1.67703000e+04
48500.000000 1.64898000e+04
48700.000000 1.62069000e+04
48900.000000 1.59753000e+04
49100.000000 1.57423000e+04
49300.000000 1.54980000e+04
49500.000000 1.52560000e+04
49700.000000 1.50262000e+04
49900.000000 1.48334000e+04
50100.000000 1.45599000e+04
50300.000000 1.44022000e+04
50500.000000 1.41274000e+04
50700.000000 1.39425000e+04
50900.000000 1.37747000e+04
51100.000000 1.35343000e+04
51300.000000 1.33431000e+04
51500.000000 1.31499000e+04
51700.000000 1.30126000e+04
51900.000000 1.27733000e+04
52100.000000 1.25865000e+04
52300.000000 1.24029000e+04
52500.000000 1.22524000e+04
52700.000000 1.20997000e+04
52900.000000 1.18717000e+04
53100.000000 1.17346000e+04
53300.000000 1.15579000e+04
53500.000000 1.14129000e+04
53700.000000 1.12537000e+04
53900.000000 1.11033000e+04
54100.000000 1.09485000e+04
54300.000000 1.07644000e+04
54500.000000 1.06498000e+04
54700.000000 1.04961000e+04
54900.000000 1.03415000e+04
55100.000000 1.02194000e+04
55300.000000 1.01052000e+04
55500.000000 9.92369000e+03
55700.000000 9.83276000e+03
55900.000000 9.66945000e+03
56100.000000 9.54808000e+03
56300.000000 9.41416000e+03
56500.000000 9.31341000e+03
56700.000000 9.19017000e+03
56900.000000 9.04644000e+03
57100.000000 8.94851000e+03
57300.000000 8.82981000e+03
57500.000000 8.71243000e+03
57700.000000 8.59703000e+03
57900.000000 8.49560000e+03
58100.000000 8.37628000e+03
58300.000000 8.27014000e+03
58500.000000 8.17086000e+03
58700.000000 8.05624000e+03
58900.000000 7.95102000e+03
59100.000000 7.85070000e+03
59300.000000 7.75605000e+03
59500.000000 7.64973000e+03
59700.000000 7.56452000e+03
59900.000000 7.46821000e+03
60100.000000 7.37384000e+03
60300.000000 7.28160000e+03
60500.000000 7.18670000e+03
60700.000000 7.09597000e+03
60900.000000 7.00545000e+03
61100.000000 6.91123000e+03
61300.000000 6.83563000e+03
61500.000000 6.75259000e+03
61700.000000 6.67009000e+03
61900.000000 6.58891000e+03
62100.000000 6.50776000e+03
62300.000000 6.41868000e+03
62500.000000 6.34121000e+03
62700.000000 6.26833000e+03
62900.000000 6.19216000e+03
63100.000000 6.11380000e+03
63300.000000 6.04655000e+03
63500.000000 5.97096000e+03
63700.000000 5.89945000e+03
63900.000000 5.82678000e+03
64200.000000 5.72483000e+03
64600.000000 5.58645000e+03
65000.000000 5.45335000e+03
65400.000000 5.32871000e+03
65800.000000 5.20487000e+03
66200.000000 5.08284000e+03
66600.000000 4.96626000e+03
67000.000000 4.85132000e+03
67400.000000 4.73935000e+03
67800.000000 4.63245000e+03
68200.000000 4.52821000e+03
68600.000000 4.42649000e+03
69000.000000 4.32705000e+03
69400.000000 4.23007000e+03
69800.000000 4.13765000e+03
70200.000000 4.04430000e+03
70600.000000 3.95779000e+03
71000.000000 3.87192000e+03
71400.000000 3.78765000e+03
71800.000000 3.70603000e+03
72200.000000 3.62648000e+03
72600.000000 3.54904000e+03
73000.000000 3.47427000e+03
73400.000000 3.40028000e+03
73800.000000 3.32949000e+03
74200.000000 3.25968000e+03
74600.000000 3.18820000e+03
75000.000000 3.12414000e+03
75400.000000 3.06173000e+03
75800.000000 2.99927000e+03
76200.000000 2.93815000e+03
76600.000000 2.87884000e+03
77000.000000 2.82036000e+03
77400.000000 2.76437000e+03
77800.000000 2.70925000e+03
78200.000000 2.65548000e+03
78600.000000 2.60304000e+03
79000.000000 2.55187000e+03
79400.000000 2.50196000e+03
79800.000000 2.45328000e+03
80200.000000 2.40556000e+03
80600.000000 2.35884000e+03
81000.000000 2.31412000e+03
81400.000000 2.26926000e+03
81800.000000 2.22657000e+03
82200.000000 2.18477000e+03
82600.000000 2.14362000e+03
83000.000000 2.10348000e+03
83400.000000 2.06380000e+03
83800.000000 2.02580000e+03
84200.000000 1.98853000e+03
84600.000000 1.95198000e+03
85000.000000 1.91629000e+03
85400.000000 1.88138000e+03
85800.000000 1.84720000e+03
86200.000000 1.81377000e+03
86600.000000 1.78133000e+03
87000.000000 1.74946000e+03
87400.000000 1.71815000e+03
87800.000000 1.68767000e+03
88200.000000 1.65782000e+03
88600.000000 1.62849000e+03
89000.000000 1.59999000e+03
89400.000000 1.57232000e+03
89800.000000 1.54475000e+03
90200.000000 1.51835000e+03
90600.000000 1.49239000e+03
91000.000000 1.46661000e+03
91400.000000 1.44131000e+03
91800.000000 1.41715000e+03
92200.000000 1.39318000e+03
92600.000000 1.36962000e+03
93000.000000 1.34697000e+03
93400.000000 1.32406000e+03
93800.000000 1.30192000e+03
94200.000000 1.28086000e+03
94600.000000 1.25915000e+03
95000.000000 1.23905000e+03
95400.000000 1.21875000e+03
95800.000000 1.19829000e+03
96200.000000 1.17939000e+03
96600.000000 1.15955000e+03
97000.000000 1.14164000e+03
97400.000000 1.12311000e+03
97800.000000 1.10441000e+03
98200.000000 1.08785000e+03
98600.000000 1.07056000e+03
99000.000000 1.05335000e+03
99400.000000 1.03650000e+03
99800.000000 1.02106000e+03
100200.000000 1.00512000e+03
200000.000000 6.56027000e+01
400000.000000 4.15603000e+00
600000.000000 8.20967000e-01
800000.000000 2.59001000e-01
1000000.000000 1.05695000e-01
1200000.000000 5.07774000e-02
1400000.000000 2.73052000e-02
1600000.000000 1.59492000e-02
