# teff = 6500.0
# logg = 5.0
# metallicity = -1.0
# wavelength_unit = angstrom
# flux_unit = erg/cm2/s/A
# units_standardized = True
155.200000 7.13622000e-75
158.800000 6.41939000e-73
162.000000 2.95179000e-71
166.000000 2.85992000e-69
170.300000 3.05752000e-67
173.400000 7.65887000e-66
176.800000 2.29461000e-64
180.200000 6.02950000e-63
181.700000 2.45049000e-62
186.100000 1.31196000e-60
191.000000 8.84732000e-59
193.900000 9.63256000e-58
198.400000 3.39963000e-56
201.800000 4.51494000e-55
205.000000 4.75858000e-54
210.500000 2.28587000e-52
216.200000 1.02148000e-50
219.800000 1.01442000e-49
223.000000 7.30739000e-49
226.800000 7.08421000e-48
230.000000 4.52403000e-47
234.000000 4.25737000e-46
240.000000 1.06413000e-44
246.500000 2.90070000e-43
252.400000 5.00703000e-42
256.800000 3.83680000e-41
260.000000 1.61342000e-40
264.000000 9.23608000e-40
268.500000 6.15739000e-39
273.500000 4.69659000e-38
278.500000 3.32645000e-37
284.000000 2.63626000e-36
290.000000 2.29693000e-35
296.000000 1.82401000e-34
301.000000 9.61855000e-34
308.000000 8.97107000e-33
318.000000 1.82307000e-31
328.000000 3.05921000e-30
338.000000 4.30797000e-29
348.000000 5.17729000e-28
357.000000 4.27840000e-27
366.000000 3.17569000e-26
375.000000 2.12814000e-25
385.000000 1.57900000e-24
395.000000 1.05202000e-23
405.000000 6.35037000e-23
414.000000 2.96203000e-22
422.000000 1.09771000e-21
430.000000 3.86367000e-21
441.000000 2.01420000e-20
451.000000 8.38580000e-20
460.000000 2.86161000e-19
470.000000 1.05561000e-18
480.000000 3.67278000e-18
490.000000 1.21077000e-17
500.000000 3.78914000e-17
506.000000 9.74062000e-17
512.000000 2.08683000e-16
520.000000 4.79466000e-16
530.000000 1.31477000e-15
540.000000 3.40814000e-15
550.000000 8.61396000e-15
560.000000 2.08823000e-14
570.000000 4.89389000e-14
580.000000 1.09838000e-13
590.000000 2.44566000e-13
600.000000 5.23214000e-13
610.000000 1.08918000e-12
620.000000 2.20922000e-12
630.000000 4.37173000e-12
640.000000 8.45461000e-12
650.000000 1.59903000e-11
658.000000 2.62149000e-11
665.000000 3.99641000e-11
675.000000 7.17855000e-11
685.000000 1.26525000e-10
695.000000 2.18991000e-10
705.000000 3.72329000e-10
716.000000 6.55515000e-10
726.000000 1.07771000e-09
735.000000 1.66459000e-09
745.000000 2.66163000e-09
755.000000 4.19698000e-09
765.000000 6.53004000e-09
775.000000 1.00294000e-08
785.000000 1.52165000e-08
795.000000 2.27733000e-08
805.000000 3.37933000e-08
815.000000 4.95583000e-08
825.000000 7.19003000e-08
835.000000 1.03267000e-07
845.000000 1.46877000e-07
855.000000 2.06942000e-07
865.000000 2.88927000e-07
875.000000 3.99755000e-07
885.000000 5.48770000e-07
895.000000 7.47086000e-07
905.000000 1.00890000e-06
915.000000 2.34562000e-03
925.000000 9.23920000e-03
935.000000 1.25698000e-02
945.000000 1.76839000e-02
955.000000 2.46924000e-02
965.000000 3.31268000e-02
975.000000 4.08106000e-02
985.000000 5.67603000e-02
995.000000 7.33995000e-02
1005.000000 9.80517000e-02
1015.000000 1.23277000e-01
1025.000000 1.44664000e-01
1035.000000 2.05121000e-01
1045.000000 2.67903000e-01
1055.000000 3.29825000e-01
1065.000000 4.19967000e-01
1075.000000 5.33167000e-01
1085.000000 6.77247000e-01
1095.000000 8.26588000e-01
1105.000000 1.71089000e+00
1115.000000 3.64631000e+00
1125.000000 5.05342000e+00
1135.000000 7.44262000e+00
1145.000000 9.19765000e+00
1155.000000 1.00947000e+01
1165.000000 1.19415000e+01
1175.000000 1.38470000e+01
1185.000000 1.41514000e+01
1195.000000 9.86338000e+00
1205.000000 7.90262000e+00
1215.000000 4.19775000e+00
1225.000000 9.99273000e+00
1235.000000 2.14914000e+01
1245.000000 3.63574000e+01
1255.000000 5.42577000e+01
1265.000000 6.93226000e+01
1275.000000 9.29990000e+01
1285.000000 1.36838000e+02
1295.000000 1.64328000e+02
1305.000000 2.11315000e+02
1315.000000 2.53001000e+02
1325.000000 3.04302000e+02
1335.000000 3.46750000e+02
1345.000000 4.15604000e+02
1355.000000 4.61816000e+02
1365.000000 5.57140000e+02
1375.000000 6.14922000e+02
1385.000000 6.80528000e+02
1395.000000 7.78693000e+02
1405.000000 8.66371000e+02
1415.000000 1.02057000e+03
1425.000000 1.10203000e+03
1435.000000 1.21137000e+03
1442.000000 1.40721000e+03
1447.000000 1.39196000e+03
1455.000000 1.59926000e+03
1465.000000 1.68757000e+03
1475.000000 1.89696000e+03
1485.000000 2.08589000e+03
1495.000000 2.38256000e+03
1505.000000 2.68997000e+03
1512.000000 2.80980000e+03
1517.000000 2.89526000e+03
1525.000000 3.29521000e+03
1535.000000 4.19079000e+03
1545.000000 4.57705000e+03
1555.000000 5.00026000e+03
1565.000000 4.96071000e+03
1575.000000 5.84163000e+03
1585.000000 6.32570000e+03
1595.000000 7.01400000e+03
1605.000000 7.39397000e+03
1615.000000 8.46514000e+03
1625.000000 9.46494000e+03
1635.000000 1.17984000e+04
1645.000000 1.50913000e+04
1655.000000 1.42369000e+04
1665.000000 2.09454000e+04
1672.000000 1.93379000e+04
1677.000000 2.53030000e+04
1685.000000 3.52404000e+04
1695.000000 4.65472000e+04
1705.000000 1.18599000e+05
1715.000000 3.01732000e+05
1725.000000 5.23170000e+05
1735.000000 8.69341000e+05
1745.000000 9.98269000e+05
1755.000000 1.47461000e+06
1765.000000 9.31501000e+05
1775.000000 1.41347000e+06
1785.000000 1.76457000e+06
1795.000000 2.30853000e+06
1805.000000 1.80130000e+06
1815.000000 1.88844000e+06
1825.000000 1.64995000e+06
1835.000000 1.95255000e+06
1845.000000 1.08267000e+06
1855.000000 1.71273000e+06
1865.000000 2.48573000e+06
1875.000000 2.36585000e+06
1885.000000 2.50451000e+06
1895.000000 2.73308000e+06
1905.000000 2.51760000e+06
1915.000000 2.96321000e+06
1925.000000 2.77411000e+06
1935.000000 1.66127000e+06
1945.000000 3.21169000e+06
1955.000000 3.42632000e+06
1967.000000 3.94520000e+06
1976.000000 3.65684000e+06
1984.000000 3.42327000e+06
1995.000000 3.63920000e+06
2005.000000 3.24257000e+06
2015.000000 3.60072000e+06
2025.000000 2.78655000e+06
2035.000000 3.91801000e+06
2045.000000 4.34813000e+06
2055.000000 4.20760000e+06
2065.000000 4.06182000e+06
2074.000000 4.93924000e+06
2078.000000 5.34556000e+06
2085.000000 5.09308000e+06
2095.000000 4.73918000e+06
2105.000000 4.60243000e+06
2115.000000 5.15823000e+06
2125.000000 4.77525000e+06
2135.000000 4.38928000e+06
2145.000000 5.40069000e+06
2155.000000 5.25569000e+06
2165.000000 4.69141000e+06
2175.000000 4.75046000e+06
2185.000000 5.54241000e+06
2195.000000 6.09269000e+06
2205.000000 5.69299000e+06
2215.000000 4.88528000e+06
2225.000000 5.42376000e+06
2235.000000 6.61204000e+06
2245.000000 6.06651000e+06
2255.000000 5.24218000e+06
2265.000000 4.90307000e+06
2275.000000 5.29490000e+06
2285.000000 6.09610000e+06
2295.000000 5.24658000e+06
2305.000000 6.03828000e+06
2315.000000 5.96907000e+06
2325.000000 5.72563000e+06
2335.000000 4.85997000e+06
2345.000000 3.57532000e+06
2355.000000 5.94117000e+06
2365.000000 3.91020000e+06
2375.000000 5.08542000e+06
2385.000000 3.02882000e+06
2395.000000 3.96083000e+06
2405.000000 3.94815000e+06
2415.000000 4.23023000e+06
2425.000000 6.21365000e+06
2435.000000 5.86834000e+06
2445.000000 6.56911000e+06
2455.000000 6.63946000e+06
2465.000000 6.67746000e+06
2475.000000 5.86500000e+06
2485.000000 4.70489000e+06
2495.000000 4.93656000e+06
2505.000000 6.61600000e+06
2513.000000 4.76760000e+06
2518.000000 3.47583000e+06
2525.000000 3.67941000e+06
2535.000000 4.15554000e+06
2545.000000 4.09486000e+06
2555.000000 5.31020000e+06
2565.000000 5.11198000e+06
2575.000000 6.38562000e+06
2585.000000 6.30248000e+06
2595.000000 6.03973000e+06
2605.000000 5.40032000e+06
2615.000000 4.82868000e+06
2625.000000 6.35953000e+06
2635.000000 7.48280000e+06
2645.000000 9.36866000e+06
2655.000000 1.02586000e+07
2665.000000 8.54537000e+06
2675.000000 9.31870000e+06
2685.000000 1.00181000e+07
2695.000000 8.33076000e+06
2705.000000 9.05702000e+06
2715.000000 7.57729000e+06
2725.000000 7.57048000e+06
2735.000000 8.21830000e+06
2745.000000 5.72567000e+06
2755.000000 6.88832000e+06
2765.000000 8.27154000e+06
2775.000000 8.80301000e+06
2785.000000 6.73780000e+06
2795.000000 2.25849000e+06
2805.000000 3.14665000e+06
2815.000000 9.27820000e+06
2825.000000 1.03484000e+07
2835.000000 9.90194000e+06
2845.000000 8.47429000e+06
2855.000000 4.80766000e+06
2865.000000 9.53777000e+06
2875.000000 1.00991000e+07
2885.000000 9.68933000e+06
2895.000000 1.01803000e+07
2910.000000 1.15914000e+07
2930.000000 1.09764000e+07
2950.000000 1.07839000e+07
2970.000000 1.11833000e+07
2990.000000 1.10734000e+07
3010.000000 1.12410000e+07
3030.000000 1.13410000e+07
3050.000000 1.17030000e+07
3070.000000 1.18652000e+07
3090.000000 1.16908000e+07
3110.000000 1.17516000e+07
3130.000000 1.18423000e+07
3150.000000 1.17372000e+07
3170.000000 1.20840000e+07
3190.000000 1.12944000e+07
3210.000000 1.18246000e+07
3230.000000 1.10774000e+07
3250.000000 1.20946000e+07
3270.000000 1.29568000e+07
3290.000000 1.29508000e+07
3310.000000 1.31125000e+07
3330.000000 1.28818000e+07
3350.000000 1.27438000e+07
3370.000000 1.18931000e+07
3390.000000 1.24649000e+07
3410.000000 1.23499000e+07
3430.000000 1.27410000e+07
3450.000000 1.25390000e+07
3470.000000 1.26927000e+07
3490.000000 1.29380000e+07
3510.000000 1.30851000e+07
3530.000000 1.26776000e+07
3550.000000 1.34720000e+07
3570.000000 1.24184000e+07
3590.000000 1.22354000e+07
3610.000000 1.25211000e+07
3630.000000 1.27000000e+07
3640.000000 1.27492000e+07
3650.000000 1.34016000e+07
3670.000000 1.34051000e+07
3690.000000 1.30194000e+07
3710.000000 1.30697000e+07
3730.000000 1.18784000e+07
3750.000000 1.27508000e+07
3770.000000 1.34739000e+07
3790.000000 1.45023000e+07
3810.000000 1.54376000e+07
3830.000000 1.25213000e+07
3850.000000 1.58065000e+07
3870.000000 1.60744000e+07
3890.000000 1.35930000e+07
3910.000000 1.60949000e+07
3930.000000 1.22088000e+07
3950.000000 1.59418000e+07
3970.000000 1.18338000e+07
3990.000000 1.68249000e+07
4010.000000 1.73095000e+07
4030.000000 1.72416000e+07
4050.000000 1.70430000e+07
4070.000000 1.66710000e+07
4090.000000 1.65636000e+07
4110.000000 1.46520000e+07
4130.000000 1.70317000e+07
4150.000000 1.70578000e+07
4170.000000 1.71866000e+07
4190.000000 1.67770000e+07
4210.000000 1.67440000e+07
4230.000000 1.62881000e+07
4250.000000 1.65544000e+07
4270.000000 1.63321000e+07
4290.000000 1.59941000e+07
4310.000000 1.49823000e+07
4330.000000 1.54753000e+07
4350.000000 1.42505000e+07
4370.000000 1.65774000e+07
4390.000000 1.62838000e+07
4410.000000 1.63191000e+07
4430.000000 1.65100000e+07
4450.000000 1.63716000e+07
4470.000000 1.63919000e+07
4490.000000 1.65072000e+07
4510.000000 1.67296000e+07
4530.000000 1.62580000e+07
4550.000000 1.62829000e+07
4570.000000 1.65480000e+07
4590.000000 1.62958000e+07
4610.000000 1.63453000e+07
4630.000000 1.62488000e+07
4650.000000 1.62046000e+07
4670.000000 1.62973000e+07
4690.000000 1.61592000e+07
4710.000000 1.58357000e+07
4730.000000 1.60390000e+07
4750.000000 1.59974000e+07
4770.000000 1.59460000e+07
4790.000000 1.58234000e+07
4810.000000 1.57771000e+07
4830.000000 1.56123000e+07
4850.000000 1.46581000e+07
4870.000000 1.28478000e+07
4890.000000 1.51709000e+07
4910.000000 1.52874000e+07
4930.000000 1.50182000e+07
4950.000000 1.51190000e+07
4970.000000 1.52491000e+07
4990.000000 1.48761000e+07
5010.000000 1.46097000e+07
5030.000000 1.49361000e+07
5050.000000 1.47401000e+07
5070.000000 1.48655000e+07
5090.000000 1.46951000e+07
5110.000000 1.46755000e+07
5130.000000 1.45456000e+07
5150.000000 1.43135000e+07
5170.000000 1.37272000e+07
5190.000000 1.37428000e+07
5210.000000 1.40093000e+07
5230.000000 1.40387000e+07
5250.000000 1.42655000e+07
5270.000000 1.36623000e+07
5290.000000 1.40479000e+07
5310.000000 1.40558000e+07
5330.000000 1.36376000e+07
5350.000000 1.38530000e+07
5370.000000 1.37095000e+07
5390.000000 1.36611000e+07
5410.000000 1.34522000e+07
5430.000000 1.35207000e+07
5450.000000 1.34825000e+07
5470.000000 1.34281000e+07
5490.000000 1.34330000e+07
5510.000000 1.33716000e+07
5530.000000 1.32923000e+07
5550.000000 1.33092000e+07
5570.000000 1.31069000e+07
5590.000000 1.29940000e+07
5610.000000 1.29782000e+07
5630.000000 1.30252000e+07
5650.000000 1.29685000e+07
5670.000000 1.28350000e+07
5690.000000 1.28264000e+07
5710.000000 1.27159000e+07
5730.000000 1.27570000e+07
5750.000000 1.26524000e+07
5770.000000 1.26022000e+07
5790.000000 1.25231000e+07
5810.000000 1.24795000e+07
5830.000000 1.24295000e+07
5850.000000 1.23226000e+07
5870.000000 1.22694000e+07
5890.000000 1.19701000e+07
5910.000000 1.21449000e+07
5930.000000 1.20845000e+07
5950.000000 1.20343000e+07
5970.000000 1.19686000e+07
5990.000000 1.19024000e+07
6010.000000 1.18213000e+07
6030.000000 1.17471000e+07
6050.000000 1.17324000e+07
6070.000000 1.16685000e+07
6090.000000 1.15940000e+07
6110.000000 1.15142000e+07
6130.000000 1.13439000e+07
6150.000000 1.13499000e+07
6170.000000 1.12072000e+07
6190.000000 1.12775000e+07
6210.000000 1.12333000e+07
6230.000000 1.11244000e+07
6250.000000 1.10118000e+07
6270.000000 1.10548000e+07
6290.000000 1.10036000e+07
6310.000000 1.08924000e+07
6330.000000 1.08509000e+07
6350.000000 1.08182000e+07
6370.000000 1.07587000e+07
6390.000000 1.06988000e+07
6410.000000 1.05882000e+07
6430.000000 1.05579000e+07
6450.000000 1.04645000e+07
6470.000000 1.04224000e+07
6490.000000 1.03162000e+07
6510.000000 1.03187000e+07
6530.000000 1.02141000e+07
6550.000000 9.66619000e+06
6570.000000 8.28554000e+06
6590.000000 9.94044000e+06
6610.000000 1.00494000e+07
6630.000000 1.00248000e+07
6650.000000 9.99273000e+06
6670.000000 9.92273000e+06
6690.000000 9.89801000e+06
6710.000000 9.83156000e+06
6730.000000 9.78985000e+06
6750.000000 9.73192000e+06
6770.000000 9.68437000e+06
6790.000000 9.63394000e+06
6810.000000 9.57825000e+06
6830.000000 9.53192000e+06
6850.000000 9.46510000e+06
6870.000000 9.42684000e+06
6890.000000 9.38092000e+06
6910.000000 9.32906000e+06
6930.000000 9.28000000e+06
6950.000000 9.22900000e+06
6970.000000 9.18309000e+06
6990.000000 9.13447000e+06
7010.000000 9.06633000e+06
7030.000000 9.03082000e+06
7050.000000 8.98875000e+06
7070.000000 8.93872000e+06
7090.000000 8.89061000e+06
7110.000000 8.83992000e+06
7130.000000 8.78224000e+06
7150.000000 8.72581000e+06
7170.000000 8.68819000e+06
7190.000000 8.62025000e+06
7210.000000 8.58771000e+06
7230.000000 8.55828000e+06
7250.000000 8.51830000e+06
7270.000000 8.47363000e+06
7290.000000 8.40168000e+06
7310.000000 8.37833000e+06
7330.000000 8.32356000e+06
7350.000000 8.29715000e+06
7370.000000 8.25564000e+06
7390.000000 8.18964000e+06
7410.000000 8.12147000e+06
7430.000000 8.09896000e+06
7450.000000 8.06504000e+06
7470.000000 8.03474000e+06
7490.000000 7.97711000e+06
7510.000000 7.93735000e+06
7530.000000 7.90654000e+06
7550.000000 7.87198000e+06
7570.000000 7.82452000e+06
7590.000000 7.78138000e+06
7610.000000 7.74118000e+06
7630.000000 7.70324000e+06
7650.000000 7.66108000e+06
7670.000000 7.58980000e+06
7690.000000 7.57968000e+06
7710.000000 7.52836000e+06
7730.000000 7.50207000e+06
7750.000000 7.44709000e+06
7770.000000 7.40755000e+06
7790.000000 7.38819000e+06
7810.000000 7.34978000e+06
7830.000000 7.29692000e+06
7850.000000 7.26468000e+06
7870.000000 7.23692000e+06
7890.000000 7.19968000e+06
7910.000000 7.15790000e+06
7930.000000 7.09128000e+06
7950.000000 7.06042000e+06
7970.000000 7.05112000e+06
7990.000000 7.01528000e+06
8010.000000 6.96502000e+06
8030.000000 6.93621000e+06
8050.000000 6.89365000e+06
8070.000000 6.86936000e+06
8090.000000 6.82104000e+06
8110.000000 6.79775000e+06
8130.000000 6.76549000e+06
8150.000000 6.72949000e+06
8170.000000 6.69376000e+06
8190.000000 6.60944000e+06
8210.000000 6.60634000e+06
8230.000000 6.55702000e+06
8250.000000 6.54631000e+06
8270.000000 6.52460000e+06
8290.000000 6.48986000e+06
8310.000000 6.44666000e+06
8330.000000 6.38154000e+06
8350.000000 6.38504000e+06
8370.000000 6.35779000e+06
8390.000000 6.29541000e+06
8410.000000 6.29266000e+06
8430.000000 6.25171000e+06
8450.000000 6.21582000e+06
8470.000000 6.17652000e+06
8490.000000 6.13805000e+06
8510.000000 5.97918000e+06
8530.000000 6.07751000e+06
8550.000000 5.65539000e+06
8570.000000 6.04553000e+06
8590.000000 5.98422000e+06
8610.000000 5.94223000e+06
8630.000000 5.95974000e+06
8650.000000 5.90452000e+06
8670.000000 5.50443000e+06
8690.000000 5.82235000e+06
8710.000000 5.84331000e+06
8730.000000 5.79729000e+06
8750.000000 5.61877000e+06
8770.000000 5.72934000e+06
8790.000000 5.72768000e+06
8810.000000 5.66384000e+06
8830.000000 5.65271000e+06
8850.000000 5.58438000e+06
8870.000000 5.39164000e+06
8890.000000 5.57714000e+06
8910.000000 5.56922000e+06
8930.000000 5.53627000e+06
8950.000000 5.52002000e+06
8970.000000 5.49075000e+06
8990.000000 5.44350000e+06
9010.000000 5.15392000e+06
9030.000000 5.29790000e+06
9050.000000 5.37341000e+06
9070.000000 5.33187000e+06
9090.000000 5.26786000e+06
9110.000000 5.28969000e+06
9130.000000 5.28598000e+06
9150.000000 5.25975000e+06
9170.000000 5.23324000e+06
9190.000000 5.19934000e+06
9210.000000 5.10972000e+06
9230.000000 4.77982000e+06
9250.000000 5.03612000e+06
9270.000000 5.08500000e+06
9290.000000 5.08059000e+06
9310.000000 5.05878000e+06
9330.000000 5.03192000e+06
9350.000000 5.00783000e+06
9370.000000 4.98390000e+06
9390.000000 4.96013000e+06
9410.000000 4.87185000e+06
9430.000000 4.90628000e+06
9450.000000 4.87963000e+06
9470.000000 4.86534000e+06
9490.000000 4.84151000e+06
9510.000000 4.80200000e+06
9530.000000 4.72421000e+06
9550.000000 4.37440000e+06
9570.000000 4.69303000e+06
9590.000000 4.71321000e+06
9610.000000 4.69565000e+06
9630.000000 4.66601000e+06
9650.000000 4.65235000e+06
9670.000000 4.61863000e+06
9690.000000 4.61202000e+06
9710.000000 4.59264000e+06
9730.000000 4.57020000e+06
9750.000000 4.54275000e+06
9770.000000 4.52496000e+06
9790.000000 4.50374000e+06
9810.000000 4.48343000e+06
9830.000000 4.46209000e+06
9850.000000 4.44088000e+06
9870.000000 4.41633000e+06
9890.000000 4.39194000e+06
9910.000000 4.37384000e+06
9930.000000 4.35777000e+06
9950.000000 4.33799000e+06
9970.000000 4.31757000e+06
9990.000000 4.29464000e+06
10025.000000 4.18486000e+06
10075.000000 4.06363000e+06
10125.000000 4.15772000e+06
10175.000000 4.10932000e+06
10225.000000 4.06635000e+06
10275.000000 4.02152000e+06
10325.000000 3.96923000e+06
10375.000000 3.92617000e+06
10425.000000 3.88478000e+06
10475.000000 3.82959000e+06
10525.000000 3.79669000e+06
10575.000000 3.74672000e+06
10625.000000 3.70120000e+06
10675.000000 3.63157000e+06
10725.000000 3.61514000e+06
10775.000000 3.57258000e+06
10825.000000 3.52133000e+06
10875.000000 3.48265000e+06
10925.000000 3.27820000e+06
10975.000000 3.37444000e+06
11025.000000 3.38760000e+06
11075.000000 3.35923000e+06
11125.000000 3.31997000e+06
11175.000000 3.28189000e+06
11225.000000 3.25062000e+06
11275.000000 3.20348000e+06
11325.000000 3.17408000e+06
11375.000000 3.14362000e+06
11425.000000 3.10375000e+06
11475.000000 3.08048000e+06
11525.000000 3.04814000e+06
11575.000000 3.01399000e+06
11625.000000 2.97307000e+06
11675.000000 2.94240000e+06
11725.000000 2.92257000e+06
11775.000000 2.87335000e+06
11825.000000 2.84425000e+06
11875.000000 2.81794000e+06
11925.000000 2.80364000e+06
11975.000000 2.74691000e+06
12025.000000 2.73271000e+06
12075.000000 2.70160000e+06
12125.000000 2.68500000e+06
12175.000000 2.66325000e+06
12225.000000 2.63621000e+06
12275.000000 2.60553000e+06
12325.000000 2.58319000e+06
12375.000000 2.55670000e+06
12425.000000 2.53129000e+06
12475.000000 2.50716000e+06
12525.000000 2.48142000e+06
12575.000000 2.45601000e+06
12625.000000 2.43139000e+06
12675.000000 2.40803000e+06
12725.000000 2.38193000e+06
12775.000000 2.33493000e+06
12825.000000 2.13762000e+06
12875.000000 2.29584000e+06
12925.000000 2.29052000e+06
12975.000000 2.27312000e+06
13025.000000 2.25082000e+06
13075.000000 2.23033000e+06
13125.000000 2.20353000e+06
13175.000000 2.18206000e+06
13225.000000 2.16775000e+06
13275.000000 2.14482000e+06
13325.000000 2.12600000e+06
13375.000000 2.10613000e+06
13425.000000 2.08765000e+06
13475.000000 2.06808000e+06
13525.000000 2.04861000e+06
13575.000000 2.02754000e+06
13625.000000 2.01076000e+06
13675.000000 1.99183000e+06
13725.000000 1.97121000e+06
13775.000000 1.95502000e+06
13825.000000 1.93759000e+06
13875.000000 1.92120000e+06
13925.000000 1.90316000e+06
13975.000000 1.88574000e+06
14025.000000 1.86763000e+06
14075.000000 1.85256000e+06
14125.000000 1.83325000e+06
14175.000000 1.81974000e+06
14225.000000 1.79897000e+06
14275.000000 1.78095000e+06
14325.000000 1.77082000e+06
14375.000000 1.75602000e+06
14425.000000 1.72627000e+06
14475.000000 1.72472000e+06
14525.000000 1.70014000e+06
14570.000000 1.69184000e+06
14620.000000 1.67887000e+06
14675.000000 1.66343000e+06
14725.000000 1.64617000e+06
14775.000000 1.63122000e+06
14825.000000 1.61855000e+06
14875.000000 1.58893000e+06
14925.000000 1.59312000e+06
14975.000000 1.57698000e+06
15025.000000 1.54586000e+06
15075.000000 1.54038000e+06
15125.000000 1.53713000e+06
15175.000000 1.52422000e+06
15225.000000 1.50797000e+06
15275.000000 1.49564000e+06
15325.000000 1.48285000e+06
15375.000000 1.46924000e+06
15425.000000 1.45574000e+06
15475.000000 1.44421000e+06
15525.000000 1.43072000e+06
15575.000000 1.41543000e+06
15625.000000 1.40711000e+06
15675.000000 1.39014000e+06
15725.000000 1.37428000e+06
15775.000000 1.35484000e+06
15825.000000 1.35310000e+06
15875.000000 1.32224000e+06
15925.000000 1.32760000e+06
15975.000000 1.31749000e+06
16050.000000 1.29663000e+06
16150.000000 1.26378000e+06
16250.000000 1.25505000e+06
16350.000000 1.21937000e+06
16450.000000 1.18126000e+06
16550.000000 1.18141000e+06
16650.000000 1.15706000e+06
16750.000000 1.11557000e+06
16850.000000 1.07458000e+06
16950.000000 1.08638000e+06
17050.000000 1.06547000e+06
17150.000000 1.04188000e+06
17250.000000 1.01599000e+06
17350.000000 9.49350000e+05
17450.000000 9.69282000e+05
17550.000000 9.60542000e+05
17650.000000 9.41477000e+05
17750.000000 9.23569000e+05
17850.000000 9.05364000e+05
17950.000000 8.87388000e+05
18050.000000 8.65939000e+05
18150.000000 8.05121000e+05
18250.000000 8.21602000e+05
18350.000000 8.17908000e+05
18450.000000 8.01673000e+05
18550.000000 7.86900000e+05
18650.000000 7.66646000e+05
18750.000000 6.95502000e+05
18850.000000 7.35896000e+05
18950.000000 7.25223000e+05
19050.000000 7.15656000e+05
19150.000000 7.01946000e+05
19250.000000 6.88399000e+05
19350.000000 6.70315000e+05
19450.000000 6.17810000e+05
19550.000000 6.45896000e+05
19650.000000 6.38646000e+05
19750.000000 6.26024000e+05
19850.000000 6.15937000e+05
19950.000000 6.04751000e+05
20050.000000 5.94310000e+05
20150.000000 5.83852000e+05
20250.000000 5.72900000e+05
20350.000000 5.62007000e+05
20450.000000 5.53083000e+05
20550.000000 5.43244000e+05
20650.000000 5.32562000e+05
20750.000000 5.24028000e+05
20850.000000 5.15054000e+05
20950.000000 5.05256000e+05
21050.000000 4.97227000e+05
21150.000000 4.88477000e+05
21250.000000 4.80070000e+05
21350.000000 4.71839000e+05
21450.000000 4.63855000e+05
21550.000000 4.53330000e+05
21650.000000 4.18023000e+05
21750.000000 4.35921000e+05
21850.000000 4.32350000e+05
21950.000000 4.26348000e+05
22050.000000 4.18298000e+05
22150.000000 4.12126000e+05
22250.000000 4.05409000e+05
22350.000000 3.98750000e+05
22450.000000 3.92223000e+05
22550.000000 3.85440000e+05
22650.000000 3.79423000e+05
22750.000000 3.73379000e+05
22850.000000 3.67052000e+05
22950.000000 3.61435000e+05
23050.000000 3.55803000e+05
23150.000000 3.50036000e+05
23250.000000 3.44565000e+05
23350.000000 3.38960000e+05
23450.000000 3.33828000e+05
23550.000000 3.28540000e+05
23650.000000 3.23484000e+05
23750.000000 3.18468000e+05
23850.000000 3.13531000e+05
23950.000000 3.09067000e+05
24050.000000 3.04202000e+05
24150.000000 2.99357000e+05
24250.000000 2.94952000e+05
24350.000000 2.90304000e+05
24450.000000 2.86006000e+05
24550.000000 2.81268000e+05
24650.000000 2.77428000e+05
24750.000000 2.73161000e+05
24850.000000 2.68319000e+05
24950.000000 2.64787000e+05
25050.000000 2.61326000e+05
25150.000000 2.57471000e+05
25250.000000 2.53155000e+05
25350.000000 2.49895000e+05
25450.000000 2.46255000e+05
25550.000000 2.42432000e+05
25650.000000 2.38226000e+05
25750.000000 2.35692000e+05
25850.000000 2.31893000e+05
25950.000000 2.28918000e+05
26050.000000 2.24999000e+05
26150.000000 2.20146000e+05
26250.000000 2.05865000e+05
26350.000000 2.14137000e+05
26450.000000 2.12623000e+05
26550.000000 2.09977000e+05
26650.000000 2.06383000e+05
26750.000000 2.02553000e+05
26850.000000 2.01214000e+05
26950.000000 1.98800000e+05
27050.000000 1.96046000e+05
27150.000000 1.93332000e+05
27250.000000 1.90672000e+05
27350.000000 1.88057000e+05
27450.000000 1.85304000e+05
27550.000000 1.80700000e+05
27650.000000 1.79401000e+05
27750.000000 1.77973000e+05
27850.000000 1.75668000e+05
27950.000000 1.73347000e+05
28050.000000 1.71012000e+05
28150.000000 1.68744000e+05
28250.000000 1.66494000e+05
28350.000000 1.64299000e+05
28450.000000 1.62062000e+05
28550.000000 1.59921000e+05
28650.000000 1.56939000e+05
28750.000000 1.52791000e+05
28850.000000 1.53381000e+05
28950.000000 1.51788000e+05
29050.000000 1.49816000e+05
29150.000000 1.47877000e+05
29250.000000 1.45943000e+05
29350.000000 1.44123000e+05
29450.000000 1.42247000e+05
29550.000000 1.40462000e+05
29650.000000 1.38685000e+05
29750.000000 1.36920000e+05
29850.000000 1.35201000e+05
29950.000000 1.33472000e+05
30050.000000 1.31809000e+05
30150.000000 1.30161000e+05
30250.000000 1.28314000e+05
30350.000000 1.24243000e+05
30450.000000 1.23847000e+05
30550.000000 1.23671000e+05
30650.000000 1.22252000e+05
30750.000000 1.20796000e+05
30850.000000 1.19290000e+05
30950.000000 1.17824000e+05
31050.000000 1.16414000e+05
31150.000000 1.14771000e+05
31250.000000 1.13598000e+05
31350.000000 1.12238000e+05
31450.000000 1.10886000e+05
31550.000000 1.09442000e+05
31650.000000 1.08255000e+05
31750.000000 1.06924000e+05
31850.000000 1.05682000e+05
31950.000000 1.04438000e+05
32100.000000 1.02565000e+05
32300.000000 1.00190000e+05
32500.000000 9.78587000e+04
32700.000000 9.55802000e+04
32900.000000 9.15398000e+04
33100.000000 9.08530000e+04
33300.000000 8.91568000e+04
33500.000000 8.72159000e+04
33700.000000 8.52351000e+04
33900.000000 8.33046000e+04
34100.000000 8.14458000e+04
34300.000000 7.97046000e+04
34500.000000 7.79666000e+04
34700.000000 7.62632000e+04
34900.000000 7.46060000e+04
35100.000000 7.29938000e+04
35300.000000 7.14132000e+04
35500.000000 6.98963000e+04
35700.000000 6.83941000e+04
35900.000000 6.69531000e+04
36100.000000 6.55600000e+04
36300.000000 6.41849000e+04
36500.000000 6.28330000e+04
36700.000000 6.15151000e+04
36900.000000 6.02054000e+04
37100.000000 5.89915000e+04
37300.000000 5.73181000e+04
37500.000000 5.57760000e+04
37700.000000 5.54933000e+04
37900.000000 5.43899000e+04
38100.000000 5.32935000e+04
38300.000000 5.22453000e+04
38500.000000 5.12210000e+04
38700.000000 5.01974000e+04
38900.000000 4.92170000e+04
39100.000000 4.82367000e+04
39300.000000 4.73275000e+04
39500.000000 4.64051000e+04
39700.000000 4.55252000e+04
39900.000000 4.46275000e+04
40100.000000 4.37477000e+04
40300.000000 4.29063000e+04
40500.000000 4.13099000e+04
40700.000000 4.13370000e+04
40900.000000 4.05847000e+04
41100.000000 3.98405000e+04
41300.000000 3.91044000e+04
41500.000000 3.83762000e+04
41700.000000 3.75627000e+04
41900.000000 3.69818000e+04
42100.000000 3.62763000e+04
42300.000000 3.56666000e+04
42500.000000 3.50189000e+04
42700.000000 3.43961000e+04
42900.000000 3.37814000e+04
43100.000000 3.31786000e+04
43300.000000 3.25875000e+04
43500.000000 3.20118000e+04
43700.000000 3.13072000e+04
43900.000000 3.08681000e+04
44100.000000 3.03505000e+04
44300.000000 2.98314000e+04
44500.000000 2.93222000e+04
44700.000000 2.88266000e+04
44900.000000 2.83331000e+04
45100.000000 2.78489000e+04
45300.000000 2.73796000e+04
45500.000000 2.69174000e+04
45700.000000 2.64623000e+04
45900.000000 2.60194000e+04
46100.000000 2.55903000e+04
46300.000000 2.51605000e+04
46500.000000 2.42807000e+04
46700.000000 2.41440000e+04
46900.000000 2.39317000e+04
47100.000000 2.35557000e+04
47300.000000 2.31750000e+04
47500.000000 2.27983000e+04
47700.000000 2.24320000e+04
47900.000000 2.20727000e+04
48100.000000 2.17185000e+04
48300.000000 2.13727000e+04
48500.000000 2.10334000e+04
48700.000000 2.07006000e+04
48900.000000 2.03756000e+04
49100.000000 2.00553000e+04
49300.000000 1.97425000e+04
49500.000000 1.94342000e+04
49700.000000 1.91332000e+04
49900.000000 1.88394000e+04
50100.000000 1.85482000e+04
50300.000000 1.82655000e+04
50500.000000 1.79867000e+04
50700.000000 1.77132000e+04
50900.000000 1.74434000e+04
51100.000000 1.71729000e+04
51300.000000 1.67702000e+04
51500.000000 1.66686000e+04
51700.000000 1.64229000e+04
51900.000000 1.61791000e+04
52100.000000 1.59371000e+04
52300.000000 1.57025000e+04
52500.000000 1.54738000e+04
52700.000000 1.52467000e+04
52900.000000 1.50239000e+04
53100.000000 1.48054000e+04
53300.000000 1.45924000e+04
53500.000000 1.43808000e+04
53700.000000 1.41746000e+04
53900.000000 1.39710000e+04
54100.000000 1.37727000e+04
54300.000000 1.35743000e+04
54500.000000 1.33835000e+04
54700.000000 1.31902000e+04
54900.000000 1.30092000e+04
55100.000000 1.28269000e+04
55300.000000 1.26468000e+04
55500.000000 1.24726000e+04
55700.000000 1.22995000e+04
55900.000000 1.21260000e+04
56100.000000 1.19620000e+04
56300.000000 1.17968000e+04
56500.000000 1.16364000e+04
56700.000000 1.14777000e+04
56900.000000 1.13216000e+04
57100.000000 1.11672000e+04
57300.000000 1.10176000e+04
57500.000000 1.08694000e+04
57700.000000 1.07232000e+04
57900.000000 1.05803000e+04
58100.000000 1.04394000e+04
58300.000000 1.03009000e+04
58500.000000 1.01653000e+04
58700.000000 1.00308000e+04
58900.000000 9.89460000e+03
59100.000000 9.66477000e+03
59300.000000 9.64147000e+03
59500.000000 9.50621000e+03
59700.000000 9.39242000e+03
59900.000000 9.27163000e+03
60100.000000 9.15173000e+03
60300.000000 9.03475000e+03
60500.000000 8.91913000e+03
60700.000000 8.80483000e+03
60900.000000 8.69214000e+03
61100.000000 8.58043000e+03
61300.000000 8.47400000e+03
61500.000000 8.36768000e+03
61700.000000 8.26246000e+03
61900.000000 8.15901000e+03
62100.000000 8.05711000e+03
62300.000000 7.95441000e+03
62500.000000 7.85690000e+03
62700.000000 7.76000000e+03
62900.000000 7.65140000e+03
63100.000000 7.57005000e+03
63300.000000 7.47829000e+03
63500.000000 7.38688000e+03
63700.000000 7.29637000e+03
63900.000000 7.20814000e+03
64200.000000 7.07796000e+03
64600.000000 6.90816000e+03
65000.000000 6.74341000e+03
65400.000000 6.58499000e+03
65800.000000 6.43025000e+03
66200.000000 6.27997000e+03
66600.000000 6.13418000e+03
67000.000000 5.99242000e+03
67400.000000 5.85450000e+03
67800.000000 5.71293000e+03
68200.000000 5.59144000e+03
68600.000000 5.46526000e+03
69000.000000 5.34266000e+03
69400.000000 5.22321000e+03
69800.000000 5.10753000e+03
70200.000000 4.99438000e+03
70600.000000 4.88519000e+03
71000.000000 4.77858000e+03
71400.000000 4.67487000e+03
71800.000000 4.57389000e+03
72200.000000 4.47565000e+03
72600.000000 4.38008000e+03
73000.000000 4.28711000e+03
73400.000000 4.19625000e+03
73800.000000 4.10827000e+03
74200.000000 4.02229000e+03
74600.000000 3.91077000e+03
75000.000000 3.82744000e+03
75400.000000 3.77766000e+03
75800.000000 3.70039000e+03
76200.000000 3.62498000e+03
76600.000000 3.55153000e+03
77000.000000 3.47984000e+03
77400.000000 3.41001000e+03
77800.000000 3.34192000e+03
78200.000000 3.27554000e+03
78600.000000 3.21082000e+03
79000.000000 3.14760000e+03
79400.000000 3.08597000e+03
79800.000000 3.02588000e+03
80200.000000 2.96719000e+03
80600.000000 2.90992000e+03
81000.000000 2.85409000e+03
81400.000000 2.79933000e+03
81800.000000 2.74624000e+03
82200.000000 2.69432000e+03
82600.000000 2.64360000e+03
83000.000000 2.59401000e+03
83400.000000 2.54558000e+03
83800.000000 2.49832000e+03
84200.000000 2.45211000e+03
84600.000000 2.40697000e+03
85000.000000 2.36289000e+03
85400.000000 2.31983000e+03
85800.000000 2.27768000e+03
86200.000000 2.23651000e+03
86600.000000 2.19611000e+03
87000.000000 2.15695000e+03
87400.000000 2.11530000e+03
87800.000000 2.07770000e+03
88200.000000 2.04413000e+03
88600.000000 2.00810000e+03
89000.000000 1.97292000e+03
89400.000000 1.93857000e+03
89800.000000 1.90480000e+03
90200.000000 1.87197000e+03
90600.000000 1.83978000e+03
91000.000000 1.80817000e+03
91400.000000 1.77732000e+03
91800.000000 1.74716000e+03
92200.000000 1.71758000e+03
92600.000000 1.68863000e+03
93000.000000 1.66033000e+03
93400.000000 1.63253000e+03
93800.000000 1.60430000e+03
94200.000000 1.57877000e+03
94600.000000 1.55273000e+03
95000.000000 1.52720000e+03
95400.000000 1.50221000e+03
95800.000000 1.47771000e+03
96200.000000 1.45372000e+03
96600.000000 1.43020000e+03
97000.000000 1.40722000e+03
97400.000000 1.38461000e+03
97800.000000 1.36247000e+03
98200.000000 1.34081000e+03
98600.000000 1.31957000e+03
99000.000000 1.29874000e+03
99400.000000 1.27828000e+03
99800.000000 1.25829000e+03
100200.000000 1.23866000e+03
200000.000000 8.06823000e+01
400000.000000 5.10068000e+00
600000.000000 1.00679000e+00
800000.000000 3.17577000e-01
1000000.000000 1.29610000e-01
1200000.000000 6.22807000e-02
1400000.000000 3.35001000e-02
1600000.000000 1.95737000e-02
