# teff = 5250.0
# logg = 5.0
# metallicity = 0.2
# wavelength_unit = angstrom
# flux_unit = erg/cm2/s/A
# units_standardized = True
198.400000 1.11796000e-78
201.800000 3.61509000e-77
205.000000 8.56971000e-76
210.500000 1.56540000e-73
216.200000 2.59925000e-71
219.800000 5.70942000e-70
223.000000 8.15291000e-69
226.800000 1.73694000e-67
230.000000 2.10961000e-66
234.000000 4.32617000e-65
240.000000 3.31293000e-63
246.500000 2.85612000e-61
252.400000 1.33186000e-59
256.800000 2.07873000e-58
260.000000 1.44445000e-57
264.000000 1.52290000e-56
268.500000 1.97478000e-55
273.500000 3.07463000e-54
278.500000 4.33265000e-53
284.000000 7.11599000e-52
290.000000 1.33038000e-50
296.000000 2.19783000e-49
301.000000 2.08650000e-48
308.000000 4.29412000e-47
318.000000 2.54405000e-45
328.000000 1.16597000e-43
338.000000 4.22553000e-42
348.000000 1.23785000e-40
357.000000 2.18552000e-39
366.000000 3.33881000e-38
375.000000 4.44842000e-37
385.000000 6.82091000e-36
395.000000 9.05237000e-35
405.000000 1.05204000e-33
414.000000 8.61223000e-33
422.000000 5.15749000e-32
430.000000 2.88140000e-31
441.000000 2.75882000e-30
451.000000 1.94531000e-29
460.000000 1.04590000e-28
470.000000 6.26490000e-28
480.000000 3.46840000e-27
490.000000 1.78527000e-26
500.000000 8.56984000e-26
506.000000 2.83214000e-25
512.000000 7.70376000e-25
520.000000 2.42492000e-24
530.000000 9.71745000e-24
540.000000 3.63448000e-23
550.000000 1.30703000e-22
560.000000 4.45324000e-22
570.000000 1.44941000e-21
580.000000 4.46901000e-21
590.000000 1.35162000e-20
600.000000 3.88848000e-20
610.000000 1.07855000e-19
620.000000 2.88565000e-19
630.000000 7.46786000e-19
640.000000 1.87307000e-18
650.000000 4.55722000e-18
658.000000 9.08924000e-18
665.000000 1.63394000e-17
675.000000 3.70921000e-17
685.000000 8.21824000e-17
695.000000 1.77264000e-16
705.000000 3.70434000e-16
716.000000 8.25760000e-16
726.000000 1.66080000e-15
735.000000 3.06077000e-15
745.000000 5.91710000e-15
755.000000 1.12366000e-14
765.000000 2.10005000e-14
775.000000 3.84171000e-14
785.000000 6.93822000e-14
795.000000 1.21425000e-13
805.000000 2.12850000e-13
815.000000 3.68888000e-13
825.000000 6.26180000e-13
835.000000 1.04715000e-12
845.000000 1.72788000e-12
855.000000 2.81517000e-12
865.000000 4.52815000e-12
875.000000 7.16186000e-12
885.000000 1.13078000e-11
895.000000 1.75726000e-11
905.000000 2.70018000e-11
915.000000 2.91930000e-08
925.000000 1.15908000e-07
935.000000 1.65197000e-07
945.000000 2.58797000e-07
955.000000 3.84014000e-07
965.000000 5.81302000e-07
975.000000 8.02461000e-07
985.000000 1.16398000e-06
995.000000 1.65247000e-06
1005.000000 2.43689000e-06
1015.000000 3.41743000e-06
1025.000000 4.51591000e-06
1035.000000 6.69249000e-06
1045.000000 9.40733000e-06
1055.000000 1.23025000e-05
1065.000000 1.71640000e-05
1075.000000 2.33006000e-05
1085.000000 3.14978000e-05
1095.000000 4.08078000e-05
1105.000000 5.32655000e-05
1115.000000 7.17899000e-05
1125.000000 9.61986000e-05
1135.000000 1.27721000e-04
1145.000000 1.69111000e-04
1155.000000 2.19182000e-04
1165.000000 2.84568000e-04
1175.000000 3.69137000e-04
1185.000000 4.69629000e-04
1195.000000 5.77826000e-04
1205.000000 7.37853000e-04
1215.000000 7.29253000e-04
1225.000000 1.16539000e-03
1235.000000 1.50642000e-03
1245.000000 1.89084000e-03
1255.000000 2.30813000e-03
1265.000000 2.87757000e-03
1275.000000 3.56446000e-03
1285.000000 4.43412000e-03
1295.000000 5.38578000e-03
1305.000000 6.57906000e-03
1315.000000 8.12009000e-03
1325.000000 9.97860000e-03
1335.000000 1.21172000e-02
1345.000000 1.47360000e-02
1355.000000 1.79603000e-02
1365.000000 2.15840000e-02
1375.000000 2.59897000e-02
1385.000000 3.06631000e-02
1395.000000 3.73317000e-02
1405.000000 4.42317000e-02
1415.000000 5.36224000e-02
1425.000000 6.29019000e-02
1435.000000 7.48217000e-02
1442.000000 8.62213000e-02
1447.000000 9.29908000e-02
1455.000000 1.06569000e-01
1465.000000 1.26072000e-01
1475.000000 1.44763000e-01
1485.000000 1.70251000e-01
1495.000000 2.04005000e-01
1505.000000 2.39142000e-01
1512.000000 2.62376000e-01
1517.000000 2.87022000e-01
1525.000000 3.40034000e-01
1535.000000 7.58775000e-01
1545.000000 9.37900000e-01
1555.000000 1.38569000e+00
1565.000000 1.42693000e+00
1575.000000 2.41107000e+00
1585.000000 2.81892000e+00
1595.000000 3.15404000e+00
1605.000000 3.56734000e+00
1615.000000 3.95763000e+00
1625.000000 4.21010000e+00
1635.000000 5.68894000e+00
1645.000000 7.68307000e+00
1655.000000 6.44052000e+00
1665.000000 9.12095000e+00
1672.000000 7.54137000e+00
1677.000000 1.18582000e+01
1685.000000 1.92344000e+01
1695.000000 2.69084000e+01
1705.000000 3.34038000e+01
1715.000000 3.49662000e+01
1725.000000 4.73161000e+01
1735.000000 5.41749000e+01
1745.000000 7.41971000e+01
1755.000000 8.15441000e+01
1765.000000 8.65581000e+01
1775.000000 8.47951000e+01
1785.000000 1.35689000e+02
1795.000000 1.27084000e+02
1805.000000 1.71065000e+02
1815.000000 1.45878000e+02
1825.000000 1.94188000e+02
1835.000000 2.01632000e+02
1845.000000 1.89072000e+02
1855.000000 2.02114000e+02
1865.000000 2.90999000e+02
1875.000000 2.91954000e+02
1885.000000 3.36628000e+02
1895.000000 4.29401000e+02
1905.000000 4.05804000e+02
1915.000000 5.29721000e+02
1925.000000 5.03878000e+02
1935.000000 3.73256000e+02
1945.000000 6.29063000e+02
1955.000000 7.65814000e+02
1967.000000 8.86584000e+02
1976.000000 9.20014000e+02
1984.000000 1.03747000e+03
1995.000000 1.03089000e+03
2005.000000 1.10666000e+03
2015.000000 1.24221000e+03
2025.000000 9.96068000e+02
2035.000000 1.39048000e+03
2045.000000 1.51646000e+03
2055.000000 1.67542000e+03
2065.000000 1.65226000e+03
2074.000000 1.62096000e+03
2078.000000 1.94957000e+03
2085.000000 2.02714000e+03
2095.000000 2.48980000e+03
2105.000000 2.76471000e+03
2115.000000 3.00829000e+03
2125.000000 2.87067000e+03
2135.000000 3.47197000e+03
2145.000000 3.22204000e+03
2155.000000 3.37302000e+03
2165.000000 3.31790000e+03
2175.000000 3.52821000e+03
2185.000000 3.51153000e+03
2195.000000 4.64028000e+03
2205.000000 4.24380000e+03
2215.000000 4.16165000e+03
2225.000000 4.43952000e+03
2235.000000 6.01126000e+03
2245.000000 6.49907000e+03
2255.000000 6.51905000e+03
2265.000000 4.93391000e+03
2275.000000 6.69253000e+03
2285.000000 7.44984000e+03
2295.000000 8.43793000e+03
2305.000000 5.95347000e+03
2315.000000 9.86035000e+03
2325.000000 9.59382000e+03
2335.000000 1.17450000e+04
2345.000000 8.64782000e+03
2355.000000 9.12542000e+03
2365.000000 9.88765000e+03
2375.000000 1.03168000e+04
2385.000000 1.18982000e+04
2395.000000 1.25248000e+04
2405.000000 1.61282000e+04
2415.000000 1.25501000e+04
2425.000000 1.52912000e+04
2435.000000 1.79450000e+04
2445.000000 2.14939000e+04
2455.000000 2.32562000e+04
2465.000000 1.96331000e+04
2475.000000 2.32970000e+04
2485.000000 1.33739000e+04
2495.000000 1.47883000e+04
2505.000000 2.24758000e+04
2513.000000 1.66622000e+04
2518.000000 1.37095000e+04
2525.000000 1.45075000e+04
2535.000000 2.31441000e+04
2545.000000 2.91460000e+04
2555.000000 4.10979000e+04
2565.000000 3.49707000e+04
2575.000000 5.01588000e+04
2585.000000 5.01763000e+04
2595.000000 5.39240000e+04
2605.000000 6.12835000e+04
2615.000000 5.80611000e+04
2625.000000 7.87944000e+04
2635.000000 1.44295000e+05
2645.000000 1.39862000e+05
2655.000000 2.56602000e+05
2665.000000 1.57445000e+05
2675.000000 1.44356000e+05
2685.000000 2.03341000e+05
2695.000000 1.11421000e+05
2705.000000 1.80790000e+05
2715.000000 1.34465000e+05
2725.000000 9.17976000e+04
2735.000000 1.10397000e+05
2745.000000 1.13023000e+05
2755.000000 1.32947000e+05
2765.000000 1.59636000e+05
2775.000000 1.57915000e+05
2785.000000 1.04914000e+05
2795.000000 6.54066000e+04
2805.000000 7.75003000e+04
2815.000000 1.44826000e+05
2825.000000 1.55264000e+05
2835.000000 1.23815000e+05
2845.000000 8.05772000e+04
2855.000000 3.93214000e+04
2865.000000 1.08371000e+05
2875.000000 1.53438000e+05
2885.000000 1.94466000e+05
2895.000000 3.01477000e+05
2910.000000 4.64544000e+05
2930.000000 4.93769000e+05
2950.000000 4.95322000e+05
2970.000000 4.82822000e+05
2990.000000 4.89111000e+05
3010.000000 4.68661000e+05
3030.000000 6.41690000e+05
3050.000000 6.94170000e+05
3070.000000 8.31412000e+05
3090.000000 6.89335000e+05
3110.000000 1.04978000e+06
3130.000000 9.50120000e+05
3150.000000 1.07375000e+06
3170.000000 1.25478000e+06
3190.000000 1.05117000e+06
3210.000000 1.09533000e+06
3230.000000 8.86314000e+05
3250.000000 1.45898000e+06
3270.000000 1.88479000e+06
3290.000000 1.93378000e+06
3310.000000 1.69754000e+06
3330.000000 1.69970000e+06
3350.000000 1.58748000e+06
3370.000000 1.16775000e+06
3390.000000 1.38968000e+06
3410.000000 1.48419000e+06
3430.000000 1.59758000e+06
3450.000000 1.59712000e+06
3470.000000 1.70338000e+06
3490.000000 2.06179000e+06
3510.000000 2.28452000e+06
3530.000000 2.01935000e+06
3550.000000 2.48481000e+06
3570.000000 1.46457000e+06
3590.000000 1.47759000e+06
3610.000000 1.91988000e+06
3630.000000 2.02167000e+06
3640.000000 2.04313000e+06
3650.000000 2.53671000e+06
3670.000000 2.79589000e+06
3690.000000 2.43876000e+06
3710.000000 2.51641000e+06
3730.000000 1.33859000e+06
3750.000000 1.58461000e+06
3770.000000 2.45988000e+06
3790.000000 2.43553000e+06
3810.000000 2.14370000e+06
3830.000000 9.12308000e+05
3850.000000 1.60540000e+06
3870.000000 1.68074000e+06
3890.000000 2.13177000e+06
3910.000000 2.38680000e+06
3930.000000 1.04580000e+06
3950.000000 1.92905000e+06
3970.000000 1.32424000e+06
3990.000000 3.25826000e+06
4010.000000 3.87106000e+06
4030.000000 3.77706000e+06
4050.000000 3.53015000e+06
4070.000000 3.38570000e+06
4090.000000 4.30619000e+06
4110.000000 4.03401000e+06
4130.000000 3.94136000e+06
4150.000000 3.87153000e+06
4170.000000 3.96923000e+06
4190.000000 3.86105000e+06
4210.000000 3.89225000e+06
4230.000000 3.15231000e+06
4250.000000 3.92091000e+06
4270.000000 3.63528000e+06
4290.000000 3.30609000e+06
4310.000000 2.98608000e+06
4330.000000 4.35223000e+06
4350.000000 4.36725000e+06
4370.000000 4.87658000e+06
4390.000000 4.16429000e+06
4410.000000 4.41601000e+06
4430.000000 4.47087000e+06
4450.000000 4.47034000e+06
4470.000000 4.97155000e+06
4490.000000 5.07050000e+06
4510.000000 5.81075000e+06
4530.000000 4.95289000e+06
4550.000000 5.32180000e+06
4570.000000 5.65719000e+06
4590.000000 5.36123000e+06
4610.000000 5.57150000e+06
4630.000000 5.45528000e+06
4650.000000 5.45829000e+06
4670.000000 5.76230000e+06
4690.000000 5.60604000e+06
4710.000000 5.24861000e+06
4730.000000 5.53924000e+06
4750.000000 5.58820000e+06
4770.000000 5.54558000e+06
4790.000000 5.62432000e+06
4810.000000 5.67192000e+06
4830.000000 5.82868000e+06
4850.000000 5.51917000e+06
4870.000000 4.93640000e+06
4890.000000 5.45414000e+06
4910.000000 5.46090000e+06
4930.000000 5.23347000e+06
4950.000000 5.47447000e+06
4970.000000 5.43416000e+06
4990.000000 4.93302000e+06
5010.000000 4.57567000e+06
5030.000000 4.92724000e+06
5050.000000 4.84692000e+06
5070.000000 4.99592000e+06
5090.000000 4.76697000e+06
5110.000000 4.85871000e+06
5130.000000 4.67474000e+06
5150.000000 4.38283000e+06
5170.000000 3.23003000e+06
5190.000000 3.43791000e+06
5210.000000 4.54755000e+06
5230.000000 5.13344000e+06
5250.000000 5.41506000e+06
5270.000000 4.46317000e+06
5290.000000 5.43068000e+06
5310.000000 5.83464000e+06
5330.000000 4.94289000e+06
5350.000000 5.49290000e+06
5370.000000 5.52757000e+06
5390.000000 5.37770000e+06
5410.000000 5.16309000e+06
5430.000000 5.35881000e+06
5450.000000 5.56942000e+06
5470.000000 5.46317000e+06
5490.000000 5.37981000e+06
5510.000000 5.34790000e+06
5530.000000 5.48878000e+06
5550.000000 5.67091000e+06
5570.000000 5.43294000e+06
5590.000000 5.11575000e+06
5610.000000 5.48226000e+06
5630.000000 5.58149000e+06
5650.000000 5.55090000e+06
5670.000000 5.36404000e+06
5690.000000 5.48220000e+06
5710.000000 5.28383000e+06
5730.000000 5.77471000e+06
5750.000000 5.52734000e+06
5770.000000 5.62725000e+06
5790.000000 5.35425000e+06
5810.000000 5.57124000e+06
5830.000000 5.73714000e+06
5850.000000 5.52129000e+06
5870.000000 5.52626000e+06
5890.000000 4.62017000e+06
5910.000000 5.46595000e+06
5930.000000 5.47874000e+06
5950.000000 5.48635000e+06
5970.000000 5.54890000e+06
5990.000000 5.46561000e+06
6010.000000 5.36619000e+06
6030.000000 5.39955000e+06
6050.000000 5.54691000e+06
6070.000000 5.49140000e+06
6090.000000 5.27946000e+06
6110.000000 5.25333000e+06
6130.000000 4.92776000e+06
6150.000000 5.10832000e+06
6170.000000 4.69070000e+06
6190.000000 5.26492000e+06
6210.000000 5.26593000e+06
6230.000000 5.07998000e+06
6250.000000 4.92157000e+06
6270.000000 5.15998000e+06
6290.000000 5.22034000e+06
6310.000000 4.96836000e+06
6330.000000 4.97697000e+06
6350.000000 4.91091000e+06
6370.000000 4.90538000e+06
6390.000000 5.12752000e+06
6410.000000 4.96648000e+06
6430.000000 5.01454000e+06
6450.000000 4.83289000e+06
6470.000000 4.81584000e+06
6490.000000 4.81814000e+06
6510.000000 4.98628000e+06
6530.000000 5.01833000e+06
6550.000000 4.91072000e+06
6570.000000 4.63763000e+06
6590.000000 4.94064000e+06
6610.000000 4.98726000e+06
6630.000000 4.92851000e+06
6650.000000 4.92251000e+06
6670.000000 4.84324000e+06
6690.000000 4.92224000e+06
6710.000000 4.78165000e+06
6730.000000 4.88794000e+06
6750.000000 4.80089000e+06
6770.000000 4.79204000e+06
6790.000000 4.75323000e+06
6810.000000 4.72121000e+06
6830.000000 4.80230000e+06
6850.000000 4.64680000e+06
6870.000000 4.71094000e+06
6890.000000 4.68982000e+06
6910.000000 4.67621000e+06
6930.000000 4.64031000e+06
6950.000000 4.64040000e+06
6970.000000 4.62644000e+06
6990.000000 4.60217000e+06
7010.000000 4.43549000e+06
7030.000000 4.55505000e+06
7050.000000 4.56032000e+06
7070.000000 4.48255000e+06
7090.000000 4.48518000e+06
7110.000000 4.52653000e+06
7130.000000 4.41587000e+06
7150.000000 4.32304000e+06
7170.000000 4.38022000e+06
7190.000000 4.20854000e+06
7210.000000 4.29936000e+06
7230.000000 4.35049000e+06
7250.000000 4.34179000e+06
7270.000000 4.34986000e+06
7290.000000 4.21176000e+06
7310.000000 4.31607000e+06
7330.000000 4.23996000e+06
7350.000000 4.27222000e+06
7370.000000 4.28818000e+06
7390.000000 4.17056000e+06
7410.000000 4.11487000e+06
7430.000000 4.16659000e+06
7450.000000 4.15348000e+06
7470.000000 4.21998000e+06
7490.000000 4.16336000e+06
7510.000000 4.17828000e+06
7530.000000 4.18256000e+06
7550.000000 4.15997000e+06
7570.000000 4.09259000e+06
7590.000000 4.09485000e+06
7610.000000 4.03302000e+06
7630.000000 4.11072000e+06
7650.000000 4.05237000e+06
7670.000000 3.90191000e+06
7690.000000 4.01300000e+06
7710.000000 4.00165000e+06
7730.000000 3.96931000e+06
7750.000000 3.91723000e+06
7770.000000 4.00367000e+06
7790.000000 4.00357000e+06
7810.000000 3.93837000e+06
7830.000000 3.90992000e+06
7850.000000 3.90225000e+06
7870.000000 3.94862000e+06
7890.000000 3.90702000e+06
7910.000000 3.85893000e+06
7930.000000 3.73513000e+06
7950.000000 3.74753000e+06
7970.000000 3.84476000e+06
7990.000000 3.82890000e+06
8010.000000 3.78649000e+06
8030.000000 3.76654000e+06
8050.000000 3.70605000e+06
8070.000000 3.75226000e+06
8090.000000 3.68653000e+06
8110.000000 3.70090000e+06
8130.000000 3.74792000e+06
8150.000000 3.70834000e+06
8170.000000 3.68947000e+06
8190.000000 3.53005000e+06
8210.000000 3.52366000e+06
8230.000000 3.57402000e+06
8250.000000 3.60758000e+06
8270.000000 3.64193000e+06
8290.000000 3.61007000e+06
8310.000000 3.47428000e+06
8330.000000 3.49660000e+06
8350.000000 3.47441000e+06
8370.000000 3.52209000e+06
8390.000000 3.38458000e+06
8410.000000 3.49830000e+06
8430.000000 3.38593000e+06
8450.000000 3.44057000e+06
8470.000000 3.41541000e+06
8490.000000 3.35298000e+06
8510.000000 3.18170000e+06
8530.000000 3.25067000e+06
8550.000000 2.72385000e+06
8570.000000 3.39213000e+06
8590.000000 3.33556000e+06
8610.000000 3.33223000e+06
8630.000000 3.34796000e+06
8650.000000 3.26876000e+06
8670.000000 2.74149000e+06
8690.000000 3.16645000e+06
8710.000000 3.24746000e+06
8730.000000 3.21026000e+06
8750.000000 3.22763000e+06
8770.000000 3.25711000e+06
8790.000000 3.22807000e+06
8810.000000 3.04680000e+06
8830.000000 3.19140000e+06
8850.000000 3.20590000e+06
8870.000000 3.14745000e+06
8890.000000 3.20324000e+06
8910.000000 3.20073000e+06
8930.000000 3.11541000e+06
8950.000000 3.13104000e+06
8970.000000 3.12819000e+06
8990.000000 3.11983000e+06
9010.000000 2.99137000e+06
9030.000000 3.07959000e+06
9050.000000 3.13766000e+06
9070.000000 3.09622000e+06
9090.000000 2.99749000e+06
9110.000000 2.99170000e+06
9130.000000 3.06167000e+06
9150.000000 3.02891000e+06
9170.000000 3.00832000e+06
9190.000000 3.02977000e+06
9210.000000 2.93530000e+06
9230.000000 2.93215000e+06
9250.000000 2.86206000e+06
9270.000000 2.93377000e+06
9290.000000 2.93324000e+06
9310.000000 2.95447000e+06
9330.000000 2.93203000e+06
9350.000000 2.91412000e+06
9370.000000 2.89375000e+06
9390.000000 2.89122000e+06
9410.000000 2.73587000e+06
9430.000000 2.82286000e+06
9450.000000 2.77587000e+06
9470.000000 2.85472000e+06
9490.000000 2.85939000e+06
9510.000000 2.82130000e+06
9530.000000 2.79583000e+06
9550.000000 2.73625000e+06
9570.000000 2.77123000e+06
9590.000000 2.80208000e+06
9610.000000 2.74841000e+06
9630.000000 2.75155000e+06
9650.000000 2.68858000e+06
9670.000000 2.69080000e+06
9690.000000 2.72223000e+06
9710.000000 2.69481000e+06
9730.000000 2.68911000e+06
9750.000000 2.66133000e+06
9770.000000 2.67172000e+06
9790.000000 2.61148000e+06
9810.000000 2.68239000e+06
9830.000000 2.62396000e+06
9850.000000 2.67016000e+06
9870.000000 2.64133000e+06
9890.000000 2.63035000e+06
9910.000000 2.60559000e+06
9930.000000 2.63346000e+06
9950.000000 2.62068000e+06
9970.000000 2.61518000e+06
9990.000000 2.58648000e+06
10025.000000 2.57599000e+06
10075.000000 2.53898000e+06
10125.000000 2.53690000e+06
10175.000000 2.47644000e+06
10225.000000 2.46896000e+06
10275.000000 2.46918000e+06
10325.000000 2.41889000e+06
10375.000000 2.39952000e+06
10425.000000 2.39829000e+06
10475.000000 2.35444000e+06
10525.000000 2.35681000e+06
10575.000000 2.31187000e+06
10625.000000 2.28900000e+06
10675.000000 2.24086000e+06
10725.000000 2.23970000e+06
10775.000000 2.20196000e+06
10825.000000 2.11248000e+06
10875.000000 2.13881000e+06
10925.000000 2.15330000e+06
10975.000000 2.07458000e+06
11025.000000 2.10196000e+06
11075.000000 2.11183000e+06
11125.000000 2.08421000e+06
11175.000000 2.06413000e+06
11225.000000 2.05804000e+06
11275.000000 2.00471000e+06
11325.000000 2.01043000e+06
11375.000000 1.98461000e+06
11425.000000 1.95643000e+06
11475.000000 1.98056000e+06
11525.000000 1.96304000e+06
11575.000000 1.93557000e+06
11625.000000 1.89997000e+06
11675.000000 1.90195000e+06
11725.000000 1.90810000e+06
11775.000000 1.86783000e+06
11825.000000 1.80591000e+06
11875.000000 1.82298000e+06
11925.000000 1.85385000e+06
11975.000000 1.74044000e+06
12025.000000 1.77359000e+06
12075.000000 1.73767000e+06
12125.000000 1.76480000e+06
12175.000000 1.77926000e+06
12225.000000 1.76584000e+06
12275.000000 1.73464000e+06
12325.000000 1.73096000e+06
12375.000000 1.71633000e+06
12425.000000 1.68212000e+06
12475.000000 1.69670000e+06
12525.000000 1.67290000e+06
12575.000000 1.66822000e+06
12625.000000 1.65407000e+06
12675.000000 1.62772000e+06
12725.000000 1.62761000e+06
12775.000000 1.62406000e+06
12825.000000 1.53307000e+06
12875.000000 1.58200000e+06
12925.000000 1.56232000e+06
12975.000000 1.57355000e+06
13025.000000 1.54317000e+06
13075.000000 1.54924000e+06
13125.000000 1.50142000e+06
13175.000000 1.49888000e+06
13225.000000 1.51544000e+06
13275.000000 1.47989000e+06
13325.000000 1.47910000e+06
13375.000000 1.47187000e+06
13425.000000 1.47136000e+06
13475.000000 1.45757000e+06
13525.000000 1.45209000e+06
13575.000000 1.42434000e+06
13625.000000 1.41624000e+06
13675.000000 1.40854000e+06
13725.000000 1.41018000e+06
13775.000000 1.39515000e+06
13825.000000 1.39121000e+06
13875.000000 1.38020000e+06
13925.000000 1.37080000e+06
13975.000000 1.35643000e+06
14025.000000 1.33891000e+06
14075.000000 1.34099000e+06
14125.000000 1.31214000e+06
14175.000000 1.32531000e+06
14225.000000 1.29132000e+06
14275.000000 1.24506000e+06
14325.000000 1.28402000e+06
14375.000000 1.28901000e+06
14425.000000 1.24267000e+06
14475.000000 1.26497000e+06
14525.000000 1.24239000e+06
14570.000000 1.24189000e+06
14620.000000 1.23077000e+06
14675.000000 1.22667000e+06
14725.000000 1.19533000e+06
14775.000000 1.20122000e+06
14825.000000 1.19786000e+06
14875.000000 1.11768000e+06
14925.000000 1.19563000e+06
14975.000000 1.18013000e+06
15025.000000 1.06844000e+06
15075.000000 1.11703000e+06
15125.000000 1.15328000e+06
15175.000000 1.16045000e+06
15225.000000 1.12601000e+06
15275.000000 1.14384000e+06
15325.000000 1.12875000e+06
15375.000000 1.12316000e+06
15425.000000 1.11741000e+06
15475.000000 1.11654000e+06
15525.000000 1.09201000e+06
15575.000000 1.08676000e+06
15625.000000 1.09729000e+06
15675.000000 1.05867000e+06
15725.000000 1.05807000e+06
15775.000000 9.79176000e+05
15825.000000 1.03623000e+06
15875.000000 9.86925000e+05
15925.000000 1.01571000e+06
15975.000000 1.00925000e+06
16050.000000 1.01248000e+06
16150.000000 9.85348000e+05
16250.000000 9.83217000e+05
16350.000000 9.60248000e+05
16450.000000 9.48859000e+05
16550.000000 9.42049000e+05
16650.000000 9.18686000e+05
16750.000000 8.91273000e+05
16850.000000 8.75418000e+05
16950.000000 8.76855000e+05
17050.000000 8.45385000e+05
17150.000000 8.20672000e+05
17250.000000 8.05538000e+05
17350.000000 7.77707000e+05
17450.000000 7.70439000e+05
17550.000000 7.68828000e+05
17650.000000 7.53259000e+05
17750.000000 7.33257000e+05
17850.000000 7.29711000e+05
17950.000000 7.15044000e+05
18050.000000 6.95961000e+05
18150.000000 6.75585000e+05
18250.000000 6.63055000e+05
18350.000000 6.51004000e+05
18450.000000 6.30973000e+05
18550.000000 6.28929000e+05
18650.000000 6.10505000e+05
18750.000000 5.80242000e+05
18850.000000 5.91989000e+05
18950.000000 5.60243000e+05
19050.000000 5.71392000e+05
19150.000000 5.56975000e+05
19250.000000 5.49149000e+05
19350.000000 5.31807000e+05
19450.000000 5.10010000e+05
19550.000000 5.19631000e+05
19650.000000 5.09282000e+05
19750.000000 4.89960000e+05
19850.000000 4.89386000e+05
19950.000000 4.79929000e+05
20050.000000 4.78265000e+05
20150.000000 4.73474000e+05
20250.000000 4.58033000e+05
20350.000000 4.45474000e+05
20450.000000 4.47857000e+05
20550.000000 4.35087000e+05
20650.000000 4.23957000e+05
20750.000000 4.22129000e+05
20850.000000 4.11374000e+05
20950.000000 4.00847000e+05
21050.000000 4.02820000e+05
21150.000000 3.94085000e+05
21250.000000 3.85370000e+05
21350.000000 3.81835000e+05
21450.000000 3.76285000e+05
21550.000000 3.69329000e+05
21650.000000 3.54392000e+05
21750.000000 3.50408000e+05
21850.000000 3.47160000e+05
21950.000000 3.46248000e+05
22050.000000 3.33778000e+05
22150.000000 3.35570000e+05
22250.000000 3.26792000e+05
22350.000000 3.22065000e+05
22450.000000 3.17453000e+05
22550.000000 3.11754000e+05
22650.000000 3.04161000e+05
22750.000000 3.03742000e+05
22850.000000 2.92835000e+05
22950.000000 2.83966000e+05
23050.000000 2.85272000e+05
23150.000000 2.81105000e+05
23250.000000 2.67353000e+05
23350.000000 2.67465000e+05
23450.000000 2.67142000e+05
23550.000000 2.52658000e+05
23650.000000 2.56904000e+05
23750.000000 2.47452000e+05
23850.000000 2.38394000e+05
23950.000000 2.44183000e+05
24050.000000 2.41480000e+05
24150.000000 2.27799000e+05
24250.000000 2.31267000e+05
24350.000000 2.29473000e+05
24450.000000 2.22823000e+05
24550.000000 2.14698000e+05
24650.000000 2.19439000e+05
24750.000000 2.12540000e+05
24850.000000 2.05104000e+05
24950.000000 2.09933000e+05
25050.000000 2.05690000e+05
25150.000000 2.01527000e+05
25250.000000 2.01399000e+05
25350.000000 1.98424000e+05
25450.000000 1.91615000e+05
25550.000000 1.91544000e+05
25650.000000 1.89183000e+05
25750.000000 1.88926000e+05
25850.000000 1.80251000e+05
25950.000000 1.82132000e+05
26050.000000 1.81042000e+05
26150.000000 1.78106000e+05
26250.000000 1.71383000e+05
26350.000000 1.71506000e+05
26450.000000 1.67858000e+05
26550.000000 1.66201000e+05
26650.000000 1.63704000e+05
26750.000000 1.64815000e+05
26850.000000 1.62805000e+05
26950.000000 1.59950000e+05
27050.000000 1.58301000e+05
27150.000000 1.55655000e+05
27250.000000 1.53962000e+05
27350.000000 1.51775000e+05
27450.000000 1.50396000e+05
27550.000000 1.47773000e+05
27650.000000 1.45814000e+05
27750.000000 1.43415000e+05
27850.000000 1.41716000e+05
27950.000000 1.40579000e+05
28050.000000 1.38558000e+05
28150.000000 1.36891000e+05
28250.000000 1.35140000e+05
28350.000000 1.33912000e+05
28450.000000 1.31054000e+05
28550.000000 1.29976000e+05
28650.000000 1.28308000e+05
28750.000000 1.26510000e+05
28850.000000 1.25051000e+05
28950.000000 1.23577000e+05
29050.000000 1.21871000e+05
29150.000000 1.20633000e+05
29250.000000 1.16696000e+05
29350.000000 1.16974000e+05
29450.000000 1.15421000e+05
29550.000000 1.14442000e+05
29650.000000 1.12815000e+05
29750.000000 1.11581000e+05
29850.000000 1.10200000e+05
29950.000000 1.08302000e+05
30050.000000 1.06761000e+05
30150.000000 1.06199000e+05
30250.000000 1.04444000e+05
30350.000000 1.03037000e+05
30450.000000 1.01841000e+05
30550.000000 1.00970000e+05
30650.000000 9.92049000e+04
30750.000000 9.86962000e+04
30850.000000 9.63790000e+04
30950.000000 9.57651000e+04
31050.000000 9.50906000e+04
31150.000000 9.21283000e+04
31250.000000 9.27278000e+04
31350.000000 9.13053000e+04
31450.000000 9.06228000e+04
31550.000000 8.88343000e+04
31650.000000 8.79316000e+04
31750.000000 8.70610000e+04
31850.000000 8.60695000e+04
31950.000000 8.53212000e+04
32100.000000 8.36189000e+04
32300.000000 8.14708000e+04
32500.000000 7.97293000e+04
32700.000000 7.79643000e+04
32900.000000 7.58151000e+04
33100.000000 7.40282000e+04
33300.000000 7.21700000e+04
33500.000000 7.10088000e+04
33700.000000 6.93358000e+04
33900.000000 6.74318000e+04
34100.000000 6.60113000e+04
34300.000000 6.50580000e+04
34500.000000 6.35526000e+04
34700.000000 6.22058000e+04
34900.000000 6.08670000e+04
35100.000000 5.95821000e+04
35300.000000 5.80774000e+04
35500.000000 5.70931000e+04
35700.000000 5.56807000e+04
35900.000000 5.45096000e+04
36100.000000 5.36789000e+04
36300.000000 5.24686000e+04
36500.000000 5.07386000e+04
36700.000000 4.98291000e+04
36900.000000 4.85821000e+04
37100.000000 4.76930000e+04
37300.000000 4.70069000e+04
37500.000000 4.54004000e+04
37700.000000 4.51029000e+04
37900.000000 4.42636000e+04
38100.000000 4.32239000e+04
38300.000000 4.26504000e+04
38500.000000 4.18501000e+04
38700.000000 4.08678000e+04
38900.000000 3.98536000e+04
39100.000000 3.95061000e+04
39300.000000 3.86757000e+04
39500.000000 3.75269000e+04
39700.000000 3.71354000e+04
39900.000000 3.60849000e+04
40100.000000 3.55688000e+04
40300.000000 3.50961000e+04
40500.000000 3.41968000e+04
40700.000000 3.35340000e+04
40900.000000 3.31190000e+04
41100.000000 3.24518000e+04
41300.000000 3.20124000e+04
41500.000000 3.12080000e+04
41700.000000 3.08010000e+04
41900.000000 3.01944000e+04
42100.000000 2.92280000e+04
42300.000000 2.92555000e+04
42500.000000 2.85908000e+04
42700.000000 2.81769000e+04
42900.000000 2.70120000e+04
43100.000000 2.61048000e+04
43300.000000 2.58984000e+04
43500.000000 2.47888000e+04
43700.000000 2.42921000e+04
43900.000000 2.40772000e+04
44100.000000 2.28462000e+04
44300.000000 2.27632000e+04
44500.000000 2.24868000e+04
44700.000000 2.15563000e+04
44900.000000 2.15759000e+04
45100.000000 2.11071000e+04
45300.000000 2.03796000e+04
45500.000000 2.03428000e+04
45700.000000 2.01236000e+04
45900.000000 1.93549000e+04
46100.000000 1.93469000e+04
46300.000000 1.90184000e+04
46500.000000 1.86740000e+04
46700.000000 1.85092000e+04
46900.000000 1.82712000e+04
47100.000000 1.79007000e+04
47300.000000 1.78237000e+04
47500.000000 1.74786000e+04
47700.000000 1.71899000e+04
47900.000000 1.69399000e+04
48100.000000 1.65844000e+04
48300.000000 1.65620000e+04
48500.000000 1.62159000e+04
48700.000000 1.59194000e+04
48900.000000 1.57366000e+04
49100.000000 1.54867000e+04
49300.000000 1.52565000e+04
49500.000000 1.49843000e+04
49700.000000 1.48071000e+04
49900.000000 1.46267000e+04
50100.000000 1.43136000e+04
50300.000000 1.42388000e+04
50500.000000 1.39366000e+04
50700.000000 1.37616000e+04
50900.000000 1.35996000e+04
51100.000000 1.33051000e+04
51300.000000 1.32104000e+04
51500.000000 1.29941000e+04
51700.000000 1.29057000e+04
51900.000000 1.26498000e+04
52100.000000 1.24588000e+04
52300.000000 1.22638000e+04
52500.000000 1.21644000e+04
52700.000000 1.20436000e+04
52900.000000 1.17686000e+04
53100.000000 1.16287000e+04
53300.000000 1.14882000e+04
53500.000000 1.13372000e+04
53700.000000 1.11295000e+04
53900.000000 1.10431000e+04
54100.000000 1.09013000e+04
54300.000000 1.06827000e+04
54500.000000 1.06139000e+04
54700.000000 1.04430000e+04
54900.000000 1.03038000e+04
55100.000000 1.01875000e+04
55300.000000 1.01082000e+04
55500.000000 9.88773000e+03
55700.000000 9.84029000e+03
55900.000000 9.59736000e+03
56100.000000 9.54521000e+03
56300.000000 9.39491000e+03
56500.000000 9.32722000e+03
56700.000000 9.20493000e+03
56900.000000 9.01897000e+03
57100.000000 8.96469000e+03
57300.000000 8.85242000e+03
57500.000000 8.73762000e+03
57700.000000 8.61152000e+03
57900.000000 8.52122000e+03
58100.000000 8.39157000e+03
58300.000000 8.29497000e+03
58500.000000 8.20466000e+03
58700.000000 8.07395000e+03
58900.000000 7.93310000e+03
59100.000000 7.89449000e+03
59300.000000 7.78926000e+03
59500.000000 7.66420000e+03
59700.000000 7.60638000e+03
59900.000000 7.50979000e+03
60100.000000 7.39502000e+03
60300.000000 7.31952000e+03
60500.000000 7.22232000e+03
60700.000000 7.13186000e+03
60900.000000 7.02140000e+03
61100.000000 6.92293000e+03
61300.000000 6.86961000e+03
61500.000000 6.79781000e+03
61700.000000 6.70918000e+03
61900.000000 6.63040000e+03
62100.000000 6.55895000e+03
62300.000000 6.43333000e+03
62500.000000 6.36946000e+03
62700.000000 6.30388000e+03
62900.000000 6.24186000e+03
63100.000000 6.12865000e+03
63300.000000 6.10268000e+03
63500.000000 6.02104000e+03
63700.000000 5.94884000e+03
63900.000000 5.87457000e+03
64200.000000 5.77876000e+03
64600.000000 5.62816000e+03
65000.000000 5.49374000e+03
65400.000000 5.38288000e+03
65800.000000 5.25942000e+03
66200.000000 5.13244000e+03
66600.000000 5.02010000e+03
67000.000000 4.89689000e+03
67400.000000 4.77982000e+03
67800.000000 4.68146000e+03
68200.000000 4.57438000e+03
68600.000000 4.47364000e+03
69000.000000 4.37286000e+03
69400.000000 4.27168000e+03
69800.000000 4.18381000e+03
70200.000000 4.07618000e+03
70600.000000 3.99974000e+03
71000.000000 3.91400000e+03
71400.000000 3.82629000e+03
71800.000000 3.74388000e+03
72200.000000 3.66529000e+03
72600.000000 3.58427000e+03
73000.000000 3.51258000e+03
73400.000000 3.43385000e+03
73800.000000 3.36435000e+03
74200.000000 3.28856000e+03
74600.000000 3.21967000e+03
75000.000000 3.15783000e+03
75400.000000 3.09108000e+03
75800.000000 3.02897000e+03
76200.000000 2.96579000e+03
76600.000000 2.90485000e+03
77000.000000 2.83853000e+03
77400.000000 2.78738000e+03
77800.000000 2.73128000e+03
78200.000000 2.67655000e+03
78600.000000 2.62243000e+03
79000.000000 2.57077000e+03
79400.000000 2.51935000e+03
79800.000000 2.47079000e+03
80200.000000 2.41803000e+03
80600.000000 2.37125000e+03
81000.000000 2.33026000e+03
81400.000000 2.27944000e+03
81800.000000 2.24183000e+03
82200.000000 2.20178000e+03
82600.000000 2.15913000e+03
83000.000000 2.11962000e+03
83400.000000 2.07528000e+03
83800.000000 2.03884000e+03
84200.000000 2.00267000e+03
84600.000000 1.96561000e+03
85000.000000 1.93011000e+03
85400.000000 1.89425000e+03
85800.000000 1.86045000e+03
86200.000000 1.82564000e+03
86600.000000 1.79394000e+03
87000.000000 1.76155000e+03
87400.000000 1.73038000e+03
87800.000000 1.69915000e+03
88200.000000 1.66562000e+03
88600.000000 1.63689000e+03
89000.000000 1.60798000e+03
89400.000000 1.58189000e+03
89800.000000 1.55157000e+03
90200.000000 1.52645000e+03
90600.000000 1.50212000e+03
91000.000000 1.47453000e+03
91400.000000 1.44907000e+03
91800.000000 1.42587000e+03
92200.000000 1.40209000e+03
92600.000000 1.37810000e+03
93000.000000 1.35586000e+03
93400.000000 1.33170000e+03
93800.000000 1.30971000e+03
94200.000000 1.28914000e+03
94600.000000 1.26639000e+03
95000.000000 1.24669000e+03
95400.000000 1.22637000e+03
95800.000000 1.20523000e+03
96200.000000 1.18668000e+03
96600.000000 1.16613000e+03
97000.000000 1.14889000e+03
97400.000000 1.12779000e+03
97800.000000 1.10898000e+03
98200.000000 1.09453000e+03
98600.000000 1.07707000e+03
99000.000000 1.05969000e+03
99400.000000 1.04180000e+03
99800.000000 1.02742000e+03
100200.000000 1.01135000e+03
200000.000000 6.53710000e+01
400000.000000 4.10164000e+00
600000.000000 8.06086000e-01
800000.000000 2.53451000e-01
1000000.000000 1.03175000e-01
1200000.000000 4.94719000e-02
1400000.000000 2.65613000e-02
1600000.000000 1.54930000e-02
