# teff = 5500.0
# logg = 3.0
# metallicity = -1.0
# wavelength_unit = angstrom
# flux_unit = erg/cm2/s/A
# units_standardized = True
147.200000 3.89581000e-102
151.000000 2.70044000e-99
155.200000 2.55282000e-96
158.800000 6.75717000e-94
162.000000 7.78967000e-92
166.000000 2.26535000e-89
170.300000 7.45156000e-87
173.400000 4.05452000e-85
176.800000 2.75669000e-83
180.200000 1.59384000e-81
181.700000 9.08741000e-81
186.100000 1.27258000e-78
191.000000 2.37690000e-76
193.900000 4.61568000e-75
198.400000 3.86678000e-73
201.800000 9.61823000e-72
205.000000 1.79557000e-70
210.500000 2.21224000e-68
216.200000 2.49463000e-66
219.800000 4.33622000e-65
223.000000 5.06061000e-64
226.800000 8.54848000e-63
230.000000 8.59071000e-62
234.000000 1.40018000e-60
240.000000 7.70791000e-59
246.500000 4.73263000e-57
252.400000 1.64652000e-55
256.800000 2.08376000e-54
260.000000 1.24872000e-53
264.000000 1.09966000e-52
268.500000 1.17201000e-51
273.500000 1.47867000e-50
278.500000 1.70126000e-49
284.000000 2.25418000e-48
290.000000 3.36508000e-47
296.000000 4.47951000e-46
301.000000 3.57656000e-45
308.000000 5.82862000e-44
318.000000 2.51924000e-42
328.000000 8.58693000e-41
338.000000 2.35540000e-39
348.000000 5.30639000e-38
357.000000 7.49090000e-37
366.000000 9.25062000e-36
375.000000 1.00662000e-34
385.000000 1.24623000e-33
395.000000 1.35000000e-32
405.000000 1.29352000e-31
414.000000 8.97160000e-31
422.000000 4.66438000e-30
430.000000 2.27423000e-29
441.000000 1.82039000e-28
451.000000 1.09903000e-27
460.000000 5.16810000e-27
470.000000 2.68366000e-26
480.000000 1.29574000e-25
490.000000 5.84911000e-25
500.000000 2.47526000e-24
506.000000 7.60357000e-24
512.000000 1.92903000e-23
520.000000 5.53363000e-23
530.000000 1.98276000e-22
540.000000 6.65685000e-22
550.000000 2.15726000e-21
560.000000 6.64827000e-21
570.000000 1.96412000e-20
580.000000 5.51544000e-20
590.000000 1.52358000e-19
600.000000 4.01646000e-19
610.000000 1.02338000e-18
620.000000 2.52352000e-18
630.000000 6.03413000e-18
640.000000 1.40188000e-17
650.000000 3.16685000e-17
658.000000 5.96187000e-17
665.000000 1.02287000e-16
675.000000 2.16624000e-16
685.000000 4.48077000e-16
695.000000 9.05820000e-16
705.000000 1.78987000e-15
716.000000 3.70405000e-15
726.000000 7.02052000e-15
735.000000 1.22832000e-14
745.000000 2.24779000e-14
755.000000 4.04220000e-14
765.000000 7.14867000e-14
775.000000 1.24361000e-13
785.000000 2.13086000e-13
795.000000 3.58409000e-13
805.000000 5.97628000e-13
815.000000 9.81490000e-13
825.000000 1.58956000e-12
835.000000 2.54170000e-12
845.000000 4.01435000e-12
855.000000 6.26555000e-12
865.000000 9.66715000e-12
875.000000 1.47439000e-11
885.000000 2.22740000e-11
895.000000 3.32880000e-11
905.000000 4.92539000e-11
915.000000 4.34994000e-07
925.000000 1.57358000e-06
935.000000 2.30246000e-06
945.000000 3.44008000e-06
955.000000 5.25631000e-06
965.000000 7.62986000e-06
975.000000 1.07860000e-05
985.000000 1.56924000e-05
995.000000 2.22059000e-05
1005.000000 3.20343000e-05
1015.000000 4.43164000e-05
1025.000000 5.87241000e-05
1035.000000 8.59790000e-05
1045.000000 1.18664000e-04
1055.000000 1.60206000e-04
1065.000000 2.17487000e-04
1075.000000 2.93595000e-04
1085.000000 3.94514000e-04
1095.000000 5.21095000e-04
1105.000000 1.39578000e-03
1115.000000 3.85055000e-03
1125.000000 5.63148000e-03
1135.000000 8.57553000e-03
1145.000000 1.10790000e-02
1155.000000 1.26501000e-02
1165.000000 1.59935000e-02
1175.000000 1.90009000e-02
1185.000000 2.17293000e-02
1195.000000 1.08872000e-02
1205.000000 9.49072000e-03
1215.000000 5.86981000e-03
1225.000000 1.41039000e-02
1235.000000 2.96819000e-02
1245.000000 6.01907000e-02
1255.000000 9.23319000e-02
1265.000000 1.12000000e-01
1275.000000 1.52302000e-01
1285.000000 1.99617000e-01
1295.000000 2.50183000e-01
1305.000000 2.70232000e-01
1315.000000 3.56550000e-01
1325.000000 4.09963000e-01
1335.000000 4.81781000e-01
1345.000000 5.59297000e-01
1355.000000 6.55943000e-01
1365.000000 7.43036000e-01
1375.000000 8.50410000e-01
1385.000000 9.68010000e-01
1395.000000 1.10741000e+00
1405.000000 1.31930000e+00
1415.000000 1.50970000e+00
1425.000000 1.70662000e+00
1435.000000 1.99522000e+00
1442.000000 2.39260000e+00
1447.000000 2.31042000e+00
1455.000000 2.68441000e+00
1465.000000 3.17518000e+00
1475.000000 3.31808000e+00
1485.000000 3.87402000e+00
1495.000000 4.91816000e+00
1505.000000 5.82003000e+00
1512.000000 5.24603000e+00
1517.000000 6.54569000e+00
1525.000000 9.50221000e+00
1535.000000 2.83655000e+01
1545.000000 2.96440000e+01
1555.000000 4.31988000e+01
1565.000000 4.29561000e+01
1575.000000 6.59460000e+01
1585.000000 7.94825000e+01
1595.000000 9.11457000e+01
1605.000000 1.02471000e+02
1615.000000 1.20937000e+02
1625.000000 1.38056000e+02
1635.000000 1.62531000e+02
1645.000000 2.22583000e+02
1655.000000 1.50855000e+02
1665.000000 2.56432000e+02
1672.000000 1.97920000e+02
1677.000000 2.77571000e+02
1685.000000 4.50713000e+02
1695.000000 6.84795000e+02
1705.000000 8.70125000e+02
1715.000000 8.96524000e+02
1725.000000 1.15446000e+03
1735.000000 1.46450000e+03
1745.000000 1.97259000e+03
1755.000000 2.93822000e+03
1765.000000 2.67670000e+03
1775.000000 3.34709000e+03
1785.000000 4.56016000e+03
1795.000000 6.17471000e+03
1805.000000 5.07656000e+03
1815.000000 4.84637000e+03
1825.000000 5.77781000e+03
1835.000000 7.97713000e+03
1845.000000 4.57705000e+03
1855.000000 9.06388000e+03
1865.000000 1.29854000e+04
1875.000000 1.40431000e+04
1885.000000 1.57362000e+04
1895.000000 1.98025000e+04
1905.000000 1.78657000e+04
1915.000000 2.15381000e+04
1925.000000 1.97910000e+04
1935.000000 1.10336000e+04
1945.000000 2.98324000e+04
1955.000000 3.13170000e+04
1967.000000 4.18580000e+04
1976.000000 3.71444000e+04
1984.000000 3.72752000e+04
1995.000000 5.03120000e+04
2005.000000 5.80103000e+04
2015.000000 6.44617000e+04
2025.000000 4.86917000e+04
2035.000000 8.13713000e+04
2045.000000 9.81725000e+04
2055.000000 8.98864000e+04
2065.000000 9.29582000e+04
2074.000000 1.03670000e+05
2078.000000 1.67518000e+05
2085.000000 1.70260000e+05
2095.000000 2.19899000e+05
2105.000000 2.63522000e+05
2115.000000 3.08359000e+05
2125.000000 2.20951000e+05
2135.000000 2.38010000e+05
2145.000000 3.35681000e+05
2155.000000 3.47978000e+05
2165.000000 3.16150000e+05
2175.000000 3.35102000e+05
2185.000000 4.07431000e+05
2195.000000 4.40485000e+05
2205.000000 4.05722000e+05
2215.000000 2.68206000e+05
2225.000000 3.72991000e+05
2235.000000 5.04425000e+05
2245.000000 4.85500000e+05
2255.000000 3.64037000e+05
2265.000000 3.46267000e+05
2275.000000 4.17853000e+05
2285.000000 5.09851000e+05
2295.000000 4.25501000e+05
2305.000000 5.26532000e+05
2315.000000 4.75106000e+05
2325.000000 4.54650000e+05
2335.000000 3.05151000e+05
2345.000000 1.87439000e+05
2355.000000 4.26281000e+05
2365.000000 2.12295000e+05
2375.000000 3.18562000e+05
2385.000000 1.36738000e+05
2395.000000 2.03457000e+05
2405.000000 2.02648000e+05
2415.000000 2.83034000e+05
2425.000000 5.36545000e+05
2435.000000 5.36633000e+05
2445.000000 6.62015000e+05
2455.000000 6.73072000e+05
2465.000000 6.26144000e+05
2475.000000 5.45116000e+05
2485.000000 3.30503000e+05
2495.000000 4.29827000e+05
2505.000000 6.04806000e+05
2513.000000 2.45646000e+05
2518.000000 1.21866000e+05
2525.000000 1.43072000e+05
2535.000000 2.72278000e+05
2545.000000 4.35921000e+05
2555.000000 8.28305000e+05
2565.000000 6.75044000e+05
2575.000000 8.66907000e+05
2585.000000 7.55068000e+05
2595.000000 6.66910000e+05
2605.000000 5.13668000e+05
2615.000000 4.61492000e+05
2625.000000 6.88713000e+05
2635.000000 1.18707000e+06
2645.000000 1.64627000e+06
2655.000000 2.02163000e+06
2665.000000 1.47913000e+06
2675.000000 1.66215000e+06
2685.000000 1.80515000e+06
2695.000000 1.37200000e+06
2705.000000 1.62924000e+06
2715.000000 1.22067000e+06
2725.000000 1.16246000e+06
2735.000000 1.30940000e+06
2745.000000 6.87860000e+05
2755.000000 9.33383000e+05
2765.000000 1.13208000e+06
2775.000000 1.08504000e+06
2785.000000 4.37671000e+05
2795.000000 1.29328000e+05
2805.000000 1.66540000e+05
2815.000000 7.37036000e+05
2825.000000 1.42641000e+06
2835.000000 1.47547000e+06
2845.000000 1.03663000e+06
2855.000000 4.41642000e+05
2865.000000 1.51477000e+06
2875.000000 1.87913000e+06
2885.000000 1.66760000e+06
2895.000000 1.92297000e+06
2910.000000 2.46117000e+06
2930.000000 2.31666000e+06
2950.000000 2.30574000e+06
2970.000000 2.45353000e+06
2990.000000 2.45512000e+06
3010.000000 2.62444000e+06
3030.000000 2.66327000e+06
3050.000000 2.80815000e+06
3070.000000 2.52393000e+06
3090.000000 2.49508000e+06
3110.000000 2.64686000e+06
3130.000000 2.49428000e+06
3150.000000 2.42333000e+06
3170.000000 2.67027000e+06
3190.000000 2.46719000e+06
3210.000000 2.74380000e+06
3230.000000 2.40068000e+06
3250.000000 3.06808000e+06
3270.000000 3.49146000e+06
3290.000000 3.48430000e+06
3310.000000 3.45126000e+06
3330.000000 3.39267000e+06
3350.000000 3.29931000e+06
3370.000000 2.80329000e+06
3390.000000 3.23076000e+06
3410.000000 3.41639000e+06
3430.000000 3.67574000e+06
3450.000000 3.69244000e+06
3470.000000 3.73009000e+06
3490.000000 3.85851000e+06
3510.000000 4.02565000e+06
3530.000000 3.81842000e+06
3550.000000 4.32406000e+06
3570.000000 3.73392000e+06
3590.000000 3.69360000e+06
3610.000000 3.89937000e+06
3630.000000 3.91428000e+06
3640.000000 3.92578000e+06
3650.000000 4.26654000e+06
3670.000000 4.27023000e+06
3690.000000 4.18727000e+06
3710.000000 4.61164000e+06
3730.000000 4.25364000e+06
3750.000000 4.67372000e+06
3770.000000 5.10853000e+06
3790.000000 5.34378000e+06
3810.000000 5.60471000e+06
3830.000000 4.43095000e+06
3850.000000 5.42226000e+06
3870.000000 5.32259000e+06
3890.000000 5.05514000e+06
3910.000000 5.23519000e+06
3930.000000 2.65627000e+06
3950.000000 4.60285000e+06
3970.000000 3.10139000e+06
3990.000000 5.90056000e+06
4010.000000 6.36102000e+06
4030.000000 6.36763000e+06
4050.000000 6.30857000e+06
4070.000000 6.22943000e+06
4090.000000 6.61412000e+06
4110.000000 6.31930000e+06
4130.000000 6.56923000e+06
4150.000000 6.64256000e+06
4170.000000 6.60759000e+06
4190.000000 6.47256000e+06
4210.000000 6.44989000e+06
4230.000000 6.18629000e+06
4250.000000 6.28984000e+06
4270.000000 6.13126000e+06
4290.000000 5.55675000e+06
4310.000000 4.77541000e+06
4330.000000 6.31636000e+06
4350.000000 6.07207000e+06
4370.000000 6.52814000e+06
4390.000000 6.22269000e+06
4410.000000 6.48929000e+06
4430.000000 6.75678000e+06
4450.000000 6.63778000e+06
4470.000000 6.83588000e+06
4490.000000 6.93657000e+06
4510.000000 7.21783000e+06
4530.000000 6.77991000e+06
4550.000000 6.89932000e+06
4570.000000 7.20110000e+06
4590.000000 6.99757000e+06
4610.000000 7.15077000e+06
4630.000000 7.09545000e+06
4650.000000 7.09291000e+06
4670.000000 7.24459000e+06
4690.000000 7.19818000e+06
4710.000000 7.04208000e+06
4730.000000 7.19179000e+06
4750.000000 7.21985000e+06
4770.000000 7.17880000e+06
4790.000000 7.14886000e+06
4810.000000 7.17079000e+06
4830.000000 7.17418000e+06
4850.000000 6.95738000e+06
4870.000000 6.36711000e+06
4890.000000 7.01402000e+06
4910.000000 6.99450000e+06
4930.000000 6.88733000e+06
4950.000000 7.01645000e+06
4970.000000 7.10406000e+06
4990.000000 6.79003000e+06
5010.000000 6.57938000e+06
5030.000000 6.84655000e+06
5050.000000 6.82596000e+06
5070.000000 6.97373000e+06
5090.000000 6.84023000e+06
5110.000000 6.87451000e+06
5130.000000 6.77935000e+06
5150.000000 6.63944000e+06
5170.000000 6.36266000e+06
5190.000000 6.36575000e+06
5210.000000 6.56068000e+06
5230.000000 6.65659000e+06
5250.000000 6.79200000e+06
5270.000000 6.33889000e+06
5290.000000 6.73961000e+06
5310.000000 6.82442000e+06
5330.000000 6.48819000e+06
5350.000000 6.72539000e+06
5370.000000 6.69733000e+06
5390.000000 6.63942000e+06
5410.000000 6.53791000e+06
5430.000000 6.59052000e+06
5450.000000 6.66374000e+06
5470.000000 6.62316000e+06
5490.000000 6.59474000e+06
5510.000000 6.57550000e+06
5530.000000 6.60674000e+06
5550.000000 6.66549000e+06
5570.000000 6.52980000e+06
5590.000000 6.44361000e+06
5610.000000 6.49303000e+06
5630.000000 6.56702000e+06
5650.000000 6.52628000e+06
5670.000000 6.42325000e+06
5690.000000 6.48453000e+06
5710.000000 6.38407000e+06
5730.000000 6.54152000e+06
5750.000000 6.44448000e+06
5770.000000 6.45985000e+06
5790.000000 6.39732000e+06
5810.000000 6.42222000e+06
5830.000000 6.43243000e+06
5850.000000 6.34372000e+06
5870.000000 6.33992000e+06
5890.000000 6.17184000e+06
5910.000000 6.29840000e+06
5930.000000 6.28031000e+06
5950.000000 6.26338000e+06
5970.000000 6.25287000e+06
5990.000000 6.22389000e+06
6010.000000 6.17273000e+06
6030.000000 6.15392000e+06
6050.000000 6.18988000e+06
6070.000000 6.15335000e+06
6090.000000 6.10406000e+06
6110.000000 6.05266000e+06
6130.000000 5.92310000e+06
6150.000000 5.95028000e+06
6170.000000 5.84883000e+06
6190.000000 5.97853000e+06
6210.000000 5.97779000e+06
6230.000000 5.89026000e+06
6250.000000 5.77441000e+06
6270.000000 5.89767000e+06
6290.000000 5.89698000e+06
6310.000000 5.80099000e+06
6330.000000 5.79833000e+06
6350.000000 5.80877000e+06
6370.000000 5.79129000e+06
6390.000000 5.77567000e+06
6410.000000 5.69182000e+06
6430.000000 5.70522000e+06
6450.000000 5.65033000e+06
6470.000000 5.64137000e+06
6490.000000 5.57052000e+06
6510.000000 5.63733000e+06
6530.000000 5.64031000e+06
6550.000000 5.52820000e+06
6570.000000 5.04460000e+06
6590.000000 5.53486000e+06
6610.000000 5.55574000e+06
6630.000000 5.54138000e+06
6650.000000 5.51636000e+06
6670.000000 5.46673000e+06
6690.000000 5.48940000e+06
6710.000000 5.43530000e+06
6730.000000 5.44247000e+06
6750.000000 5.39886000e+06
6770.000000 5.38550000e+06
6790.000000 5.36608000e+06
6810.000000 5.33859000e+06
6830.000000 5.33248000e+06
6850.000000 5.28373000e+06
6870.000000 5.27863000e+06
6890.000000 5.26977000e+06
6910.000000 5.24310000e+06
6930.000000 5.22402000e+06
6950.000000 5.19852000e+06
6970.000000 5.18649000e+06
6990.000000 5.16417000e+06
7010.000000 5.09465000e+06
7030.000000 5.11259000e+06
7050.000000 5.10121000e+06
7070.000000 5.07284000e+06
7090.000000 5.05430000e+06
7110.000000 5.03947000e+06
7130.000000 4.99545000e+06
7150.000000 4.96334000e+06
7170.000000 4.95160000e+06
7190.000000 4.89137000e+06
7210.000000 4.88804000e+06
7230.000000 4.89462000e+06
7250.000000 4.88220000e+06
7270.000000 4.86856000e+06
7290.000000 4.80991000e+06
7310.000000 4.82353000e+06
7330.000000 4.79101000e+06
7350.000000 4.78917000e+06
7370.000000 4.78180000e+06
7390.000000 4.72973000e+06
7410.000000 4.66609000e+06
7430.000000 4.68338000e+06
7450.000000 4.67965000e+06
7470.000000 4.68021000e+06
7490.000000 4.64498000e+06
7510.000000 4.63082000e+06
7530.000000 4.61948000e+06
7550.000000 4.61011000e+06
7570.000000 4.57894000e+06
7590.000000 4.55968000e+06
7610.000000 4.53971000e+06
7630.000000 4.53180000e+06
7650.000000 4.50563000e+06
7670.000000 4.44207000e+06
7690.000000 4.46639000e+06
7710.000000 4.43184000e+06
7730.000000 4.42149000e+06
7750.000000 4.38697000e+06
7770.000000 4.38987000e+06
7790.000000 4.38474000e+06
7810.000000 4.36707000e+06
7830.000000 4.33526000e+06
7850.000000 4.32133000e+06
7870.000000 4.32068000e+06
7890.000000 4.29990000e+06
7910.000000 4.27198000e+06
7930.000000 4.21835000e+06
7950.000000 4.21133000e+06
7970.000000 4.22806000e+06
7990.000000 4.21294000e+06
8010.000000 4.18142000e+06
8030.000000 4.16611000e+06
8050.000000 4.13718000e+06
8070.000000 4.13966000e+06
8090.000000 4.10454000e+06
8110.000000 4.10637000e+06
8130.000000 4.09600000e+06
8150.000000 4.07473000e+06
8170.000000 4.05655000e+06
8190.000000 3.99661000e+06
8210.000000 3.98974000e+06
8230.000000 3.97165000e+06
8250.000000 3.97383000e+06
8270.000000 3.97634000e+06
8290.000000 3.95504000e+06
8310.000000 3.91617000e+06
8330.000000 3.88680000e+06
8350.000000 3.89570000e+06
8370.000000 3.88453000e+06
8390.000000 3.83135000e+06
8410.000000 3.85214000e+06
8430.000000 3.80377000e+06
8450.000000 3.80927000e+06
8470.000000 3.77906000e+06
8490.000000 3.73781000e+06
8510.000000 3.59047000e+06
8530.000000 3.69983000e+06
8550.000000 3.23471000e+06
8570.000000 3.73339000e+06
8590.000000 3.69377000e+06
8610.000000 3.66362000e+06
8630.000000 3.69112000e+06
8650.000000 3.64497000e+06
8670.000000 3.22513000e+06
8690.000000 3.59638000e+06
8710.000000 3.62825000e+06
8730.000000 3.60487000e+06
8750.000000 3.51298000e+06
8770.000000 3.58974000e+06
8790.000000 3.56840000e+06
8810.000000 3.52179000e+06
8830.000000 3.52822000e+06
8850.000000 3.51667000e+06
8870.000000 3.42465000e+06
8890.000000 3.50364000e+06
8910.000000 3.48750000e+06
8930.000000 3.45687000e+06
8950.000000 3.45245000e+06
8970.000000 3.44620000e+06
8990.000000 3.43344000e+06
9010.000000 3.30958000e+06
9030.000000 3.38688000e+06
9050.000000 3.39975000e+06
9070.000000 3.36211000e+06
9090.000000 3.31022000e+06
9110.000000 3.32897000e+06
9130.000000 3.33863000e+06
9150.000000 3.32558000e+06
9170.000000 3.31127000e+06
9190.000000 3.30267000e+06
9210.000000 3.25459000e+06
9230.000000 3.16010000e+06
9250.000000 3.21118000e+06
9270.000000 3.23460000e+06
9290.000000 3.23055000e+06
9310.000000 3.22177000e+06
9330.000000 3.20559000e+06
9350.000000 3.19215000e+06
9370.000000 3.17537000e+06
9390.000000 3.16754000e+06
9410.000000 3.09584000e+06
9430.000000 3.12729000e+06
9450.000000 3.11390000e+06
9470.000000 3.11861000e+06
9490.000000 3.10808000e+06
9510.000000 3.09064000e+06
9530.000000 3.07354000e+06
9550.000000 2.97422000e+06
9570.000000 3.04802000e+06
9590.000000 3.04405000e+06
9610.000000 3.02156000e+06
9630.000000 3.00695000e+06
9650.000000 2.98730000e+06
9670.000000 2.97415000e+06
9690.000000 2.97601000e+06
9710.000000 2.96695000e+06
9730.000000 2.95509000e+06
9750.000000 2.93212000e+06
9770.000000 2.92936000e+06
9790.000000 2.91171000e+06
9810.000000 2.91335000e+06
9830.000000 2.89823000e+06
9850.000000 2.88873000e+06
9870.000000 2.87293000e+06
9890.000000 2.85713000e+06
9910.000000 2.84645000e+06
9930.000000 2.84417000e+06
9950.000000 2.83434000e+06
9970.000000 2.82355000e+06
9990.000000 2.81059000e+06
10025.000000 2.78152000e+06
10075.000000 2.73145000e+06
10125.000000 2.73427000e+06
10175.000000 2.69968000e+06
10225.000000 2.68040000e+06
10275.000000 2.65852000e+06
10325.000000 2.61873000e+06
10375.000000 2.59845000e+06
10425.000000 2.58177000e+06
10475.000000 2.54183000e+06
10525.000000 2.53212000e+06
10575.000000 2.49867000e+06
10625.000000 2.47094000e+06
10675.000000 2.42887000e+06
10725.000000 2.42497000e+06
10775.000000 2.39522000e+06
10825.000000 2.35951000e+06
10875.000000 2.34666000e+06
10925.000000 2.29985000e+06
10975.000000 2.29724000e+06
11025.000000 2.29505000e+06
11075.000000 2.28214000e+06
11125.000000 2.25641000e+06
11175.000000 2.23306000e+06
11225.000000 2.21955000e+06
11275.000000 2.18619000e+06
11325.000000 2.17292000e+06
11375.000000 2.15424000e+06
11425.000000 2.12567000e+06
11475.000000 2.12235000e+06
11525.000000 2.10278000e+06
11575.000000 2.07962000e+06
11625.000000 2.04945000e+06
11675.000000 2.03832000e+06
11725.000000 2.03108000e+06
11775.000000 1.99876000e+06
11825.000000 1.97767000e+06
11875.000000 1.96073000e+06
11925.000000 1.96225000e+06
11975.000000 1.91361000e+06
12025.000000 1.91475000e+06
12075.000000 1.89652000e+06
12125.000000 1.88598000e+06
12175.000000 1.87909000e+06
12225.000000 1.86347000e+06
12275.000000 1.84215000e+06
12325.000000 1.83202000e+06
12375.000000 1.81395000e+06
12425.000000 1.79860000e+06
12475.000000 1.78697000e+06
12525.000000 1.77064000e+06
12575.000000 1.75621000e+06
12625.000000 1.74142000e+06
12675.000000 1.72748000e+06
12725.000000 1.71526000e+06
12775.000000 1.70008000e+06
12825.000000 1.62549000e+06
12875.000000 1.67236000e+06
12925.000000 1.65837000e+06
12975.000000 1.64865000e+06
13025.000000 1.63353000e+06
13075.000000 1.62294000e+06
13125.000000 1.60342000e+06
13175.000000 1.58906000e+06
13225.000000 1.58581000e+06
13275.000000 1.56675000e+06
13325.000000 1.55839000e+06
13375.000000 1.54766000e+06
13425.000000 1.53762000e+06
13475.000000 1.52629000e+06
13525.000000 1.51490000e+06
13575.000000 1.49996000e+06
13625.000000 1.48997000e+06
13675.000000 1.47849000e+06
13725.000000 1.46697000e+06
13775.000000 1.45724000e+06
13825.000000 1.44682000e+06
13875.000000 1.43807000e+06
13925.000000 1.42731000e+06
13975.000000 1.41548000e+06
14025.000000 1.40347000e+06
14075.000000 1.39669000e+06
14125.000000 1.38261000e+06
14175.000000 1.37771000e+06
14225.000000 1.35954000e+06
14275.000000 1.34655000e+06
14325.000000 1.34756000e+06
14375.000000 1.34019000e+06
14425.000000 1.31578000e+06
14475.000000 1.32094000e+06
14525.000000 1.30290000e+06
14570.000000 1.29868000e+06
14620.000000 1.29063000e+06
14675.000000 1.28335000e+06
14725.000000 1.26930000e+06
14775.000000 1.26201000e+06
14825.000000 1.25525000e+06
14875.000000 1.23240000e+06
14925.000000 1.24205000e+06
14975.000000 1.23070000e+06
15025.000000 1.20632000e+06
15075.000000 1.20216000e+06
15125.000000 1.20576000e+06
15175.000000 1.19947000e+06
15225.000000 1.18548000e+06
15275.000000 1.17976000e+06
15325.000000 1.17095000e+06
15375.000000 1.16231000e+06
15425.000000 1.15080000e+06
15475.000000 1.14824000e+06
15525.000000 1.13924000e+06
15575.000000 1.12251000e+06
15625.000000 1.12833000e+06
15675.000000 1.11089000e+06
15725.000000 1.09302000e+06
15775.000000 1.08719000e+06
15825.000000 1.08948000e+06
15875.000000 1.04357000e+06
15925.000000 1.07245000e+06
15975.000000 1.06669000e+06
16050.000000 1.05236000e+06
16150.000000 1.01788000e+06
16250.000000 1.02559000e+06
16350.000000 9.98214000e+05
16450.000000 9.60679000e+05
16550.000000 9.69640000e+05
16650.000000 9.49316000e+05
16750.000000 9.20626000e+05
16850.000000 8.82066000e+05
16950.000000 8.93902000e+05
17050.000000 8.73118000e+05
17150.000000 8.53756000e+05
17250.000000 8.35885000e+05
17350.000000 7.88132000e+05
17450.000000 8.00256000e+05
17550.000000 7.89474000e+05
17650.000000 7.72657000e+05
17750.000000 7.58248000e+05
17850.000000 7.44325000e+05
17950.000000 7.30185000e+05
18050.000000 7.14555000e+05
18150.000000 6.76443000e+05
18250.000000 6.82646000e+05
18350.000000 6.74006000e+05
18450.000000 6.58486000e+05
18550.000000 6.47946000e+05
18650.000000 6.34366000e+05
18750.000000 5.95362000e+05
18850.000000 6.10225000e+05
18950.000000 5.94045000e+05
19050.000000 5.89403000e+05
19150.000000 5.77695000e+05
19250.000000 5.67805000e+05
19350.000000 5.54918000e+05
19450.000000 5.24590000e+05
19550.000000 5.35165000e+05
19650.000000 5.26893000e+05
19750.000000 5.14733000e+05
19850.000000 5.07418000e+05
19950.000000 4.97867000e+05
20050.000000 4.90626000e+05
20150.000000 4.82651000e+05
20250.000000 4.72889000e+05
20350.000000 4.62512000e+05
20450.000000 4.57514000e+05
20550.000000 4.49040000e+05
20650.000000 4.39648000e+05
20750.000000 4.33303000e+05
20850.000000 4.25733000e+05
20950.000000 4.17258000e+05
21050.000000 4.11790000e+05
21150.000000 4.04461000e+05
21250.000000 3.97493000e+05
21350.000000 3.90670000e+05
21450.000000 3.84661000e+05
21550.000000 3.77879000e+05
21650.000000 3.58965000e+05
21750.000000 3.63787000e+05
21850.000000 3.58136000e+05
21950.000000 3.53723000e+05
22050.000000 3.46315000e+05
22150.000000 3.42005000e+05
22250.000000 3.36259000e+05
22350.000000 3.30851000e+05
22450.000000 3.25585000e+05
22550.000000 3.19259000e+05
22650.000000 3.14530000e+05
22750.000000 3.10067000e+05
22850.000000 3.04365000e+05
22950.000000 2.99122000e+05
23050.000000 2.95320000e+05
23150.000000 2.90552000e+05
23250.000000 2.84880000e+05
23350.000000 2.81022000e+05
23450.000000 2.77247000e+05
23550.000000 2.71589000e+05
23650.000000 2.68644000e+05
23750.000000 2.64102000e+05
23850.000000 2.58865000e+05
23950.000000 2.56222000e+05
24050.000000 2.52324000e+05
24150.000000 2.47513000e+05
24250.000000 2.44502000e+05
24350.000000 2.40675000e+05
24450.000000 2.37027000e+05
24550.000000 2.32725000e+05
24650.000000 2.30537000e+05
24750.000000 2.26476000e+05
24850.000000 2.22223000e+05
24950.000000 2.19779000e+05
25050.000000 2.17271000e+05
25150.000000 2.13850000e+05
25250.000000 2.10132000e+05
25350.000000 2.07921000e+05
25450.000000 2.04563000e+05
25550.000000 2.01631000e+05
25650.000000 1.97474000e+05
25750.000000 1.96466000e+05
25850.000000 1.92575000e+05
25950.000000 1.90798000e+05
26050.000000 1.88020000e+05
26150.000000 1.83797000e+05
26250.000000 1.77555000e+05
26350.000000 1.79802000e+05
26450.000000 1.77314000e+05
26550.000000 1.74720000e+05
26650.000000 1.71836000e+05
26750.000000 1.68516000e+05
26850.000000 1.68282000e+05
26950.000000 1.66029000e+05
27050.000000 1.63707000e+05
27150.000000 1.61456000e+05
27250.000000 1.59309000e+05
27350.000000 1.57134000e+05
27450.000000 1.55101000e+05
27550.000000 1.50905000e+05
27650.000000 1.50490000e+05
27750.000000 1.48869000e+05
27850.000000 1.46889000e+05
27950.000000 1.44982000e+05
28050.000000 1.43049000e+05
28150.000000 1.41212000e+05
28250.000000 1.39351000e+05
28350.000000 1.37591000e+05
28450.000000 1.35625000e+05
28550.000000 1.33951000e+05
28650.000000 1.32017000e+05
28750.000000 1.28324000e+05
28850.000000 1.28758000e+05
28950.000000 1.27178000e+05
29050.000000 1.25500000e+05
29150.000000 1.23945000e+05
29250.000000 1.22125000e+05
29350.000000 1.20757000e+05
29450.000000 1.19139000e+05
29550.000000 1.17764000e+05
29650.000000 1.16221000e+05
29750.000000 1.14773000e+05
29850.000000 1.13409000e+05
29950.000000 1.11885000e+05
30050.000000 1.10461000e+05
30150.000000 1.09199000e+05
30250.000000 1.07832000e+05
30350.000000 1.04939000e+05
30450.000000 1.04673000e+05
30550.000000 1.03888000e+05
30650.000000 1.02513000e+05
30750.000000 1.01409000e+05
30850.000000 1.00044000e+05
30950.000000 9.88209000e+04
31050.000000 9.77439000e+04
31150.000000 9.61195000e+04
31250.000000 9.53819000e+04
31350.000000 9.41649000e+04
31450.000000 9.31442000e+04
31550.000000 9.18053000e+04
31650.000000 9.09328000e+04
31750.000000 8.97442000e+04
31850.000000 8.87248000e+04
31950.000000 8.77532000e+04
32100.000000 8.61563000e+04
32300.000000 8.41574000e+04
32500.000000 8.22617000e+04
32700.000000 8.03742000e+04
32900.000000 7.77432000e+04
33100.000000 7.67034000e+04
33300.000000 7.48845000e+04
33500.000000 7.33317000e+04
33700.000000 7.16943000e+04
33900.000000 6.99461000e+04
34100.000000 6.84574000e+04
34300.000000 6.70946000e+04
34500.000000 6.55973000e+04
34700.000000 6.42082000e+04
34900.000000 6.28372000e+04
35100.000000 6.14535000e+04
35300.000000 6.00940000e+04
35500.000000 5.88927000e+04
35700.000000 5.75607000e+04
35900.000000 5.63687000e+04
36100.000000 5.52746000e+04
36300.000000 5.40983000e+04
36500.000000 5.29019000e+04
36700.000000 5.17926000e+04
36900.000000 5.06960000e+04
37100.000000 4.97157000e+04
37300.000000 4.86397000e+04
37500.000000 4.73534000e+04
37700.000000 4.67966000e+04
37900.000000 4.58818000e+04
38100.000000 4.49186000e+04
38300.000000 4.40655000e+04
38500.000000 4.32251000e+04
38700.000000 4.23695000e+04
38900.000000 4.15117000e+04
39100.000000 4.07086000e+04
39300.000000 3.99563000e+04
39500.000000 3.91567000e+04
39700.000000 3.84500000e+04
39900.000000 3.76490000e+04
40100.000000 3.69300000e+04
40300.000000 3.62443000e+04
40500.000000 3.53337000e+04
40700.000000 3.49213000e+04
40900.000000 3.42833000e+04
41100.000000 3.36650000e+04
41300.000000 3.30593000e+04
41500.000000 3.24220000e+04
41700.000000 3.17695000e+04
41900.000000 3.12738000e+04
42100.000000 3.06245000e+04
42300.000000 3.01714000e+04
42500.000000 2.96148000e+04
42700.000000 2.90943000e+04
42900.000000 2.84081000e+04
43100.000000 2.77536000e+04
43300.000000 2.73291000e+04
43500.000000 2.66483000e+04
43700.000000 2.60518000e+04
43900.000000 2.57270000e+04
44100.000000 2.50622000e+04
44300.000000 2.47078000e+04
44500.000000 2.43036000e+04
44700.000000 2.37265000e+04
44900.000000 2.34352000e+04
45100.000000 2.30185000e+04
45300.000000 2.25257000e+04
45500.000000 2.22262000e+04
45700.000000 2.18968000e+04
45900.000000 2.14185000e+04
46100.000000 2.11479000e+04
46300.000000 2.07864000e+04
46500.000000 2.04059000e+04
46700.000000 2.01226000e+04
46900.000000 1.98520000e+04
47100.000000 1.95462000e+04
47300.000000 1.92904000e+04
47500.000000 1.89529000e+04
47700.000000 1.86536000e+04
47900.000000 1.83849000e+04
48100.000000 1.80483000e+04
48300.000000 1.78281000e+04
48500.000000 1.75340000e+04
48700.000000 1.72537000e+04
48900.000000 1.69931000e+04
49100.000000 1.67424000e+04
49300.000000 1.64767000e+04
49500.000000 1.62223000e+04
49700.000000 1.59715000e+04
49900.000000 1.57590000e+04
50100.000000 1.54849000e+04
50300.000000 1.52860000e+04
50500.000000 1.50130000e+04
50700.000000 1.48069000e+04
50900.000000 1.46122000e+04
51100.000000 1.43697000e+04
51300.000000 1.41242000e+04
51500.000000 1.39530000e+04
51700.000000 1.37833000e+04
51900.000000 1.35476000e+04
52100.000000 1.33459000e+04
52300.000000 1.31518000e+04
52500.000000 1.29793000e+04
52700.000000 1.28037000e+04
52900.000000 1.25864000e+04
53100.000000 1.24307000e+04
53300.000000 1.22415000e+04
53500.000000 1.20818000e+04
53700.000000 1.19067000e+04
53900.000000 1.17451000e+04
54100.000000 1.15836000e+04
54300.000000 1.13988000e+04
54500.000000 1.12635000e+04
54700.000000 1.10959000e+04
54900.000000 1.09406000e+04
55100.000000 1.08051000e+04
55300.000000 1.06638000e+04
55500.000000 1.04984000e+04
55700.000000 1.03797000e+04
55900.000000 1.02144000e+04
56100.000000 1.00870000e+04
56300.000000 9.94675000e+03
56500.000000 9.82889000e+03
56700.000000 9.69804000e+03
56900.000000 9.55505000e+03
57100.000000 9.43427000e+03
57300.000000 9.31448000e+03
57500.000000 9.18952000e+03
57700.000000 9.06822000e+03
57900.000000 8.95308000e+03
58100.000000 8.83218000e+03
58300.000000 8.71826000e+03
58500.000000 8.60987000e+03
58700.000000 8.49215000e+03
58900.000000 8.37811000e+03
59100.000000 8.25118000e+03
59300.000000 8.16948000e+03
59500.000000 8.04878000e+03
59700.000000 7.96238000e+03
59900.000000 7.86132000e+03
60100.000000 7.76038000e+03
60300.000000 7.66371000e+03
60500.000000 7.56547000e+03
60700.000000 7.46815000e+03
60900.000000 7.37235000e+03
61100.000000 7.27411000e+03
61300.000000 7.19153000e+03
61500.000000 7.10330000e+03
61700.000000 7.01467000e+03
61900.000000 6.92822000e+03
62100.000000 6.84225000e+03
62300.000000 6.74976000e+03
62500.000000 6.67027000e+03
62700.000000 6.59089000e+03
62900.000000 6.50257000e+03
63100.000000 6.42622000e+03
63300.000000 6.35456000e+03
63500.000000 6.27619000e+03
63700.000000 6.20017000e+03
63900.000000 6.12405000e+03
64200.000000 6.01558000e+03
64600.000000 5.87027000e+03
65000.000000 5.73030000e+03
65400.000000 5.59859000e+03
65800.000000 5.46782000e+03
66200.000000 5.33970000e+03
66600.000000 5.21664000e+03
67000.000000 5.09596000e+03
67400.000000 4.97851000e+03
67800.000000 4.86290000e+03
68200.000000 4.75630000e+03
68600.000000 4.64928000e+03
69000.000000 4.54497000e+03
69400.000000 4.44298000e+03
69800.000000 4.34565000e+03
70200.000000 4.24803000e+03
70600.000000 4.15665000e+03
71000.000000 4.06638000e+03
71400.000000 3.97801000e+03
71800.000000 3.89215000e+03
72200.000000 3.80853000e+03
72600.000000 3.72730000e+03
73000.000000 3.64881000e+03
73400.000000 3.57104000e+03
73800.000000 3.49681000e+03
74200.000000 3.42343000e+03
74600.000000 3.34484000e+03
75000.000000 3.27550000e+03
75400.000000 3.21546000e+03
75800.000000 3.15001000e+03
76200.000000 3.08582000e+03
76600.000000 3.02356000e+03
77000.000000 2.96211000e+03
77400.000000 2.90328000e+03
77800.000000 2.84537000e+03
78200.000000 2.78892000e+03
78600.000000 2.73390000e+03
79000.000000 2.68015000e+03
79400.000000 2.62769000e+03
79800.000000 2.57657000e+03
80200.000000 2.52639000e+03
80600.000000 2.47754000e+03
81000.000000 2.43051000e+03
81400.000000 2.38320000e+03
81800.000000 2.33839000e+03
82200.000000 2.29461000e+03
82600.000000 2.25135000e+03
83000.000000 2.20925000e+03
83400.000000 2.16758000e+03
83800.000000 2.12767000e+03
84200.000000 2.08854000e+03
84600.000000 2.05015000e+03
85000.000000 2.01265000e+03
85400.000000 1.97597000e+03
85800.000000 1.94013000e+03
86200.000000 1.90498000e+03
86600.000000 1.87055000e+03
87000.000000 1.83741000e+03
87400.000000 1.80396000e+03
87800.000000 1.77192000e+03
88200.000000 1.74116000e+03
88600.000000 1.71055000e+03
89000.000000 1.68056000e+03
89400.000000 1.65142000e+03
89800.000000 1.62244000e+03
90200.000000 1.59466000e+03
90600.000000 1.56748000e+03
91000.000000 1.54036000e+03
91400.000000 1.51391000e+03
91800.000000 1.48850000e+03
92200.000000 1.46338000e+03
92600.000000 1.43864000e+03
93000.000000 1.41471000e+03
93400.000000 1.39083000e+03
93800.000000 1.36726000e+03
94200.000000 1.34531000e+03
94600.000000 1.32280000e+03
95000.000000 1.30142000e+03
95400.000000 1.28001000e+03
95800.000000 1.25888000e+03
96200.000000 1.23870000e+03
96600.000000 1.21833000e+03
97000.000000 1.19918000e+03
97400.000000 1.17966000e+03
97800.000000 1.16046000e+03
98200.000000 1.14258000e+03
98600.000000 1.12450000e+03
99000.000000 1.10663000e+03
99400.000000 1.08901000e+03
99800.000000 1.07239000e+03
100200.000000 1.05566000e+03
200000.000000 6.88878000e+01
400000.000000 4.36111000e+00
600000.000000 8.61151000e-01
800000.000000 2.71645000e-01
1000000.000000 1.10856000e-01
1200000.000000 5.32601000e-02
1400000.000000 2.86430000e-02
1600000.000000 1.67321000e-02
