# teff = 6250.0
# logg = 4.5
# metallicity = -1.0
# wavelength_unit = angstrom
# flux_unit = erg/cm2/s/A
# units_standardized = True
147.200000 8.55002000e-85
151.000000 2.23136000e-82
155.200000 7.57602000e-80
158.800000 8.70420000e-78
162.000000 4.92947000e-76
166.000000 6.12753000e-74
170.300000 8.45151000e-72
173.400000 2.52405000e-70
176.800000 9.10589000e-69
180.200000 2.86108000e-67
181.700000 1.25554000e-66
186.100000 8.35875000e-65
191.000000 7.10118000e-63
193.900000 8.81492000e-62
198.400000 3.78437000e-60
201.800000 5.79425000e-59
205.000000 6.95163000e-58
210.500000 4.13414000e-56
216.200000 2.27863000e-54
219.800000 2.56892000e-53
223.000000 2.06444000e-52
226.800000 2.26976000e-51
230.000000 1.60633000e-50
234.000000 1.71212000e-49
240.000000 5.11803000e-48
246.500000 1.67699000e-46
252.400000 3.39304000e-45
256.800000 2.91312000e-44
260.000000 1.32741000e-43
264.000000 8.37771000e-43
268.500000 6.21174000e-42
273.500000 5.31031000e-41
278.500000 4.19835000e-40
284.000000 3.73824000e-39
290.000000 3.67976000e-38
296.000000 3.28512000e-37
301.000000 1.90304000e-36
308.000000 2.01422000e-35
318.000000 4.85683000e-34
328.000000 9.56951000e-33
338.000000 1.56738000e-31
348.000000 2.17189000e-30
357.000000 2.02631000e-29
366.000000 1.68791000e-28
375.000000 1.26249000e-27
385.000000 1.05194000e-26
395.000000 7.82458000e-26
405.000000 5.24447000e-25
414.000000 2.67629000e-24
422.000000 1.07091000e-23
430.000000 4.05804000e-23
441.000000 2.33150000e-22
451.000000 1.05593000e-21
460.000000 3.87483000e-21
470.000000 1.54454000e-20
480.000000 5.78796000e-20
490.000000 2.04887000e-19
500.000000 6.86597000e-19
506.000000 1.83792000e-18
512.000000 4.09059000e-18
520.000000 9.88302000e-18
530.000000 2.87932000e-17
540.000000 7.91442000e-17
550.000000 2.11616000e-16
560.000000 5.41681000e-16
570.000000 1.33786000e-15
580.000000 3.15908000e-15
590.000000 7.38632000e-15
600.000000 1.65677000e-14
610.000000 3.61067000e-14
620.000000 7.65464000e-14
630.000000 1.58114000e-13
640.000000 3.18758000e-13
650.000000 6.27609000e-13
658.000000 1.06172000e-12
665.000000 1.66213000e-12
675.000000 3.09941000e-12
685.000000 5.66517000e-12
695.000000 1.01563000e-11
705.000000 1.78577000e-11
716.000000 3.26270000e-11
726.000000 5.53984000e-11
735.000000 8.80134000e-11
745.000000 1.45092000e-10
755.000000 2.35697000e-10
765.000000 3.77537000e-10
775.000000 5.96426000e-10
785.000000 9.30231000e-10
795.000000 1.42740000e-09
805.000000 2.17716000e-09
815.000000 3.27706000e-09
825.000000 4.87461000e-09
835.000000 7.17392000e-09
845.000000 1.04483000e-08
855.000000 1.50661000e-08
865.000000 2.15165000e-08
875.000000 3.04257000e-08
885.000000 4.26962000e-08
895.000000 5.93624000e-08
905.000000 8.18476000e-08
915.000000 3.15189000e-04
925.000000 1.16309000e-03
935.000000 1.58862000e-03
945.000000 2.27331000e-03
955.000000 3.22814000e-03
965.000000 4.40841000e-03
975.000000 5.60086000e-03
985.000000 7.80309000e-03
995.000000 1.03130000e-02
1005.000000 1.41154000e-02
1015.000000 1.81259000e-02
1025.000000 2.20955000e-02
1035.000000 3.14403000e-02
1045.000000 4.15393000e-02
1055.000000 5.23212000e-02
1065.000000 6.75952000e-02
1075.000000 8.70638000e-02
1085.000000 1.12008000e-01
1095.000000 1.39315000e-01
1105.000000 3.36643000e-01
1115.000000 8.24988000e-01
1125.000000 1.18026000e+00
1135.000000 1.77792000e+00
1145.000000 2.23355000e+00
1155.000000 2.46844000e+00
1165.000000 2.96754000e+00
1175.000000 3.47253000e+00
1185.000000 3.60518000e+00
1195.000000 2.03918000e+00
1205.000000 1.63747000e+00
1215.000000 8.97965000e-01
1225.000000 2.11275000e+00
1235.000000 4.94962000e+00
1245.000000 9.46621000e+00
1255.000000 1.44858000e+01
1265.000000 1.78420000e+01
1275.000000 2.44235000e+01
1285.000000 3.39740000e+01
1295.000000 4.08308000e+01
1305.000000 4.76911000e+01
1315.000000 6.00968000e+01
1325.000000 7.16454000e+01
1335.000000 8.12825000e+01
1345.000000 9.63073000e+01
1355.000000 1.07867000e+02
1365.000000 1.27672000e+02
1375.000000 1.41966000e+02
1385.000000 1.57336000e+02
1395.000000 1.78927000e+02
1405.000000 2.02790000e+02
1415.000000 2.33764000e+02
1425.000000 2.54001000e+02
1435.000000 2.82653000e+02
1442.000000 3.27166000e+02
1447.000000 3.25323000e+02
1455.000000 3.68148000e+02
1465.000000 4.05302000e+02
1475.000000 4.41816000e+02
1485.000000 4.88024000e+02
1495.000000 5.75218000e+02
1505.000000 6.50629000e+02
1512.000000 6.52017000e+02
1517.000000 7.11211000e+02
1525.000000 8.43566000e+02
1535.000000 1.44050000e+03
1545.000000 1.69519000e+03
1555.000000 1.94221000e+03
1565.000000 1.95777000e+03
1575.000000 2.45101000e+03
1585.000000 2.70150000e+03
1595.000000 3.01766000e+03
1605.000000 3.19500000e+03
1615.000000 3.69403000e+03
1625.000000 4.10124000e+03
1635.000000 5.12086000e+03
1645.000000 6.51544000e+03
1655.000000 5.70150000e+03
1665.000000 8.13150000e+03
1672.000000 7.26188000e+03
1677.000000 9.30488000e+03
1685.000000 1.24769000e+04
1695.000000 1.54375000e+04
1705.000000 3.14664000e+04
1715.000000 8.27691000e+04
1725.000000 1.45596000e+05
1735.000000 2.51964000e+05
1745.000000 3.12132000e+05
1755.000000 5.14280000e+05
1765.000000 3.07989000e+05
1775.000000 4.88934000e+05
1785.000000 6.66336000e+05
1795.000000 8.81741000e+05
1805.000000 6.14314000e+05
1815.000000 5.95876000e+05
1825.000000 5.58767000e+05
1835.000000 7.58275000e+05
1845.000000 3.18757000e+05
1855.000000 6.96151000e+05
1865.000000 1.08419000e+06
1875.000000 1.03746000e+06
1885.000000 1.10658000e+06
1895.000000 1.21201000e+06
1905.000000 1.07578000e+06
1915.000000 1.36403000e+06
1925.000000 1.26328000e+06
1935.000000 6.86755000e+05
1945.000000 1.53180000e+06
1955.000000 1.63800000e+06
1967.000000 1.92382000e+06
1976.000000 1.64554000e+06
1984.000000 1.49687000e+06
1995.000000 1.75074000e+06
2005.000000 1.66631000e+06
2015.000000 1.84105000e+06
2025.000000 1.36640000e+06
2035.000000 2.12871000e+06
2045.000000 2.37243000e+06
2055.000000 2.22959000e+06
2065.000000 2.24815000e+06
2074.000000 2.71809000e+06
2078.000000 3.11489000e+06
2085.000000 2.92130000e+06
2095.000000 2.77949000e+06
2105.000000 2.78350000e+06
2115.000000 3.12738000e+06
2125.000000 2.61830000e+06
2135.000000 2.59706000e+06
2145.000000 3.29581000e+06
2155.000000 3.23187000e+06
2165.000000 2.90149000e+06
2175.000000 2.95498000e+06
2185.000000 3.47358000e+06
2195.000000 3.79941000e+06
2205.000000 3.50375000e+06
2215.000000 2.75900000e+06
2225.000000 3.30985000e+06
2235.000000 4.09896000e+06
2245.000000 3.80831000e+06
2255.000000 3.21934000e+06
2265.000000 3.03764000e+06
2275.000000 3.30288000e+06
2285.000000 3.85336000e+06
2295.000000 3.25958000e+06
2305.000000 3.79692000e+06
2315.000000 3.76088000e+06
2325.000000 3.60615000e+06
2335.000000 2.96189000e+06
2345.000000 2.10711000e+06
2355.000000 3.63115000e+06
2365.000000 2.33330000e+06
2375.000000 3.10821000e+06
2385.000000 1.75840000e+06
2395.000000 2.32913000e+06
2405.000000 2.34256000e+06
2415.000000 2.55665000e+06
2425.000000 3.84825000e+06
2435.000000 3.59814000e+06
2445.000000 4.16291000e+06
2455.000000 4.21676000e+06
2465.000000 4.21870000e+06
2475.000000 3.66408000e+06
2485.000000 2.90300000e+06
2495.000000 3.07924000e+06
2505.000000 4.01013000e+06
2513.000000 2.40951000e+06
2518.000000 1.32657000e+06
2525.000000 1.61774000e+06
2535.000000 1.91055000e+06
2545.000000 2.18673000e+06
2555.000000 3.32615000e+06
2565.000000 3.26505000e+06
2575.000000 4.29431000e+06
2585.000000 4.26527000e+06
2595.000000 4.08493000e+06
2605.000000 3.57525000e+06
2615.000000 3.20088000e+06
2625.000000 4.36272000e+06
2635.000000 5.29808000e+06
2645.000000 6.65036000e+06
2655.000000 7.53242000e+06
2665.000000 6.08307000e+06
2675.000000 6.67261000e+06
2685.000000 7.19991000e+06
2695.000000 5.82806000e+06
2705.000000 6.48372000e+06
2715.000000 5.33722000e+06
2725.000000 5.34327000e+06
2735.000000 5.76207000e+06
2745.000000 3.91172000e+06
2755.000000 4.70503000e+06
2765.000000 5.50368000e+06
2775.000000 5.48072000e+06
2785.000000 3.11565000e+06
2795.000000 8.93162000e+05
2805.000000 1.22499000e+06
2815.000000 4.95049000e+06
2825.000000 6.70554000e+06
2835.000000 6.58004000e+06
2845.000000 5.00908000e+06
2855.000000 2.37675000e+06
2865.000000 6.33189000e+06
2875.000000 7.07642000e+06
2885.000000 6.49697000e+06
2895.000000 7.19384000e+06
2910.000000 8.42915000e+06
2930.000000 7.95946000e+06
2950.000000 7.89389000e+06
2970.000000 8.27610000e+06
2990.000000 8.15564000e+06
3010.000000 8.37112000e+06
3030.000000 8.50102000e+06
3050.000000 8.78759000e+06
3070.000000 8.43603000e+06
3090.000000 8.27234000e+06
3110.000000 8.46230000e+06
3130.000000 8.49717000e+06
3150.000000 8.35240000e+06
3170.000000 8.75982000e+06
3190.000000 8.13759000e+06
3210.000000 8.67888000e+06
3230.000000 7.99289000e+06
3250.000000 9.02688000e+06
3270.000000 9.80711000e+06
3290.000000 9.85286000e+06
3310.000000 9.97794000e+06
3330.000000 9.74294000e+06
3350.000000 9.56216000e+06
3370.000000 8.83101000e+06
3390.000000 9.45716000e+06
3410.000000 9.51762000e+06
3430.000000 9.93434000e+06
3450.000000 9.76822000e+06
3470.000000 9.85743000e+06
3490.000000 1.00674000e+07
3510.000000 1.02456000e+07
3530.000000 9.89433000e+06
3550.000000 1.06692000e+07
3570.000000 9.69484000e+06
3590.000000 9.56227000e+06
3610.000000 9.85756000e+06
3630.000000 9.92850000e+06
3640.000000 9.91098000e+06
3650.000000 1.05812000e+07
3670.000000 1.05630000e+07
3690.000000 1.02407000e+07
3710.000000 1.04035000e+07
3730.000000 9.53406000e+06
3750.000000 1.04370000e+07
3770.000000 1.11368000e+07
3790.000000 1.19714000e+07
3810.000000 1.27217000e+07
3830.000000 1.00723000e+07
3850.000000 1.28737000e+07
3870.000000 1.30243000e+07
3890.000000 1.13192000e+07
3910.000000 1.27796000e+07
3930.000000 8.15419000e+06
3950.000000 1.21003000e+07
3970.000000 8.61217000e+06
3990.000000 1.35529000e+07
4010.000000 1.41807000e+07
4030.000000 1.41389000e+07
4050.000000 1.39789000e+07
4070.000000 1.37472000e+07
4090.000000 1.38302000e+07
4110.000000 1.24515000e+07
4130.000000 1.41047000e+07
4150.000000 1.41693000e+07
4170.000000 1.41528000e+07
4190.000000 1.38938000e+07
4210.000000 1.38820000e+07
4230.000000 1.33908000e+07
4250.000000 1.37091000e+07
4270.000000 1.35206000e+07
4290.000000 1.29486000e+07
4310.000000 1.19881000e+07
4330.000000 1.30081000e+07
4350.000000 1.20860000e+07
4370.000000 1.38191000e+07
4390.000000 1.34691000e+07
4410.000000 1.35370000e+07
4430.000000 1.37123000e+07
4450.000000 1.35212000e+07
4470.000000 1.36829000e+07
4490.000000 1.38034000e+07
4510.000000 1.40499000e+07
4530.000000 1.34855000e+07
4550.000000 1.35886000e+07
4570.000000 1.39143000e+07
4590.000000 1.36638000e+07
4610.000000 1.37949000e+07
4630.000000 1.36925000e+07
4650.000000 1.36584000e+07
4670.000000 1.37977000e+07
4690.000000 1.36736000e+07
4710.000000 1.33699000e+07
4730.000000 1.35932000e+07
4750.000000 1.35673000e+07
4770.000000 1.35210000e+07
4790.000000 1.34157000e+07
4810.000000 1.33949000e+07
4830.000000 1.33134000e+07
4850.000000 1.26233000e+07
4870.000000 1.11636000e+07
4890.000000 1.29529000e+07
4910.000000 1.30017000e+07
4930.000000 1.27782000e+07
4950.000000 1.28948000e+07
4970.000000 1.30164000e+07
4990.000000 1.26174000e+07
5010.000000 1.23208000e+07
5030.000000 1.26660000e+07
5050.000000 1.25408000e+07
5070.000000 1.26887000e+07
5090.000000 1.25364000e+07
5110.000000 1.25335000e+07
5130.000000 1.24026000e+07
5150.000000 1.21916000e+07
5170.000000 1.15341000e+07
5190.000000 1.15231000e+07
5210.000000 1.19414000e+07
5230.000000 1.20008000e+07
5250.000000 1.22250000e+07
5270.000000 1.15314000e+07
5290.000000 1.20467000e+07
5310.000000 1.20828000e+07
5330.000000 1.15979000e+07
5350.000000 1.18865000e+07
5370.000000 1.17999000e+07
5390.000000 1.17396000e+07
5410.000000 1.15295000e+07
5430.000000 1.16286000e+07
5450.000000 1.16308000e+07
5470.000000 1.15759000e+07
5490.000000 1.15362000e+07
5510.000000 1.14960000e+07
5530.000000 1.14539000e+07
5550.000000 1.15093000e+07
5570.000000 1.13143000e+07
5590.000000 1.11656000e+07
5610.000000 1.11930000e+07
5630.000000 1.12770000e+07
5650.000000 1.12152000e+07
5670.000000 1.10736000e+07
5690.000000 1.11003000e+07
5710.000000 1.09821000e+07
5730.000000 1.10773000e+07
5750.000000 1.09546000e+07
5770.000000 1.09376000e+07
5790.000000 1.08634000e+07
5810.000000 1.08441000e+07
5830.000000 1.08113000e+07
5850.000000 1.06956000e+07
5870.000000 1.06622000e+07
5890.000000 1.04155000e+07
5910.000000 1.05693000e+07
5930.000000 1.05204000e+07
5950.000000 1.04743000e+07
5970.000000 1.04286000e+07
5990.000000 1.03749000e+07
6010.000000 1.03019000e+07
6030.000000 1.02316000e+07
6050.000000 1.02417000e+07
6070.000000 1.01892000e+07
6090.000000 1.01188000e+07
6110.000000 1.00365000e+07
6130.000000 9.86034000e+06
6150.000000 9.87002000e+06
6170.000000 9.71529000e+06
6190.000000 9.85574000e+06
6210.000000 9.82753000e+06
6230.000000 9.71115000e+06
6250.000000 9.58033000e+06
6270.000000 9.67101000e+06
6290.000000 9.64007000e+06
6310.000000 9.52702000e+06
6330.000000 9.49042000e+06
6350.000000 9.46250000e+06
6370.000000 9.41988000e+06
6390.000000 9.38408000e+06
6410.000000 9.27243000e+06
6430.000000 9.25857000e+06
6450.000000 9.15053000e+06
6470.000000 9.12375000e+06
6490.000000 9.04256000e+06
6510.000000 9.06797000e+06
6530.000000 9.00898000e+06
6550.000000 8.63055000e+06
6570.000000 7.51994000e+06
6590.000000 8.79970000e+06
6610.000000 8.86552000e+06
6630.000000 8.84211000e+06
6650.000000 8.80604000e+06
6670.000000 8.73892000e+06
6690.000000 8.72631000e+06
6710.000000 8.66098000e+06
6730.000000 8.63536000e+06
6750.000000 8.57682000e+06
6770.000000 8.54184000e+06
6790.000000 8.49976000e+06
6810.000000 8.45072000e+06
6830.000000 8.41746000e+06
6850.000000 8.35553000e+06
6870.000000 8.32691000e+06
6890.000000 8.28974000e+06
6910.000000 8.24577000e+06
6930.000000 8.20374000e+06
6950.000000 8.16205000e+06
6970.000000 8.12303000e+06
6990.000000 8.08509000e+06
7010.000000 8.00146000e+06
7030.000000 7.99335000e+06
7050.000000 7.96095000e+06
7070.000000 7.91522000e+06
7090.000000 7.87812000e+06
7110.000000 7.83609000e+06
7130.000000 7.78256000e+06
7150.000000 7.72213000e+06
7170.000000 7.69450000e+06
7190.000000 7.62989000e+06
7210.000000 7.60574000e+06
7230.000000 7.58750000e+06
7250.000000 7.55502000e+06
7270.000000 7.52206000e+06
7290.000000 7.44327000e+06
7310.000000 7.44349000e+06
7330.000000 7.38539000e+06
7350.000000 7.37524000e+06
7370.000000 7.34151000e+06
7390.000000 7.27768000e+06
7410.000000 7.19660000e+06
7430.000000 7.19134000e+06
7450.000000 7.17518000e+06
7470.000000 7.15572000e+06
7490.000000 7.10412000e+06
7510.000000 7.07168000e+06
7530.000000 7.04612000e+06
7550.000000 7.01743000e+06
7570.000000 6.97251000e+06
7590.000000 6.93843000e+06
7610.000000 6.90006000e+06
7630.000000 6.87493000e+06
7650.000000 6.83002000e+06
7670.000000 6.75795000e+06
7690.000000 6.75469000e+06
7710.000000 6.72096000e+06
7730.000000 6.69569000e+06
7750.000000 6.64110000e+06
7770.000000 6.60384000e+06
7790.000000 6.60660000e+06
7810.000000 6.56848000e+06
7830.000000 6.52514000e+06
7850.000000 6.49438000e+06
7870.000000 6.47662000e+06
7890.000000 6.44261000e+06
7910.000000 6.40526000e+06
7930.000000 6.32746000e+06
7950.000000 6.31176000e+06
7970.000000 6.31452000e+06
7990.000000 6.28531000e+06
8010.000000 6.24221000e+06
8030.000000 6.21291000e+06
8050.000000 6.17394000e+06
8070.000000 6.15899000e+06
8090.000000 6.11649000e+06
8110.000000 6.09610000e+06
8130.000000 6.07412000e+06
8150.000000 6.04038000e+06
8170.000000 6.00858000e+06
8190.000000 5.93041000e+06
8210.000000 5.91608000e+06
8230.000000 5.88124000e+06
8250.000000 5.87546000e+06
8270.000000 5.86525000e+06
8290.000000 5.83315000e+06
8310.000000 5.78219000e+06
8330.000000 5.73600000e+06
8350.000000 5.73665000e+06
8370.000000 5.71949000e+06
8390.000000 5.65746000e+06
8410.000000 5.66148000e+06
8430.000000 5.61291000e+06
8450.000000 5.58585000e+06
8470.000000 5.55582000e+06
8490.000000 5.49675000e+06
8510.000000 5.32425000e+06
8530.000000 5.44118000e+06
8550.000000 4.90108000e+06
8570.000000 5.44693000e+06
8590.000000 5.38790000e+06
8610.000000 5.35019000e+06
8630.000000 5.37499000e+06
8650.000000 5.30938000e+06
8670.000000 4.81641000e+06
8690.000000 5.23966000e+06
8710.000000 5.27274000e+06
8730.000000 5.22339000e+06
8750.000000 5.05340000e+06
8770.000000 5.18075000e+06
8790.000000 5.17622000e+06
8810.000000 5.11003000e+06
8830.000000 5.11155000e+06
8850.000000 5.05721000e+06
8870.000000 4.87306000e+06
8890.000000 5.04517000e+06
8910.000000 5.03204000e+06
8930.000000 4.99393000e+06
8950.000000 4.98998000e+06
8970.000000 4.96963000e+06
8990.000000 4.93169000e+06
9010.000000 4.67407000e+06
9030.000000 4.81325000e+06
9050.000000 4.87249000e+06
9070.000000 4.82767000e+06
9090.000000 4.76679000e+06
9110.000000 4.78583000e+06
9130.000000 4.78793000e+06
9150.000000 4.76612000e+06
9170.000000 4.74356000e+06
9190.000000 4.72071000e+06
9210.000000 4.63494000e+06
9230.000000 4.36202000e+06
9250.000000 4.56148000e+06
9270.000000 4.61284000e+06
9290.000000 4.61046000e+06
9310.000000 4.59067000e+06
9330.000000 4.56625000e+06
9350.000000 4.54588000e+06
9370.000000 4.52477000e+06
9390.000000 4.50338000e+06
9410.000000 4.40343000e+06
9430.000000 4.44577000e+06
9450.000000 4.42655000e+06
9470.000000 4.42174000e+06
9490.000000 4.40228000e+06
9510.000000 4.37046000e+06
9530.000000 4.31355000e+06
9550.000000 4.03387000e+06
9570.000000 4.28292000e+06
9590.000000 4.29457000e+06
9610.000000 4.26814000e+06
9630.000000 4.24393000e+06
9650.000000 4.22717000e+06
9670.000000 4.19882000e+06
9690.000000 4.19314000e+06
9710.000000 4.17948000e+06
9730.000000 4.16073000e+06
9750.000000 4.13179000e+06
9770.000000 4.12002000e+06
9790.000000 4.09927000e+06
9810.000000 4.08610000e+06
9830.000000 4.06442000e+06
9850.000000 4.04677000e+06
9870.000000 4.02536000e+06
9890.000000 3.99908000e+06
9910.000000 3.98257000e+06
9930.000000 3.97380000e+06
9950.000000 3.95708000e+06
9970.000000 3.93933000e+06
9990.000000 3.91942000e+06
10025.000000 3.83924000e+06
10075.000000 3.73628000e+06
10125.000000 3.79943000e+06
10175.000000 3.74908000e+06
10225.000000 3.71610000e+06
10275.000000 3.67753000e+06
10325.000000 3.62715000e+06
10375.000000 3.59053000e+06
10425.000000 3.55617000e+06
10475.000000 3.49930000e+06
10525.000000 3.47837000e+06
10575.000000 3.42939000e+06
10625.000000 3.38751000e+06
10675.000000 3.32378000e+06
10725.000000 3.31383000e+06
10775.000000 3.27146000e+06
10825.000000 3.21977000e+06
10875.000000 3.19278000e+06
10925.000000 3.04523000e+06
10975.000000 3.10158000e+06
11025.000000 3.11269000e+06
11075.000000 3.09079000e+06
11125.000000 3.05394000e+06
11175.000000 3.01913000e+06
11225.000000 2.99379000e+06
11275.000000 2.94800000e+06
11325.000000 2.92409000e+06
11375.000000 2.89727000e+06
11425.000000 2.85892000e+06
11475.000000 2.84287000e+06
11525.000000 2.81284000e+06
11575.000000 2.78156000e+06
11625.000000 2.74160000e+06
11675.000000 2.71812000e+06
11725.000000 2.70175000e+06
11775.000000 2.65693000e+06
11825.000000 2.62454000e+06
11875.000000 2.60524000e+06
11925.000000 2.59602000e+06
11975.000000 2.53403000e+06
12025.000000 2.52660000e+06
12075.000000 2.49888000e+06
12125.000000 2.48448000e+06
12175.000000 2.47004000e+06
12225.000000 2.44612000e+06
12275.000000 2.41536000e+06
12325.000000 2.39860000e+06
12375.000000 2.37341000e+06
12425.000000 2.34978000e+06
12475.000000 2.33016000e+06
12525.000000 2.30643000e+06
12575.000000 2.28424000e+06
12625.000000 2.26235000e+06
12675.000000 2.24154000e+06
12725.000000 2.22021000e+06
12775.000000 2.18318000e+06
12825.000000 2.02226000e+06
12875.000000 2.14623000e+06
12925.000000 2.13740000e+06
12975.000000 2.12091000e+06
13025.000000 2.09980000e+06
13075.000000 2.08227000e+06
13125.000000 2.05670000e+06
13175.000000 2.03582000e+06
13225.000000 2.02617000e+06
13275.000000 2.00347000e+06
13325.000000 1.98717000e+06
13375.000000 1.97021000e+06
13425.000000 1.95364000e+06
13475.000000 1.93637000e+06
13525.000000 1.91916000e+06
13575.000000 1.89973000e+06
13625.000000 1.88455000e+06
13675.000000 1.86665000e+06
13725.000000 1.84885000e+06
13775.000000 1.83393000e+06
13825.000000 1.81759000e+06
13875.000000 1.80467000e+06
13925.000000 1.78806000e+06
13975.000000 1.77072000e+06
14025.000000 1.75488000e+06
14075.000000 1.74202000e+06
14125.000000 1.72361000e+06
14175.000000 1.71276000e+06
14225.000000 1.69141000e+06
14275.000000 1.67358000e+06
14325.000000 1.66862000e+06
14375.000000 1.65562000e+06
14425.000000 1.62680000e+06
14475.000000 1.62715000e+06
14525.000000 1.60437000e+06
14570.000000 1.59712000e+06
14620.000000 1.58467000e+06
14675.000000 1.57181000e+06
14725.000000 1.55495000e+06
14775.000000 1.54205000e+06
14825.000000 1.53105000e+06
14875.000000 1.49774000e+06
14925.000000 1.50845000e+06
14975.000000 1.49376000e+06
15025.000000 1.45793000e+06
15075.000000 1.45705000e+06
15125.000000 1.45705000e+06
15175.000000 1.44611000e+06
15225.000000 1.42933000e+06
15275.000000 1.41958000e+06
15325.000000 1.40740000e+06
15375.000000 1.39386000e+06
15425.000000 1.38029000e+06
15475.000000 1.37153000e+06
15525.000000 1.35957000e+06
15575.000000 1.34402000e+06
15625.000000 1.33944000e+06
15675.000000 1.32154000e+06
15725.000000 1.30435000e+06
15775.000000 1.28540000e+06
15825.000000 1.28794000e+06
15875.000000 1.24977000e+06
15925.000000 1.26421000e+06
15975.000000 1.25395000e+06
16050.000000 1.23530000e+06
16150.000000 1.20072000e+06
16250.000000 1.19850000e+06
16350.000000 1.16308000e+06
16450.000000 1.12427000e+06
16550.000000 1.12996000e+06
16650.000000 1.10665000e+06
16750.000000 1.06707000e+06
16850.000000 1.02443000e+06
16950.000000 1.04008000e+06
17050.000000 1.01881000e+06
17150.000000 9.95022000e+05
17250.000000 9.71872000e+05
17350.000000 9.05923000e+05
17450.000000 9.27415000e+05
17550.000000 9.19078000e+05
17650.000000 8.99816000e+05
17750.000000 8.83010000e+05
17850.000000 8.66156000e+05
17950.000000 8.49096000e+05
18050.000000 8.29284000e+05
18150.000000 7.72117000e+05
18250.000000 7.87782000e+05
18350.000000 7.82833000e+05
18450.000000 7.66059000e+05
18550.000000 7.52840000e+05
18650.000000 7.34694000e+05
18750.000000 6.72345000e+05
18850.000000 7.05530000e+05
18950.000000 6.91683000e+05
19050.000000 6.84555000e+05
19150.000000 6.71055000e+05
19250.000000 6.58743000e+05
19350.000000 6.42122000e+05
19450.000000 5.94209000e+05
19550.000000 6.18731000e+05
19650.000000 6.11220000e+05
19750.000000 5.97803000e+05
19850.000000 5.88993000e+05
19950.000000 5.77935000e+05
20050.000000 5.68624000e+05
20150.000000 5.58948000e+05
20250.000000 5.48122000e+05
20350.000000 5.36608000e+05
20450.000000 5.29526000e+05
20550.000000 5.19960000e+05
20650.000000 5.09017000e+05
20750.000000 5.01586000e+05
20850.000000 4.92877000e+05
20950.000000 4.83119000e+05
21050.000000 4.76202000e+05
21150.000000 4.67759000e+05
21250.000000 4.59671000e+05
21350.000000 4.51574000e+05
21450.000000 4.44393000e+05
21550.000000 4.34972000e+05
21650.000000 4.03974000e+05
21750.000000 4.18162000e+05
21850.000000 4.13610000e+05
21950.000000 4.08434000e+05
22050.000000 4.00228000e+05
22150.000000 3.94826000e+05
22250.000000 3.88340000e+05
22350.000000 3.81999000e+05
22450.000000 3.75786000e+05
22550.000000 3.68682000e+05
22650.000000 3.63238000e+05
22750.000000 3.57671000e+05
22850.000000 3.51236000e+05
22950.000000 3.46150000e+05
23050.000000 3.40962000e+05
23150.000000 3.35387000e+05
23250.000000 3.30159000e+05
23350.000000 3.24816000e+05
23450.000000 3.19927000e+05
23550.000000 3.14845000e+05
23650.000000 3.10060000e+05
23750.000000 3.04730000e+05
23850.000000 3.00001000e+05
23950.000000 2.96056000e+05
24050.000000 2.91332000e+05
24150.000000 2.86560000e+05
24250.000000 2.82517000e+05
24350.000000 2.77946000e+05
24450.000000 2.74013000e+05
24550.000000 2.69054000e+05
24650.000000 2.65871000e+05
24750.000000 2.61574000e+05
24850.000000 2.56545000e+05
24950.000000 2.53736000e+05
25050.000000 2.50411000e+05
25150.000000 2.46810000e+05
25250.000000 2.42602000e+05
25350.000000 2.39560000e+05
25450.000000 2.35866000e+05
25550.000000 2.32350000e+05
25650.000000 2.28045000e+05
25750.000000 2.26045000e+05
25850.000000 2.22010000e+05
25950.000000 2.19575000e+05
26050.000000 2.15872000e+05
26150.000000 2.11277000e+05
26250.000000 1.99364000e+05
26350.000000 2.05770000e+05
26450.000000 2.03873000e+05
26550.000000 2.01143000e+05
26650.000000 1.97732000e+05
26750.000000 1.93971000e+05
26850.000000 1.93067000e+05
26950.000000 1.90719000e+05
27050.000000 1.88065000e+05
27150.000000 1.85456000e+05
27250.000000 1.82925000e+05
27350.000000 1.80402000e+05
27450.000000 1.77880000e+05
27550.000000 1.73082000e+05
27650.000000 1.72167000e+05
27750.000000 1.70801000e+05
27850.000000 1.68542000e+05
27950.000000 1.66364000e+05
28050.000000 1.64127000e+05
28150.000000 1.61955000e+05
28250.000000 1.59800000e+05
28350.000000 1.57709000e+05
28450.000000 1.55490000e+05
28550.000000 1.53511000e+05
28650.000000 1.50770000e+05
28750.000000 1.46474000e+05
28850.000000 1.47347000e+05
28950.000000 1.45702000e+05
29050.000000 1.43803000e+05
29150.000000 1.41967000e+05
29250.000000 1.39998000e+05
29350.000000 1.38351000e+05
29450.000000 1.36531000e+05
29550.000000 1.34866000e+05
29650.000000 1.33140000e+05
29750.000000 1.31442000e+05
29850.000000 1.29814000e+05
29950.000000 1.28125000e+05
30050.000000 1.26523000e+05
30150.000000 1.24981000e+05
30250.000000 1.23295000e+05
30350.000000 1.19315000e+05
30450.000000 1.19089000e+05
30550.000000 1.18827000e+05
30650.000000 1.17339000e+05
30750.000000 1.16011000e+05
30850.000000 1.14520000e+05
30950.000000 1.13121000e+05
31050.000000 1.11792000e+05
31150.000000 1.10019000e+05
31250.000000 1.09092000e+05
31350.000000 1.07780000e+05
31450.000000 1.06505000e+05
31550.000000 1.05021000e+05
31650.000000 1.03972000e+05
31750.000000 1.02664000e+05
31850.000000 1.01493000e+05
31950.000000 1.00323000e+05
32100.000000 9.84883000e+04
32300.000000 9.62361000e+04
32500.000000 9.40067000e+04
32700.000000 9.18350000e+04
32900.000000 8.81220000e+04
33100.000000 8.73938000e+04
33300.000000 8.56032000e+04
33500.000000 8.37784000e+04
33700.000000 8.18814000e+04
33900.000000 7.99871000e+04
34100.000000 7.82028000e+04
34300.000000 7.65922000e+04
34500.000000 7.49249000e+04
34700.000000 7.32909000e+04
34900.000000 7.17017000e+04
35100.000000 7.01500000e+04
35300.000000 6.86136000e+04
35500.000000 6.71820000e+04
35700.000000 6.57161000e+04
35900.000000 6.43428000e+04
36100.000000 6.30277000e+04
36300.000000 6.17004000e+04
36500.000000 6.03644000e+04
36700.000000 5.90873000e+04
36900.000000 5.78371000e+04
37100.000000 5.67143000e+04
37300.000000 5.52196000e+04
37500.000000 5.37025000e+04
37700.000000 5.33569000e+04
37900.000000 5.22917000e+04
38100.000000 5.12251000e+04
38300.000000 5.02241000e+04
38500.000000 4.92512000e+04
38700.000000 4.82731000e+04
38900.000000 4.73100000e+04
39100.000000 4.63787000e+04
39300.000000 4.55127000e+04
39500.000000 4.46087000e+04
39700.000000 4.37899000e+04
39900.000000 4.29095000e+04
40100.000000 4.20538000e+04
40300.000000 4.12732000e+04
40500.000000 3.98997000e+04
40700.000000 3.97587000e+04
40900.000000 3.90240000e+04
41100.000000 3.83195000e+04
41300.000000 3.76202000e+04
41500.000000 3.69041000e+04
41700.000000 3.61349000e+04
41900.000000 3.55827000e+04
42100.000000 3.48649000e+04
42300.000000 3.43191000e+04
42500.000000 3.36945000e+04
42700.000000 3.30965000e+04
42900.000000 3.25000000e+04
43100.000000 3.19111000e+04
43300.000000 3.13337000e+04
43500.000000 3.07695000e+04
43700.000000 3.00801000e+04
43900.000000 2.96737000e+04
44100.000000 2.91476000e+04
44300.000000 2.86585000e+04
44500.000000 2.81712000e+04
44700.000000 2.76916000e+04
44900.000000 2.72249000e+04
45100.000000 2.67562000e+04
45300.000000 2.63038000e+04
45500.000000 2.58656000e+04
45700.000000 2.54287000e+04
45900.000000 2.50037000e+04
46100.000000 2.45976000e+04
46300.000000 2.41852000e+04
46500.000000 2.34253000e+04
46700.000000 2.32285000e+04
46900.000000 2.30188000e+04
47100.000000 2.26505000e+04
47300.000000 2.22893000e+04
47500.000000 2.19284000e+04
47700.000000 2.15743000e+04
47900.000000 2.12320000e+04
48100.000000 2.08881000e+04
48300.000000 2.05604000e+04
48500.000000 2.02326000e+04
48700.000000 1.99127000e+04
48900.000000 1.96005000e+04
49100.000000 1.92943000e+04
49300.000000 1.89923000e+04
49500.000000 1.86946000e+04
49700.000000 1.84057000e+04
49900.000000 1.81283000e+04
50100.000000 1.78458000e+04
50300.000000 1.75761000e+04
50500.000000 1.73027000e+04
50700.000000 1.70434000e+04
50900.000000 1.67861000e+04
51100.000000 1.65237000e+04
51300.000000 1.61532000e+04
51500.000000 1.60393000e+04
51700.000000 1.58055000e+04
51900.000000 1.55693000e+04
52100.000000 1.53348000e+04
52300.000000 1.51103000e+04
52500.000000 1.48929000e+04
52700.000000 1.46756000e+04
52900.000000 1.44598000e+04
53100.000000 1.42522000e+04
53300.000000 1.40447000e+04
53500.000000 1.38438000e+04
53700.000000 1.36403000e+04
53900.000000 1.34485000e+04
54100.000000 1.32604000e+04
54300.000000 1.30671000e+04
54500.000000 1.28864000e+04
54700.000000 1.26928000e+04
54900.000000 1.25243000e+04
55100.000000 1.23515000e+04
55300.000000 1.21760000e+04
55500.000000 1.20090000e+04
55700.000000 1.18445000e+04
55900.000000 1.16711000e+04
56100.000000 1.15197000e+04
56300.000000 1.13587000e+04
56500.000000 1.12073000e+04
56700.000000 1.10544000e+04
56900.000000 1.09019000e+04
57100.000000 1.07529000e+04
57300.000000 1.06120000e+04
57500.000000 1.04693000e+04
57700.000000 1.03281000e+04
57900.000000 1.01909000e+04
58100.000000 1.00552000e+04
58300.000000 9.92308000e+03
58500.000000 9.79249000e+03
58700.000000 9.66224000e+03
58900.000000 9.53017000e+03
59100.000000 9.32998000e+03
59300.000000 9.28761000e+03
59500.000000 9.15154000e+03
59700.000000 9.04751000e+03
59900.000000 8.93197000e+03
60100.000000 8.81536000e+03
60300.000000 8.70445000e+03
60500.000000 8.59348000e+03
60700.000000 8.48265000e+03
60900.000000 8.37248000e+03
61100.000000 8.26255000e+03
61300.000000 8.16411000e+03
61500.000000 8.06249000e+03
61700.000000 7.96122000e+03
61900.000000 7.86119000e+03
62100.000000 7.76316000e+03
62300.000000 7.66011000e+03
62500.000000 7.56873000e+03
62700.000000 7.47730000e+03
62900.000000 7.37174000e+03
63100.000000 7.29140000e+03
63300.000000 7.20610000e+03
63500.000000 7.11808000e+03
63700.000000 7.03019000e+03
63900.000000 6.94556000e+03
64200.000000 6.82057000e+03
64600.000000 6.65629000e+03
65000.000000 6.49687000e+03
65400.000000 6.34576000e+03
65800.000000 6.19680000e+03
66200.000000 6.05174000e+03
66600.000000 5.91165000e+03
67000.000000 5.77473000e+03
67400.000000 5.64179000e+03
67800.000000 5.50624000e+03
68200.000000 5.38879000e+03
68600.000000 5.26729000e+03
69000.000000 5.14895000e+03
69400.000000 5.03369000e+03
69800.000000 4.92265000e+03
70200.000000 4.81282000e+03
70600.000000 4.70840000e+03
71000.000000 4.60580000e+03
71400.000000 4.50579000e+03
71800.000000 4.40844000e+03
72200.000000 4.31362000e+03
72600.000000 4.22155000e+03
73000.000000 4.13229000e+03
73400.000000 4.04444000e+03
73800.000000 3.95997000e+03
74200.000000 3.87702000e+03
74600.000000 3.77599000e+03
75000.000000 3.69536000e+03
75400.000000 3.64122000e+03
75800.000000 3.56696000e+03
76200.000000 3.49418000e+03
76600.000000 3.42350000e+03
77000.000000 3.35428000e+03
77400.000000 3.28719000e+03
77800.000000 3.22155000e+03
78200.000000 3.15763000e+03
78600.000000 3.09520000e+03
79000.000000 3.03430000e+03
79400.000000 2.97494000e+03
79800.000000 2.91697000e+03
80200.000000 2.86042000e+03
80600.000000 2.80502000e+03
81000.000000 2.75143000e+03
81400.000000 2.69824000e+03
81800.000000 2.64726000e+03
82200.000000 2.59747000e+03
82600.000000 2.54858000e+03
83000.000000 2.50077000e+03
83400.000000 2.45388000e+03
83800.000000 2.40851000e+03
84200.000000 2.36406000e+03
84600.000000 2.32054000e+03
85000.000000 2.27805000e+03
85400.000000 2.23651000e+03
85800.000000 2.19590000e+03
86200.000000 2.15615000e+03
86600.000000 2.11709000e+03
87000.000000 2.07960000e+03
87400.000000 2.04014000e+03
87800.000000 2.00391000e+03
88200.000000 1.97071000e+03
88600.000000 1.93597000e+03
89000.000000 1.90205000e+03
89400.000000 1.86900000e+03
89800.000000 1.83636000e+03
90200.000000 1.80478000e+03
90600.000000 1.77383000e+03
91000.000000 1.74330000e+03
91400.000000 1.71351000e+03
91800.000000 1.68453000e+03
92200.000000 1.65603000e+03
92600.000000 1.62813000e+03
93000.000000 1.60087000e+03
93400.000000 1.57406000e+03
93800.000000 1.54701000e+03
94200.000000 1.52226000e+03
94600.000000 1.49704000e+03
95000.000000 1.47256000e+03
95400.000000 1.44836000e+03
95800.000000 1.42476000e+03
96200.000000 1.40162000e+03
96600.000000 1.37893000e+03
97000.000000 1.35685000e+03
97400.000000 1.33493000e+03
97800.000000 1.31351000e+03
98200.000000 1.29283000e+03
98600.000000 1.27237000e+03
99000.000000 1.25223000e+03
99400.000000 1.23249000e+03
99800.000000 1.21328000e+03
100200.000000 1.19435000e+03
200000.000000 7.78182000e+01
400000.000000 4.91914000e+00
600000.000000 9.70790000e-01
800000.000000 3.06193000e-01
1000000.000000 1.24961000e-01
1200000.000000 6.00465000e-02
1400000.000000 3.23007000e-02
1600000.000000 1.88718000e-02
