# teff = 7250.0
# logg = 4.5
# metallicity = -0.5
# wavelength_unit = angstrom
# flux_unit = erg/cm2/s/A
# units_standardized = True
201.800000 1.21003000e-50
205.000000 1.09957000e-49
210.500000 4.13703000e-48
216.200000 1.45413000e-46
219.800000 1.24882000e-45
223.000000 7.93776000e-45
226.800000 6.66308000e-44
230.000000 3.78296000e-43
234.000000 3.08733000e-42
240.000000 6.28759000e-41
246.500000 1.38838000e-39
252.400000 1.99814000e-38
256.800000 1.34431000e-37
260.000000 5.15673000e-37
264.000000 2.63996000e-36
268.500000 1.55829000e-35
273.500000 1.04313000e-34
278.500000 6.51437000e-34
284.000000 4.51841000e-33
290.000000 3.42362000e-32
296.000000 2.37778000e-31
301.000000 1.12589000e-30
308.000000 9.08624000e-30
318.000000 1.51822000e-28
328.000000 2.11987000e-27
338.000000 2.51121000e-26
348.000000 2.56398000e-25
357.000000 1.84402000e-24
366.000000 1.19935000e-23
375.000000 7.08800000e-23
385.000000 4.60488000e-22
395.000000 2.70453000e-21
405.000000 1.44821000e-20
414.000000 6.09419000e-20
422.000000 2.06869000e-19
430.000000 6.69087000e-19
441.000000 3.12106000e-18
451.000000 1.17995000e-17
460.000000 3.70498000e-17
470.000000 1.25076000e-16
480.000000 3.99719000e-16
490.000000 1.21456000e-15
500.000000 3.51489000e-15
506.000000 8.62133000e-15
512.000000 1.76836000e-14
520.000000 3.83556000e-14
530.000000 9.81253000e-14
540.000000 2.37820000e-13
550.000000 5.63649000e-13
560.000000 1.28396000e-12
570.000000 2.83388000e-12
580.000000 6.00046000e-12
590.000000 1.26363000e-11
600.000000 2.56061000e-11
610.000000 5.06008000e-11
620.000000 9.75498000e-11
630.000000 1.83790000e-10
640.000000 3.38909000e-10
650.000000 6.12147000e-10
658.000000 9.68266000e-10
665.000000 1.43033000e-09
675.000000 2.46233000e-09
685.000000 4.16580000e-09
695.000000 6.92592000e-09
705.000000 1.12960000e-08
716.000000 1.91188000e-08
726.000000 3.02963000e-08
735.000000 4.53024000e-08
745.000000 6.99124000e-08
755.000000 1.06537000e-07
765.000000 1.60374000e-07
775.000000 2.38441000e-07
785.000000 3.50732000e-07
795.000000 5.05811000e-07
805.000000 7.31164000e-07
815.000000 1.04371000e-06
825.000000 1.47199000e-06
835.000000 2.05621000e-06
845.000000 2.84616000e-06
855.000000 3.90517000e-06
865.000000 5.31291000e-06
875.000000 7.15349000e-06
885.000000 9.59783000e-06
895.000000 1.27529000e-05
905.000000 1.68065000e-05
915.000000 1.95905000e-02
925.000000 7.12709000e-02
935.000000 9.59292000e-02
945.000000 1.30531000e-01
955.000000 1.80375000e-01
965.000000 2.36716000e-01
975.000000 2.91587000e-01
985.000000 3.84668000e-01
995.000000 4.81631000e-01
1005.000000 6.40126000e-01
1015.000000 8.04379000e-01
1025.000000 9.46427000e-01
1035.000000 1.27031000e+00
1045.000000 1.59206000e+00
1055.000000 1.97716000e+00
1065.000000 2.41956000e+00
1075.000000 3.01260000e+00
1085.000000 3.72241000e+00
1095.000000 4.49395000e+00
1105.000000 1.29335000e+01
1115.000000 3.86782000e+01
1125.000000 5.44842000e+01
1135.000000 7.74909000e+01
1145.000000 9.63760000e+01
1155.000000 1.04593000e+02
1165.000000 1.34107000e+02
1175.000000 1.55336000e+02
1185.000000 1.59835000e+02
1195.000000 8.20032000e+01
1205.000000 6.92189000e+01
1215.000000 2.32337000e+01
1225.000000 8.05865000e+01
1235.000000 2.01660000e+02
1245.000000 3.87417000e+02
1255.000000 6.23208000e+02
1265.000000 6.69024000e+02
1275.000000 9.39214000e+02
1285.000000 1.26640000e+03
1295.000000 1.50876000e+03
1305.000000 1.46995000e+03
1315.000000 1.98033000e+03
1325.000000 2.31107000e+03
1335.000000 2.58837000e+03
1345.000000 3.00817000e+03
1355.000000 3.21960000e+03
1365.000000 3.67585000e+03
1375.000000 4.02071000e+03
1385.000000 4.36311000e+03
1395.000000 4.93711000e+03
1405.000000 5.45888000e+03
1415.000000 6.00949000e+03
1425.000000 6.54899000e+03
1435.000000 6.88997000e+03
1442.000000 7.85304000e+03
1447.000000 8.07739000e+03
1455.000000 8.91060000e+03
1465.000000 9.39039000e+03
1475.000000 1.02476000e+04
1485.000000 1.11683000e+04
1495.000000 1.25056000e+04
1505.000000 1.37354000e+04
1512.000000 1.42932000e+04
1517.000000 1.52043000e+04
1525.000000 1.68049000e+04
1535.000000 2.60456000e+04
1545.000000 3.48522000e+04
1555.000000 3.82194000e+04
1565.000000 3.70881000e+04
1575.000000 4.62607000e+04
1585.000000 5.04310000e+04
1595.000000 5.67813000e+04
1605.000000 5.89117000e+04
1615.000000 6.39634000e+04
1625.000000 6.75984000e+04
1635.000000 8.35189000e+04
1645.000000 1.07119000e+05
1655.000000 8.90374000e+04
1665.000000 1.40746000e+05
1672.000000 1.14583000e+05
1677.000000 2.09802000e+05
1685.000000 3.81622000e+05
1695.000000 4.07659000e+05
1705.000000 1.13303000e+06
1715.000000 2.72861000e+06
1725.000000 3.22843000e+06
1735.000000 4.70489000e+06
1745.000000 4.55288000e+06
1755.000000 6.18479000e+06
1765.000000 3.52903000e+06
1775.000000 5.47967000e+06
1785.000000 6.17622000e+06
1795.000000 7.94598000e+06
1805.000000 5.62650000e+06
1815.000000 5.95098000e+06
1825.000000 5.30942000e+06
1835.000000 5.86124000e+06
1845.000000 4.09607000e+06
1855.000000 5.69677000e+06
1865.000000 7.50063000e+06
1875.000000 7.09829000e+06
1885.000000 7.49276000e+06
1895.000000 7.89888000e+06
1905.000000 7.11815000e+06
1915.000000 8.35914000e+06
1925.000000 7.94475000e+06
1935.000000 5.17197000e+06
1945.000000 9.00669000e+06
1955.000000 9.34740000e+06
1967.000000 1.04759000e+07
1976.000000 9.70823000e+06
1984.000000 9.02800000e+06
1995.000000 9.39025000e+06
2005.000000 8.73201000e+06
2015.000000 8.90461000e+06
2025.000000 7.69927000e+06
2035.000000 1.00049000e+07
2045.000000 1.08370000e+07
2055.000000 1.02679000e+07
2065.000000 1.01952000e+07
2074.000000 1.19733000e+07
2078.000000 1.31591000e+07
2085.000000 1.25674000e+07
2095.000000 1.16400000e+07
2105.000000 1.09651000e+07
2115.000000 1.16416000e+07
2125.000000 1.11735000e+07
2135.000000 9.64919000e+06
2145.000000 1.19208000e+07
2155.000000 1.17520000e+07
2165.000000 1.07524000e+07
2175.000000 1.07278000e+07
2185.000000 1.19831000e+07
2195.000000 1.30572000e+07
2205.000000 1.22448000e+07
2215.000000 1.04168000e+07
2225.000000 1.09687000e+07
2235.000000 1.32291000e+07
2245.000000 1.20202000e+07
2255.000000 1.07536000e+07
2265.000000 1.04914000e+07
2275.000000 1.15116000e+07
2285.000000 1.25641000e+07
2295.000000 1.09370000e+07
2305.000000 1.20222000e+07
2315.000000 1.19158000e+07
2325.000000 1.16462000e+07
2335.000000 9.90705000e+06
2345.000000 7.62636000e+06
2355.000000 1.13901000e+07
2365.000000 8.27923000e+06
2375.000000 1.01813000e+07
2385.000000 6.82961000e+06
2395.000000 8.23468000e+06
2405.000000 8.21715000e+06
2415.000000 8.43797000e+06
2425.000000 1.10841000e+07
2435.000000 1.05060000e+07
2445.000000 1.18280000e+07
2455.000000 1.18075000e+07
2465.000000 1.19599000e+07
2475.000000 1.06236000e+07
2485.000000 1.02448000e+07
2495.000000 9.80945000e+06
2505.000000 1.24785000e+07
2513.000000 9.18622000e+06
2518.000000 8.02737000e+06
2525.000000 7.51317000e+06
2535.000000 6.74232000e+06
2545.000000 6.66908000e+06
2555.000000 8.86073000e+06
2565.000000 9.19660000e+06
2575.000000 1.16673000e+07
2585.000000 1.19763000e+07
2595.000000 1.17690000e+07
2605.000000 1.07378000e+07
2615.000000 9.88565000e+06
2625.000000 1.27240000e+07
2635.000000 1.36509000e+07
2645.000000 1.64977000e+07
2655.000000 1.77499000e+07
2665.000000 1.45022000e+07
2675.000000 1.59855000e+07
2685.000000 1.65852000e+07
2695.000000 1.41936000e+07
2705.000000 1.54203000e+07
2715.000000 1.35212000e+07
2725.000000 1.38467000e+07
2735.000000 1.50571000e+07
2745.000000 1.08789000e+07
2755.000000 1.21357000e+07
2765.000000 1.33061000e+07
2775.000000 1.43679000e+07
2785.000000 1.05434000e+07
2795.000000 3.62391000e+06
2805.000000 4.94994000e+06
2815.000000 1.41869000e+07
2825.000000 1.67905000e+07
2835.000000 1.64196000e+07
2845.000000 1.50393000e+07
2855.000000 1.09982000e+07
2865.000000 1.63204000e+07
2875.000000 1.64490000e+07
2885.000000 1.60573000e+07
2895.000000 1.59830000e+07
2910.000000 1.86592000e+07
2930.000000 1.75206000e+07
2950.000000 1.74497000e+07
2970.000000 1.83908000e+07
2990.000000 1.82139000e+07
3010.000000 1.85294000e+07
3030.000000 1.86155000e+07
3050.000000 1.87650000e+07
3070.000000 1.88419000e+07
3090.000000 1.90091000e+07
3110.000000 1.86228000e+07
3130.000000 1.86778000e+07
3150.000000 1.90174000e+07
3170.000000 1.90961000e+07
3190.000000 1.76042000e+07
3210.000000 1.84008000e+07
3230.000000 1.71438000e+07
3250.000000 1.84158000e+07
3270.000000 1.92605000e+07
3290.000000 1.93643000e+07
3310.000000 1.97369000e+07
3330.000000 1.92365000e+07
3350.000000 1.88826000e+07
3370.000000 1.84744000e+07
3390.000000 1.88317000e+07
3410.000000 1.88438000e+07
3430.000000 1.92084000e+07
3450.000000 1.90430000e+07
3470.000000 1.88714000e+07
3490.000000 1.89962000e+07
3510.000000 1.92996000e+07
3530.000000 1.89309000e+07
3550.000000 1.98192000e+07
3570.000000 1.85727000e+07
3590.000000 1.83762000e+07
3610.000000 1.86210000e+07
3630.000000 1.87105000e+07
3640.000000 1.84395000e+07
3650.000000 1.96041000e+07
3670.000000 1.94033000e+07
3690.000000 1.87044000e+07
3710.000000 1.88725000e+07
3730.000000 1.81190000e+07
3750.000000 2.08365000e+07
3770.000000 2.19967000e+07
3790.000000 2.52014000e+07
3810.000000 2.80936000e+07
3830.000000 2.25690000e+07
3850.000000 2.98715000e+07
3870.000000 3.18777000e+07
3890.000000 2.25618000e+07
3910.000000 3.14604000e+07
3930.000000 2.33566000e+07
3950.000000 3.05488000e+07
3970.000000 1.95513000e+07
3990.000000 3.18964000e+07
4010.000000 3.46387000e+07
4030.000000 3.45904000e+07
4050.000000 3.41439000e+07
4070.000000 3.31042000e+07
4090.000000 2.95022000e+07
4110.000000 2.43048000e+07
4130.000000 3.26595000e+07
4150.000000 3.38176000e+07
4170.000000 3.36391000e+07
4190.000000 3.32887000e+07
4210.000000 3.33473000e+07
4230.000000 3.23442000e+07
4250.000000 3.28226000e+07
4270.000000 3.22700000e+07
4290.000000 3.15993000e+07
4310.000000 2.95342000e+07
4330.000000 2.64289000e+07
4350.000000 2.33454000e+07
4370.000000 3.10744000e+07
4390.000000 3.11652000e+07
4410.000000 3.09026000e+07
4430.000000 3.07355000e+07
4450.000000 3.06273000e+07
4470.000000 3.07969000e+07
4490.000000 3.06969000e+07
4510.000000 3.12921000e+07
4530.000000 3.00434000e+07
4550.000000 2.99582000e+07
4570.000000 3.06869000e+07
4590.000000 2.98889000e+07
4610.000000 3.02701000e+07
4630.000000 2.97245000e+07
4650.000000 2.97481000e+07
4670.000000 2.98600000e+07
4690.000000 2.91606000e+07
4710.000000 2.81561000e+07
4730.000000 2.90753000e+07
4750.000000 2.89612000e+07
4770.000000 2.86924000e+07
4790.000000 2.83367000e+07
4810.000000 2.79615000e+07
4830.000000 2.72104000e+07
4850.000000 2.33061000e+07
4870.000000 1.94965000e+07
4890.000000 2.59686000e+07
4910.000000 2.67216000e+07
4930.000000 2.64246000e+07
4950.000000 2.67266000e+07
4970.000000 2.68719000e+07
4990.000000 2.60199000e+07
5010.000000 2.53068000e+07
5030.000000 2.59562000e+07
5050.000000 2.56387000e+07
5070.000000 2.58780000e+07
5090.000000 2.55587000e+07
5110.000000 2.55322000e+07
5130.000000 2.51159000e+07
5150.000000 2.46669000e+07
5170.000000 2.38450000e+07
5190.000000 2.36210000e+07
5210.000000 2.40424000e+07
5230.000000 2.39566000e+07
5250.000000 2.43184000e+07
5270.000000 2.27967000e+07
5290.000000 2.38538000e+07
5310.000000 2.37586000e+07
5330.000000 2.27200000e+07
5350.000000 2.33468000e+07
5370.000000 2.31261000e+07
5390.000000 2.29471000e+07
5410.000000 2.24225000e+07
5430.000000 2.26307000e+07
5450.000000 2.26222000e+07
5470.000000 2.24318000e+07
5490.000000 2.22350000e+07
5510.000000 2.21756000e+07
5530.000000 2.19884000e+07
5550.000000 2.20565000e+07
5570.000000 2.16616000e+07
5590.000000 2.13513000e+07
5610.000000 2.13562000e+07
5630.000000 2.14353000e+07
5650.000000 2.12413000e+07
5670.000000 2.09054000e+07
5690.000000 2.09239000e+07
5710.000000 2.06990000e+07
5730.000000 2.08451000e+07
5750.000000 2.05203000e+07
5770.000000 2.04745000e+07
5790.000000 2.02906000e+07
5810.000000 2.02169000e+07
5830.000000 2.01151000e+07
5850.000000 1.98688000e+07
5870.000000 1.97588000e+07
5890.000000 1.93566000e+07
5910.000000 1.95105000e+07
5930.000000 1.93791000e+07
5950.000000 1.92480000e+07
5970.000000 1.91341000e+07
5990.000000 1.89750000e+07
6010.000000 1.87978000e+07
6030.000000 1.86278000e+07
6050.000000 1.85985000e+07
6070.000000 1.85221000e+07
6090.000000 1.83367000e+07
6110.000000 1.81532000e+07
6130.000000 1.78154000e+07
6150.000000 1.76848000e+07
6170.000000 1.74743000e+07
6190.000000 1.77244000e+07
6210.000000 1.76231000e+07
6230.000000 1.73840000e+07
6250.000000 1.70540000e+07
6270.000000 1.72645000e+07
6290.000000 1.71653000e+07
6310.000000 1.69242000e+07
6330.000000 1.68259000e+07
6350.000000 1.66491000e+07
6370.000000 1.65670000e+07
6390.000000 1.65501000e+07
6410.000000 1.63003000e+07
6430.000000 1.62729000e+07
6450.000000 1.59829000e+07
6470.000000 1.59337000e+07
6490.000000 1.57364000e+07
6510.000000 1.56674000e+07
6530.000000 1.53189000e+07
6550.000000 1.38960000e+07
6570.000000 1.15397000e+07
6590.000000 1.46881000e+07
6610.000000 1.51392000e+07
6630.000000 1.51757000e+07
6650.000000 1.51331000e+07
6670.000000 1.50255000e+07
6690.000000 1.49888000e+07
6710.000000 1.48720000e+07
6730.000000 1.47937000e+07
6750.000000 1.46144000e+07
6770.000000 1.46038000e+07
6790.000000 1.45008000e+07
6810.000000 1.43970000e+07
6830.000000 1.43112000e+07
6850.000000 1.41876000e+07
6870.000000 1.41275000e+07
6890.000000 1.40392000e+07
6910.000000 1.39455000e+07
6930.000000 1.38510000e+07
6950.000000 1.37636000e+07
6970.000000 1.36715000e+07
6990.000000 1.35957000e+07
7010.000000 1.33864000e+07
7030.000000 1.33888000e+07
7050.000000 1.33236000e+07
7070.000000 1.32295000e+07
7090.000000 1.31519000e+07
7110.000000 1.29812000e+07
7130.000000 1.29447000e+07
7150.000000 1.28371000e+07
7170.000000 1.27465000e+07
7190.000000 1.26349000e+07
7210.000000 1.25895000e+07
7230.000000 1.25228000e+07
7250.000000 1.24388000e+07
7270.000000 1.23940000e+07
7290.000000 1.22339000e+07
7310.000000 1.22298000e+07
7330.000000 1.21232000e+07
7350.000000 1.20929000e+07
7370.000000 1.20204000e+07
7390.000000 1.18913000e+07
7410.000000 1.17380000e+07
7430.000000 1.17056000e+07
7450.000000 1.16645000e+07
7470.000000 1.16055000e+07
7490.000000 1.15215000e+07
7510.000000 1.14729000e+07
7530.000000 1.14160000e+07
7550.000000 1.13602000e+07
7570.000000 1.12661000e+07
7590.000000 1.12074000e+07
7610.000000 1.11232000e+07
7630.000000 1.10753000e+07
7650.000000 1.09776000e+07
7670.000000 1.08506000e+07
7690.000000 1.08070000e+07
7710.000000 1.07707000e+07
7730.000000 1.07181000e+07
7750.000000 1.06171000e+07
7770.000000 1.04271000e+07
7790.000000 1.05444000e+07
7810.000000 1.04558000e+07
7830.000000 1.03755000e+07
7850.000000 1.03031000e+07
7870.000000 1.02520000e+07
7890.000000 1.01783000e+07
7910.000000 1.01245000e+07
7930.000000 9.96386000e+06
7950.000000 9.94896000e+06
7970.000000 9.96255000e+06
7990.000000 9.87143000e+06
8010.000000 9.82689000e+06
8030.000000 9.75638000e+06
8050.000000 9.69285000e+06
8070.000000 9.65470000e+06
8090.000000 9.58342000e+06
8110.000000 9.54080000e+06
8130.000000 9.50018000e+06
8150.000000 9.43603000e+06
8170.000000 9.37578000e+06
8190.000000 9.22165000e+06
8210.000000 9.18124000e+06
8230.000000 9.12889000e+06
8250.000000 9.09243000e+06
8270.000000 9.11185000e+06
8290.000000 9.05040000e+06
8310.000000 8.94906000e+06
8330.000000 8.86759000e+06
8350.000000 8.86676000e+06
8370.000000 8.84326000e+06
8390.000000 8.75191000e+06
8410.000000 8.73058000e+06
8430.000000 8.64891000e+06
8450.000000 8.52413000e+06
8470.000000 8.52173000e+06
8490.000000 8.46542000e+06
8510.000000 8.14945000e+06
8530.000000 8.36499000e+06
8550.000000 7.51629000e+06
8570.000000 8.37223000e+06
8590.000000 8.14745000e+06
8610.000000 8.04561000e+06
8630.000000 8.25774000e+06
8650.000000 8.08768000e+06
8670.000000 7.12774000e+06
8690.000000 7.96950000e+06
8710.000000 8.12760000e+06
8730.000000 7.95595000e+06
8750.000000 7.16973000e+06
8770.000000 7.80174000e+06
8790.000000 7.97107000e+06
8810.000000 7.91307000e+06
8830.000000 7.83427000e+06
8850.000000 7.46941000e+06
8870.000000 6.79174000e+06
8890.000000 7.62162000e+06
8910.000000 7.71889000e+06
8930.000000 7.68719000e+06
8950.000000 7.71166000e+06
8970.000000 7.62768000e+06
8990.000000 7.44741000e+06
9010.000000 6.50992000e+06
9030.000000 6.93805000e+06
9050.000000 7.38809000e+06
9070.000000 7.34455000e+06
9090.000000 7.25801000e+06
9110.000000 7.34057000e+06
9130.000000 7.36946000e+06
9150.000000 7.32738000e+06
9170.000000 7.26005000e+06
9190.000000 7.15623000e+06
9210.000000 6.83161000e+06
9230.000000 5.85748000e+06
9250.000000 6.63748000e+06
9270.000000 6.88682000e+06
9290.000000 7.01871000e+06
9310.000000 7.01032000e+06
9330.000000 6.97423000e+06
9350.000000 6.94788000e+06
9370.000000 6.92297000e+06
9390.000000 6.87386000e+06
9410.000000 6.64556000e+06
9430.000000 6.73221000e+06
9450.000000 6.71218000e+06
9470.000000 6.70318000e+06
9490.000000 6.64107000e+06
9510.000000 6.51736000e+06
9530.000000 6.21917000e+06
9550.000000 5.35957000e+06
9570.000000 6.21418000e+06
9590.000000 6.39638000e+06
9610.000000 6.38529000e+06
9630.000000 6.35107000e+06
9650.000000 6.36118000e+06
9670.000000 6.29501000e+06
9690.000000 6.28149000e+06
9710.000000 6.30159000e+06
9730.000000 6.27173000e+06
9750.000000 6.19808000e+06
9770.000000 6.19878000e+06
9790.000000 6.16326000e+06
9810.000000 6.13933000e+06
9830.000000 6.09527000e+06
9850.000000 6.05423000e+06
9870.000000 6.02121000e+06
9890.000000 5.95529000e+06
9910.000000 5.92820000e+06
9930.000000 5.91466000e+06
9950.000000 5.88634000e+06
9970.000000 5.84608000e+06
9990.000000 5.78834000e+06
10025.000000 5.45636000e+06
10075.000000 5.23347000e+06
10125.000000 5.58246000e+06
10175.000000 5.52664000e+06
10225.000000 5.48858000e+06
10275.000000 5.42459000e+06
10325.000000 5.33790000e+06
10375.000000 5.27677000e+06
10425.000000 5.21137000e+06
10475.000000 5.09719000e+06
10525.000000 5.07302000e+06
10575.000000 4.99619000e+06
10625.000000 4.92659000e+06
10675.000000 4.79360000e+06
10725.000000 4.78373000e+06
10775.000000 4.72321000e+06
10825.000000 4.62984000e+06
10875.000000 4.54755000e+06
10925.000000 4.05561000e+06
10975.000000 4.29022000e+06
11025.000000 4.42961000e+06
11075.000000 4.41397000e+06
11125.000000 4.35490000e+06
11175.000000 4.30214000e+06
11225.000000 4.26001000e+06
11275.000000 4.16423000e+06
11325.000000 4.12020000e+06
11375.000000 4.09308000e+06
11425.000000 4.02270000e+06
11475.000000 4.01061000e+06
11525.000000 3.96142000e+06
11575.000000 3.91012000e+06
11625.000000 3.83251000e+06
11675.000000 3.77930000e+06
11725.000000 3.77810000e+06
11775.000000 3.68114000e+06
11825.000000 3.65008000e+06
11875.000000 3.60525000e+06
11925.000000 3.60607000e+06
11975.000000 3.51113000e+06
12025.000000 3.49763000e+06
12075.000000 3.45167000e+06
12125.000000 3.41967000e+06
12175.000000 3.39800000e+06
12225.000000 3.35816000e+06
12275.000000 3.30810000e+06
12325.000000 3.27909000e+06
12375.000000 3.23985000e+06
12425.000000 3.20407000e+06
12475.000000 3.16875000e+06
12525.000000 3.12621000e+06
12575.000000 3.08615000e+06
12625.000000 3.05278000e+06
12675.000000 3.01819000e+06
12725.000000 2.97102000e+06
12775.000000 2.85985000e+06
12825.000000 2.50045000e+06
12875.000000 2.81515000e+06
12925.000000 2.84099000e+06
12975.000000 2.82518000e+06
13025.000000 2.79776000e+06
13075.000000 2.77265000e+06
13125.000000 2.73342000e+06
13175.000000 2.69774000e+06
13225.000000 2.68362000e+06
13275.000000 2.64891000e+06
13325.000000 2.62249000e+06
13375.000000 2.59492000e+06
13425.000000 2.56768000e+06
13475.000000 2.54057000e+06
13525.000000 2.51070000e+06
13575.000000 2.48058000e+06
13625.000000 2.45856000e+06
13675.000000 2.42872000e+06
13725.000000 2.39206000e+06
13775.000000 2.37413000e+06
13825.000000 2.34851000e+06
13875.000000 2.33299000e+06
13925.000000 2.30267000e+06
13975.000000 2.27773000e+06
14025.000000 2.25328000e+06
14075.000000 2.23369000e+06
14125.000000 2.20469000e+06
14175.000000 2.18728000e+06
14225.000000 2.15611000e+06
14275.000000 2.12865000e+06
14325.000000 2.11859000e+06
14375.000000 2.09877000e+06
14425.000000 2.04297000e+06
14475.000000 2.05387000e+06
14525.000000 2.01654000e+06
14570.000000 2.00943000e+06
14620.000000 1.98583000e+06
14675.000000 1.96923000e+06
14725.000000 1.94285000e+06
14775.000000 1.92023000e+06
14825.000000 1.90541000e+06
14875.000000 1.86674000e+06
14925.000000 1.87438000e+06
14975.000000 1.85181000e+06
15025.000000 1.81531000e+06
15075.000000 1.80245000e+06
15125.000000 1.79714000e+06
15175.000000 1.78090000e+06
15225.000000 1.75639000e+06
15275.000000 1.74216000e+06
15325.000000 1.72295000e+06
15375.000000 1.70459000e+06
15425.000000 1.67630000e+06
15475.000000 1.66722000e+06
15525.000000 1.65290000e+06
15575.000000 1.62646000e+06
15625.000000 1.62749000e+06
15675.000000 1.59459000e+06
15725.000000 1.56785000e+06
15775.000000 1.56035000e+06
15825.000000 1.55487000e+06
15875.000000 1.48182000e+06
15925.000000 1.51505000e+06
15975.000000 1.51326000e+06
16050.000000 1.47736000e+06
16150.000000 1.41602000e+06
16250.000000 1.44236000e+06
16350.000000 1.37887000e+06
16450.000000 1.30973000e+06
16550.000000 1.35734000e+06
16650.000000 1.33054000e+06
16750.000000 1.25747000e+06
16850.000000 1.18469000e+06
16950.000000 1.24819000e+06
17050.000000 1.22500000e+06
17150.000000 1.19865000e+06
17250.000000 1.15903000e+06
17350.000000 1.03426000e+06
17450.000000 1.09628000e+06
17550.000000 1.10022000e+06
17650.000000 1.07962000e+06
17750.000000 1.06087000e+06
17850.000000 1.03980000e+06
17950.000000 1.01839000e+06
18050.000000 9.86970000e+05
18150.000000 8.83744000e+05
18250.000000 9.24194000e+05
18350.000000 9.34365000e+05
18450.000000 9.17015000e+05
18550.000000 8.98276000e+05
18650.000000 8.71274000e+05
18750.000000 7.71317000e+05
18850.000000 8.33057000e+05
18950.000000 8.23081000e+05
19050.000000 8.18148000e+05
19150.000000 8.01808000e+05
19250.000000 7.85254000e+05
19350.000000 7.59048000e+05
19450.000000 6.77143000e+05
19550.000000 7.31109000e+05
19650.000000 7.27999000e+05
19750.000000 7.14097000e+05
19850.000000 7.03870000e+05
19950.000000 6.90262000e+05
20050.000000 6.78709000e+05
20150.000000 6.67006000e+05
20250.000000 6.53756000e+05
20350.000000 6.39768000e+05
20450.000000 6.31527000e+05
20550.000000 6.19784000e+05
20650.000000 6.06923000e+05
20750.000000 5.97526000e+05
20850.000000 5.86894000e+05
20950.000000 5.75460000e+05
21050.000000 5.66672000e+05
21150.000000 5.55869000e+05
21250.000000 5.45961000e+05
21350.000000 5.36305000e+05
21450.000000 5.26657000e+05
21550.000000 5.12054000e+05
21650.000000 4.59311000e+05
21750.000000 4.89986000e+05
21850.000000 4.89773000e+05
21950.000000 4.84953000e+05
22050.000000 4.75295000e+05
22150.000000 4.68264000e+05
22250.000000 4.61165000e+05
22350.000000 4.53518000e+05
22450.000000 4.46041000e+05
22550.000000 4.36493000e+05
22650.000000 4.30701000e+05
22750.000000 4.24077000e+05
22850.000000 4.16542000e+05
22950.000000 4.10044000e+05
23050.000000 4.04296000e+05
23150.000000 3.97584000e+05
23250.000000 3.91454000e+05
23350.000000 3.85047000e+05
23450.000000 3.79160000e+05
23550.000000 3.73189000e+05
23650.000000 3.67419000e+05
23750.000000 3.60799000e+05
23850.000000 3.55283000e+05
23950.000000 3.50286000e+05
24050.000000 3.44689000e+05
24150.000000 3.39005000e+05
24250.000000 3.34171000e+05
24350.000000 3.28687000e+05
24450.000000 3.24031000e+05
24550.000000 3.18197000e+05
24650.000000 3.14169000e+05
24750.000000 3.09096000e+05
24850.000000 3.03666000e+05
24950.000000 2.99500000e+05
25050.000000 2.95829000e+05
25150.000000 2.91534000e+05
25250.000000 2.86020000e+05
25350.000000 2.82865000e+05
25450.000000 2.78611000e+05
25550.000000 2.74103000e+05
25650.000000 2.67859000e+05
25750.000000 2.66606000e+05
25850.000000 2.62253000e+05
25950.000000 2.59094000e+05
26050.000000 2.53606000e+05
26150.000000 2.45202000e+05
26250.000000 2.26526000e+05
26350.000000 2.40501000e+05
26450.000000 2.40345000e+05
26550.000000 2.37383000e+05
26650.000000 2.32703000e+05
26750.000000 2.24654000e+05
26850.000000 2.27118000e+05
26950.000000 2.25295000e+05
27050.000000 2.22448000e+05
27150.000000 2.19571000e+05
27250.000000 2.16557000e+05
27350.000000 2.13158000e+05
27450.000000 2.09433000e+05
27550.000000 1.99378000e+05
27650.000000 2.00747000e+05
27750.000000 2.01343000e+05
27850.000000 1.99278000e+05
27950.000000 1.96881000e+05
28050.000000 1.94225000e+05
28150.000000 1.91616000e+05
28250.000000 1.89034000e+05
28350.000000 1.86560000e+05
28450.000000 1.83738000e+05
28550.000000 1.80844000e+05
28650.000000 1.75935000e+05
28750.000000 1.67120000e+05
28850.000000 1.72893000e+05
28950.000000 1.71777000e+05
29050.000000 1.69972000e+05
29150.000000 1.67682000e+05
29250.000000 1.65397000e+05
29350.000000 1.63489000e+05
29450.000000 1.61329000e+05
29550.000000 1.59342000e+05
29650.000000 1.57292000e+05
29750.000000 1.55253000e+05
29850.000000 1.53326000e+05
29950.000000 1.51284000e+05
30050.000000 1.49306000e+05
30150.000000 1.47290000e+05
30250.000000 1.44704000e+05
30350.000000 1.36574000e+05
30450.000000 1.37523000e+05
30550.000000 1.39567000e+05
30650.000000 1.38325000e+05
30750.000000 1.36877000e+05
30850.000000 1.35021000e+05
30950.000000 1.33442000e+05
31050.000000 1.31814000e+05
31150.000000 1.29754000e+05
31250.000000 1.28624000e+05
31350.000000 1.27049000e+05
31450.000000 1.25553000e+05
31550.000000 1.23926000e+05
31650.000000 1.22618000e+05
31750.000000 1.21032000e+05
31850.000000 1.19682000e+05
31950.000000 1.18289000e+05
32100.000000 1.16107000e+05
32300.000000 1.13460000e+05
32500.000000 1.10791000e+05
32700.000000 1.08035000e+05
32900.000000 1.01271000e+05
33100.000000 1.01970000e+05
33300.000000 1.00606000e+05
33500.000000 9.85153000e+04
33700.000000 9.62050000e+04
33900.000000 9.40471000e+04
34100.000000 9.19299000e+04
34300.000000 9.00156000e+04
34500.000000 8.81203000e+04
34700.000000 8.61626000e+04
34900.000000 8.42995000e+04
35100.000000 8.24762000e+04
35300.000000 8.06766000e+04
35500.000000 7.89689000e+04
35700.000000 7.72471000e+04
35900.000000 7.56259000e+04
36100.000000 7.40531000e+04
36300.000000 7.25160000e+04
36500.000000 7.08950000e+04
36700.000000 6.94279000e+04
36900.000000 6.78667000e+04
37100.000000 6.65375000e+04
37300.000000 6.40009000e+04
37500.000000 6.20609000e+04
37700.000000 6.25890000e+04
37900.000000 6.14292000e+04
38100.000000 6.00671000e+04
38300.000000 5.89175000e+04
38500.000000 5.79181000e+04
38700.000000 5.67425000e+04
38900.000000 5.55207000e+04
39100.000000 5.42592000e+04
39300.000000 5.34767000e+04
39500.000000 5.24198000e+04
39700.000000 5.14770000e+04
39900.000000 5.03872000e+04
40100.000000 4.91877000e+04
40300.000000 4.81788000e+04
40500.000000 4.59586000e+04
40700.000000 4.65815000e+04
40900.000000 4.58410000e+04
41100.000000 4.50302000e+04
41300.000000 4.42064000e+04
41500.000000 4.32760000e+04
41700.000000 4.19693000e+04
41900.000000 4.17069000e+04
42100.000000 4.09567000e+04
42300.000000 4.03134000e+04
42500.000000 3.95761000e+04
42700.000000 3.88715000e+04
42900.000000 3.81783000e+04
43100.000000 3.74963000e+04
43300.000000 3.68091000e+04
43500.000000 3.61330000e+04
43700.000000 3.48916000e+04
43900.000000 3.46819000e+04
44100.000000 3.42518000e+04
44300.000000 3.36956000e+04
44500.000000 3.31195000e+04
44700.000000 3.25881000e+04
44900.000000 3.20274000e+04
45100.000000 3.14829000e+04
45300.000000 3.09485000e+04
45500.000000 3.04259000e+04
45700.000000 2.99004000e+04
45900.000000 2.94008000e+04
46100.000000 2.89122000e+04
46300.000000 2.83484000e+04
46500.000000 2.69046000e+04
46700.000000 2.67369000e+04
46900.000000 2.69135000e+04
47100.000000 2.65937000e+04
47300.000000 2.61757000e+04
47500.000000 2.57453000e+04
47700.000000 2.53295000e+04
47900.000000 2.49280000e+04
48100.000000 2.45257000e+04
48300.000000 2.41373000e+04
48500.000000 2.37497000e+04
48700.000000 2.33739000e+04
48900.000000 2.30067000e+04
49100.000000 2.26399000e+04
49300.000000 2.22908000e+04
49500.000000 2.19326000e+04
49700.000000 2.15979000e+04
49900.000000 2.12677000e+04
50100.000000 2.09392000e+04
50300.000000 2.06181000e+04
50500.000000 2.03030000e+04
50700.000000 1.99936000e+04
50900.000000 1.96798000e+04
51100.000000 1.93053000e+04
51300.000000 1.85481000e+04
51500.000000 1.87608000e+04
51700.000000 1.85243000e+04
51900.000000 1.82560000e+04
52100.000000 1.79773000e+04
52300.000000 1.77147000e+04
52500.000000 1.74570000e+04
52700.000000 1.71986000e+04
52900.000000 1.69490000e+04
53100.000000 1.67013000e+04
53300.000000 1.64595000e+04
53500.000000 1.62209000e+04
53700.000000 1.59683000e+04
53900.000000 1.57463000e+04
54100.000000 1.55335000e+04
54300.000000 1.53056000e+04
54500.000000 1.50933000e+04
54700.000000 1.48673000e+04
54900.000000 1.46667000e+04
55100.000000 1.44574000e+04
55300.000000 1.42310000e+04
55500.000000 1.40602000e+04
55700.000000 1.38659000e+04
55900.000000 1.36607000e+04
56100.000000 1.34845000e+04
56300.000000 1.32950000e+04
56500.000000 1.31172000e+04
56700.000000 1.29370000e+04
56900.000000 1.27543000e+04
57100.000000 1.25368000e+04
57300.000000 1.24127000e+04
57500.000000 1.22502000e+04
57700.000000 1.20828000e+04
57900.000000 1.19208000e+04
58100.000000 1.17630000e+04
58300.000000 1.16071000e+04
58500.000000 1.14574000e+04
58700.000000 1.13029000e+04
58900.000000 1.11046000e+04
59100.000000 1.06764000e+04
59300.000000 1.08268000e+04
59500.000000 1.06394000e+04
59700.000000 1.05484000e+04
59900.000000 1.04452000e+04
60100.000000 1.03085000e+04
60300.000000 1.01797000e+04
60500.000000 1.00490000e+04
60700.000000 9.91840000e+03
60900.000000 9.78907000e+03
61100.000000 9.65828000e+03
61300.000000 9.54483000e+03
61500.000000 9.42588000e+03
61700.000000 9.30629000e+03
61900.000000 9.18824000e+03
62100.000000 9.07464000e+03
62300.000000 8.95163000e+03
62500.000000 8.84698000e+03
62700.000000 8.72748000e+03
62900.000000 8.53590000e+03
63100.000000 8.49721000e+03
63300.000000 8.42037000e+03
63500.000000 8.31734000e+03
63700.000000 8.21459000e+03
63900.000000 8.11518000e+03
64200.000000 7.96895000e+03
64600.000000 7.77560000e+03
65000.000000 7.58907000e+03
65400.000000 7.41205000e+03
65800.000000 7.23729000e+03
66200.000000 7.06731000e+03
66600.000000 6.90326000e+03
67000.000000 6.74269000e+03
67400.000000 6.58022000e+03
67800.000000 6.37930000e+03
68200.000000 6.29035000e+03
68600.000000 6.14804000e+03
69000.000000 6.00947000e+03
69400.000000 5.87415000e+03
69800.000000 5.74446000e+03
70200.000000 5.61550000e+03
70600.000000 5.49347000e+03
71000.000000 5.37383000e+03
71400.000000 5.25644000e+03
71800.000000 5.14228000e+03
72200.000000 5.03068000e+03
72600.000000 4.92322000e+03
73000.000000 4.81958000e+03
73400.000000 4.71636000e+03
73800.000000 4.61771000e+03
74200.000000 4.51900000e+03
74600.000000 4.34577000e+03
75000.000000 4.23290000e+03
75400.000000 4.23761000e+03
75800.000000 4.15792000e+03
76200.000000 4.07299000e+03
76600.000000 3.99037000e+03
77000.000000 3.90937000e+03
77400.000000 3.83096000e+03
77800.000000 3.75202000e+03
78200.000000 3.67961000e+03
78600.000000 3.60664000e+03
79000.000000 3.53550000e+03
79400.000000 3.46608000e+03
79800.000000 3.39823000e+03
80200.000000 3.33197000e+03
80600.000000 3.26732000e+03
81000.000000 3.20493000e+03
81400.000000 3.13809000e+03
81800.000000 3.08174000e+03
82200.000000 3.02500000e+03
82600.000000 2.96784000e+03
83000.000000 2.91196000e+03
83400.000000 2.85690000e+03
83800.000000 2.80389000e+03
84200.000000 2.75218000e+03
84600.000000 2.70158000e+03
85000.000000 2.65197000e+03
85400.000000 2.60342000e+03
85800.000000 2.55597000e+03
86200.000000 2.50949000e+03
86600.000000 2.45592000e+03
87000.000000 2.42000000e+03
87400.000000 2.36007000e+03
87800.000000 2.31838000e+03
88200.000000 2.29300000e+03
88600.000000 2.25252000e+03
89000.000000 2.21291000e+03
89400.000000 2.17435000e+03
89800.000000 2.13605000e+03
90200.000000 2.09937000e+03
90600.000000 2.06338000e+03
91000.000000 2.02763000e+03
91400.000000 1.99288000e+03
91800.000000 1.95919000e+03
92200.000000 1.92596000e+03
92600.000000 1.89337000e+03
93000.000000 1.86156000e+03
93400.000000 1.83024000e+03
93800.000000 1.79021000e+03
94200.000000 1.76782000e+03
94600.000000 1.74061000e+03
95000.000000 1.71183000e+03
95400.000000 1.68356000e+03
95800.000000 1.65627000e+03
96200.000000 1.62913000e+03
96600.000000 1.60291000e+03
97000.000000 1.57703000e+03
97400.000000 1.55139000e+03
97800.000000 1.52668000e+03
98200.000000 1.50231000e+03
98600.000000 1.47848000e+03
99000.000000 1.45518000e+03
99400.000000 1.43209000e+03
99800.000000 1.40963000e+03
100200.000000 1.38759000e+03
200000.000000 8.96804000e+01
400000.000000 5.62386000e+00
600000.000000 1.10528000e+00
800000.000000 3.47680000e-01
1000000.000000 1.41635000e-01
1200000.000000 6.79656000e-02
1400000.000000 3.65235000e-02
1600000.000000 2.13235000e-02
