# teff = 8000.0
# logg = 3.5
# metallicity = 0.0
# wavelength_unit = angstrom
# flux_unit = erg/cm2/s/A
# units_standardized = True
348.000000 9.11213000e-24
357.000000 6.19916000e-23
366.000000 3.82450000e-22
375.000000 2.14928000e-21
385.000000 1.32415000e-20
395.000000 7.39406000e-20
405.000000 3.77384000e-19
414.000000 1.52403000e-18
422.000000 4.99481000e-18
430.000000 1.56156000e-17
441.000000 6.96737000e-17
451.000000 2.53448000e-16
460.000000 7.69785000e-16
470.000000 2.50783000e-15
480.000000 7.74699000e-15
490.000000 2.27842000e-14
500.000000 6.39039000e-14
506.000000 1.53790000e-13
512.000000 3.10243000e-13
520.000000 6.57632000e-13
530.000000 1.63634000e-12
540.000000 3.85515000e-12
550.000000 8.91510000e-12
560.000000 1.98167000e-11
570.000000 4.27030000e-11
580.000000 8.82951000e-11
590.000000 1.81871000e-10
600.000000 3.60572000e-10
610.000000 6.98443000e-10
620.000000 1.31934000e-09
630.000000 2.43740000e-09
640.000000 4.40772000e-09
650.000000 7.81876000e-09
658.000000 1.21903000e-08
665.000000 1.77561000e-08
675.000000 3.00706000e-08
685.000000 5.00770000e-08
695.000000 8.19481000e-08
705.000000 1.31015000e-07
716.000000 2.18995000e-07
726.000000 3.41945000e-07
735.000000 5.04677000e-07
745.000000 7.67136000e-07
755.000000 1.15301000e-06
765.000000 1.71259000e-06
775.000000 2.51412000e-06
785.000000 3.65594000e-06
795.000000 5.18263000e-06
805.000000 7.40233000e-06
815.000000 1.04859000e-05
825.000000 1.46280000e-05
835.000000 2.02050000e-05
845.000000 2.76718000e-05
855.000000 3.75691000e-05
865.000000 5.05864000e-05
875.000000 6.71704000e-05
885.000000 8.95618000e-05
895.000000 1.17869000e-04
905.000000 1.53180000e-04
915.000000 9.10432000e-02
925.000000 2.82477000e-01
935.000000 3.69570000e-01
945.000000 4.88638000e-01
955.000000 6.73220000e-01
965.000000 8.74359000e-01
975.000000 1.07765000e+00
985.000000 1.37738000e+00
995.000000 1.68405000e+00
1005.000000 2.23548000e+00
1015.000000 2.79926000e+00
1025.000000 3.29456000e+00
1035.000000 4.27117000e+00
1045.000000 5.29134000e+00
1055.000000 6.51155000e+00
1065.000000 7.82572000e+00
1075.000000 9.67166000e+00
1085.000000 1.18111000e+01
1095.000000 1.40106000e+01
1105.000000 4.35683000e+01
1115.000000 1.39259000e+02
1125.000000 1.99291000e+02
1135.000000 2.75368000e+02
1145.000000 3.42728000e+02
1155.000000 3.71809000e+02
1165.000000 4.97522000e+02
1175.000000 5.77363000e+02
1185.000000 5.97761000e+02
1195.000000 2.81381000e+02
1205.000000 3.08487000e+02
1215.000000 7.26344000e+01
1225.000000 3.53150000e+02
1235.000000 8.38390000e+02
1245.000000 1.81345000e+03
1255.000000 3.66725000e+03
1265.000000 3.28956000e+03
1275.000000 5.41100000e+03
1285.000000 7.33986000e+03
1295.000000 8.70441000e+03
1305.000000 6.50695000e+03
1315.000000 1.05789000e+04
1325.000000 1.24506000e+04
1335.000000 1.36567000e+04
1345.000000 1.62043000e+04
1355.000000 1.66914000e+04
1365.000000 1.81235000e+04
1375.000000 1.97124000e+04
1385.000000 2.15425000e+04
1395.000000 2.44039000e+04
1405.000000 2.68994000e+04
1415.000000 2.80182000e+04
1425.000000 3.09398000e+04
1435.000000 3.12327000e+04
1442.000000 3.56970000e+04
1447.000000 3.77825000e+04
1455.000000 4.15661000e+04
1465.000000 4.24663000e+04
1475.000000 4.59530000e+04
1485.000000 5.03211000e+04
1495.000000 5.60638000e+04
1505.000000 6.10594000e+04
1512.000000 6.23163000e+04
1517.000000 6.69924000e+04
1525.000000 7.56642000e+04
1535.000000 1.24365000e+05
1545.000000 2.48525000e+05
1555.000000 2.61527000e+05
1565.000000 2.64363000e+05
1575.000000 4.24731000e+05
1585.000000 5.78990000e+05
1595.000000 7.04110000e+05
1605.000000 7.29906000e+05
1615.000000 7.65974000e+05
1625.000000 7.10723000e+05
1635.000000 9.23297000e+05
1645.000000 1.63986000e+06
1655.000000 9.04252000e+05
1665.000000 1.66253000e+06
1672.000000 8.42579000e+05
1677.000000 2.66573000e+06
1685.000000 4.39593000e+06
1695.000000 4.04538000e+06
1705.000000 6.61247000e+06
1715.000000 1.11322000e+07
1725.000000 1.15841000e+07
1735.000000 1.51294000e+07
1745.000000 1.39828000e+07
1755.000000 1.79703000e+07
1765.000000 1.15542000e+07
1775.000000 1.65680000e+07
1785.000000 1.57539000e+07
1795.000000 2.10146000e+07
1805.000000 1.57837000e+07
1815.000000 1.74914000e+07
1825.000000 1.48356000e+07
1835.000000 1.42067000e+07
1845.000000 1.22934000e+07
1855.000000 1.49388000e+07
1865.000000 1.73666000e+07
1875.000000 1.63931000e+07
1885.000000 1.70795000e+07
1895.000000 1.84041000e+07
1905.000000 1.61965000e+07
1915.000000 1.81789000e+07
1925.000000 1.76825000e+07
1935.000000 1.25730000e+07
1945.000000 1.92964000e+07
1955.000000 1.95855000e+07
1967.000000 2.15984000e+07
1976.000000 2.05743000e+07
1984.000000 1.94765000e+07
1995.000000 1.92708000e+07
2005.000000 1.81110000e+07
2015.000000 1.70113000e+07
2025.000000 1.59516000e+07
2035.000000 1.89946000e+07
2045.000000 2.07767000e+07
2055.000000 1.88239000e+07
2065.000000 1.85324000e+07
2074.000000 2.21528000e+07
2078.000000 2.37026000e+07
2085.000000 2.24466000e+07
2095.000000 2.08560000e+07
2105.000000 1.90404000e+07
2115.000000 1.95497000e+07
2125.000000 1.98191000e+07
2135.000000 1.54412000e+07
2145.000000 1.92630000e+07
2155.000000 1.93580000e+07
2165.000000 1.75616000e+07
2175.000000 1.75550000e+07
2185.000000 1.86888000e+07
2195.000000 2.03502000e+07
2205.000000 1.92284000e+07
2215.000000 1.63938000e+07
2225.000000 1.61395000e+07
2235.000000 1.97467000e+07
2245.000000 1.76352000e+07
2255.000000 1.58122000e+07
2265.000000 1.58895000e+07
2275.000000 1.76397000e+07
2285.000000 1.86509000e+07
2295.000000 1.65332000e+07
2305.000000 1.75352000e+07
2315.000000 1.67310000e+07
2325.000000 1.60822000e+07
2335.000000 1.31477000e+07
2345.000000 1.05688000e+07
2355.000000 1.55432000e+07
2365.000000 1.09876000e+07
2375.000000 1.35955000e+07
2385.000000 9.18209000e+06
2395.000000 1.13012000e+07
2405.000000 1.09234000e+07
2415.000000 1.18247000e+07
2425.000000 1.54558000e+07
2435.000000 1.48272000e+07
2445.000000 1.62324000e+07
2455.000000 1.60442000e+07
2465.000000 1.59422000e+07
2475.000000 1.45264000e+07
2485.000000 1.49808000e+07
2495.000000 1.41450000e+07
2505.000000 1.79455000e+07
2513.000000 1.38357000e+07
2518.000000 1.39121000e+07
2525.000000 1.19555000e+07
2535.000000 1.07170000e+07
2545.000000 1.08162000e+07
2555.000000 1.36535000e+07
2565.000000 1.30560000e+07
2575.000000 1.55433000e+07
2585.000000 1.55710000e+07
2595.000000 1.48157000e+07
2605.000000 1.35563000e+07
2615.000000 1.26816000e+07
2625.000000 1.60503000e+07
2635.000000 1.70432000e+07
2645.000000 2.15052000e+07
2655.000000 2.22178000e+07
2665.000000 1.80068000e+07
2675.000000 2.00226000e+07
2685.000000 1.97713000e+07
2695.000000 1.80713000e+07
2705.000000 1.92910000e+07
2715.000000 1.71994000e+07
2725.000000 1.75579000e+07
2735.000000 1.93607000e+07
2745.000000 1.33677000e+07
2755.000000 1.46745000e+07
2765.000000 1.57350000e+07
2775.000000 1.80287000e+07
2785.000000 1.40128000e+07
2795.000000 5.18267000e+06
2805.000000 6.91355000e+06
2815.000000 1.73512000e+07
2825.000000 2.07223000e+07
2835.000000 2.00973000e+07
2845.000000 1.90524000e+07
2855.000000 1.67025000e+07
2865.000000 2.04125000e+07
2875.000000 1.98145000e+07
2885.000000 2.00961000e+07
2895.000000 1.90239000e+07
2910.000000 2.25933000e+07
2930.000000 2.11993000e+07
2950.000000 2.11843000e+07
2970.000000 2.24451000e+07
2990.000000 2.25218000e+07
3010.000000 2.31075000e+07
3030.000000 2.28674000e+07
3050.000000 2.27155000e+07
3070.000000 2.28055000e+07
3090.000000 2.34826000e+07
3110.000000 2.25864000e+07
3130.000000 2.25790000e+07
3150.000000 2.33627000e+07
3170.000000 2.32016000e+07
3190.000000 2.14822000e+07
3210.000000 2.25319000e+07
3230.000000 2.12954000e+07
3250.000000 2.24886000e+07
3270.000000 2.30704000e+07
3290.000000 2.33212000e+07
3310.000000 2.37985000e+07
3330.000000 2.30867000e+07
3350.000000 2.26947000e+07
3370.000000 2.24228000e+07
3390.000000 2.27472000e+07
3410.000000 2.31265000e+07
3430.000000 2.34666000e+07
3450.000000 2.32055000e+07
3470.000000 2.28702000e+07
3490.000000 2.27660000e+07
3510.000000 2.33748000e+07
3530.000000 2.32893000e+07
3550.000000 2.40276000e+07
3570.000000 2.27869000e+07
3590.000000 2.26811000e+07
3610.000000 2.28574000e+07
3630.000000 2.30171000e+07
3640.000000 2.25794000e+07
3650.000000 2.37258000e+07
3670.000000 2.34861000e+07
3690.000000 2.24370000e+07
3710.000000 2.43008000e+07
3730.000000 2.56434000e+07
3750.000000 3.27878000e+07
3770.000000 3.55395000e+07
3790.000000 4.40642000e+07
3810.000000 5.15729000e+07
3830.000000 4.02928000e+07
3850.000000 5.67668000e+07
3870.000000 6.42157000e+07
3890.000000 3.70129000e+07
3910.000000 6.31279000e+07
3930.000000 4.81690000e+07
3950.000000 6.10856000e+07
3970.000000 3.20704000e+07
3990.000000 6.23374000e+07
4010.000000 7.14680000e+07
4030.000000 7.11362000e+07
4050.000000 7.03067000e+07
4070.000000 6.67678000e+07
4090.000000 5.28607000e+07
4110.000000 4.03044000e+07
4130.000000 6.33312000e+07
4150.000000 6.79130000e+07
4170.000000 6.70161000e+07
4190.000000 6.65861000e+07
4210.000000 6.65330000e+07
4230.000000 6.45158000e+07
4250.000000 6.47046000e+07
4270.000000 6.20812000e+07
4290.000000 6.18128000e+07
4310.000000 5.60711000e+07
4330.000000 4.41071000e+07
4350.000000 3.75565000e+07
4370.000000 5.71913000e+07
4390.000000 5.84835000e+07
4410.000000 5.77566000e+07
4430.000000 5.69656000e+07
4450.000000 5.77693000e+07
4470.000000 5.77136000e+07
4490.000000 5.68212000e+07
4510.000000 5.82316000e+07
4530.000000 5.55633000e+07
4550.000000 5.47920000e+07
4570.000000 5.64330000e+07
4590.000000 5.42453000e+07
4610.000000 5.54863000e+07
4630.000000 5.37022000e+07
4650.000000 5.39992000e+07
4670.000000 5.37916000e+07
4690.000000 5.16896000e+07
4710.000000 4.96552000e+07
4730.000000 5.17755000e+07
4750.000000 5.15641000e+07
4770.000000 5.05333000e+07
4790.000000 4.98593000e+07
4810.000000 4.85662000e+07
4830.000000 4.64224000e+07
4850.000000 3.61330000e+07
4870.000000 2.88255000e+07
4890.000000 4.34611000e+07
4910.000000 4.58049000e+07
4930.000000 4.53503000e+07
4950.000000 4.60562000e+07
4970.000000 4.62354000e+07
4990.000000 4.44524000e+07
5010.000000 4.26933000e+07
5030.000000 4.37839000e+07
5050.000000 4.30079000e+07
5070.000000 4.36366000e+07
5090.000000 4.30893000e+07
5110.000000 4.29157000e+07
5130.000000 4.19247000e+07
5150.000000 4.10201000e+07
5170.000000 4.00945000e+07
5190.000000 3.95329000e+07
5210.000000 3.97408000e+07
5230.000000 3.92997000e+07
5250.000000 3.98373000e+07
5270.000000 3.69704000e+07
5290.000000 3.88467000e+07
5310.000000 3.82286000e+07
5330.000000 3.65446000e+07
5350.000000 3.78118000e+07
5370.000000 3.73948000e+07
5390.000000 3.68740000e+07
5410.000000 3.59519000e+07
5430.000000 3.61104000e+07
5450.000000 3.62860000e+07
5470.000000 3.58235000e+07
5490.000000 3.53917000e+07
5510.000000 3.51613000e+07
5530.000000 3.48138000e+07
5550.000000 3.48153000e+07
5570.000000 3.42160000e+07
5590.000000 3.36871000e+07
5610.000000 3.36305000e+07
5630.000000 3.36308000e+07
5650.000000 3.31442000e+07
5670.000000 3.25416000e+07
5690.000000 3.25413000e+07
5710.000000 3.21797000e+07
5730.000000 3.23582000e+07
5750.000000 3.17131000e+07
5770.000000 3.16045000e+07
5790.000000 3.12393000e+07
5810.000000 3.10503000e+07
5830.000000 3.08321000e+07
5850.000000 3.04268000e+07
5870.000000 3.01925000e+07
5890.000000 2.95273000e+07
5910.000000 2.96762000e+07
5930.000000 2.94132000e+07
5950.000000 2.90817000e+07
5970.000000 2.89083000e+07
5990.000000 2.85098000e+07
6010.000000 2.81503000e+07
6030.000000 2.79826000e+07
6050.000000 2.77557000e+07
6070.000000 2.77049000e+07
6090.000000 2.73577000e+07
6110.000000 2.70164000e+07
6130.000000 2.64986000e+07
6150.000000 2.58872000e+07
6170.000000 2.58671000e+07
6190.000000 2.62243000e+07
6210.000000 2.59824000e+07
6230.000000 2.56013000e+07
6250.000000 2.48899000e+07
6270.000000 2.53763000e+07
6290.000000 2.51752000e+07
6310.000000 2.47207000e+07
6330.000000 2.45807000e+07
6350.000000 2.40860000e+07
6370.000000 2.39935000e+07
6390.000000 2.40142000e+07
6410.000000 2.35740000e+07
6430.000000 2.35414000e+07
6450.000000 2.29067000e+07
6470.000000 2.29993000e+07
6490.000000 2.25787000e+07
6510.000000 2.24144000e+07
6530.000000 2.17392000e+07
6550.000000 1.89170000e+07
6570.000000 1.50832000e+07
6590.000000 2.05523000e+07
6610.000000 2.14559000e+07
6630.000000 2.15743000e+07
6650.000000 2.14848000e+07
6670.000000 2.12977000e+07
6690.000000 2.12059000e+07
6710.000000 2.10362000e+07
6730.000000 2.08357000e+07
6750.000000 2.04899000e+07
6770.000000 2.05811000e+07
6790.000000 2.03824000e+07
6810.000000 2.02247000e+07
6830.000000 2.00200000e+07
6850.000000 1.98623000e+07
6870.000000 1.97604000e+07
6890.000000 1.96014000e+07
6910.000000 1.94376000e+07
6930.000000 1.92629000e+07
6950.000000 1.91280000e+07
6970.000000 1.89540000e+07
6990.000000 1.88364000e+07
7010.000000 1.84186000e+07
7030.000000 1.84748000e+07
7050.000000 1.83709000e+07
7070.000000 1.82332000e+07
7090.000000 1.81012000e+07
7110.000000 1.76277000e+07
7130.000000 1.77134000e+07
7150.000000 1.75489000e+07
7170.000000 1.74116000e+07
7190.000000 1.72653000e+07
7210.000000 1.71740000e+07
7230.000000 1.70308000e+07
7250.000000 1.68287000e+07
7270.000000 1.68396000e+07
7290.000000 1.65907000e+07
7310.000000 1.65423000e+07
7330.000000 1.64024000e+07
7350.000000 1.63377000e+07
7370.000000 1.62346000e+07
7390.000000 1.60378000e+07
7410.000000 1.58059000e+07
7430.000000 1.56588000e+07
7450.000000 1.55986000e+07
7470.000000 1.54389000e+07
7490.000000 1.53828000e+07
7510.000000 1.53290000e+07
7530.000000 1.52404000e+07
7550.000000 1.51749000e+07
7570.000000 1.50061000e+07
7590.000000 1.49369000e+07
7610.000000 1.48071000e+07
7630.000000 1.47218000e+07
7650.000000 1.45568000e+07
7670.000000 1.43766000e+07
7690.000000 1.42796000e+07
7710.000000 1.42278000e+07
7730.000000 1.41599000e+07
7750.000000 1.40217000e+07
7770.000000 1.36089000e+07
7790.000000 1.38886000e+07
7810.000000 1.37472000e+07
7830.000000 1.36094000e+07
7850.000000 1.34589000e+07
7870.000000 1.33717000e+07
7890.000000 1.32314000e+07
7910.000000 1.31700000e+07
7930.000000 1.29790000e+07
7950.000000 1.28947000e+07
7970.000000 1.29849000e+07
7990.000000 1.27069000e+07
8010.000000 1.27739000e+07
8030.000000 1.26455000e+07
8050.000000 1.25781000e+07
8070.000000 1.24921000e+07
8090.000000 1.24039000e+07
8110.000000 1.23388000e+07
8130.000000 1.22759000e+07
8150.000000 1.21840000e+07
8170.000000 1.20973000e+07
8190.000000 1.18327000e+07
8210.000000 1.17416000e+07
8230.000000 1.16646000e+07
8250.000000 1.16336000e+07
8270.000000 1.17184000e+07
8290.000000 1.16213000e+07
8310.000000 1.14924000e+07
8330.000000 1.13455000e+07
8350.000000 1.13625000e+07
8370.000000 1.13056000e+07
8390.000000 1.11720000e+07
8410.000000 1.10998000e+07
8430.000000 1.09947000e+07
8450.000000 1.07375000e+07
8470.000000 1.06443000e+07
8490.000000 1.08215000e+07
8510.000000 1.00596000e+07
8530.000000 1.07767000e+07
8550.000000 9.09737000e+06
8570.000000 1.09180000e+07
8590.000000 1.01361000e+07
8610.000000 9.83544000e+06
8630.000000 1.09250000e+07
8650.000000 1.04858000e+07
8670.000000 8.37968000e+06
8690.000000 1.04509000e+07
8710.000000 1.10003000e+07
8730.000000 1.05521000e+07
8750.000000 8.40134000e+06
8770.000000 1.01347000e+07
8790.000000 1.08898000e+07
8810.000000 1.09175000e+07
8830.000000 1.05565000e+07
8850.000000 9.54492000e+06
8870.000000 8.08985000e+06
8890.000000 1.01228000e+07
8910.000000 1.05543000e+07
8930.000000 1.05727000e+07
8950.000000 1.06539000e+07
8970.000000 1.04262000e+07
8990.000000 9.94216000e+06
9010.000000 7.94667000e+06
9030.000000 8.74128000e+06
9050.000000 9.93726000e+06
9070.000000 9.95256000e+06
9090.000000 9.85911000e+06
9110.000000 1.00546000e+07
9130.000000 1.00952000e+07
9150.000000 1.00565000e+07
9170.000000 9.90199000e+06
9190.000000 9.62698000e+06
9210.000000 8.90348000e+06
9230.000000 6.97848000e+06
9250.000000 8.51623000e+06
9270.000000 9.07750000e+06
9290.000000 9.52037000e+06
9310.000000 9.54123000e+06
9330.000000 9.47224000e+06
9350.000000 9.45977000e+06
9370.000000 9.41900000e+06
9390.000000 9.28791000e+06
9410.000000 8.92640000e+06
9430.000000 9.07414000e+06
9450.000000 9.05517000e+06
9470.000000 9.04175000e+06
9490.000000 8.91584000e+06
9510.000000 8.64719000e+06
9530.000000 7.94559000e+06
9550.000000 6.39844000e+06
9570.000000 7.99037000e+06
9590.000000 8.47444000e+06
9610.000000 8.49305000e+06
9630.000000 8.39281000e+06
9650.000000 8.49843000e+06
9670.000000 8.35857000e+06
9690.000000 8.30043000e+06
9710.000000 8.43249000e+06
9730.000000 8.37836000e+06
9750.000000 8.22276000e+06
9770.000000 8.27911000e+06
9790.000000 8.21938000e+06
9810.000000 8.17455000e+06
9830.000000 8.08322000e+06
9850.000000 7.99918000e+06
9870.000000 7.96099000e+06
9890.000000 7.83716000e+06
9910.000000 7.80633000e+06
9930.000000 7.79478000e+06
9950.000000 7.74673000e+06
9970.000000 7.69256000e+06
9990.000000 7.59083000e+06
10025.000000 6.90591000e+06
10075.000000 6.54397000e+06
10125.000000 7.24239000e+06
10175.000000 7.21469000e+06
10225.000000 7.16304000e+06
10275.000000 7.06923000e+06
10325.000000 6.93061000e+06
10375.000000 6.83877000e+06
10425.000000 6.73485000e+06
10475.000000 6.53818000e+06
10525.000000 6.49763000e+06
10575.000000 6.40837000e+06
10625.000000 6.31383000e+06
10675.000000 6.09812000e+06
10725.000000 6.08561000e+06
10775.000000 5.99454000e+06
10825.000000 5.88110000e+06
10875.000000 5.73700000e+06
10925.000000 4.87500000e+06
10975.000000 5.29170000e+06
11025.000000 5.57327000e+06
11075.000000 5.55009000e+06
11125.000000 5.45709000e+06
11175.000000 5.38936000e+06
11225.000000 5.32442000e+06
11275.000000 5.14216000e+06
11325.000000 5.08305000e+06
11375.000000 5.07166000e+06
11425.000000 4.96012000e+06
11475.000000 4.96305000e+06
11525.000000 4.89455000e+06
11575.000000 4.81946000e+06
11625.000000 4.68666000e+06
11675.000000 4.60210000e+06
11725.000000 4.62898000e+06
11775.000000 4.47644000e+06
11825.000000 4.44406000e+06
11875.000000 4.36717000e+06
11925.000000 4.38944000e+06
11975.000000 4.26433000e+06
12025.000000 4.24066000e+06
12075.000000 4.17409000e+06
12125.000000 4.12180000e+06
12175.000000 4.08878000e+06
12225.000000 4.02868000e+06
12275.000000 3.96442000e+06
12325.000000 3.91893000e+06
12375.000000 3.87011000e+06
12425.000000 3.82731000e+06
12475.000000 3.76377000e+06
12525.000000 3.70976000e+06
12575.000000 3.64244000e+06
12625.000000 3.61318000e+06
12675.000000 3.57206000e+06
12725.000000 3.51217000e+06
12775.000000 3.36031000e+06
12825.000000 2.86829000e+06
12875.000000 3.30241000e+06
12925.000000 3.33283000e+06
12975.000000 3.30720000e+06
13025.000000 3.27253000e+06
13075.000000 3.23675000e+06
13125.000000 3.18786000e+06
13175.000000 3.13137000e+06
13225.000000 3.11571000e+06
13275.000000 3.07219000e+06
13325.000000 3.03687000e+06
13375.000000 2.99967000e+06
13425.000000 2.96023000e+06
13475.000000 2.92502000e+06
13525.000000 2.88078000e+06
13575.000000 2.84325000e+06
13625.000000 2.81633000e+06
13675.000000 2.77603000e+06
13725.000000 2.72024000e+06
13775.000000 2.70391000e+06
13825.000000 2.67256000e+06
13875.000000 2.65333000e+06
13925.000000 2.60808000e+06
13975.000000 2.58039000e+06
14025.000000 2.55072000e+06
14075.000000 2.52521000e+06
14125.000000 2.48867000e+06
14175.000000 2.46309000e+06
14225.000000 2.42830000e+06
14275.000000 2.39579000e+06
14325.000000 2.37579000e+06
14375.000000 2.35145000e+06
14425.000000 2.27598000e+06
14475.000000 2.29282000e+06
14525.000000 2.24314000e+06
14570.000000 2.23924000e+06
14620.000000 2.20668000e+06
14675.000000 2.18859000e+06
14725.000000 2.15569000e+06
14775.000000 2.12404000e+06
14825.000000 2.10785000e+06
14875.000000 2.07021000e+06
14925.000000 2.07226000e+06
14975.000000 2.04282000e+06
15025.000000 2.00888000e+06
15075.000000 1.98563000e+06
15125.000000 1.97549000e+06
15175.000000 1.95415000e+06
15225.000000 1.92882000e+06
15275.000000 1.90411000e+06
15325.000000 1.87967000e+06
15375.000000 1.86492000e+06
15425.000000 1.81358000e+06
15475.000000 1.81792000e+06
15525.000000 1.80311000e+06
15575.000000 1.74092000e+06
15625.000000 1.78735000e+06
15675.000000 1.72338000e+06
15725.000000 1.66551000e+06
15775.000000 1.72037000e+06
15825.000000 1.70891000e+06
15875.000000 1.54405000e+06
15925.000000 1.64830000e+06
15975.000000 1.67240000e+06
16050.000000 1.61629000e+06
16150.000000 1.51242000e+06
16250.000000 1.59701000e+06
16350.000000 1.51074000e+06
16450.000000 1.40750000e+06
16550.000000 1.50003000e+06
16650.000000 1.47133000e+06
16750.000000 1.38318000e+06
16850.000000 1.28606000e+06
16950.000000 1.37879000e+06
17050.000000 1.34984000e+06
17150.000000 1.32492000e+06
17250.000000 1.27960000e+06
17350.000000 1.12647000e+06
17450.000000 1.20843000e+06
17550.000000 1.21073000e+06
17650.000000 1.18702000e+06
17750.000000 1.16659000e+06
17850.000000 1.14214000e+06
17950.000000 1.12278000e+06
18050.000000 1.08632000e+06
18150.000000 9.68828000e+05
18250.000000 1.01863000e+06
18350.000000 1.02970000e+06
18450.000000 1.01101000e+06
18550.000000 9.87131000e+05
18650.000000 9.61605000e+05
18750.000000 8.51300000e+05
18850.000000 9.18778000e+05
18950.000000 9.06284000e+05
19050.000000 9.01694000e+05
19150.000000 8.83159000e+05
19250.000000 8.64502000e+05
19350.000000 8.37961000e+05
19450.000000 7.44083000e+05
19550.000000 8.06976000e+05
19650.000000 8.01633000e+05
19750.000000 7.85538000e+05
19850.000000 7.73771000e+05
19950.000000 7.58878000e+05
20050.000000 7.45826000e+05
20150.000000 7.32735000e+05
20250.000000 7.18148000e+05
20350.000000 7.03430000e+05
20450.000000 6.93729000e+05
20550.000000 6.80794000e+05
20650.000000 6.66831000e+05
20750.000000 6.55860000e+05
20850.000000 6.44367000e+05
20950.000000 6.32454000e+05
21050.000000 6.21825000e+05
21150.000000 6.09146000e+05
21250.000000 5.98696000e+05
21350.000000 5.87877000e+05
21450.000000 5.78552000e+05
21550.000000 5.63582000e+05
21650.000000 5.03734000e+05
21750.000000 5.39432000e+05
21850.000000 5.38570000e+05
21950.000000 5.32470000e+05
22050.000000 5.21607000e+05
22150.000000 5.13015000e+05
22250.000000 5.06078000e+05
22350.000000 4.97570000e+05
22450.000000 4.89402000e+05
22550.000000 4.78433000e+05
22650.000000 4.72426000e+05
22750.000000 4.65152000e+05
22850.000000 4.57330000e+05
22950.000000 4.49369000e+05
23050.000000 4.43529000e+05
23150.000000 4.36163000e+05
23250.000000 4.29589000e+05
23350.000000 4.22622000e+05
23450.000000 4.16072000e+05
23550.000000 4.09578000e+05
23650.000000 4.03239000e+05
23750.000000 3.96110000e+05
23850.000000 3.90093000e+05
23950.000000 3.84235000e+05
24050.000000 3.77933000e+05
24150.000000 3.71793000e+05
24250.000000 3.66689000e+05
24350.000000 3.60278000e+05
24450.000000 3.54942000e+05
24550.000000 3.49325000e+05
24650.000000 3.44029000e+05
24750.000000 3.38548000e+05
24850.000000 3.33944000e+05
24950.000000 3.25584000e+05
25050.000000 3.25211000e+05
25150.000000 3.20480000e+05
25250.000000 3.09556000e+05
25350.000000 3.10688000e+05
25450.000000 3.07129000e+05
25550.000000 3.00880000e+05
25650.000000 2.87596000e+05
25750.000000 2.92986000e+05
25850.000000 2.89387000e+05
25950.000000 2.86065000e+05
26050.000000 2.77799000e+05
26150.000000 2.62705000e+05
26250.000000 2.48061000e+05
26350.000000 2.65455000e+05
26450.000000 2.65950000e+05
26550.000000 2.62406000e+05
26650.000000 2.56011000e+05
26750.000000 2.37885000e+05
26850.000000 2.49651000e+05
26950.000000 2.49160000e+05
27050.000000 2.45880000e+05
27150.000000 2.43050000e+05
27250.000000 2.39636000e+05
27350.000000 2.35796000e+05
27450.000000 2.31217000e+05
27550.000000 2.13266000e+05
27650.000000 2.18832000e+05
27750.000000 2.22570000e+05
27850.000000 2.20494000e+05
27950.000000 2.17844000e+05
28050.000000 2.14885000e+05
28150.000000 2.11959000e+05
28250.000000 2.09040000e+05
28350.000000 2.06377000e+05
28450.000000 2.03188000e+05
28550.000000 1.99960000e+05
28650.000000 1.93142000e+05
28750.000000 1.79262000e+05
28850.000000 1.90731000e+05
28950.000000 1.89731000e+05
29050.000000 1.87989000e+05
29150.000000 1.85176000e+05
29250.000000 1.82856000e+05
29350.000000 1.80772000e+05
29450.000000 1.78378000e+05
29550.000000 1.76180000e+05
29650.000000 1.73910000e+05
29750.000000 1.71649000e+05
29850.000000 1.69511000e+05
29950.000000 1.67222000e+05
30050.000000 1.64964000e+05
30150.000000 1.62744000e+05
30250.000000 1.59780000e+05
30350.000000 1.48238000e+05
30450.000000 1.50228000e+05
30550.000000 1.54094000e+05
30650.000000 1.52886000e+05
30750.000000 1.51168000e+05
30850.000000 1.48978000e+05
30950.000000 1.47400000e+05
31050.000000 1.45557000e+05
31150.000000 1.43311000e+05
31250.000000 1.42018000e+05
31350.000000 1.40201000e+05
31450.000000 1.38595000e+05
31550.000000 1.36987000e+05
31650.000000 1.35468000e+05
31750.000000 1.33648000e+05
31850.000000 1.32239000e+05
31950.000000 1.30659000e+05
32100.000000 1.28267000e+05
32300.000000 1.25348000e+05
32500.000000 1.22390000e+05
32700.000000 1.19298000e+05
32900.000000 1.10505000e+05
33100.000000 1.12021000e+05
33300.000000 1.10893000e+05
33500.000000 1.08596000e+05
33700.000000 1.05964000e+05
33900.000000 1.03626000e+05
34100.000000 1.01312000e+05
34300.000000 9.92153000e+04
34500.000000 9.72074000e+04
34700.000000 9.50138000e+04
34900.000000 9.29877000e+04
35100.000000 9.09770000e+04
35300.000000 8.89967000e+04
35500.000000 8.70969000e+04
35700.000000 8.51631000e+04
35900.000000 8.34247000e+04
36100.000000 8.15952000e+04
36300.000000 8.00095000e+04
36500.000000 7.80945000e+04
36700.000000 7.66443000e+04
36900.000000 7.46232000e+04
37100.000000 7.34048000e+04
37300.000000 7.02044000e+04
37500.000000 6.77403000e+04
37700.000000 6.90539000e+04
37900.000000 6.78260000e+04
38100.000000 6.59480000e+04
38300.000000 6.47833000e+04
38500.000000 6.39392000e+04
38700.000000 6.26084000e+04
38900.000000 6.11845000e+04
39100.000000 5.90940000e+04
39300.000000 5.90258000e+04
39500.000000 5.79249000e+04
39700.000000 5.68910000e+04
39900.000000 5.56240000e+04
40100.000000 5.38710000e+04
40300.000000 5.25397000e+04
40500.000000 5.03064000e+04
40700.000000 5.14484000e+04
40900.000000 5.06965000e+04
41100.000000 4.98586000e+04
41300.000000 4.89307000e+04
41500.000000 4.77690000e+04
41700.000000 4.52776000e+04
41900.000000 4.59987000e+04
42100.000000 4.53204000e+04
42300.000000 4.46275000e+04
42500.000000 4.38122000e+04
42700.000000 4.30308000e+04
42900.000000 4.22600000e+04
43100.000000 4.14996000e+04
43300.000000 4.07354000e+04
43500.000000 3.99356000e+04
43700.000000 3.77876000e+04
43900.000000 3.81087000e+04
44100.000000 3.78820000e+04
44300.000000 3.72834000e+04
44500.000000 3.66390000e+04
44700.000000 3.60667000e+04
44900.000000 3.53930000e+04
45100.000000 3.47982000e+04
45300.000000 3.41997000e+04
45500.000000 3.36250000e+04
45700.000000 3.30337000e+04
45900.000000 3.24710000e+04
46100.000000 3.19293000e+04
46300.000000 3.12956000e+04
46500.000000 2.93648000e+04
46700.000000 2.88927000e+04
46900.000000 2.96419000e+04
47100.000000 2.93584000e+04
47300.000000 2.89136000e+04
47500.000000 2.84269000e+04
47700.000000 2.79705000e+04
47900.000000 2.75436000e+04
48100.000000 2.71001000e+04
48300.000000 2.66646000e+04
48500.000000 2.62417000e+04
48700.000000 2.58265000e+04
48900.000000 2.54172000e+04
49100.000000 2.50058000e+04
49300.000000 2.46220000e+04
49500.000000 2.42343000e+04
49700.000000 2.38521000e+04
49900.000000 2.34933000e+04
50100.000000 2.31275000e+04
50300.000000 2.27563000e+04
50500.000000 2.24258000e+04
50700.000000 2.20792000e+04
50900.000000 2.16937000e+04
51100.000000 2.12674000e+04
51300.000000 2.00956000e+04
51500.000000 2.06756000e+04
51700.000000 2.04031000e+04
51900.000000 2.01567000e+04
52100.000000 1.98676000e+04
52300.000000 1.95782000e+04
52500.000000 1.92557000e+04
52700.000000 1.89362000e+04
52900.000000 1.87327000e+04
53100.000000 1.84837000e+04
53300.000000 1.82153000e+04
53500.000000 1.79345000e+04
53700.000000 1.75752000e+04
53900.000000 1.73335000e+04
54100.000000 1.71708000e+04
54300.000000 1.69308000e+04
54500.000000 1.66965000e+04
54700.000000 1.64474000e+04
54900.000000 1.62191000e+04
55100.000000 1.59253000e+04
55300.000000 1.55948000e+04
55500.000000 1.55229000e+04
55700.000000 1.53315000e+04
55900.000000 1.50966000e+04
56100.000000 1.49114000e+04
56300.000000 1.47034000e+04
56500.000000 1.45074000e+04
56700.000000 1.43033000e+04
56900.000000 1.40645000e+04
57100.000000 1.36692000e+04
57300.000000 1.36703000e+04
57500.000000 1.35435000e+04
57700.000000 1.33603000e+04
57900.000000 1.31783000e+04
58100.000000 1.30051000e+04
58300.000000 1.28252000e+04
58500.000000 1.26496000e+04
58700.000000 1.24695000e+04
58900.000000 1.22199000e+04
59100.000000 1.15775000e+04
59300.000000 1.19174000e+04
59500.000000 1.15533000e+04
59700.000000 1.15659000e+04
59900.000000 1.15192000e+04
60100.000000 1.13801000e+04
60300.000000 1.12405000e+04
60500.000000 1.11107000e+04
60700.000000 1.09650000e+04
60900.000000 1.08271000e+04
61100.000000 1.06786000e+04
61300.000000 1.05569000e+04
61500.000000 1.04236000e+04
61700.000000 1.02918000e+04
61900.000000 1.01566000e+04
62100.000000 1.00346000e+04
62300.000000 9.88974000e+03
62500.000000 9.76097000e+03
62700.000000 9.60297000e+03
62900.000000 9.20197000e+03
63100.000000 9.33750000e+03
63300.000000 9.28451000e+03
63500.000000 9.18884000e+03
63700.000000 9.08249000e+03
63900.000000 8.97138000e+03
64200.000000 8.80977000e+03
64600.000000 8.59403000e+03
65000.000000 8.38729000e+03
65400.000000 8.19305000e+03
65800.000000 7.99742000e+03
66200.000000 7.80694000e+03
66600.000000 7.62732000e+03
67000.000000 7.44504000e+03
67400.000000 7.24332000e+03
67800.000000 6.93519000e+03
68200.000000 6.93224000e+03
68600.000000 6.78823000e+03
69000.000000 6.63387000e+03
69400.000000 6.47666000e+03
69800.000000 6.34063000e+03
70200.000000 6.19993000e+03
70600.000000 6.06246000e+03
71000.000000 5.92110000e+03
71400.000000 5.80159000e+03
71800.000000 5.67509000e+03
72200.000000 5.54864000e+03
72600.000000 5.41840000e+03
73000.000000 5.31458000e+03
73400.000000 5.20437000e+03
73800.000000 5.09180000e+03
74200.000000 4.97061000e+03
74600.000000 4.73562000e+03
75000.000000 4.57715000e+03
75400.000000 4.65302000e+03
75800.000000 4.57972000e+03
76200.000000 4.49264000e+03
76600.000000 4.40128000e+03
77000.000000 4.31101000e+03
77400.000000 4.22078000e+03
77800.000000 4.10947000e+03
78200.000000 4.05373000e+03
78600.000000 3.97764000e+03
79000.000000 3.89901000e+03
79400.000000 3.82217000e+03
79800.000000 3.74710000e+03
80200.000000 3.67344000e+03
80600.000000 3.60210000e+03
81000.000000 3.53302000e+03
81400.000000 3.43243000e+03
81800.000000 3.38369000e+03
82200.000000 3.33456000e+03
82600.000000 3.27142000e+03
83000.000000 3.20956000e+03
83400.000000 3.14743000e+03
83800.000000 3.08886000e+03
84200.000000 3.03227000e+03
84600.000000 2.97703000e+03
85000.000000 2.92238000e+03
85400.000000 2.86826000e+03
85800.000000 2.81614000e+03
86200.000000 2.76137000e+03
86600.000000 2.67036000e+03
87000.000000 2.65697000e+03
87400.000000 2.57554000e+03
87800.000000 2.53009000e+03
88200.000000 2.52424000e+03
88600.000000 2.48062000e+03
89000.000000 2.43707000e+03
89400.000000 2.39471000e+03
89800.000000 2.35221000e+03
90200.000000 2.31162000e+03
90600.000000 2.27212000e+03
91000.000000 2.23244000e+03
91400.000000 2.19410000e+03
91800.000000 2.15709000e+03
92200.000000 2.12038000e+03
92600.000000 2.08224000e+03
93000.000000 2.04930000e+03
93400.000000 2.01239000e+03
93800.000000 1.94140000e+03
94200.000000 1.93590000e+03
94600.000000 1.91548000e+03
95000.000000 1.88189000e+03
95400.000000 1.85033000e+03
95800.000000 1.82272000e+03
96200.000000 1.79253000e+03
96600.000000 1.76391000e+03
97000.000000 1.73534000e+03
97400.000000 1.70678000e+03
97800.000000 1.67954000e+03
98200.000000 1.65119000e+03
98600.000000 1.62263000e+03
99000.000000 1.60086000e+03
99400.000000 1.57534000e+03
99800.000000 1.55037000e+03
100200.000000 1.52605000e+03
200000.000000 9.78366000e+01
400000.000000 6.08795000e+00
600000.000000 1.19193000e+00
800000.000000 3.74104000e-01
1000000.000000 1.52157000e-01
1200000.000000 7.29312000e-02
1400000.000000 3.91587000e-02
1600000.000000 2.28451000e-02
