# teff = 4500.0
# logg = 3.5
# metallicity = -0.5
# wavelength_unit = angstrom
# flux_unit = erg/cm2/s/A
# units_standardized = True
147.200000 6.01210000e-144
151.000000 4.78095000e-140
155.200000 5.83572000e-136
158.800000 1.24308000e-132
162.000000 8.46421000e-130
166.000000 2.05905000e-126
170.300000 5.94683000e-123
173.400000 1.44953000e-120
176.800000 4.80568000e-118
180.200000 1.27653000e-115
181.700000 1.40057000e-114
186.100000 1.25931000e-111
191.000000 1.68708000e-108
193.900000 1.00342000e-106
198.400000 4.47567000e-104
201.800000 3.74923000e-102
205.000000 2.11542000e-100
210.500000 1.61302000e-97
216.200000 1.09104000e-94
219.800000 5.60532000e-93
223.000000 1.66467000e-91
226.800000 8.23941000e-90
230.000000 1.99175000e-88
234.000000 9.40379000e-87
240.000000 2.38863000e-84
246.500000 7.06869000e-82
252.400000 9.55872000e-80
256.800000 3.19756000e-78
260.000000 3.80608000e-77
264.000000 7.72150000e-76
268.500000 2.04287000e-74
273.500000 6.83431000e-73
278.500000 2.01362000e-71
284.000000 7.22482000e-70
290.000000 3.06289000e-68
296.000000 1.11007000e-66
301.000000 1.98064000e-65
308.000000 9.52546000e-64
318.000000 1.77896000e-61
328.000000 2.39679000e-59
338.000000 2.39622000e-57
348.000000 1.82697000e-55
357.000000 7.28901000e-54
366.000000 2.41760000e-52
375.000000 6.73894000e-51
385.000000 2.25362000e-49
395.000000 6.27130000e-48
405.000000 1.47355000e-46
414.000000 2.20812000e-45
422.000000 2.21489000e-44
430.000000 2.03326000e-43
441.000000 3.74248000e-42
451.000000 4.65020000e-41
460.000000 4.07655000e-40
470.000000 4.11247000e-39
480.000000 3.75241000e-38
490.000000 3.11928000e-37
500.000000 2.37204000e-36
506.000000 1.03268000e-35
512.000000 3.64365000e-35
520.000000 1.60876000e-34
530.000000 9.69800000e-34
540.000000 5.38028000e-33
550.000000 2.82690000e-32
560.000000 1.38895000e-31
570.000000 6.43571000e-31
580.000000 2.79210000e-30
590.000000 1.17315000e-29
600.000000 4.64099000e-29
610.000000 1.75102000e-28
620.000000 6.31375000e-28
630.000000 2.18103000e-27
640.000000 7.23677000e-27
650.000000 2.30942000e-26
658.000000 5.68865000e-26
665.000000 1.22835000e-25
675.000000 3.58328000e-25
685.000000 1.01130000e-24
695.000000 2.76496000e-24
705.000000 7.32888000e-24
716.000000 2.07392000e-23
726.000000 5.18304000e-23
735.000000 1.15566000e-22
745.000000 2.74993000e-22
755.000000 6.38542000e-22
765.000000 1.44840000e-21
775.000000 3.21135000e-21
785.000000 6.96878000e-21
795.000000 1.47783000e-20
805.000000 3.08209000e-20
815.000000 6.29957000e-20
825.000000 1.26354000e-19
835.000000 2.48934000e-19
845.000000 4.81922000e-19
855.000000 9.16849000e-19
865.000000 1.71627000e-18
875.000000 3.16130000e-18
885.000000 5.74071000e-18
895.000000 1.02758000e-17
905.000000 1.81018000e-17
915.000000 1.16768000e-12
925.000000 4.11815000e-12
935.000000 5.55598000e-12
945.000000 7.08004000e-12
955.000000 9.96695000e-12
965.000000 1.77328000e-11
975.000000 1.48805000e-11
985.000000 3.57037000e-11
995.000000 5.47423000e-11
1005.000000 6.41282000e-11
1015.000000 7.49162000e-11
1025.000000 9.90568000e-11
1035.000000 2.34329000e-10
1045.000000 3.39456000e-10
1055.000000 3.99669000e-10
1065.000000 8.78396000e-10
1075.000000 1.10516000e-09
1085.000000 1.91666000e-09
1095.000000 2.41510000e-09
1105.000000 3.27788000e-09
1115.000000 4.10206000e-09
1125.000000 8.11191000e-09
1135.000000 1.24983000e-08
1145.000000 1.86140000e-08
1155.000000 2.58250000e-08
1165.000000 3.11409000e-08
1175.000000 4.52717000e-08
1185.000000 5.62401000e-08
1195.000000 5.53872000e-08
1205.000000 4.78013000e-08
1215.000000 3.00878000e-08
1225.000000 8.45129000e-08
1235.000000 1.92598000e-07
1245.000000 3.25489000e-07
1255.000000 4.52642000e-07
1265.000000 6.17467000e-07
1275.000000 8.00213000e-07
1285.000000 9.46464000e-07
1295.000000 1.20527000e-06
1305.000000 1.56892000e-06
1315.000000 2.03967000e-06
1325.000000 2.47952000e-06
1335.000000 3.02191000e-06
1345.000000 3.92926000e-06
1355.000000 5.17647000e-06
1365.000000 6.30132000e-06
1375.000000 7.70665000e-06
1385.000000 9.36803000e-06
1395.000000 1.16192000e-05
1405.000000 1.54745000e-05
1415.000000 1.96585000e-05
1425.000000 2.35671000e-05
1435.000000 3.08486000e-05
1442.000000 3.88983000e-05
1447.000000 3.74047000e-05
1455.000000 4.61644000e-05
1465.000000 6.09637000e-05
1475.000000 6.89329000e-05
1485.000000 8.26978000e-05
1495.000000 1.14334000e-04
1505.000000 1.47774000e-04
1512.000000 1.23464000e-04
1517.000000 1.69335000e-04
1525.000000 2.91178000e-04
1535.000000 1.91337000e-03
1545.000000 1.73953000e-03
1555.000000 3.25483000e-03
1565.000000 2.87097000e-03
1575.000000 9.58140000e-03
1585.000000 9.49447000e-03
1595.000000 9.33255000e-03
1605.000000 8.81035000e-03
1615.000000 8.49244000e-03
1625.000000 8.12929000e-03
1635.000000 1.33303000e-02
1645.000000 2.03900000e-02
1655.000000 1.28744000e-02
1665.000000 2.71462000e-02
1672.000000 1.70187000e-02
1677.000000 3.61682000e-02
1685.000000 6.43176000e-02
1695.000000 1.15939000e-01
1705.000000 1.42630000e-01
1715.000000 1.54023000e-01
1725.000000 2.40474000e-01
1735.000000 2.90485000e-01
1745.000000 4.42001000e-01
1755.000000 4.33186000e-01
1765.000000 5.78803000e-01
1775.000000 4.46043000e-01
1785.000000 1.08737000e+00
1795.000000 8.09167000e-01
1805.000000 1.61525000e+00
1815.000000 9.72922000e-01
1825.000000 1.84823000e+00
1835.000000 1.56958000e+00
1845.000000 1.91086000e+00
1855.000000 1.44406000e+00
1865.000000 2.95970000e+00
1875.000000 2.64242000e+00
1885.000000 3.50072000e+00
1895.000000 4.67378000e+00
1905.000000 4.44992000e+00
1915.000000 6.68466000e+00
1925.000000 5.09185000e+00
1935.000000 2.81162000e+00
1945.000000 7.60724000e+00
1955.000000 1.10938000e+01
1967.000000 1.22276000e+01
1976.000000 1.37856000e+01
1984.000000 1.78246000e+01
1995.000000 1.54098000e+01
2005.000000 1.77249000e+01
2015.000000 1.98208000e+01
2025.000000 1.57669000e+01
2035.000000 2.24397000e+01
2045.000000 2.30297000e+01
2055.000000 2.78518000e+01
2065.000000 2.49641000e+01
2074.000000 2.04222000e+01
2078.000000 3.22630000e+01
2085.000000 4.09606000e+01
2095.000000 6.75663000e+01
2105.000000 7.91833000e+01
2115.000000 7.83276000e+01
2125.000000 7.72910000e+01
2135.000000 1.10228000e+02
2145.000000 8.68332000e+01
2155.000000 1.03746000e+02
2165.000000 9.54598000e+01
2175.000000 1.06553000e+02
2185.000000 9.48486000e+01
2195.000000 1.68003000e+02
2205.000000 1.37418000e+02
2215.000000 1.52282000e+02
2225.000000 1.46000000e+02
2235.000000 2.71391000e+02
2245.000000 3.00560000e+02
2255.000000 3.30624000e+02
2265.000000 1.73699000e+02
2275.000000 3.07454000e+02
2285.000000 3.44879000e+02
2295.000000 4.68124000e+02
2305.000000 2.00985000e+02
2315.000000 5.84416000e+02
2325.000000 4.65446000e+02
2335.000000 7.44652000e+02
2345.000000 4.35364000e+02
2355.000000 3.92154000e+02
2365.000000 4.93548000e+02
2375.000000 5.03826000e+02
2385.000000 7.09453000e+02
2395.000000 7.27053000e+02
2405.000000 1.16457000e+03
2415.000000 7.35666000e+02
2425.000000 1.05486000e+03
2435.000000 1.44339000e+03
2445.000000 1.99468000e+03
2455.000000 2.19886000e+03
2465.000000 1.31212000e+03
2475.000000 1.83315000e+03
2485.000000 5.59595000e+02
2495.000000 8.14701000e+02
2505.000000 1.70569000e+03
2513.000000 1.07868000e+03
2518.000000 8.65245000e+02
2525.000000 9.50979000e+02
2535.000000 2.37526000e+03
2545.000000 2.99765000e+03
2555.000000 6.75260000e+03
2565.000000 3.65894000e+03
2575.000000 7.43729000e+03
2585.000000 5.55981000e+03
2595.000000 6.03638000e+03
2605.000000 6.85672000e+03
2615.000000 5.78408000e+03
2625.000000 9.09208000e+03
2635.000000 2.58021000e+04
2645.000000 2.68249000e+04
2655.000000 5.80725000e+04
2665.000000 3.25875000e+04
2675.000000 2.75428000e+04
2685.000000 4.23472000e+04
2695.000000 1.85900000e+04
2705.000000 3.70035000e+04
2715.000000 2.02572000e+04
2725.000000 1.02107000e+04
2735.000000 1.58992000e+04
2745.000000 1.40072000e+04
2755.000000 1.86046000e+04
2765.000000 2.78737000e+04
2775.000000 3.00875000e+04
2785.000000 1.55724000e+04
2795.000000 9.07340000e+03
2805.000000 1.09121000e+04
2815.000000 2.11736000e+04
2825.000000 2.32360000e+04
2835.000000 1.63404000e+04
2845.000000 9.79009000e+03
2855.000000 3.90104000e+03
2865.000000 1.42647000e+04
2875.000000 2.18505000e+04
2885.000000 3.60995000e+04
2895.000000 6.28225000e+04
2910.000000 1.04961000e+05
2930.000000 1.03164000e+05
2950.000000 8.43848000e+04
2970.000000 8.09288000e+04
2990.000000 8.49275000e+04
3010.000000 7.19354000e+04
3030.000000 1.05519000e+05
3050.000000 1.13191000e+05
3070.000000 1.66874000e+05
3090.000000 1.42436000e+05
3110.000000 2.31804000e+05
3130.000000 1.87032000e+05
3150.000000 2.22647000e+05
3170.000000 2.76711000e+05
3190.000000 2.25373000e+05
3210.000000 2.36762000e+05
3230.000000 2.02930000e+05
3250.000000 3.50646000e+05
3270.000000 4.53397000e+05
3290.000000 4.71151000e+05
3310.000000 3.69368000e+05
3330.000000 3.83595000e+05
3350.000000 3.39887000e+05
3370.000000 1.86927000e+05
3390.000000 2.34710000e+05
3410.000000 2.61745000e+05
3430.000000 3.23769000e+05
3450.000000 3.10179000e+05
3470.000000 3.26328000e+05
3490.000000 4.32184000e+05
3510.000000 5.17326000e+05
3530.000000 4.54189000e+05
3550.000000 5.85459000e+05
3570.000000 2.96124000e+05
3590.000000 3.17593000e+05
3610.000000 4.65445000e+05
3630.000000 5.16367000e+05
3640.000000 5.75518000e+05
3650.000000 6.48322000e+05
3670.000000 7.39591000e+05
3690.000000 6.30220000e+05
3710.000000 6.04695000e+05
3730.000000 2.76355000e+05
3750.000000 3.48051000e+05
3770.000000 5.97926000e+05
3790.000000 6.17885000e+05
3810.000000 5.36309000e+05
3830.000000 2.30927000e+05
3850.000000 3.46370000e+05
3870.000000 3.40812000e+05
3890.000000 4.98668000e+05
3910.000000 6.89804000e+05
3930.000000 2.68944000e+05
3950.000000 6.01512000e+05
3970.000000 3.91599000e+05
3990.000000 1.02365000e+06
4010.000000 1.17805000e+06
4030.000000 1.04966000e+06
4050.000000 1.03305000e+06
4070.000000 9.63946000e+05
4090.000000 1.26272000e+06
4110.000000 1.07365000e+06
4130.000000 1.06855000e+06
4150.000000 9.67870000e+05
4170.000000 1.00783000e+06
4190.000000 9.97847000e+05
4210.000000 1.01908000e+06
4230.000000 9.83128000e+05
4250.000000 1.07874000e+06
4270.000000 9.86262000e+05
4290.000000 9.06856000e+05
4310.000000 8.20380000e+05
4330.000000 1.28445000e+06
4350.000000 1.28404000e+06
4370.000000 1.36163000e+06
4390.000000 1.19401000e+06
4410.000000 1.31126000e+06
4430.000000 1.48370000e+06
4450.000000 1.49860000e+06
4470.000000 1.62560000e+06
4490.000000 1.69739000e+06
4510.000000 1.93439000e+06
4530.000000 1.68684000e+06
4550.000000 1.80204000e+06
4570.000000 1.92361000e+06
4590.000000 1.85646000e+06
4610.000000 1.92140000e+06
4630.000000 1.91432000e+06
4650.000000 1.90922000e+06
4670.000000 2.01382000e+06
4690.000000 1.97887000e+06
4710.000000 1.91879000e+06
4730.000000 1.96120000e+06
4750.000000 1.98412000e+06
4770.000000 1.94864000e+06
4790.000000 1.97427000e+06
4810.000000 2.03849000e+06
4830.000000 2.04958000e+06
4850.000000 2.02214000e+06
4870.000000 1.90073000e+06
4890.000000 2.00574000e+06
4910.000000 2.01693000e+06
4930.000000 1.93969000e+06
4950.000000 2.02552000e+06
4970.000000 2.02069000e+06
4990.000000 1.86170000e+06
5010.000000 1.73085000e+06
5030.000000 1.83876000e+06
5050.000000 1.77119000e+06
5070.000000 1.81030000e+06
5090.000000 1.71249000e+06
5110.000000 1.73634000e+06
5130.000000 1.67673000e+06
5150.000000 1.59157000e+06
5170.000000 1.39848000e+06
5190.000000 1.51916000e+06
5210.000000 1.70210000e+06
5230.000000 2.01539000e+06
5250.000000 2.11871000e+06
5270.000000 1.85293000e+06
5290.000000 2.13835000e+06
5310.000000 2.28233000e+06
5330.000000 2.02004000e+06
5350.000000 2.20016000e+06
5370.000000 2.18628000e+06
5390.000000 2.13274000e+06
5410.000000 2.10439000e+06
5430.000000 2.11473000e+06
5450.000000 2.19436000e+06
5470.000000 2.19333000e+06
5490.000000 2.20562000e+06
5510.000000 2.17301000e+06
5530.000000 2.25378000e+06
5550.000000 2.29481000e+06
5570.000000 2.22250000e+06
5590.000000 2.16141000e+06
5610.000000 2.26047000e+06
5630.000000 2.28484000e+06
5650.000000 2.30268000e+06
5670.000000 2.24604000e+06
5690.000000 2.29381000e+06
5710.000000 2.20001000e+06
5730.000000 2.36276000e+06
5750.000000 2.32356000e+06
5770.000000 2.34799000e+06
5790.000000 2.25459000e+06
5810.000000 2.34122000e+06
5830.000000 2.39146000e+06
5850.000000 2.32912000e+06
5870.000000 2.33733000e+06
5890.000000 1.96270000e+06
5910.000000 2.30828000e+06
5930.000000 2.32177000e+06
5950.000000 2.32460000e+06
5970.000000 2.35556000e+06
5990.000000 2.33250000e+06
6010.000000 2.29364000e+06
6030.000000 2.33119000e+06
6050.000000 2.36726000e+06
6070.000000 2.34382000e+06
6090.000000 2.28650000e+06
6110.000000 2.29335000e+06
6130.000000 2.18046000e+06
6150.000000 2.26511000e+06
6170.000000 2.14268000e+06
6190.000000 2.28853000e+06
6210.000000 2.27840000e+06
6230.000000 2.22905000e+06
6250.000000 2.16726000e+06
6270.000000 2.24354000e+06
6290.000000 2.27024000e+06
6310.000000 2.21991000e+06
6330.000000 2.24436000e+06
6350.000000 2.26986000e+06
6370.000000 2.26510000e+06
6390.000000 2.27327000e+06
6410.000000 2.22683000e+06
6430.000000 2.24599000e+06
6450.000000 2.22511000e+06
6470.000000 2.21614000e+06
6490.000000 2.18122000e+06
6510.000000 2.24926000e+06
6530.000000 2.27067000e+06
6550.000000 2.23276000e+06
6570.000000 2.17712000e+06
6590.000000 2.23350000e+06
6610.000000 2.24759000e+06
6630.000000 2.24579000e+06
6650.000000 2.23929000e+06
6670.000000 2.21225000e+06
6690.000000 2.25569000e+06
6710.000000 2.19809000e+06
6730.000000 2.25050000e+06
6750.000000 2.21395000e+06
6770.000000 2.22530000e+06
6790.000000 2.21956000e+06
6810.000000 2.20890000e+06
6830.000000 2.23063000e+06
6850.000000 2.18374000e+06
6870.000000 2.19619000e+06
6890.000000 2.20909000e+06
6910.000000 2.19774000e+06
6930.000000 2.18413000e+06
6950.000000 2.17064000e+06
6970.000000 2.18418000e+06
6990.000000 2.15674000e+06
7010.000000 2.13250000e+06
7030.000000 2.15636000e+06
7050.000000 2.16408000e+06
7070.000000 2.14017000e+06
7090.000000 2.13508000e+06
7110.000000 2.13792000e+06
7130.000000 2.10808000e+06
7150.000000 2.08687000e+06
7170.000000 2.11445000e+06
7190.000000 2.05490000e+06
7210.000000 2.07504000e+06
7230.000000 2.11215000e+06
7250.000000 2.09879000e+06
7270.000000 2.10151000e+06
7290.000000 2.06668000e+06
7310.000000 2.08281000e+06
7330.000000 2.06865000e+06
7350.000000 2.06592000e+06
7370.000000 2.08843000e+06
7390.000000 2.05389000e+06
7410.000000 2.03253000e+06
7430.000000 2.05647000e+06
7450.000000 2.05217000e+06
7470.000000 2.05719000e+06
7490.000000 2.04528000e+06
7510.000000 2.05270000e+06
7530.000000 2.05656000e+06
7550.000000 2.06154000e+06
7570.000000 2.04685000e+06
7590.000000 2.03641000e+06
7610.000000 2.03632000e+06
7630.000000 2.03893000e+06
7650.000000 2.03710000e+06
7670.000000 1.97846000e+06
7690.000000 2.03125000e+06
7710.000000 1.99436000e+06
7730.000000 2.00454000e+06
7750.000000 1.98455000e+06
7770.000000 2.02177000e+06
7790.000000 2.00551000e+06
7810.000000 2.00649000e+06
7830.000000 1.98261000e+06
7850.000000 1.98255000e+06
7870.000000 1.99213000e+06
7890.000000 1.97043000e+06
7910.000000 1.93729000e+06
7930.000000 1.92322000e+06
7950.000000 1.90396000e+06
7970.000000 1.94779000e+06
7990.000000 1.93628000e+06
8010.000000 1.92451000e+06
8030.000000 1.92528000e+06
8050.000000 1.90817000e+06
8070.000000 1.90728000e+06
8090.000000 1.88059000e+06
8110.000000 1.88851000e+06
8130.000000 1.90021000e+06
8150.000000 1.89509000e+06
8170.000000 1.89130000e+06
8190.000000 1.83619000e+06
8210.000000 1.85100000e+06
8230.000000 1.85559000e+06
8250.000000 1.86598000e+06
8270.000000 1.87977000e+06
8290.000000 1.86868000e+06
8310.000000 1.83509000e+06
8330.000000 1.81331000e+06
8350.000000 1.83020000e+06
8370.000000 1.83135000e+06
8390.000000 1.76146000e+06
8410.000000 1.82761000e+06
8430.000000 1.78036000e+06
8450.000000 1.81942000e+06
8470.000000 1.80438000e+06
8490.000000 1.79746000e+06
8510.000000 1.71973000e+06
8530.000000 1.78038000e+06
8550.000000 1.56484000e+06
8570.000000 1.80689000e+06
8590.000000 1.78654000e+06
8610.000000 1.78079000e+06
8630.000000 1.78701000e+06
8650.000000 1.78022000e+06
8670.000000 1.56503000e+06
8690.000000 1.71473000e+06
8710.000000 1.76312000e+06
8730.000000 1.76277000e+06
8750.000000 1.75152000e+06
8770.000000 1.75760000e+06
8790.000000 1.75165000e+06
8810.000000 1.70396000e+06
8830.000000 1.72273000e+06
8850.000000 1.73919000e+06
8870.000000 1.71785000e+06
8890.000000 1.74260000e+06
8910.000000 1.74394000e+06
8930.000000 1.71776000e+06
8950.000000 1.70417000e+06
8970.000000 1.71034000e+06
8990.000000 1.71551000e+06
9010.000000 1.65268000e+06
9030.000000 1.69305000e+06
9050.000000 1.71243000e+06
9070.000000 1.70274000e+06
9090.000000 1.65654000e+06
9110.000000 1.66417000e+06
9130.000000 1.67971000e+06
9150.000000 1.64474000e+06
9170.000000 1.62705000e+06
9190.000000 1.63122000e+06
9210.000000 1.60367000e+06
9230.000000 1.61291000e+06
9250.000000 1.59788000e+06
9270.000000 1.60941000e+06
9290.000000 1.59712000e+06
9310.000000 1.61686000e+06
9330.000000 1.61323000e+06
9350.000000 1.60185000e+06
9370.000000 1.58618000e+06
9390.000000 1.58926000e+06
9410.000000 1.55813000e+06
9430.000000 1.57564000e+06
9450.000000 1.55113000e+06
9470.000000 1.57500000e+06
9490.000000 1.57293000e+06
9510.000000 1.57506000e+06
9530.000000 1.56361000e+06
9550.000000 1.55124000e+06
9570.000000 1.55007000e+06
9590.000000 1.56319000e+06
9610.000000 1.54821000e+06
9630.000000 1.54593000e+06
9650.000000 1.51485000e+06
9670.000000 1.51693000e+06
9690.000000 1.53503000e+06
9710.000000 1.52371000e+06
9730.000000 1.51395000e+06
9750.000000 1.51132000e+06
9770.000000 1.51512000e+06
9790.000000 1.49015000e+06
9810.000000 1.52095000e+06
9830.000000 1.51228000e+06
9850.000000 1.51756000e+06
9870.000000 1.50793000e+06
9890.000000 1.50727000e+06
9910.000000 1.50054000e+06
9930.000000 1.50371000e+06
9950.000000 1.49843000e+06
9970.000000 1.49815000e+06
9990.000000 1.49397000e+06
10025.000000 1.48318000e+06
10075.000000 1.47080000e+06
10125.000000 1.46472000e+06
10175.000000 1.44829000e+06
10225.000000 1.44302000e+06
10275.000000 1.44000000e+06
10325.000000 1.41694000e+06
10375.000000 1.40807000e+06
10425.000000 1.40971000e+06
10475.000000 1.39354000e+06
10525.000000 1.39152000e+06
10575.000000 1.37472000e+06
10625.000000 1.36692000e+06
10675.000000 1.34902000e+06
10725.000000 1.34711000e+06
10775.000000 1.33166000e+06
10825.000000 1.31118000e+06
10875.000000 1.30709000e+06
10925.000000 1.29846000e+06
10975.000000 1.25432000e+06
11025.000000 1.24836000e+06
11075.000000 1.25275000e+06
11125.000000 1.24355000e+06
11175.000000 1.24210000e+06
11225.000000 1.23994000e+06
11275.000000 1.22040000e+06
11325.000000 1.22551000e+06
11375.000000 1.20667000e+06
11425.000000 1.20046000e+06
11475.000000 1.20882000e+06
11525.000000 1.20666000e+06
11575.000000 1.19196000e+06
11625.000000 1.17426000e+06
11675.000000 1.17622000e+06
11725.000000 1.18358000e+06
11775.000000 1.16292000e+06
11825.000000 1.15117000e+06
11875.000000 1.14123000e+06
11925.000000 1.15661000e+06
11975.000000 1.11547000e+06
12025.000000 1.13195000e+06
12075.000000 1.12102000e+06
12125.000000 1.12410000e+06
12175.000000 1.12335000e+06
12225.000000 1.11682000e+06
12275.000000 1.10739000e+06
12325.000000 1.10297000e+06
12375.000000 1.09700000e+06
12425.000000 1.08802000e+06
12475.000000 1.08638000e+06
12525.000000 1.07679000e+06
12575.000000 1.07367000e+06
12625.000000 1.06675000e+06
12675.000000 1.05802000e+06
12725.000000 1.05693000e+06
12775.000000 1.05334000e+06
12825.000000 1.02803000e+06
12875.000000 1.03613000e+06
12925.000000 1.02461000e+06
12975.000000 1.02989000e+06
13025.000000 1.02242000e+06
13075.000000 1.02116000e+06
13125.000000 1.00327000e+06
13175.000000 1.00025000e+06
13225.000000 1.00392000e+06
13275.000000 9.89615000e+05
13325.000000 9.90053000e+05
13375.000000 9.87171000e+05
13425.000000 9.87419000e+05
13475.000000 9.82159000e+05
13525.000000 9.78391000e+05
13575.000000 9.65780000e+05
13625.000000 9.59821000e+05
13675.000000 9.61941000e+05
13725.000000 9.61604000e+05
13775.000000 9.55093000e+05
13825.000000 9.53302000e+05
13875.000000 9.43058000e+05
13925.000000 9.39348000e+05
13975.000000 9.37635000e+05
14025.000000 9.27571000e+05
14075.000000 9.25690000e+05
14125.000000 9.10783000e+05
14175.000000 9.12206000e+05
14225.000000 9.00033000e+05
14275.000000 8.86233000e+05
14325.000000 9.00013000e+05
14375.000000 9.01931000e+05
14425.000000 8.83758000e+05
14475.000000 8.97747000e+05
14525.000000 8.82720000e+05
14570.000000 8.80612000e+05
14620.000000 8.77084000e+05
14675.000000 8.72884000e+05
14725.000000 8.64603000e+05
14775.000000 8.67217000e+05
14825.000000 8.65560000e+05
14875.000000 8.49024000e+05
14925.000000 8.69999000e+05
14975.000000 8.62737000e+05
15025.000000 8.30955000e+05
15075.000000 8.39526000e+05
15125.000000 8.53582000e+05
15175.000000 8.54788000e+05
15225.000000 8.47639000e+05
15275.000000 8.47007000e+05
15325.000000 8.47055000e+05
15375.000000 8.43850000e+05
15425.000000 8.43075000e+05
15475.000000 8.44998000e+05
15525.000000 8.33249000e+05
15575.000000 8.30113000e+05
15625.000000 8.35765000e+05
15675.000000 8.23910000e+05
15725.000000 8.20751000e+05
15775.000000 7.94044000e+05
15825.000000 8.12487000e+05
15875.000000 7.91965000e+05
15925.000000 8.07692000e+05
15975.000000 8.07102000e+05
16050.000000 8.01493000e+05
16150.000000 7.89980000e+05
16250.000000 7.85409000e+05
16350.000000 7.75648000e+05
16450.000000 7.56974000e+05
16550.000000 7.54580000e+05
16650.000000 7.37403000e+05
16750.000000 7.18299000e+05
16850.000000 7.02328000e+05
16950.000000 7.00989000e+05
17050.000000 6.79844000e+05
17150.000000 6.64715000e+05
17250.000000 6.53523000e+05
17350.000000 6.34072000e+05
17450.000000 6.29312000e+05
17550.000000 6.19311000e+05
17650.000000 6.07936000e+05
17750.000000 5.95246000e+05
17850.000000 5.86053000e+05
17950.000000 5.76139000e+05
18050.000000 5.61517000e+05
18150.000000 5.48748000e+05
18250.000000 5.39674000e+05
18350.000000 5.31168000e+05
18450.000000 5.16549000e+05
18550.000000 5.11061000e+05
18650.000000 4.98988000e+05
18750.000000 4.83071000e+05
18850.000000 4.82083000e+05
18950.000000 4.65847000e+05
19050.000000 4.66170000e+05
19150.000000 4.56290000e+05
19250.000000 4.49671000e+05
19350.000000 4.36986000e+05
19450.000000 4.24657000e+05
19550.000000 4.23980000e+05
19650.000000 4.16310000e+05
19750.000000 4.04543000e+05
19850.000000 3.99865000e+05
19950.000000 3.93244000e+05
20050.000000 3.90269000e+05
20150.000000 3.84465000e+05
20250.000000 3.74678000e+05
20350.000000 3.67594000e+05
20450.000000 3.64746000e+05
20550.000000 3.57003000e+05
20650.000000 3.49057000e+05
20750.000000 3.44756000e+05
20850.000000 3.38840000e+05
20950.000000 3.30995000e+05
21050.000000 3.28087000e+05
21150.000000 3.22095000e+05
21250.000000 3.16985000e+05
21350.000000 3.12154000e+05
21450.000000 3.07253000e+05
21550.000000 3.02282000e+05
21650.000000 2.94039000e+05
21750.000000 2.90585000e+05
21850.000000 2.86282000e+05
21950.000000 2.82835000e+05
22050.000000 2.75092000e+05
22150.000000 2.74372000e+05
22250.000000 2.67703000e+05
22350.000000 2.64061000e+05
22450.000000 2.60271000e+05
22550.000000 2.56471000e+05
22650.000000 2.51105000e+05
22750.000000 2.48873000e+05
22850.000000 2.43294000e+05
22950.000000 2.23662000e+05
23050.000000 2.29497000e+05
23150.000000 2.27413000e+05
23250.000000 2.07912000e+05
23350.000000 2.14496000e+05
23450.000000 2.15418000e+05
23550.000000 1.96080000e+05
23650.000000 2.04327000e+05
23750.000000 2.03244000e+05
23850.000000 1.86755000e+05
23950.000000 1.93296000e+05
24050.000000 1.93692000e+05
24150.000000 1.80522000e+05
24250.000000 1.84059000e+05
24350.000000 1.84406000e+05
24450.000000 1.75911000e+05
24550.000000 1.73544000e+05
24650.000000 1.77086000e+05
24750.000000 1.71205000e+05
24850.000000 1.65401000e+05
24950.000000 1.68429000e+05
25050.000000 1.67579000e+05
25150.000000 1.60133000e+05
25250.000000 1.60362000e+05
25350.000000 1.59972000e+05
25450.000000 1.56513000e+05
25550.000000 1.54875000e+05
25650.000000 1.53710000e+05
25750.000000 1.52962000e+05
25850.000000 1.47575000e+05
25950.000000 1.48084000e+05
26050.000000 1.46616000e+05
26150.000000 1.44753000e+05
26250.000000 1.41329000e+05
26350.000000 1.40687000e+05
26450.000000 1.39254000e+05
26550.000000 1.35764000e+05
26650.000000 1.33968000e+05
26750.000000 1.34616000e+05
26850.000000 1.33071000e+05
26950.000000 1.30784000e+05
27050.000000 1.29664000e+05
27150.000000 1.27995000e+05
27250.000000 1.26743000e+05
27350.000000 1.24821000e+05
27450.000000 1.23578000e+05
27550.000000 1.22057000e+05
27650.000000 1.20348000e+05
27750.000000 1.18846000e+05
27850.000000 1.17431000e+05
27950.000000 1.15536000e+05
28050.000000 1.13650000e+05
28150.000000 1.12702000e+05
28250.000000 1.11632000e+05
28350.000000 1.10517000e+05
28450.000000 1.08909000e+05
28550.000000 1.07491000e+05
28650.000000 1.06140000e+05
28750.000000 1.04811000e+05
28850.000000 1.03669000e+05
28950.000000 1.02433000e+05
29050.000000 1.00903000e+05
29150.000000 1.00012000e+05
29250.000000 9.78148000e+04
29350.000000 9.69832000e+04
29450.000000 9.55786000e+04
29550.000000 9.48638000e+04
29650.000000 9.31665000e+04
29750.000000 9.25540000e+04
29850.000000 9.15248000e+04
29950.000000 9.02342000e+04
30050.000000 8.86793000e+04
30150.000000 8.82619000e+04
30250.000000 8.70782000e+04
30350.000000 8.58346000e+04
30450.000000 8.41138000e+04
30550.000000 8.40323000e+04
30650.000000 8.28432000e+04
30750.000000 8.19586000e+04
30850.000000 8.04940000e+04
30950.000000 7.95617000e+04
31050.000000 7.90618000e+04
31150.000000 7.73902000e+04
31250.000000 7.71966000e+04
31350.000000 7.54783000e+04
31450.000000 7.52467000e+04
31550.000000 7.41535000e+04
31650.000000 7.36067000e+04
31750.000000 7.24150000e+04
31850.000000 7.15414000e+04
31950.000000 7.08285000e+04
32100.000000 6.98537000e+04
32300.000000 6.77094000e+04
32500.000000 6.66182000e+04
32700.000000 6.50237000e+04
32900.000000 6.31009000e+04
33100.000000 6.21034000e+04
33300.000000 6.03269000e+04
33500.000000 5.92831000e+04
33700.000000 5.81270000e+04
33900.000000 5.62532000e+04
34100.000000 5.54074000e+04
34300.000000 5.44749000e+04
34500.000000 5.28323000e+04
34700.000000 5.20373000e+04
34900.000000 5.10220000e+04
35100.000000 4.96747000e+04
35300.000000 4.85843000e+04
35500.000000 4.78172000e+04
35700.000000 4.65262000e+04
35900.000000 4.55737000e+04
36100.000000 4.49314000e+04
36300.000000 4.37887000e+04
36500.000000 4.28718000e+04
36700.000000 4.19723000e+04
36900.000000 4.10648000e+04
37100.000000 4.01168000e+04
37300.000000 3.94468000e+04
37500.000000 3.86441000e+04
37700.000000 3.78375000e+04
37900.000000 3.72530000e+04
38100.000000 3.64088000e+04
38300.000000 3.57856000e+04
38500.000000 3.50665000e+04
38700.000000 3.44032000e+04
38900.000000 3.36570000e+04
39100.000000 3.30942000e+04
39300.000000 3.24338000e+04
39500.000000 3.18358000e+04
39700.000000 3.12577000e+04
39900.000000 3.04079000e+04
40100.000000 3.00491000e+04
40300.000000 2.95011000e+04
40500.000000 2.88751000e+04
40700.000000 2.82941000e+04
40900.000000 2.79100000e+04
41100.000000 2.73402000e+04
41300.000000 2.68927000e+04
41500.000000 2.63650000e+04
41700.000000 2.58506000e+04
41900.000000 2.54156000e+04
42100.000000 2.47963000e+04
42300.000000 2.45645000e+04
42500.000000 2.40481000e+04
42700.000000 2.36581000e+04
42900.000000 2.24677000e+04
43100.000000 2.14708000e+04
43300.000000 2.15482000e+04
43500.000000 2.04307000e+04
43700.000000 1.98870000e+04
43900.000000 1.96398000e+04
44100.000000 1.85398000e+04
44300.000000 1.84269000e+04
44500.000000 1.80847000e+04
44700.000000 1.72245000e+04
44900.000000 1.73119000e+04
45100.000000 1.68601000e+04
45300.000000 1.62161000e+04
45500.000000 1.62564000e+04
45700.000000 1.61146000e+04
45900.000000 1.53683000e+04
46100.000000 1.54860000e+04
46300.000000 1.51777000e+04
46500.000000 1.50418000e+04
46700.000000 1.48911000e+04
46900.000000 1.46700000e+04
47100.000000 1.43717000e+04
47300.000000 1.43964000e+04
47500.000000 1.40799000e+04
47700.000000 1.38879000e+04
47900.000000 1.37140000e+04
48100.000000 1.33758000e+04
48300.000000 1.34473000e+04
48500.000000 1.31901000e+04
48700.000000 1.28983000e+04
48900.000000 1.27604000e+04
49100.000000 1.25837000e+04
49300.000000 1.23738000e+04
49500.000000 1.21862000e+04
49700.000000 1.20573000e+04
49900.000000 1.18933000e+04
50100.000000 1.15983000e+04
50300.000000 1.15965000e+04
50500.000000 1.13226000e+04
50700.000000 1.12053000e+04
50900.000000 1.10900000e+04
51100.000000 1.08595000e+04
51300.000000 1.07837000e+04
51500.000000 1.06004000e+04
51700.000000 1.05631000e+04
51900.000000 1.03298000e+04
52100.000000 1.02022000e+04
52300.000000 1.00504000e+04
52500.000000 9.97750000e+03
52700.000000 9.91535000e+03
52900.000000 9.64881000e+03
53100.000000 9.55074000e+03
53300.000000 9.44605000e+03
53500.000000 9.33528000e+03
53700.000000 9.22969000e+03
53900.000000 9.12423000e+03
54100.000000 9.00335000e+03
54300.000000 8.82637000e+03
54500.000000 8.78454000e+03
54700.000000 8.65230000e+03
54900.000000 8.53163000e+03
55100.000000 8.43134000e+03
55300.000000 8.42048000e+03
55500.000000 8.19283000e+03
55700.000000 8.18996000e+03
55900.000000 8.03718000e+03
56100.000000 7.95328000e+03
56300.000000 7.81891000e+03
56500.000000 7.77687000e+03
56700.000000 7.67652000e+03
56900.000000 7.52968000e+03
57100.000000 7.49782000e+03
57300.000000 7.39669000e+03
57500.000000 7.30738000e+03
57700.000000 7.20352000e+03
57900.000000 7.14934000e+03
58100.000000 7.02945000e+03
58300.000000 6.94994000e+03
58500.000000 6.87960000e+03
58700.000000 6.77004000e+03
58900.000000 6.69450000e+03
59100.000000 6.62456000e+03
59300.000000 6.54342000e+03
59500.000000 6.45279000e+03
59700.000000 6.39695000e+03
59900.000000 6.31818000e+03
60100.000000 6.24178000e+03
60300.000000 6.16366000e+03
60500.000000 6.07368000e+03
60700.000000 6.00417000e+03
60900.000000 5.92965000e+03
61100.000000 5.84831000e+03
61300.000000 5.79237000e+03
61500.000000 5.72756000e+03
61700.000000 5.66506000e+03
61900.000000 5.60098000e+03
62100.000000 5.53516000e+03
62300.000000 5.45901000e+03
62500.000000 5.38633000e+03
62700.000000 5.32500000e+03
62900.000000 5.26881000e+03
63100.000000 5.20178000e+03
63300.000000 5.15401000e+03
63500.000000 5.08292000e+03
63700.000000 5.03601000e+03
63900.000000 4.96265000e+03
64200.000000 4.88466000e+03
64600.000000 4.76667000e+03
65000.000000 4.65709000e+03
65400.000000 4.55220000e+03
65800.000000 4.45048000e+03
66200.000000 4.34554000e+03
66600.000000 4.24865000e+03
67000.000000 4.15216000e+03
67400.000000 4.05592000e+03
67800.000000 3.96641000e+03
68200.000000 3.87685000e+03
68600.000000 3.79142000e+03
69000.000000 3.70605000e+03
69400.000000 3.62325000e+03
69800.000000 3.54542000e+03
70200.000000 3.46477000e+03
70600.000000 3.39176000e+03
71000.000000 3.31815000e+03
71400.000000 3.24664000e+03
71800.000000 3.17636000e+03
72200.000000 3.10875000e+03
72600.000000 3.04228000e+03
73000.000000 2.97870000e+03
73400.000000 2.91472000e+03
73800.000000 2.85464000e+03
74200.000000 2.79397000e+03
74600.000000 2.73512000e+03
75000.000000 2.68030000e+03
75400.000000 2.62438000e+03
75800.000000 2.56888000e+03
76200.000000 2.51506000e+03
76600.000000 2.46189000e+03
77000.000000 2.40982000e+03
77400.000000 2.35939000e+03
77800.000000 2.31060000e+03
78200.000000 2.26392000e+03
78600.000000 2.21697000e+03
79000.000000 2.17388000e+03
79400.000000 2.13010000e+03
79800.000000 2.08910000e+03
80200.000000 2.04869000e+03
80600.000000 2.00990000e+03
81000.000000 1.97270000e+03
81400.000000 1.93585000e+03
81800.000000 1.90024000e+03
82200.000000 1.86540000e+03
82600.000000 1.83076000e+03
83000.000000 1.79642000e+03
83400.000000 1.76266000e+03
83800.000000 1.73010000e+03
84200.000000 1.69771000e+03
84600.000000 1.66690000e+03
85000.000000 1.63581000e+03
85400.000000 1.60632000e+03
85800.000000 1.57700000e+03
86200.000000 1.54850000e+03
86600.000000 1.52012000e+03
87000.000000 1.49303000e+03
87400.000000 1.46726000e+03
87800.000000 1.44024000e+03
88200.000000 1.41457000e+03
88600.000000 1.38992000e+03
89000.000000 1.36599000e+03
89400.000000 1.34201000e+03
89800.000000 1.31859000e+03
90200.000000 1.29697000e+03
90600.000000 1.27489000e+03
91000.000000 1.25234000e+03
91400.000000 1.23044000e+03
91800.000000 1.21085000e+03
92200.000000 1.19021000e+03
92600.000000 1.17033000e+03
93000.000000 1.15144000e+03
93400.000000 1.13145000e+03
93800.000000 1.11236000e+03
94200.000000 1.09555000e+03
94600.000000 1.07607000e+03
95000.000000 1.05989000e+03
95400.000000 1.04295000e+03
95800.000000 1.02416000e+03
96200.000000 1.00944000e+03
96600.000000 9.91081000e+02
97000.000000 9.77078000e+02
97400.000000 9.60809000e+02
97800.000000 9.44065000e+02
98200.000000 9.31311000e+02
98600.000000 9.16407000e+02
99000.000000 9.01137000e+02
99400.000000 8.86388000e+02
99800.000000 8.74493000e+02
100200.000000 8.60846000e+02
200000.000000 5.60960000e+01
400000.000000 3.54644000e+00
600000.000000 6.99723000e-01
800000.000000 2.20540000e-01
1000000.000000 8.99253000e-02
1200000.000000 4.31669000e-02
1400000.000000 2.31996000e-02
1600000.000000 1.35418000e-02
