# teff = 7750.0
# logg = 4.0
# metallicity = 0.2
# wavelength_unit = angstrom
# flux_unit = erg/cm2/s/A
# units_standardized = True
256.800000 1.18224000e-36
260.000000 4.44825000e-36
264.000000 2.22445000e-35
268.500000 1.27992000e-34
273.500000 8.33615000e-34
278.500000 5.07035000e-33
284.000000 3.41965000e-32
290.000000 2.51616000e-31
296.000000 1.69906000e-30
301.000000 7.86424000e-30
308.000000 6.15704000e-29
318.000000 9.87348000e-28
328.000000 1.32631000e-26
338.000000 1.51504000e-25
348.000000 1.49474000e-24
357.000000 1.04400000e-23
366.000000 6.60421000e-23
375.000000 3.80092000e-22
385.000000 2.40141000e-21
395.000000 1.37344000e-20
405.000000 7.17078000e-20
414.000000 2.95280000e-19
422.000000 9.83985000e-19
430.000000 3.12610000e-18
441.000000 1.42445000e-17
451.000000 5.27733000e-17
460.000000 1.62822000e-16
470.000000 5.39444000e-16
480.000000 1.69348000e-15
490.000000 5.05784000e-15
500.000000 1.43977000e-14
506.000000 3.49000000e-14
512.000000 7.09371000e-14
520.000000 1.52029000e-13
530.000000 3.83301000e-13
540.000000 9.14861000e-13
550.000000 2.14132000e-12
560.000000 4.81627000e-12
570.000000 1.04976000e-11
580.000000 2.19442000e-11
590.000000 4.56902000e-11
600.000000 9.15139000e-11
610.000000 1.79121000e-10
620.000000 3.41585000e-10
630.000000 6.36985000e-10
640.000000 1.16229000e-09
650.000000 2.07990000e-09
658.000000 3.26503000e-09
665.000000 4.77709000e-09
675.000000 8.15910000e-09
685.000000 1.37067000e-08
695.000000 2.26018000e-08
705.000000 3.63082000e-08
716.000000 6.13291000e-08
726.000000 9.64417000e-08
735.000000 1.43195000e-07
745.000000 2.18941000e-07
755.000000 3.31111000e-07
765.000000 4.95135000e-07
775.000000 7.31161000e-07
785.000000 1.07054000e-06
795.000000 1.52385000e-06
805.000000 2.18599000e-06
815.000000 3.12131000e-06
825.000000 4.37966000e-06
835.000000 6.08246000e-06
845.000000 8.37218000e-06
855.000000 1.14262000e-05
865.000000 1.54604000e-05
875.000000 2.05876000e-05
885.000000 2.76295000e-05
895.000000 3.65317000e-05
905.000000 4.76854000e-05
915.000000 2.39130000e-02
925.000000 7.69904000e-02
935.000000 1.02122000e-01
945.000000 1.34838000e-01
955.000000 1.86369000e-01
965.000000 2.44208000e-01
975.000000 3.12175000e-01
985.000000 4.01609000e-01
995.000000 5.06098000e-01
1005.000000 6.67914000e-01
1015.000000 8.47164000e-01
1025.000000 1.03571000e+00
1035.000000 1.33160000e+00
1045.000000 1.66375000e+00
1055.000000 2.07058000e+00
1065.000000 2.54275000e+00
1075.000000 3.15643000e+00
1085.000000 3.88946000e+00
1095.000000 4.71263000e+00
1105.000000 1.36737000e+01
1115.000000 4.45054000e+01
1125.000000 6.44767000e+01
1135.000000 9.02881000e+01
1145.000000 1.14448000e+02
1155.000000 1.25857000e+02
1165.000000 1.71851000e+02
1175.000000 2.04739000e+02
1185.000000 2.15002000e+02
1195.000000 1.15776000e+02
1205.000000 1.49161000e+02
1215.000000 4.25772000e+01
1225.000000 1.76640000e+02
1235.000000 3.62867000e+02
1245.000000 7.43312000e+02
1255.000000 1.41406000e+03
1265.000000 1.22611000e+03
1275.000000 1.88167000e+03
1285.000000 2.46221000e+03
1295.000000 2.89608000e+03
1305.000000 2.27472000e+03
1315.000000 3.49034000e+03
1325.000000 4.04706000e+03
1335.000000 4.49334000e+03
1345.000000 5.23707000e+03
1355.000000 5.46209000e+03
1365.000000 6.01643000e+03
1375.000000 6.52822000e+03
1385.000000 7.09948000e+03
1395.000000 8.04092000e+03
1405.000000 8.90952000e+03
1415.000000 9.42245000e+03
1425.000000 1.03467000e+04
1435.000000 1.06428000e+04
1442.000000 1.21692000e+04
1447.000000 1.27098000e+04
1455.000000 1.39792000e+04
1465.000000 1.45127000e+04
1475.000000 1.57312000e+04
1485.000000 1.72390000e+04
1495.000000 1.92931000e+04
1505.000000 2.11448000e+04
1512.000000 2.16515000e+04
1517.000000 2.33491000e+04
1525.000000 2.71755000e+04
1535.000000 4.92276000e+04
1545.000000 8.06148000e+04
1555.000000 8.84542000e+04
1565.000000 8.55031000e+04
1575.000000 1.17021000e+05
1585.000000 1.32377000e+05
1595.000000 1.56969000e+05
1605.000000 1.58354000e+05
1615.000000 1.59490000e+05
1625.000000 1.55493000e+05
1635.000000 1.87658000e+05
1645.000000 2.32356000e+05
1655.000000 1.64321000e+05
1665.000000 2.54027000e+05
1672.000000 1.73866000e+05
1677.000000 3.27671000e+05
1685.000000 5.72639000e+05
1695.000000 6.15494000e+05
1705.000000 1.49770000e+06
1715.000000 4.01818000e+06
1725.000000 4.59121000e+06
1735.000000 6.80803000e+06
1745.000000 6.24277000e+06
1755.000000 8.85796000e+06
1765.000000 4.81949000e+06
1775.000000 7.95794000e+06
1785.000000 7.97035000e+06
1795.000000 1.14395000e+07
1805.000000 7.62900000e+06
1815.000000 8.25969000e+06
1825.000000 7.20595000e+06
1835.000000 7.09607000e+06
1845.000000 5.69129000e+06
1855.000000 7.93677000e+06
1865.000000 1.03308000e+07
1875.000000 9.33255000e+06
1885.000000 9.92454000e+06
1895.000000 1.08035000e+07
1905.000000 9.47558000e+06
1915.000000 1.08533000e+07
1925.000000 9.79606000e+06
1935.000000 5.63249000e+06
1945.000000 1.15787000e+07
1955.000000 1.20608000e+07
1967.000000 1.37427000e+07
1976.000000 1.26664000e+07
1984.000000 1.16907000e+07
1995.000000 1.20922000e+07
2005.000000 1.12896000e+07
2015.000000 1.06944000e+07
2025.000000 9.95057000e+06
2035.000000 1.28350000e+07
2045.000000 1.41106000e+07
2055.000000 1.26685000e+07
2065.000000 1.26203000e+07
2074.000000 1.53084000e+07
2078.000000 1.75327000e+07
2085.000000 1.64818000e+07
2095.000000 1.50073000e+07
2105.000000 1.37827000e+07
2115.000000 1.45901000e+07
2125.000000 1.44330000e+07
2135.000000 1.15774000e+07
2145.000000 1.48005000e+07
2155.000000 1.49677000e+07
2165.000000 1.33774000e+07
2175.000000 1.34577000e+07
2185.000000 1.48957000e+07
2195.000000 1.61137000e+07
2205.000000 1.49769000e+07
2215.000000 1.22550000e+07
2225.000000 1.23597000e+07
2235.000000 1.55248000e+07
2245.000000 1.40929000e+07
2255.000000 1.19805000e+07
2265.000000 1.20644000e+07
2275.000000 1.35999000e+07
2285.000000 1.47359000e+07
2295.000000 1.26823000e+07
2305.000000 1.38977000e+07
2315.000000 1.31446000e+07
2325.000000 1.26421000e+07
2335.000000 9.75089000e+06
2345.000000 7.31670000e+06
2355.000000 1.18731000e+07
2365.000000 7.72423000e+06
2375.000000 9.92278000e+06
2385.000000 6.19095000e+06
2395.000000 7.89119000e+06
2405.000000 7.73842000e+06
2415.000000 8.47544000e+06
2425.000000 1.19509000e+07
2435.000000 1.13726000e+07
2445.000000 1.28464000e+07
2455.000000 1.28901000e+07
2465.000000 1.26382000e+07
2475.000000 1.13198000e+07
2485.000000 1.12697000e+07
2495.000000 1.06628000e+07
2505.000000 1.41878000e+07
2513.000000 9.82453000e+06
2518.000000 9.35477000e+06
2525.000000 7.95456000e+06
2535.000000 6.84843000e+06
2545.000000 7.03958000e+06
2555.000000 9.92431000e+06
2565.000000 9.69591000e+06
2575.000000 1.23775000e+07
2585.000000 1.24516000e+07
2595.000000 1.18669000e+07
2605.000000 1.06212000e+07
2615.000000 9.74517000e+06
2625.000000 1.31149000e+07
2635.000000 1.46482000e+07
2645.000000 1.89317000e+07
2655.000000 2.04408000e+07
2665.000000 1.54442000e+07
2675.000000 1.77508000e+07
2685.000000 1.76486000e+07
2695.000000 1.56143000e+07
2705.000000 1.72594000e+07
2715.000000 1.49231000e+07
2725.000000 1.51679000e+07
2735.000000 1.67282000e+07
2745.000000 1.06634000e+07
2755.000000 1.20752000e+07
2765.000000 1.33140000e+07
2775.000000 1.51320000e+07
2785.000000 1.01713000e+07
2795.000000 3.51492000e+06
2805.000000 4.69345000e+06
2815.000000 1.39354000e+07
2825.000000 1.85234000e+07
2835.000000 1.81258000e+07
2845.000000 1.70761000e+07
2855.000000 1.36595000e+07
2865.000000 1.87065000e+07
2875.000000 1.84185000e+07
2885.000000 1.82466000e+07
2895.000000 1.75225000e+07
2910.000000 2.13890000e+07
2930.000000 1.96871000e+07
2950.000000 1.97358000e+07
2970.000000 2.13428000e+07
2990.000000 2.12058000e+07
3010.000000 2.19923000e+07
3030.000000 2.18108000e+07
3050.000000 2.17367000e+07
3070.000000 2.19029000e+07
3090.000000 2.26343000e+07
3110.000000 2.17829000e+07
3130.000000 2.17215000e+07
3150.000000 2.23900000e+07
3170.000000 2.21635000e+07
3190.000000 2.02746000e+07
3210.000000 2.14866000e+07
3230.000000 1.97842000e+07
3250.000000 2.14524000e+07
3270.000000 2.24225000e+07
3290.000000 2.24518000e+07
3310.000000 2.30619000e+07
3330.000000 2.23903000e+07
3350.000000 2.19159000e+07
3370.000000 2.14529000e+07
3390.000000 2.19574000e+07
3410.000000 2.21746000e+07
3430.000000 2.24416000e+07
3450.000000 2.23648000e+07
3470.000000 2.20236000e+07
3490.000000 2.20246000e+07
3510.000000 2.26253000e+07
3530.000000 2.23068000e+07
3550.000000 2.34991000e+07
3570.000000 2.17940000e+07
3590.000000 2.16308000e+07
3610.000000 2.18887000e+07
3630.000000 2.19881000e+07
3640.000000 2.15726000e+07
3650.000000 2.31218000e+07
3670.000000 2.28182000e+07
3690.000000 2.18701000e+07
3710.000000 2.26099000e+07
3730.000000 2.25408000e+07
3750.000000 2.72424000e+07
3770.000000 2.94802000e+07
3790.000000 3.54696000e+07
3810.000000 4.08155000e+07
3830.000000 3.20283000e+07
3850.000000 4.41985000e+07
3870.000000 4.90931000e+07
3890.000000 3.08835000e+07
3910.000000 4.76700000e+07
3930.000000 3.21289000e+07
3950.000000 4.46474000e+07
3970.000000 2.53202000e+07
3990.000000 4.82054000e+07
4010.000000 5.46067000e+07
4030.000000 5.44743000e+07
4050.000000 5.37355000e+07
4070.000000 5.17759000e+07
4090.000000 4.32781000e+07
4110.000000 3.41468000e+07
4130.000000 5.01124000e+07
4150.000000 5.36444000e+07
4170.000000 5.29383000e+07
4190.000000 5.27903000e+07
4210.000000 5.28426000e+07
4230.000000 5.09755000e+07
4250.000000 5.18255000e+07
4270.000000 4.94547000e+07
4290.000000 4.93324000e+07
4310.000000 4.49797000e+07
4330.000000 3.74380000e+07
4350.000000 3.22328000e+07
4370.000000 4.71442000e+07
4390.000000 4.77614000e+07
4410.000000 4.72537000e+07
4430.000000 4.61983000e+07
4450.000000 4.70510000e+07
4470.000000 4.75076000e+07
4490.000000 4.67322000e+07
4510.000000 4.86430000e+07
4530.000000 4.58683000e+07
4550.000000 4.56679000e+07
4570.000000 4.74319000e+07
4590.000000 4.53207000e+07
4610.000000 4.64422000e+07
4630.000000 4.49962000e+07
4650.000000 4.53016000e+07
4670.000000 4.55052000e+07
4690.000000 4.34497000e+07
4710.000000 4.15515000e+07
4730.000000 4.38815000e+07
4750.000000 4.37883000e+07
4770.000000 4.29897000e+07
4790.000000 4.25149000e+07
4810.000000 4.14244000e+07
4830.000000 3.99824000e+07
4850.000000 3.17271000e+07
4870.000000 2.55580000e+07
4890.000000 3.74727000e+07
4910.000000 3.92417000e+07
4930.000000 3.88666000e+07
4950.000000 3.97924000e+07
4970.000000 4.00371000e+07
4990.000000 3.80752000e+07
5010.000000 3.63865000e+07
5030.000000 3.77222000e+07
5050.000000 3.71374000e+07
5070.000000 3.79970000e+07
5090.000000 3.74052000e+07
5110.000000 3.74650000e+07
5130.000000 3.64950000e+07
5150.000000 3.55856000e+07
5170.000000 3.47908000e+07
5190.000000 3.42252000e+07
5210.000000 3.46944000e+07
5230.000000 3.45397000e+07
5250.000000 3.49742000e+07
5270.000000 3.18104000e+07
5290.000000 3.41457000e+07
5310.000000 3.38489000e+07
5330.000000 3.17613000e+07
5350.000000 3.32788000e+07
5370.000000 3.31346000e+07
5390.000000 3.26622000e+07
5410.000000 3.16206000e+07
5430.000000 3.20857000e+07
5450.000000 3.24074000e+07
5470.000000 3.19140000e+07
5490.000000 3.13857000e+07
5510.000000 3.12662000e+07
5530.000000 3.11316000e+07
5550.000000 3.11816000e+07
5570.000000 3.05756000e+07
5590.000000 3.00847000e+07
5610.000000 3.01723000e+07
5630.000000 3.02661000e+07
5650.000000 2.98091000e+07
5670.000000 2.90883000e+07
5690.000000 2.92390000e+07
5710.000000 2.89017000e+07
5730.000000 2.94392000e+07
5750.000000 2.86445000e+07
5770.000000 2.86771000e+07
5790.000000 2.82850000e+07
5810.000000 2.82245000e+07
5830.000000 2.81154000e+07
5850.000000 2.76934000e+07
5870.000000 2.75050000e+07
5890.000000 2.68212000e+07
5910.000000 2.70844000e+07
5930.000000 2.68516000e+07
5950.000000 2.65969000e+07
5970.000000 2.64708000e+07
5990.000000 2.60990000e+07
6010.000000 2.56805000e+07
6030.000000 2.55333000e+07
6050.000000 2.54419000e+07
6070.000000 2.54995000e+07
6090.000000 2.50966000e+07
6110.000000 2.47439000e+07
6130.000000 2.41756000e+07
6150.000000 2.36382000e+07
6170.000000 2.35327000e+07
6190.000000 2.41615000e+07
6210.000000 2.39612000e+07
6230.000000 2.35484000e+07
6250.000000 2.27692000e+07
6270.000000 2.34693000e+07
6290.000000 2.33194000e+07
6310.000000 2.27630000e+07
6330.000000 2.26439000e+07
6350.000000 2.21548000e+07
6370.000000 2.21171000e+07
6390.000000 2.22511000e+07
6410.000000 2.17356000e+07
6430.000000 2.18074000e+07
6450.000000 2.11608000e+07
6470.000000 2.12956000e+07
6490.000000 2.08945000e+07
6510.000000 2.07903000e+07
6530.000000 2.01021000e+07
6550.000000 1.75665000e+07
6570.000000 1.41432000e+07
6590.000000 1.90333000e+07
6610.000000 1.99729000e+07
6630.000000 2.01062000e+07
6650.000000 2.00528000e+07
6670.000000 1.98565000e+07
6690.000000 1.98297000e+07
6710.000000 1.96531000e+07
6730.000000 1.94990000e+07
6750.000000 1.90694000e+07
6770.000000 1.92693000e+07
6790.000000 1.90808000e+07
6810.000000 1.89307000e+07
6830.000000 1.87755000e+07
6850.000000 1.85882000e+07
6870.000000 1.85543000e+07
6890.000000 1.84063000e+07
6910.000000 1.82589000e+07
6930.000000 1.80964000e+07
6950.000000 1.79869000e+07
6970.000000 1.78179000e+07
6990.000000 1.77408000e+07
7010.000000 1.71950000e+07
7030.000000 1.73885000e+07
7050.000000 1.73052000e+07
7070.000000 1.71720000e+07
7090.000000 1.70655000e+07
7110.000000 1.65843000e+07
7130.000000 1.66774000e+07
7150.000000 1.65386000e+07
7170.000000 1.63563000e+07
7190.000000 1.61962000e+07
7210.000000 1.61913000e+07
7230.000000 1.60377000e+07
7250.000000 1.58361000e+07
7270.000000 1.59166000e+07
7290.000000 1.56131000e+07
7310.000000 1.56540000e+07
7330.000000 1.55238000e+07
7350.000000 1.54862000e+07
7370.000000 1.53884000e+07
7390.000000 1.51472000e+07
7410.000000 1.49105000e+07
7430.000000 1.47792000e+07
7450.000000 1.47332000e+07
7470.000000 1.46423000e+07
7490.000000 1.45917000e+07
7510.000000 1.45668000e+07
7530.000000 1.44843000e+07
7550.000000 1.44407000e+07
7570.000000 1.42514000e+07
7590.000000 1.42137000e+07
7610.000000 1.40681000e+07
7630.000000 1.40327000e+07
7650.000000 1.38506000e+07
7670.000000 1.36228000e+07
7690.000000 1.35451000e+07
7710.000000 1.35655000e+07
7730.000000 1.34878000e+07
7750.000000 1.33336000e+07
7770.000000 1.29674000e+07
7790.000000 1.32846000e+07
7810.000000 1.31098000e+07
7830.000000 1.29772000e+07
7850.000000 1.28261000e+07
7870.000000 1.27823000e+07
7890.000000 1.26377000e+07
7910.000000 1.25570000e+07
7930.000000 1.22997000e+07
7950.000000 1.22885000e+07
7970.000000 1.24333000e+07
7990.000000 1.21770000e+07
8010.000000 1.22302000e+07
8030.000000 1.20823000e+07
8050.000000 1.20217000e+07
8070.000000 1.19628000e+07
8090.000000 1.18755000e+07
8110.000000 1.18359000e+07
8130.000000 1.18023000e+07
8150.000000 1.17059000e+07
8170.000000 1.16238000e+07
8190.000000 1.13211000e+07
8210.000000 1.12045000e+07
8230.000000 1.11668000e+07
8250.000000 1.11476000e+07
8270.000000 1.12728000e+07
8290.000000 1.11702000e+07
8310.000000 1.09981000e+07
8330.000000 1.08873000e+07
8350.000000 1.09038000e+07
8370.000000 1.09039000e+07
8390.000000 1.07664000e+07
8410.000000 1.07339000e+07
8430.000000 1.05892000e+07
8450.000000 1.03259000e+07
8470.000000 1.03670000e+07
8490.000000 1.03172000e+07
8510.000000 9.73450000e+06
8530.000000 1.01911000e+07
8550.000000 8.64077000e+06
8570.000000 1.03265000e+07
8590.000000 9.77255000e+06
8610.000000 9.56306000e+06
8630.000000 1.02315000e+07
8650.000000 9.85848000e+06
8670.000000 8.01733000e+06
8690.000000 9.69909000e+06
8710.000000 1.01869000e+07
8730.000000 9.80912000e+06
8750.000000 8.14449000e+06
8770.000000 9.51315000e+06
8790.000000 1.00638000e+07
8810.000000 1.00647000e+07
8830.000000 9.75635000e+06
8850.000000 8.93934000e+06
8870.000000 7.74892000e+06
8890.000000 9.38915000e+06
8910.000000 9.75657000e+06
8930.000000 9.73559000e+06
8950.000000 9.85345000e+06
8970.000000 9.63117000e+06
8990.000000 9.23364000e+06
9010.000000 7.54247000e+06
9030.000000 8.22337000e+06
9050.000000 9.23304000e+06
9070.000000 9.22122000e+06
9090.000000 9.10545000e+06
9110.000000 9.29657000e+06
9130.000000 9.37655000e+06
9150.000000 9.35271000e+06
9170.000000 9.20488000e+06
9190.000000 8.96279000e+06
9210.000000 8.29857000e+06
9230.000000 6.65832000e+06
9250.000000 7.94561000e+06
9270.000000 8.44226000e+06
9290.000000 8.87346000e+06
9310.000000 8.90318000e+06
9330.000000 8.83432000e+06
9350.000000 8.83578000e+06
9370.000000 8.80926000e+06
9390.000000 8.67692000e+06
9410.000000 8.25249000e+06
9430.000000 8.44502000e+06
9450.000000 8.42450000e+06
9470.000000 8.45910000e+06
9490.000000 8.34568000e+06
9510.000000 8.07901000e+06
9530.000000 7.46732000e+06
9550.000000 6.11095000e+06
9570.000000 7.49675000e+06
9590.000000 7.92840000e+06
9610.000000 7.92644000e+06
9630.000000 7.83911000e+06
9650.000000 7.94743000e+06
9670.000000 7.81146000e+06
9690.000000 7.73190000e+06
9710.000000 7.91145000e+06
9730.000000 7.87100000e+06
9750.000000 7.68657000e+06
9770.000000 7.77985000e+06
9790.000000 7.71901000e+06
9810.000000 7.69735000e+06
9830.000000 7.59160000e+06
9850.000000 7.52003000e+06
9870.000000 7.47450000e+06
9890.000000 7.34763000e+06
9910.000000 7.29920000e+06
9930.000000 7.34509000e+06
9950.000000 7.29162000e+06
9970.000000 7.23890000e+06
9990.000000 7.14049000e+06
10025.000000 6.52281000e+06
10075.000000 6.19175000e+06
10125.000000 6.83007000e+06
10175.000000 6.79077000e+06
10225.000000 6.77100000e+06
10275.000000 6.70205000e+06
10325.000000 6.56591000e+06
10375.000000 6.48598000e+06
10425.000000 6.38682000e+06
10475.000000 6.18042000e+06
10525.000000 6.16537000e+06
10575.000000 6.08733000e+06
10625.000000 6.00515000e+06
10675.000000 5.77744000e+06
10725.000000 5.77840000e+06
10775.000000 5.69374000e+06
10825.000000 5.56861000e+06
10875.000000 5.44107000e+06
10925.000000 4.65658000e+06
10975.000000 5.02178000e+06
11025.000000 5.31448000e+06
11075.000000 5.31175000e+06
11125.000000 5.21510000e+06
11175.000000 5.16009000e+06
11225.000000 5.10436000e+06
11275.000000 4.91694000e+06
11325.000000 4.86481000e+06
11375.000000 4.86203000e+06
11425.000000 4.74279000e+06
11475.000000 4.77536000e+06
11525.000000 4.70934000e+06
11575.000000 4.63669000e+06
11625.000000 4.49821000e+06
11675.000000 4.42024000e+06
11725.000000 4.46702000e+06
11775.000000 4.30499000e+06
11825.000000 4.27675000e+06
11875.000000 4.20314000e+06
11925.000000 4.25009000e+06
11975.000000 4.10591000e+06
12025.000000 4.09737000e+06
12075.000000 4.03199000e+06
12125.000000 3.98445000e+06
12175.000000 3.96399000e+06
12225.000000 3.90617000e+06
12275.000000 3.84441000e+06
12325.000000 3.80336000e+06
12375.000000 3.75719000e+06
12425.000000 3.71652000e+06
12475.000000 3.65919000e+06
12525.000000 3.60050000e+06
12575.000000 3.53833000e+06
12625.000000 3.51201000e+06
12675.000000 3.47311000e+06
12725.000000 3.41469000e+06
12775.000000 3.25436000e+06
12825.000000 2.77186000e+06
12875.000000 3.20014000e+06
12925.000000 3.24195000e+06
12975.000000 3.22775000e+06
13025.000000 3.19214000e+06
13075.000000 3.16557000e+06
13125.000000 3.11307000e+06
13175.000000 3.05845000e+06
13225.000000 3.05260000e+06
13275.000000 3.00570000e+06
13325.000000 2.97512000e+06
13375.000000 2.94008000e+06
13425.000000 2.90275000e+06
13475.000000 2.87067000e+06
13525.000000 2.82765000e+06
13575.000000 2.78744000e+06
13625.000000 2.76539000e+06
13675.000000 2.72365000e+06
13725.000000 2.66865000e+06
13775.000000 2.65507000e+06
13825.000000 2.62781000e+06
13875.000000 2.61419000e+06
13925.000000 2.56398000e+06
13975.000000 2.53756000e+06
14025.000000 2.50954000e+06
14075.000000 2.48832000e+06
14125.000000 2.44846000e+06
14175.000000 2.42840000e+06
14225.000000 2.39013000e+06
14275.000000 2.35419000e+06
14325.000000 2.34274000e+06
14375.000000 2.32356000e+06
14425.000000 2.23542000e+06
14475.000000 2.26370000e+06
14525.000000 2.20868000e+06
14570.000000 2.21049000e+06
14620.000000 2.17777000e+06
14675.000000 2.16288000e+06
14725.000000 2.12441000e+06
14775.000000 2.09522000e+06
14825.000000 2.08231000e+06
14875.000000 2.03939000e+06
14925.000000 2.05298000e+06
14975.000000 2.02115000e+06
15025.000000 1.98485000e+06
15075.000000 1.96127000e+06
15125.000000 1.95804000e+06
15175.000000 1.94041000e+06
15225.000000 1.90835000e+06
15275.000000 1.89394000e+06
15325.000000 1.86812000e+06
15375.000000 1.84978000e+06
15425.000000 1.80598000e+06
15475.000000 1.80219000e+06
15525.000000 1.78638000e+06
15575.000000 1.74542000e+06
15625.000000 1.76590000e+06
15675.000000 1.71234000e+06
15725.000000 1.67343000e+06
15775.000000 1.68676000e+06
15825.000000 1.68078000e+06
15875.000000 1.55466000e+06
15925.000000 1.62691000e+06
15975.000000 1.64125000e+06
16050.000000 1.59026000e+06
16150.000000 1.50130000e+06
16250.000000 1.56805000e+06
16350.000000 1.48241000e+06
16450.000000 1.38850000e+06
16550.000000 1.47334000e+06
16650.000000 1.44727000e+06
16750.000000 1.35566000e+06
16850.000000 1.26365000e+06
16950.000000 1.35768000e+06
17050.000000 1.32871000e+06
17150.000000 1.30584000e+06
17250.000000 1.25505000e+06
17350.000000 1.10192000e+06
17450.000000 1.18245000e+06
17550.000000 1.19192000e+06
17650.000000 1.16906000e+06
17750.000000 1.14931000e+06
17850.000000 1.12611000e+06
17950.000000 1.10751000e+06
18050.000000 1.06759000e+06
18150.000000 9.47592000e+05
18250.000000 9.97275000e+05
18350.000000 1.01406000e+06
18450.000000 9.95957000e+05
18550.000000 9.71683000e+05
18650.000000 9.43745000e+05
18750.000000 8.30726000e+05
18850.000000 9.01464000e+05
18950.000000 8.88660000e+05
19050.000000 8.88604000e+05
19150.000000 8.69732000e+05
19250.000000 8.51875000e+05
19350.000000 8.22155000e+05
19450.000000 7.26158000e+05
19550.000000 7.92635000e+05
19650.000000 7.89729000e+05
19750.000000 7.73756000e+05
19850.000000 7.63570000e+05
19950.000000 7.48627000e+05
20050.000000 7.36183000e+05
20150.000000 7.23884000e+05
20250.000000 7.08594000e+05
20350.000000 6.92822000e+05
20450.000000 6.85577000e+05
20550.000000 6.72061000e+05
20650.000000 6.57855000e+05
20750.000000 6.47259000e+05
20850.000000 6.35641000e+05
20950.000000 6.23733000e+05
21050.000000 6.14071000e+05
21150.000000 6.00993000e+05
21250.000000 5.90470000e+05
21350.000000 5.79885000e+05
21450.000000 5.70561000e+05
21550.000000 5.54407000e+05
21650.000000 4.92216000e+05
21750.000000 5.29199000e+05
21850.000000 5.30655000e+05
21950.000000 5.25816000e+05
22050.000000 5.14099000e+05
22150.000000 5.06519000e+05
22250.000000 4.99868000e+05
22350.000000 4.91476000e+05
22450.000000 4.83392000e+05
22550.000000 4.71565000e+05
22650.000000 4.65854000e+05
22750.000000 4.59285000e+05
22850.000000 4.50930000e+05
22950.000000 4.42961000e+05
23050.000000 4.38041000e+05
23150.000000 4.30490000e+05
23250.000000 4.24258000e+05
23350.000000 4.17184000e+05
23450.000000 4.10845000e+05
23550.000000 4.04463000e+05
23650.000000 3.98295000e+05
23750.000000 3.90005000e+05
23850.000000 3.84655000e+05
23950.000000 3.79250000e+05
24050.000000 3.72911000e+05
24150.000000 3.66393000e+05
24250.000000 3.61795000e+05
24350.000000 3.55277000e+05
24450.000000 3.50669000e+05
24550.000000 3.43887000e+05
24650.000000 3.39800000e+05
24750.000000 3.33991000e+05
24850.000000 3.28649000e+05
24950.000000 3.22606000e+05
25050.000000 3.20168000e+05
25150.000000 3.15542000e+05
25250.000000 3.07978000e+05
25350.000000 3.06098000e+05
25450.000000 3.01539000e+05
25550.000000 2.95992000e+05
25650.000000 2.86617000e+05
25750.000000 2.88276000e+05
25850.000000 2.83874000e+05
25950.000000 2.81058000e+05
26050.000000 2.73580000e+05
26150.000000 2.61421000e+05
26250.000000 2.42386000e+05
26350.000000 2.59904000e+05
26450.000000 2.60635000e+05
26550.000000 2.57478000e+05
26650.000000 2.51237000e+05
26750.000000 2.37500000e+05
26850.000000 2.45392000e+05
26950.000000 2.44798000e+05
27050.000000 2.41488000e+05
27150.000000 2.38476000e+05
27250.000000 2.35206000e+05
27350.000000 2.31591000e+05
27450.000000 2.27097000e+05
27550.000000 2.11241000e+05
27650.000000 2.15131000e+05
27750.000000 2.18495000e+05
27850.000000 2.16497000e+05
27950.000000 2.14241000e+05
28050.000000 2.11314000e+05
28150.000000 2.08436000e+05
28250.000000 2.05528000e+05
28350.000000 2.02965000e+05
28450.000000 1.99414000e+05
28550.000000 1.96383000e+05
28650.000000 1.89548000e+05
28750.000000 1.76865000e+05
28850.000000 1.87070000e+05
28950.000000 1.86346000e+05
29050.000000 1.84788000e+05
29150.000000 1.82015000e+05
29250.000000 1.79549000e+05
29350.000000 1.77741000e+05
29450.000000 1.75342000e+05
29550.000000 1.73260000e+05
29650.000000 1.71013000e+05
29750.000000 1.68746000e+05
29850.000000 1.66695000e+05
29950.000000 1.64320000e+05
30050.000000 1.62018000e+05
30150.000000 1.59768000e+05
30250.000000 1.56783000e+05
30350.000000 1.45604000e+05
30450.000000 1.47396000e+05
30550.000000 1.51236000e+05
30650.000000 1.50055000e+05
30750.000000 1.48570000e+05
30850.000000 1.46279000e+05
30950.000000 1.44839000e+05
31050.000000 1.43048000e+05
31150.000000 1.40613000e+05
31250.000000 1.39553000e+05
31350.000000 1.37717000e+05
31450.000000 1.36233000e+05
31550.000000 1.34603000e+05
31650.000000 1.33152000e+05
31750.000000 1.31324000e+05
31850.000000 1.29984000e+05
31950.000000 1.28456000e+05
32100.000000 1.26055000e+05
32300.000000 1.23232000e+05
32500.000000 1.20265000e+05
32700.000000 1.17149000e+05
32900.000000 1.08382000e+05
33100.000000 1.09861000e+05
33300.000000 1.08912000e+05
33500.000000 1.06723000e+05
33700.000000 1.04067000e+05
33900.000000 1.01780000e+05
34100.000000 9.94786000e+04
34300.000000 9.74798000e+04
34500.000000 9.55932000e+04
34700.000000 9.33775000e+04
34900.000000 9.14103000e+04
35100.000000 8.94358000e+04
35300.000000 8.74578000e+04
35500.000000 8.56232000e+04
35700.000000 8.37029000e+04
35900.000000 8.19544000e+04
36100.000000 8.02394000e+04
36300.000000 7.86257000e+04
36500.000000 7.67174000e+04
36700.000000 7.51982000e+04
36900.000000 7.33062000e+04
37100.000000 7.19651000e+04
37300.000000 6.87530000e+04
37500.000000 6.64089000e+04
37700.000000 6.77020000e+04
37900.000000 6.64989000e+04
38100.000000 6.48528000e+04
38300.000000 6.37149000e+04
38500.000000 6.27217000e+04
38700.000000 6.13859000e+04
38900.000000 5.99721000e+04
39100.000000 5.84089000e+04
39300.000000 5.78940000e+04
39500.000000 5.67418000e+04
39700.000000 5.57867000e+04
39900.000000 5.44716000e+04
40100.000000 5.29526000e+04
40300.000000 5.18044000e+04
40500.000000 4.92407000e+04
40700.000000 5.03681000e+04
40900.000000 4.96312000e+04
41100.000000 4.88706000e+04
41300.000000 4.79722000e+04
41500.000000 4.67956000e+04
41700.000000 4.47988000e+04
41900.000000 4.50910000e+04
42100.000000 4.43745000e+04
42300.000000 4.37706000e+04
42500.000000 4.29550000e+04
42700.000000 4.22002000e+04
42900.000000 4.14494000e+04
43100.000000 4.06986000e+04
43300.000000 3.99176000e+04
43500.000000 3.91253000e+04
43700.000000 3.72312000e+04
43900.000000 3.73776000e+04
44100.000000 3.70936000e+04
44300.000000 3.65405000e+04
44500.000000 3.59122000e+04
44700.000000 3.53465000e+04
44900.000000 3.47015000e+04
45100.000000 3.41185000e+04
45300.000000 3.35315000e+04
45500.000000 3.29680000e+04
45700.000000 3.23753000e+04
45900.000000 3.18273000e+04
46100.000000 3.13000000e+04
46300.000000 3.06699000e+04
46500.000000 2.87358000e+04
46700.000000 2.84211000e+04
46900.000000 2.90493000e+04
47100.000000 2.87708000e+04
47300.000000 2.83445000e+04
47500.000000 2.78609000e+04
47700.000000 2.74125000e+04
47900.000000 2.70034000e+04
48100.000000 2.65628000e+04
48300.000000 2.61608000e+04
48500.000000 2.57372000e+04
48700.000000 2.53341000e+04
48900.000000 2.49414000e+04
49100.000000 2.45292000e+04
49300.000000 2.41539000e+04
49500.000000 2.37654000e+04
49700.000000 2.33960000e+04
49900.000000 2.30576000e+04
50100.000000 2.26922000e+04
50300.000000 2.23186000e+04
50500.000000 2.20033000e+04
50700.000000 2.16395000e+04
50900.000000 2.12706000e+04
51100.000000 2.08288000e+04
51300.000000 1.97305000e+04
51500.000000 2.02580000e+04
51700.000000 2.00170000e+04
51900.000000 1.97665000e+04
52100.000000 1.94776000e+04
52300.000000 1.91926000e+04
52500.000000 1.88894000e+04
52700.000000 1.85890000e+04
52900.000000 1.83693000e+04
53100.000000 1.81015000e+04
53300.000000 1.78373000e+04
53500.000000 1.75765000e+04
53700.000000 1.72381000e+04
53900.000000 1.70106000e+04
54100.000000 1.68297000e+04
54300.000000 1.65756000e+04
54500.000000 1.63515000e+04
54700.000000 1.60974000e+04
54900.000000 1.58841000e+04
55100.000000 1.56226000e+04
55300.000000 1.53447000e+04
55500.000000 1.52123000e+04
55700.000000 1.50134000e+04
55900.000000 1.47663000e+04
56100.000000 1.46025000e+04
56300.000000 1.43956000e+04
56500.000000 1.42077000e+04
56700.000000 1.40080000e+04
56900.000000 1.37806000e+04
57100.000000 1.34854000e+04
57300.000000 1.34052000e+04
57500.000000 1.32632000e+04
57700.000000 1.30820000e+04
57900.000000 1.29019000e+04
58100.000000 1.27339000e+04
58300.000000 1.25636000e+04
58500.000000 1.23964000e+04
58700.000000 1.22104000e+04
58900.000000 1.19538000e+04
59100.000000 1.13489000e+04
59300.000000 1.16678000e+04
59500.000000 1.13809000e+04
59700.000000 1.13544000e+04
59900.000000 1.12798000e+04
60100.000000 1.11475000e+04
60300.000000 1.10188000e+04
60500.000000 1.08791000e+04
60700.000000 1.07319000e+04
60900.000000 1.05924000e+04
61100.000000 1.04425000e+04
61300.000000 1.03313000e+04
61500.000000 1.02035000e+04
61700.000000 1.00711000e+04
61900.000000 9.93735000e+03
62100.000000 9.82264000e+03
62300.000000 9.67504000e+03
62500.000000 9.56191000e+03
62700.000000 9.40527000e+03
62900.000000 9.09246000e+03
63100.000000 9.14250000e+03
63300.000000 9.09281000e+03
63500.000000 8.99573000e+03
63700.000000 8.88687000e+03
63900.000000 8.77846000e+03
64200.000000 8.62157000e+03
64600.000000 8.40788000e+03
65000.000000 8.20503000e+03
65400.000000 8.01707000e+03
65800.000000 7.82601000e+03
66200.000000 7.63897000e+03
66600.000000 7.46416000e+03
67000.000000 7.28769000e+03
67400.000000 7.09148000e+03
67800.000000 6.81529000e+03
68200.000000 6.79107000e+03
68600.000000 6.64221000e+03
69000.000000 6.49049000e+03
69400.000000 6.34150000e+03
69800.000000 6.20423000e+03
70200.000000 6.06370000e+03
70600.000000 5.93185000e+03
71000.000000 5.80377000e+03
71400.000000 5.67582000e+03
71800.000000 5.55137000e+03
72200.000000 5.42722000e+03
72600.000000 5.30905000e+03
73000.000000 5.20415000e+03
73400.000000 5.09053000e+03
73800.000000 4.98528000e+03
74200.000000 4.86557000e+03
74600.000000 4.63530000e+03
75000.000000 4.49202000e+03
75400.000000 4.55416000e+03
75800.000000 4.48465000e+03
76200.000000 4.39545000e+03
76600.000000 4.30613000e+03
77000.000000 4.21709000e+03
77400.000000 4.13274000e+03
77800.000000 4.03384000e+03
78200.000000 3.96921000e+03
78600.000000 3.89159000e+03
79000.000000 3.81456000e+03
79400.000000 3.73929000e+03
79800.000000 3.66546000e+03
80200.000000 3.59261000e+03
80600.000000 3.52312000e+03
81000.000000 3.45637000e+03
81400.000000 3.36972000e+03
81800.000000 3.31432000e+03
82200.000000 3.26202000e+03
82600.000000 3.19986000e+03
83000.000000 3.13928000e+03
83400.000000 3.07772000e+03
83800.000000 3.02051000e+03
84200.000000 2.96579000e+03
84600.000000 2.91176000e+03
85000.000000 2.85850000e+03
85400.000000 2.80539000e+03
85800.000000 2.75442000e+03
86200.000000 2.70164000e+03
86600.000000 2.62741000e+03
87000.000000 2.60062000e+03
87400.000000 2.52238000e+03
87800.000000 2.47785000e+03
88200.000000 2.46825000e+03
88600.000000 2.42586000e+03
89000.000000 2.38313000e+03
89400.000000 2.34187000e+03
89800.000000 2.29942000e+03
90200.000000 2.26009000e+03
90600.000000 2.22223000e+03
91000.000000 2.18290000e+03
91400.000000 2.14535000e+03
91800.000000 2.10957000e+03
92200.000000 2.07376000e+03
92600.000000 2.03826000e+03
93000.000000 2.00421000e+03
93400.000000 1.96864000e+03
93800.000000 1.90890000e+03
94200.000000 1.89574000e+03
94600.000000 1.87322000e+03
95000.000000 1.84207000e+03
95400.000000 1.81072000e+03
95800.000000 1.78245000e+03
96200.000000 1.75252000e+03
96600.000000 1.72495000e+03
97000.000000 1.69690000e+03
97400.000000 1.66838000e+03
97800.000000 1.64188000e+03
98200.000000 1.61568000e+03
98600.000000 1.58950000e+03
99000.000000 1.56542000e+03
99400.000000 1.54015000e+03
99800.000000 1.51584000e+03
100200.000000 1.49205000e+03
200000.000000 9.55574000e+01
400000.000000 5.94220000e+00
600000.000000 1.16315000e+00
800000.000000 3.65004000e-01
1000000.000000 1.48446000e-01
1200000.000000 7.11522000e-02
1400000.000000 3.81996000e-02
1600000.000000 2.22859000e-02
