# teff = 4500.0
# logg = 4.5
# metallicity = 0.5
# wavelength_unit = angstrom
# flux_unit = erg/cm2/s/A
# units_standardized = True
147.200000 5.00490000e-134
151.000000 2.34999000e-130
155.200000 1.65099000e-126
158.800000 2.24163000e-123
162.000000 1.04020000e-120
166.000000 1.59956000e-117
170.300000 2.88983000e-114
173.400000 5.09547000e-112
176.800000 1.19990000e-109
180.200000 2.29307000e-107
181.700000 2.18427000e-106
186.100000 1.31446000e-103
191.000000 1.15071000e-100
193.900000 5.37470000e-99
198.400000 1.67077000e-96
201.800000 1.07672000e-94
205.000000 4.78440000e-93
210.500000 2.46110000e-90
216.200000 1.13061000e-87
219.800000 4.59644000e-86
223.000000 1.11574000e-84
226.800000 4.37809000e-83
230.000000 8.75593000e-82
234.000000 3.28568000e-80
240.000000 5.99863000e-78
246.500000 1.26394000e-75
252.400000 1.27479000e-73
256.800000 3.45685000e-72
260.000000 3.54783000e-71
264.000000 6.01018000e-70
268.500000 1.30662000e-68
273.500000 3.54110000e-67
278.500000 8.51502000e-66
284.000000 2.46372000e-64
290.000000 8.33643000e-63
296.000000 2.43355000e-61
301.000000 3.64875000e-60
308.000000 1.38934000e-58
318.000000 1.89136000e-56
328.000000 1.89359000e-54
338.000000 1.43161000e-52
348.000000 8.38763000e-51
357.000000 2.67348000e-49
366.000000 7.16274000e-48
375.000000 1.62935000e-46
385.000000 4.39596000e-45
395.000000 9.97666000e-44
405.000000 1.93111000e-42
414.000000 2.44990000e-41
422.000000 2.13196000e-40
430.000000 1.70708000e-39
441.000000 2.62458000e-38
451.000000 2.79008000e-37
460.000000 2.13789000e-36
470.000000 1.86830000e-35
480.000000 1.48563000e-34
490.000000 1.08225000e-33
500.000000 7.25084000e-33
506.000000 2.92292000e-32
512.000000 9.59342000e-32
520.000000 3.85897000e-31
530.000000 2.07892000e-30
540.000000 1.03484000e-29
550.000000 4.89811000e-29
560.000000 2.17592000e-28
570.000000 9.14807000e-28
580.000000 3.61320000e-27
590.000000 1.38700000e-26
600.000000 5.02693000e-26
610.000000 1.74282000e-25
620.000000 5.78805000e-25
630.000000 1.84663000e-24
640.000000 5.67302000e-24
650.000000 1.68008000e-23
658.000000 3.90465000e-23
665.000000 8.01191000e-23
675.000000 2.18145000e-22
685.000000 5.76232000e-22
695.000000 1.47588000e-21
705.000000 3.65674000e-21
716.000000 9.70895000e-21
726.000000 2.28550000e-20
735.000000 4.83540000e-20
745.000000 1.08629000e-19
755.000000 2.38638000e-19
765.000000 5.13359000e-19
775.000000 1.07915000e-18
785.000000 2.22715000e-18
795.000000 4.45793000e-18
805.000000 8.88710000e-18
815.000000 1.73912000e-17
825.000000 3.33199000e-17
835.000000 6.27482000e-17
845.000000 1.16270000e-16
855.000000 2.12007000e-16
865.000000 3.80674000e-16
875.000000 6.71950000e-16
885.000000 1.17594000e-15
895.000000 2.02515000e-15
905.000000 3.43857000e-15
915.000000 1.43015000e-11
925.000000 5.69745000e-11
935.000000 8.27040000e-11
945.000000 1.17981000e-10
955.000000 1.87847000e-10
965.000000 3.32668000e-10
975.000000 4.25107000e-10
985.000000 6.98574000e-10
995.000000 1.04835000e-09
1005.000000 1.47305000e-09
1015.000000 2.18123000e-09
1025.000000 2.94269000e-09
1035.000000 5.43628000e-09
1045.000000 7.76521000e-09
1055.000000 9.10697000e-09
1065.000000 1.64074000e-08
1075.000000 2.24921000e-08
1085.000000 3.26319000e-08
1095.000000 4.09838000e-08
1105.000000 5.46262000e-08
1115.000000 7.26838000e-08
1125.000000 1.20872000e-07
1135.000000 1.86764000e-07
1145.000000 2.59884000e-07
1155.000000 3.50798000e-07
1165.000000 4.60550000e-07
1175.000000 6.47654000e-07
1185.000000 8.38384000e-07
1195.000000 1.04670000e-06
1205.000000 1.17173000e-06
1215.000000 6.79311000e-07
1225.000000 1.87819000e-06
1235.000000 3.05513000e-06
1245.000000 4.02292000e-06
1255.000000 5.05144000e-06
1265.000000 6.45364000e-06
1275.000000 8.21765000e-06
1285.000000 9.38113000e-06
1295.000000 1.18427000e-05
1305.000000 1.43797000e-05
1315.000000 1.89560000e-05
1325.000000 2.27309000e-05
1335.000000 2.70251000e-05
1345.000000 3.54775000e-05
1355.000000 4.56337000e-05
1365.000000 5.55422000e-05
1375.000000 6.71034000e-05
1385.000000 8.07379000e-05
1395.000000 9.55208000e-05
1405.000000 1.26911000e-04
1415.000000 1.57806000e-04
1425.000000 1.84576000e-04
1435.000000 2.42368000e-04
1442.000000 3.00407000e-04
1447.000000 2.94556000e-04
1455.000000 3.46509000e-04
1465.000000 4.58312000e-04
1475.000000 5.09625000e-04
1485.000000 6.24111000e-04
1495.000000 8.21986000e-04
1505.000000 1.05448000e-03
1512.000000 9.11114000e-04
1517.000000 1.19273000e-03
1525.000000 1.73703000e-03
1535.000000 4.42663000e-03
1545.000000 3.96974000e-03
1555.000000 6.08432000e-03
1565.000000 5.85746000e-03
1575.000000 1.13625000e-02
1585.000000 1.15645000e-02
1595.000000 1.15941000e-02
1605.000000 1.18009000e-02
1615.000000 1.23914000e-02
1625.000000 1.25277000e-02
1635.000000 1.63968000e-02
1645.000000 2.13506000e-02
1655.000000 1.91540000e-02
1665.000000 2.81478000e-02
1672.000000 2.44102000e-02
1677.000000 3.47054000e-02
1685.000000 4.68599000e-02
1695.000000 6.26771000e-02
1705.000000 6.91961000e-02
1715.000000 7.49482000e-02
1725.000000 9.98788000e-02
1735.000000 1.12830000e-01
1745.000000 1.53635000e-01
1755.000000 1.57638000e-01
1765.000000 1.94386000e-01
1775.000000 1.81440000e-01
1785.000000 3.25045000e-01
1795.000000 2.71835000e-01
1805.000000 4.56073000e-01
1815.000000 3.41229000e-01
1825.000000 5.19246000e-01
1835.000000 4.76771000e-01
1845.000000 6.52211000e-01
1855.000000 5.34216000e-01
1865.000000 8.67581000e-01
1875.000000 8.22314000e-01
1885.000000 1.02680000e+00
1895.000000 1.25072000e+00
1905.000000 1.30188000e+00
1915.000000 1.79919000e+00
1925.000000 1.56614000e+00
1935.000000 1.19663000e+00
1945.000000 2.13269000e+00
1955.000000 2.92816000e+00
1967.000000 3.15904000e+00
1976.000000 3.58776000e+00
1984.000000 4.48294000e+00
1995.000000 4.08531000e+00
2005.000000 4.73092000e+00
2015.000000 5.34184000e+00
2025.000000 4.98282000e+00
2035.000000 6.19537000e+00
2045.000000 6.49823000e+00
2055.000000 7.65230000e+00
2065.000000 7.33744000e+00
2074.000000 6.79133000e+00
2078.000000 8.98619000e+00
2085.000000 1.05959000e+01
2095.000000 1.45515000e+01
2105.000000 1.57654000e+01
2115.000000 1.56521000e+01
2125.000000 1.78144000e+01
2135.000000 2.23572000e+01
2145.000000 1.77760000e+01
2155.000000 2.15410000e+01
2165.000000 2.13063000e+01
2175.000000 2.29854000e+01
2185.000000 2.16337000e+01
2195.000000 3.49196000e+01
2205.000000 2.94230000e+01
2215.000000 3.51787000e+01
2225.000000 3.19883000e+01
2235.000000 5.17510000e+01
2245.000000 5.75078000e+01
2255.000000 6.91401000e+01
2265.000000 3.93882000e+01
2275.000000 7.19463000e+01
2285.000000 6.94022000e+01
2295.000000 1.07768000e+02
2305.000000 4.73402000e+01
2315.000000 1.37646000e+02
2325.000000 1.06671000e+02
2335.000000 1.63157000e+02
2345.000000 1.03413000e+02
2355.000000 9.24226000e+01
2365.000000 1.21898000e+02
2375.000000 1.18890000e+02
2385.000000 1.95954000e+02
2395.000000 1.84949000e+02
2405.000000 3.12305000e+02
2415.000000 1.97582000e+02
2425.000000 2.51805000e+02
2435.000000 3.49546000e+02
2445.000000 4.74061000e+02
2455.000000 5.38239000e+02
2465.000000 3.56801000e+02
2475.000000 6.11580000e+02
2485.000000 2.45009000e+02
2495.000000 2.77695000e+02
2505.000000 5.36082000e+02
2513.000000 3.85268000e+02
2518.000000 4.04102000e+02
2525.000000 4.77522000e+02
2535.000000 9.55684000e+02
2545.000000 1.17933000e+03
2555.000000 1.31393000e+03
2565.000000 7.75307000e+02
2575.000000 1.18235000e+03
2585.000000 9.25724000e+02
2595.000000 1.10428000e+03
2605.000000 1.46489000e+03
2615.000000 1.36165000e+03
2625.000000 1.96625000e+03
2635.000000 2.94651000e+03
2645.000000 2.48163000e+03
2655.000000 3.24390000e+03
2665.000000 2.92972000e+03
2675.000000 2.57107000e+03
2685.000000 3.36668000e+03
2695.000000 2.42459000e+03
2705.000000 3.68995000e+03
2715.000000 3.61380000e+03
2725.000000 3.16563000e+03
2735.000000 3.36790000e+03
2745.000000 4.44784000e+03
2755.000000 4.34230000e+03
2765.000000 5.63033000e+03
2775.000000 7.28839000e+03
2785.000000 5.06841000e+03
2795.000000 5.75895000e+03
2805.000000 6.09765000e+03
2815.000000 7.37083000e+03
2825.000000 7.78230000e+03
2835.000000 6.94753000e+03
2845.000000 5.27252000e+03
2855.000000 2.63525000e+03
2865.000000 7.55687000e+03
2875.000000 8.58049000e+03
2885.000000 1.17338000e+04
2895.000000 1.32639000e+04
2910.000000 1.54939000e+04
2930.000000 1.65526000e+04
2950.000000 1.67930000e+04
2970.000000 1.69742000e+04
2990.000000 1.88641000e+04
3010.000000 1.94105000e+04
3030.000000 2.41555000e+04
3050.000000 2.76635000e+04
3070.000000 3.51395000e+04
3090.000000 3.40627000e+04
3110.000000 5.34863000e+04
3130.000000 5.09322000e+04
3150.000000 7.88692000e+04
3170.000000 1.05177000e+05
3190.000000 7.81735000e+04
3210.000000 8.96588000e+04
3230.000000 8.03586000e+04
3250.000000 1.34035000e+05
3270.000000 1.93197000e+05
3290.000000 2.28444000e+05
3310.000000 1.75169000e+05
3330.000000 1.93928000e+05
3350.000000 1.72626000e+05
3370.000000 1.10422000e+05
3390.000000 1.35077000e+05
3410.000000 1.50807000e+05
3430.000000 1.69643000e+05
3450.000000 1.62441000e+05
3470.000000 1.65939000e+05
3490.000000 2.30700000e+05
3510.000000 2.94972000e+05
3530.000000 2.56209000e+05
3550.000000 3.39139000e+05
3570.000000 1.55139000e+05
3590.000000 1.56931000e+05
3610.000000 2.41554000e+05
3630.000000 3.04914000e+05
3640.000000 3.20898000e+05
3650.000000 4.27813000e+05
3670.000000 5.20975000e+05
3690.000000 4.00908000e+05
3710.000000 3.44785000e+05
3730.000000 1.52085000e+05
3750.000000 1.85181000e+05
3770.000000 3.87282000e+05
3790.000000 4.09144000e+05
3810.000000 3.34268000e+05
3830.000000 1.57450000e+05
3850.000000 2.36565000e+05
3870.000000 2.34390000e+05
3890.000000 3.15084000e+05
3910.000000 4.56567000e+05
3930.000000 1.81629000e+05
3950.000000 3.45256000e+05
3970.000000 2.44502000e+05
3990.000000 7.45361000e+05
4010.000000 9.57538000e+05
4030.000000 7.88328000e+05
4050.000000 7.56008000e+05
4070.000000 6.72909000e+05
4090.000000 1.05336000e+06
4110.000000 8.20115000e+05
4130.000000 8.10336000e+05
4150.000000 7.55165000e+05
4170.000000 7.74608000e+05
4190.000000 7.97187000e+05
4210.000000 7.62743000e+05
4230.000000 5.18261000e+05
4250.000000 8.53510000e+05
4270.000000 7.84373000e+05
4290.000000 7.34152000e+05
4310.000000 7.60776000e+05
4330.000000 1.15923000e+06
4350.000000 1.23424000e+06
4370.000000 1.35418000e+06
4390.000000 1.07924000e+06
4410.000000 1.16559000e+06
4430.000000 1.21641000e+06
4450.000000 1.27724000e+06
4470.000000 1.47666000e+06
4490.000000 1.53307000e+06
4510.000000 1.90012000e+06
4530.000000 1.47028000e+06
4550.000000 1.65917000e+06
4570.000000 1.84965000e+06
4590.000000 1.73243000e+06
4610.000000 1.81752000e+06
4630.000000 1.78059000e+06
4650.000000 1.73882000e+06
4670.000000 1.91414000e+06
4690.000000 1.84836000e+06
4710.000000 1.69025000e+06
4730.000000 1.73236000e+06
4750.000000 1.73066000e+06
4770.000000 1.57526000e+06
4790.000000 1.68480000e+06
4810.000000 1.86540000e+06
4830.000000 1.91151000e+06
4850.000000 1.89930000e+06
4870.000000 1.73299000e+06
4890.000000 1.86458000e+06
4910.000000 1.86567000e+06
4930.000000 1.72858000e+06
4950.000000 1.77967000e+06
4970.000000 1.67051000e+06
4990.000000 1.46175000e+06
5010.000000 1.26060000e+06
5030.000000 1.41644000e+06
5050.000000 1.34020000e+06
5070.000000 1.33539000e+06
5090.000000 1.24405000e+06
5110.000000 1.31120000e+06
5130.000000 1.24217000e+06
5150.000000 1.16448000e+06
5170.000000 9.66767000e+05
5190.000000 1.03902000e+06
5210.000000 1.30246000e+06
5230.000000 1.83717000e+06
5250.000000 2.00280000e+06
5270.000000 1.60388000e+06
5290.000000 2.06740000e+06
5310.000000 2.31868000e+06
5330.000000 1.88823000e+06
5350.000000 2.12303000e+06
5370.000000 2.12998000e+06
5390.000000 2.03523000e+06
5410.000000 1.99717000e+06
5430.000000 2.03142000e+06
5450.000000 2.10278000e+06
5470.000000 2.10355000e+06
5490.000000 2.10775000e+06
5510.000000 2.03863000e+06
5530.000000 2.20919000e+06
5550.000000 2.28355000e+06
5570.000000 2.18704000e+06
5590.000000 1.99323000e+06
5610.000000 2.18445000e+06
5630.000000 2.23920000e+06
5650.000000 2.28947000e+06
5670.000000 2.22178000e+06
5690.000000 2.28695000e+06
5710.000000 2.16765000e+06
5730.000000 2.44640000e+06
5750.000000 2.37666000e+06
5770.000000 2.41430000e+06
5790.000000 2.23369000e+06
5810.000000 2.40572000e+06
5830.000000 2.52136000e+06
5850.000000 2.36897000e+06
5870.000000 2.34335000e+06
5890.000000 1.37424000e+06
5910.000000 2.19600000e+06
5930.000000 2.34887000e+06
5950.000000 2.36142000e+06
5970.000000 2.41866000e+06
5990.000000 2.37723000e+06
6010.000000 2.33620000e+06
6030.000000 2.42464000e+06
6050.000000 2.49108000e+06
6070.000000 2.46774000e+06
6090.000000 2.35923000e+06
6110.000000 2.35400000e+06
6130.000000 2.14778000e+06
6150.000000 2.30953000e+06
6170.000000 1.97880000e+06
6190.000000 2.33386000e+06
6210.000000 2.30468000e+06
6230.000000 2.19750000e+06
6250.000000 2.11923000e+06
6270.000000 2.24286000e+06
6290.000000 2.32365000e+06
6310.000000 2.21064000e+06
6330.000000 2.25508000e+06
6350.000000 2.23398000e+06
6370.000000 2.22527000e+06
6390.000000 2.35677000e+06
6410.000000 2.29276000e+06
6430.000000 2.28161000e+06
6450.000000 2.20509000e+06
6470.000000 2.20498000e+06
6490.000000 2.19052000e+06
6510.000000 2.30820000e+06
6530.000000 2.36069000e+06
6550.000000 2.31302000e+06
6570.000000 2.28779000e+06
6590.000000 2.32970000e+06
6610.000000 2.34572000e+06
6630.000000 2.32113000e+06
6650.000000 2.31196000e+06
6670.000000 2.25959000e+06
6690.000000 2.28204000e+06
6710.000000 2.19432000e+06
6730.000000 2.27504000e+06
6750.000000 2.22089000e+06
6770.000000 2.26147000e+06
6790.000000 2.20535000e+06
6810.000000 2.22832000e+06
6830.000000 2.28199000e+06
6850.000000 2.21489000e+06
6870.000000 2.24400000e+06
6890.000000 2.25837000e+06
6910.000000 2.26220000e+06
6930.000000 2.23669000e+06
6950.000000 2.24505000e+06
6970.000000 2.27631000e+06
6990.000000 2.23015000e+06
7010.000000 2.19728000e+06
7030.000000 2.24928000e+06
7050.000000 2.25412000e+06
7070.000000 2.15615000e+06
7090.000000 2.12811000e+06
7110.000000 2.14738000e+06
7130.000000 2.05576000e+06
7150.000000 1.99512000e+06
7170.000000 2.09159000e+06
7190.000000 2.03376000e+06
7210.000000 2.05822000e+06
7230.000000 2.14912000e+06
7250.000000 2.13993000e+06
7270.000000 2.16003000e+06
7290.000000 2.12133000e+06
7310.000000 2.15148000e+06
7330.000000 2.11395000e+06
7350.000000 2.13091000e+06
7370.000000 2.17416000e+06
7390.000000 2.13260000e+06
7410.000000 2.11651000e+06
7430.000000 2.15003000e+06
7450.000000 2.13240000e+06
7470.000000 2.15840000e+06
7490.000000 2.14030000e+06
7510.000000 2.16432000e+06
7530.000000 2.18194000e+06
7550.000000 2.18421000e+06
7570.000000 2.15888000e+06
7590.000000 2.13555000e+06
7610.000000 2.11848000e+06
7630.000000 2.14628000e+06
7650.000000 2.13784000e+06
7670.000000 2.00356000e+06
7690.000000 2.10852000e+06
7710.000000 2.05571000e+06
7730.000000 2.08153000e+06
7750.000000 2.05280000e+06
7770.000000 2.11294000e+06
7790.000000 2.10304000e+06
7810.000000 2.09574000e+06
7830.000000 2.05537000e+06
7850.000000 2.05860000e+06
7870.000000 2.09736000e+06
7890.000000 2.06150000e+06
7910.000000 2.02159000e+06
7930.000000 1.99325000e+06
7950.000000 1.96196000e+06
7970.000000 2.04713000e+06
7990.000000 2.02504000e+06
8010.000000 2.01752000e+06
8030.000000 2.02092000e+06
8050.000000 2.00025000e+06
8070.000000 1.99822000e+06
8090.000000 1.96216000e+06
8110.000000 1.96939000e+06
8130.000000 2.00468000e+06
8150.000000 1.99650000e+06
8170.000000 1.98781000e+06
8190.000000 1.82984000e+06
8210.000000 1.91478000e+06
8230.000000 1.94108000e+06
8250.000000 1.95072000e+06
8270.000000 1.98277000e+06
8290.000000 1.96187000e+06
8310.000000 1.89019000e+06
8330.000000 1.87016000e+06
8350.000000 1.88569000e+06
8370.000000 1.90449000e+06
8390.000000 1.79240000e+06
8410.000000 1.90463000e+06
8430.000000 1.82483000e+06
8450.000000 1.88105000e+06
8470.000000 1.86792000e+06
8490.000000 1.85704000e+06
8510.000000 1.76181000e+06
8530.000000 1.81751000e+06
8550.000000 1.53294000e+06
8570.000000 1.88711000e+06
8590.000000 1.86031000e+06
8610.000000 1.85529000e+06
8630.000000 1.86764000e+06
8650.000000 1.85287000e+06
8670.000000 1.54593000e+06
8690.000000 1.74616000e+06
8710.000000 1.83771000e+06
8730.000000 1.82999000e+06
8750.000000 1.83945000e+06
8770.000000 1.83117000e+06
8790.000000 1.83469000e+06
8810.000000 1.74274000e+06
8830.000000 1.78723000e+06
8850.000000 1.82519000e+06
8870.000000 1.78269000e+06
8890.000000 1.82134000e+06
8910.000000 1.82456000e+06
8930.000000 1.77610000e+06
8950.000000 1.77057000e+06
8970.000000 1.77495000e+06
8990.000000 1.78445000e+06
9010.000000 1.69598000e+06
9030.000000 1.75773000e+06
9050.000000 1.80535000e+06
9070.000000 1.79451000e+06
9090.000000 1.71928000e+06
9110.000000 1.71782000e+06
9130.000000 1.76829000e+06
9150.000000 1.71629000e+06
9170.000000 1.69560000e+06
9190.000000 1.71414000e+06
9210.000000 1.66620000e+06
9230.000000 1.68932000e+06
9250.000000 1.65371000e+06
9270.000000 1.67920000e+06
9290.000000 1.66133000e+06
9310.000000 1.69801000e+06
9330.000000 1.69217000e+06
9350.000000 1.67718000e+06
9370.000000 1.65818000e+06
9390.000000 1.66044000e+06
9410.000000 1.59966000e+06
9430.000000 1.64164000e+06
9450.000000 1.59420000e+06
9470.000000 1.64452000e+06
9490.000000 1.64998000e+06
9510.000000 1.64484000e+06
9530.000000 1.62670000e+06
9550.000000 1.60242000e+06
9570.000000 1.61103000e+06
9590.000000 1.64168000e+06
9610.000000 1.60972000e+06
9630.000000 1.61486000e+06
9650.000000 1.55344000e+06
9670.000000 1.55448000e+06
9690.000000 1.60034000e+06
9710.000000 1.57482000e+06
9730.000000 1.56501000e+06
9750.000000 1.56192000e+06
9770.000000 1.57345000e+06
9790.000000 1.52662000e+06
9810.000000 1.59013000e+06
9830.000000 1.55731000e+06
9850.000000 1.59133000e+06
9870.000000 1.58017000e+06
9890.000000 1.58095000e+06
9910.000000 1.56744000e+06
9930.000000 1.57386000e+06
9950.000000 1.56655000e+06
9970.000000 1.56853000e+06
9990.000000 1.56614000e+06
10025.000000 1.55170000e+06
10075.000000 1.53512000e+06
10125.000000 1.53796000e+06
10175.000000 1.51459000e+06
10225.000000 1.50839000e+06
10275.000000 1.51408000e+06
10325.000000 1.48171000e+06
10375.000000 1.47468000e+06
10425.000000 1.48174000e+06
10475.000000 1.46207000e+06
10525.000000 1.46399000e+06
10575.000000 1.43974000e+06
10625.000000 1.43443000e+06
10675.000000 1.40648000e+06
10725.000000 1.40384000e+06
10775.000000 1.38935000e+06
10825.000000 1.34018000e+06
10875.000000 1.35455000e+06
10925.000000 1.35686000e+06
10975.000000 1.29413000e+06
11025.000000 1.29296000e+06
11075.000000 1.30361000e+06
11125.000000 1.29457000e+06
11175.000000 1.29254000e+06
11225.000000 1.29032000e+06
11275.000000 1.25813000e+06
11325.000000 1.27225000e+06
11375.000000 1.24292000e+06
11425.000000 1.23400000e+06
11475.000000 1.26181000e+06
11525.000000 1.26206000e+06
11575.000000 1.24263000e+06
11625.000000 1.21758000e+06
11675.000000 1.22292000e+06
11725.000000 1.23959000e+06
11775.000000 1.20729000e+06
11825.000000 1.18566000e+06
11875.000000 1.18202000e+06
11925.000000 1.21423000e+06
11975.000000 1.14248000e+06
12025.000000 1.17812000e+06
12075.000000 1.15611000e+06
12125.000000 1.17432000e+06
12175.000000 1.18002000e+06
12225.000000 1.17276000e+06
12275.000000 1.15917000e+06
12325.000000 1.15046000e+06
12375.000000 1.14969000e+06
12425.000000 1.13038000e+06
12475.000000 1.14022000e+06
12525.000000 1.12335000e+06
12575.000000 1.12613000e+06
12625.000000 1.11830000e+06
12675.000000 1.09929000e+06
12725.000000 1.10595000e+06
12775.000000 1.10812000e+06
12825.000000 1.05879000e+06
12875.000000 1.08097000e+06
12925.000000 1.06015000e+06
12975.000000 1.07972000e+06
13025.000000 1.06088000e+06
13075.000000 1.07010000e+06
13125.000000 1.02463000e+06
13175.000000 1.03315000e+06
13225.000000 1.04928000e+06
13275.000000 1.02681000e+06
13325.000000 1.03196000e+06
13375.000000 1.02965000e+06
13425.000000 1.03428000e+06
13475.000000 1.02623000e+06
13525.000000 1.02374000e+06
13575.000000 1.00411000e+06
13625.000000 9.98967000e+05
13675.000000 1.00382000e+06
13725.000000 1.00768000e+06
13775.000000 9.97620000e+05
13825.000000 9.98577000e+05
13875.000000 9.85992000e+05
13925.000000 9.78458000e+05
13975.000000 9.77796000e+05
14025.000000 9.62314000e+05
14075.000000 9.64008000e+05
14125.000000 9.35481000e+05
14175.000000 9.46330000e+05
14225.000000 9.26433000e+05
14275.000000 8.87749000e+05
14325.000000 9.27882000e+05
14375.000000 9.31994000e+05
14425.000000 8.99835000e+05
14475.000000 9.26371000e+05
14525.000000 9.03648000e+05
14570.000000 9.03044000e+05
14620.000000 8.94604000e+05
14675.000000 8.90675000e+05
14725.000000 8.72439000e+05
14775.000000 8.78158000e+05
14825.000000 8.81484000e+05
14875.000000 8.42384000e+05
14925.000000 8.93524000e+05
14975.000000 8.81738000e+05
15025.000000 8.05056000e+05
15075.000000 8.37885000e+05
15125.000000 8.65900000e+05
15175.000000 8.71082000e+05
15225.000000 8.59422000e+05
15275.000000 8.66318000e+05
15325.000000 8.64492000e+05
15375.000000 8.64010000e+05
15425.000000 8.59320000e+05
15475.000000 8.65638000e+05
15525.000000 8.44206000e+05
15575.000000 8.42273000e+05
15625.000000 8.57306000e+05
15675.000000 8.27712000e+05
15725.000000 8.31796000e+05
15775.000000 7.69398000e+05
15825.000000 8.16142000e+05
15875.000000 7.84894000e+05
15925.000000 8.04320000e+05
15975.000000 8.09878000e+05
16050.000000 8.09141000e+05
16150.000000 7.92826000e+05
16250.000000 7.91415000e+05
16350.000000 7.83948000e+05
16450.000000 7.69866000e+05
16550.000000 7.70961000e+05
16650.000000 7.50191000e+05
16750.000000 7.24422000e+05
16850.000000 7.18635000e+05
16950.000000 7.20946000e+05
17050.000000 6.92323000e+05
17150.000000 6.75282000e+05
17250.000000 6.61816000e+05
17350.000000 6.47488000e+05
17450.000000 6.40200000e+05
17550.000000 6.31836000e+05
17650.000000 6.23391000e+05
17750.000000 6.04632000e+05
17850.000000 6.02311000e+05
17950.000000 5.91444000e+05
18050.000000 5.72675000e+05
18150.000000 5.66622000e+05
18250.000000 5.50227000e+05
18350.000000 5.37265000e+05
18450.000000 5.16870000e+05
18550.000000 5.20881000e+05
18650.000000 5.03299000e+05
18750.000000 4.91504000e+05
18850.000000 4.90396000e+05
18950.000000 4.61734000e+05
19050.000000 4.74495000e+05
19150.000000 4.63029000e+05
19250.000000 4.56838000e+05
19350.000000 4.37871000e+05
19450.000000 4.27316000e+05
19550.000000 4.31491000e+05
19650.000000 4.22828000e+05
19750.000000 4.02157000e+05
19850.000000 4.01748000e+05
19950.000000 3.97750000e+05
20050.000000 4.00109000e+05
20150.000000 3.95488000e+05
20250.000000 3.80301000e+05
20350.000000 3.74098000e+05
20450.000000 3.74385000e+05
20550.000000 3.63373000e+05
20650.000000 3.54694000e+05
20750.000000 3.52639000e+05
20850.000000 3.44533000e+05
20950.000000 3.34136000e+05
21050.000000 3.35526000e+05
21150.000000 3.27847000e+05
21250.000000 3.22524000e+05
21350.000000 3.20270000e+05
21450.000000 3.14581000e+05
21550.000000 3.09567000e+05
21650.000000 3.02285000e+05
21750.000000 2.94750000e+05
21850.000000 2.92374000e+05
21950.000000 2.89528000e+05
22050.000000 2.76068000e+05
22150.000000 2.82096000e+05
22250.000000 2.71972000e+05
22350.000000 2.69091000e+05
22450.000000 2.65428000e+05
22550.000000 2.62939000e+05
22650.000000 2.53903000e+05
22750.000000 2.55585000e+05
22850.000000 2.46483000e+05
22950.000000 2.24391000e+05
23050.000000 2.33042000e+05
23150.000000 2.30759000e+05
23250.000000 2.07892000e+05
23350.000000 2.14033000e+05
23450.000000 2.17035000e+05
23550.000000 1.94518000e+05
23650.000000 2.05896000e+05
23750.000000 2.01595000e+05
23850.000000 1.83860000e+05
23950.000000 1.93769000e+05
24050.000000 1.94486000e+05
24150.000000 1.77577000e+05
24250.000000 1.83578000e+05
24350.000000 1.85085000e+05
24450.000000 1.74216000e+05
24550.000000 1.70356000e+05
24650.000000 1.77204000e+05
24750.000000 1.69994000e+05
24850.000000 1.61808000e+05
24950.000000 1.68260000e+05
25050.000000 1.67261000e+05
25150.000000 1.58489000e+05
25250.000000 1.59434000e+05
25350.000000 1.59785000e+05
25450.000000 1.54699000e+05
25550.000000 1.54009000e+05
25650.000000 1.53469000e+05
25750.000000 1.53820000e+05
25850.000000 1.45444000e+05
25950.000000 1.47407000e+05
26050.000000 1.47288000e+05
26150.000000 1.45508000e+05
26250.000000 1.41176000e+05
26350.000000 1.40774000e+05
26450.000000 1.38338000e+05
26550.000000 1.34952000e+05
26650.000000 1.33241000e+05
26750.000000 1.35863000e+05
26850.000000 1.34205000e+05
26950.000000 1.31251000e+05
27050.000000 1.30534000e+05
27150.000000 1.28966000e+05
27250.000000 1.27839000e+05
27350.000000 1.25848000e+05
27450.000000 1.24908000e+05
27550.000000 1.23601000e+05
27650.000000 1.21501000e+05
27750.000000 1.19673000e+05
27850.000000 1.18422000e+05
27950.000000 1.16515000e+05
28050.000000 1.14335000e+05
28150.000000 1.13605000e+05
28250.000000 1.12821000e+05
28350.000000 1.12233000e+05
28450.000000 1.10203000e+05
28550.000000 1.08803000e+05
28650.000000 1.07618000e+05
28750.000000 1.06716000e+05
28850.000000 1.05213000e+05
28950.000000 1.04010000e+05
29050.000000 1.02407000e+05
29150.000000 1.01648000e+05
29250.000000 9.74141000e+04
29350.000000 9.79891000e+04
29450.000000 9.65429000e+04
29550.000000 9.62055000e+04
29650.000000 9.43192000e+04
29750.000000 9.40821000e+04
29850.000000 9.27551000e+04
29950.000000 9.12884000e+04
30050.000000 8.97264000e+04
30150.000000 8.97373000e+04
30250.000000 8.81404000e+04
30350.000000 8.74174000e+04
30450.000000 8.52799000e+04
30550.000000 8.54652000e+04
30650.000000 8.39300000e+04
30750.000000 8.33451000e+04
30850.000000 8.11511000e+04
30950.000000 8.07258000e+04
31050.000000 8.04255000e+04
31150.000000 7.78678000e+04
31250.000000 7.85082000e+04
31350.000000 7.63944000e+04
31450.000000 7.64655000e+04
31550.000000 7.52549000e+04
31650.000000 7.44905000e+04
31750.000000 7.35922000e+04
31850.000000 7.26852000e+04
31950.000000 7.19799000e+04
32100.000000 7.11004000e+04
32300.000000 6.85869000e+04
32500.000000 6.76454000e+04
32700.000000 6.59573000e+04
32900.000000 6.40545000e+04
33100.000000 6.28667000e+04
33300.000000 6.09825000e+04
33500.000000 6.01861000e+04
33700.000000 5.89663000e+04
33900.000000 5.68957000e+04
34100.000000 5.59711000e+04
34300.000000 5.53491000e+04
34500.000000 5.35603000e+04
34700.000000 5.28289000e+04
34900.000000 5.18602000e+04
35100.000000 5.04300000e+04
35300.000000 4.92857000e+04
35500.000000 4.85944000e+04
35700.000000 4.71558000e+04
35900.000000 4.61963000e+04
36100.000000 4.57235000e+04
36300.000000 4.44548000e+04
36500.000000 4.32960000e+04
36700.000000 4.24925000e+04
36900.000000 4.13746000e+04
37100.000000 4.03112000e+04
37300.000000 3.99071000e+04
37500.000000 3.89173000e+04
37700.000000 3.81980000e+04
37900.000000 3.77068000e+04
38100.000000 3.68033000e+04
38300.000000 3.63043000e+04
38500.000000 3.55748000e+04
38700.000000 3.47503000e+04
38900.000000 3.39931000e+04
39100.000000 3.35920000e+04
39300.000000 3.29070000e+04
39500.000000 3.20748000e+04
39700.000000 3.16353000e+04
39900.000000 3.04908000e+04
40100.000000 3.02764000e+04
40300.000000 2.98954000e+04
40500.000000 2.90221000e+04
40700.000000 2.85011000e+04
40900.000000 2.81217000e+04
41100.000000 2.75944000e+04
41300.000000 2.70959000e+04
41500.000000 2.65947000e+04
41700.000000 2.59893000e+04
41900.000000 2.55851000e+04
42100.000000 2.47623000e+04
42300.000000 2.48256000e+04
42500.000000 2.41712000e+04
42700.000000 2.38688000e+04
42900.000000 2.24902000e+04
43100.000000 2.11848000e+04
43300.000000 2.13513000e+04
43500.000000 2.00803000e+04
43700.000000 1.95020000e+04
43900.000000 1.91880000e+04
44100.000000 1.80613000e+04
44300.000000 1.79136000e+04
44500.000000 1.76146000e+04
44700.000000 1.67373000e+04
44900.000000 1.68216000e+04
45100.000000 1.63438000e+04
45300.000000 1.57390000e+04
45500.000000 1.58136000e+04
45700.000000 1.56881000e+04
45900.000000 1.49463000e+04
46100.000000 1.50973000e+04
46300.000000 1.48046000e+04
46500.000000 1.46596000e+04
46700.000000 1.45895000e+04
46900.000000 1.43657000e+04
47100.000000 1.40500000e+04
47300.000000 1.41308000e+04
47500.000000 1.38172000e+04
47700.000000 1.36180000e+04
47900.000000 1.34584000e+04
48100.000000 1.31068000e+04
48300.000000 1.32566000e+04
48500.000000 1.29657000e+04
48700.000000 1.26645000e+04
48900.000000 1.25283000e+04
49100.000000 1.23723000e+04
49300.000000 1.21602000e+04
49500.000000 1.19471000e+04
49700.000000 1.18774000e+04
49900.000000 1.17168000e+04
50100.000000 1.13575000e+04
50300.000000 1.14261000e+04
50500.000000 1.11536000e+04
50700.000000 1.10557000e+04
50900.000000 1.09104000e+04
51100.000000 1.06600000e+04
51300.000000 1.06563000e+04
51500.000000 1.04525000e+04
51700.000000 1.04230000e+04
51900.000000 1.02063000e+04
52100.000000 1.00956000e+04
52300.000000 9.91830000e+03
52500.000000 9.85599000e+03
52700.000000 9.83179000e+03
52900.000000 9.54273000e+03
53100.000000 9.43557000e+03
53300.000000 9.35999000e+03
53500.000000 9.23920000e+03
53700.000000 9.13484000e+03
53900.000000 9.05032000e+03
54100.000000 8.93552000e+03
54300.000000 8.72876000e+03
54500.000000 8.73203000e+03
54700.000000 8.58746000e+03
54900.000000 8.48226000e+03
55100.000000 8.37997000e+03
55300.000000 8.40718000e+03
55500.000000 8.14954000e+03
55700.000000 8.16980000e+03
55900.000000 7.99559000e+03
56100.000000 7.94060000e+03
56300.000000 7.79241000e+03
56500.000000 7.76837000e+03
56700.000000 7.67312000e+03
56900.000000 7.51083000e+03
57100.000000 7.50475000e+03
57300.000000 7.40461000e+03
57500.000000 7.32197000e+03
57700.000000 7.20940000e+03
57900.000000 7.16485000e+03
58100.000000 7.04117000e+03
58300.000000 6.96811000e+03
58500.000000 6.89963000e+03
58700.000000 6.78491000e+03
58900.000000 6.70188000e+03
59100.000000 6.65067000e+03
59300.000000 6.57363000e+03
59500.000000 6.47290000e+03
59700.000000 6.42929000e+03
59900.000000 6.35178000e+03
60100.000000 6.27057000e+03
60300.000000 6.19340000e+03
60500.000000 6.10167000e+03
60700.000000 6.03546000e+03
60900.000000 5.95281000e+03
61100.000000 5.87122000e+03
61300.000000 5.82545000e+03
61500.000000 5.76571000e+03
61700.000000 5.69692000e+03
61900.000000 5.63303000e+03
62100.000000 5.57698000e+03
62300.000000 5.48852000e+03
62500.000000 5.41420000e+03
62700.000000 5.34608000e+03
62900.000000 5.30918000e+03
63100.000000 5.22610000e+03
63300.000000 5.19942000e+03
63500.000000 5.12281000e+03
63700.000000 5.07927000e+03
63900.000000 5.00352000e+03
64200.000000 4.92725000e+03
64600.000000 4.80278000e+03
65000.000000 4.69151000e+03
65400.000000 4.59202000e+03
65800.000000 4.48972000e+03
66200.000000 4.38327000e+03
66600.000000 4.28891000e+03
67000.000000 4.18901000e+03
67400.000000 4.09084000e+03
67800.000000 4.00198000e+03
68200.000000 3.90965000e+03
68600.000000 3.82809000e+03
69000.000000 3.74253000e+03
69400.000000 3.65727000e+03
69800.000000 3.58261000e+03
70200.000000 3.49489000e+03
70600.000000 3.42516000e+03
71000.000000 3.35163000e+03
71400.000000 3.28011000e+03
71800.000000 3.20852000e+03
72200.000000 3.14127000e+03
72600.000000 3.07315000e+03
73000.000000 3.00995000e+03
73400.000000 2.94108000e+03
73800.000000 2.88321000e+03
74200.000000 2.81553000e+03
74600.000000 2.75861000e+03
75000.000000 2.70616000e+03
75400.000000 2.64306000e+03
75800.000000 2.57242000e+03
76200.000000 2.50909000e+03
76600.000000 2.44372000e+03
77000.000000 2.38460000e+03
77400.000000 2.32543000e+03
77800.000000 2.27232000e+03
78200.000000 2.22320000e+03
78600.000000 2.16862000e+03
79000.000000 2.13005000e+03
79400.000000 2.07805000e+03
79800.000000 2.04070000e+03
80200.000000 1.99996000e+03
80600.000000 1.96270000e+03
81000.000000 1.92912000e+03
81400.000000 1.89736000e+03
81800.000000 1.86309000e+03
82200.000000 1.83217000e+03
82600.000000 1.79923000e+03
83000.000000 1.76487000e+03
83400.000000 1.73417000e+03
83800.000000 1.70183000e+03
84200.000000 1.66976000e+03
84600.000000 1.64069000e+03
85000.000000 1.61303000e+03
85400.000000 1.58426000e+03
85800.000000 1.55504000e+03
86200.000000 1.52868000e+03
86600.000000 1.49781000e+03
87000.000000 1.47387000e+03
87400.000000 1.45094000e+03
87800.000000 1.42128000e+03
88200.000000 1.39496000e+03
88600.000000 1.37289000e+03
89000.000000 1.34982000e+03
89400.000000 1.32552000e+03
89800.000000 1.30061000e+03
90200.000000 1.28331000e+03
90600.000000 1.26292000e+03
91000.000000 1.23828000e+03
91400.000000 1.21597000e+03
91800.000000 1.19873000e+03
92200.000000 1.17758000e+03
92600.000000 1.16036000e+03
93000.000000 1.14186000e+03
93400.000000 1.12204000e+03
93800.000000 1.10153000e+03
94200.000000 1.08774000e+03
94600.000000 1.06711000e+03
95000.000000 1.05380000e+03
95400.000000 1.03786000e+03
95800.000000 1.01768000e+03
96200.000000 1.00504000e+03
96600.000000 9.85792000e+02
97000.000000 9.73995000e+02
97400.000000 9.55885000e+02
97800.000000 9.40323000e+02
98200.000000 9.29201000e+02
98600.000000 9.14547000e+02
99000.000000 8.99600000e+02
99400.000000 8.83947000e+02
99800.000000 8.74266000e+02
100200.000000 8.60658000e+02
200000.000000 5.61562000e+01
400000.000000 3.54573000e+00
600000.000000 6.99116000e-01
800000.000000 2.20316000e-01
1000000.000000 8.98462000e-02
1200000.000000 4.31460000e-02
1400000.000000 2.31958000e-02
1600000.000000 1.35452000e-02
