# teff = 4000.0
# logg = 4.0
# metallicity = 0.5
# wavelength_unit = angstrom
# flux_unit = erg/cm2/s/A
# units_standardized = True
158.800000 3.91169000e-129
162.000000 2.37774000e-126
166.000000 5.04954000e-123
170.300000 1.26894000e-119
173.400000 2.80960000e-117
176.800000 8.41530000e-115
180.200000 2.02693000e-112
181.700000 2.13235000e-111
186.100000 1.70127000e-108
191.000000 2.00793000e-105
193.900000 1.11133000e-103
198.400000 4.45117000e-101
201.800000 3.44784000e-99
205.000000 1.81117000e-97
210.500000 1.22779000e-94
216.200000 7.39654000e-92
219.800000 3.54271000e-90
223.000000 9.90516000e-89
226.800000 4.57269000e-87
230.000000 1.04423000e-85
234.000000 4.60199000e-84
240.000000 1.05857000e-81
246.500000 2.82834000e-79
252.400000 3.50155000e-77
256.800000 1.09946000e-75
260.000000 1.25151000e-74
264.000000 2.40461000e-73
268.500000 5.99592000e-72
273.500000 1.88233000e-70
278.500000 5.21558000e-69
284.000000 1.75342000e-67
290.000000 6.94329000e-66
296.000000 2.35692000e-64
301.000000 3.98871000e-63
308.000000 1.78742000e-61
318.000000 3.03272000e-59
328.000000 3.73354000e-57
338.000000 3.42850000e-55
348.000000 2.41258000e-53
357.000000 8.98896000e-52
366.000000 2.79352000e-50
375.000000 7.31840000e-49
385.000000 2.29204000e-47
395.000000 5.99290000e-46
405.000000 1.32708000e-44
414.000000 1.88974000e-43
422.000000 1.81485000e-42
430.000000 1.59767000e-41
441.000000 2.78284000e-40
451.000000 3.29609000e-39
460.000000 2.77259000e-38
470.000000 2.67633000e-37
480.000000 2.34082000e-36
490.000000 1.86843000e-35
500.000000 1.36659000e-34
506.000000 5.77919000e-34
512.000000 1.99183000e-33
520.000000 8.54788000e-33
530.000000 4.97862000e-32
540.000000 2.67212000e-31
550.000000 1.35971000e-30
560.000000 6.47744000e-30
570.000000 2.91330000e-29
580.000000 1.22840000e-28
590.000000 5.02335000e-28
600.000000 1.93534000e-27
610.000000 7.11777000e-27
620.000000 2.50166000e-26
630.000000 8.43280000e-26
640.000000 2.73230000e-25
650.000000 8.51988000e-25
658.000000 2.06122000e-24
665.000000 4.36247000e-24
675.000000 1.24688000e-23
685.000000 3.45895000e-23
695.000000 9.26722000e-23
705.000000 2.38305000e-22
716.000000 6.67383000e-22
726.000000 1.63721000e-21
735.000000 3.59118000e-21
745.000000 8.37388000e-21
755.000000 1.91013000e-20
765.000000 4.27420000e-20
775.000000 9.29365000e-20
785.000000 1.99178000e-19
795.000000 4.10595000e-19
805.000000 8.43655000e-19
815.000000 1.71717000e-18
825.000000 3.40140000e-18
835.000000 6.60820000e-18
845.000000 1.26221000e-17
855.000000 2.37151000e-17
865.000000 4.38441000e-17
875.000000 7.92749000e-17
885.000000 1.43337000e-16
895.000000 2.53685000e-16
905.000000 4.42627000e-16
915.000000 2.33289000e-12
925.000000 9.36733000e-12
935.000000 1.36962000e-11
945.000000 2.16312000e-11
955.000000 3.46821000e-11
965.000000 6.25034000e-11
975.000000 8.24574000e-11
985.000000 1.37311000e-10
995.000000 2.11538000e-10
1005.000000 3.09977000e-10
1015.000000 4.73515000e-10
1025.000000 6.45007000e-10
1035.000000 1.17651000e-09
1045.000000 1.74095000e-09
1055.000000 2.15997000e-09
1065.000000 3.74761000e-09
1075.000000 5.35286000e-09
1085.000000 7.77796000e-09
1095.000000 9.98611000e-09
1105.000000 1.33093000e-08
1115.000000 1.86128000e-08
1125.000000 3.10075000e-08
1135.000000 4.89195000e-08
1145.000000 6.92497000e-08
1155.000000 9.55672000e-08
1165.000000 1.26138000e-07
1175.000000 1.80997000e-07
1185.000000 2.34530000e-07
1195.000000 2.96841000e-07
1205.000000 3.22653000e-07
1215.000000 1.52330000e-07
1225.000000 5.09603000e-07
1235.000000 8.65411000e-07
1245.000000 1.16330000e-06
1255.000000 1.46571000e-06
1265.000000 1.87997000e-06
1275.000000 2.41014000e-06
1285.000000 2.65911000e-06
1295.000000 3.45229000e-06
1305.000000 3.97783000e-06
1315.000000 5.43235000e-06
1325.000000 6.35856000e-06
1335.000000 7.63404000e-06
1345.000000 9.90562000e-06
1355.000000 1.28261000e-05
1365.000000 1.52358000e-05
1375.000000 1.83138000e-05
1385.000000 2.19334000e-05
1395.000000 2.69767000e-05
1405.000000 3.60541000e-05
1415.000000 4.51272000e-05
1425.000000 5.36962000e-05
1435.000000 7.03816000e-05
1442.000000 8.90277000e-05
1447.000000 8.44354000e-05
1455.000000 1.03545000e-04
1465.000000 1.38085000e-04
1475.000000 1.51663000e-04
1485.000000 1.82161000e-04
1495.000000 2.52886000e-04
1505.000000 3.29023000e-04
1512.000000 2.63760000e-04
1517.000000 3.70936000e-04
1525.000000 5.21253000e-04
1535.000000 1.06766000e-03
1545.000000 9.43676000e-04
1555.000000 1.30456000e-03
1565.000000 1.27836000e-03
1575.000000 1.80101000e-03
1585.000000 1.86233000e-03
1595.000000 1.90880000e-03
1605.000000 2.10636000e-03
1615.000000 2.26957000e-03
1625.000000 2.41578000e-03
1635.000000 3.09011000e-03
1645.000000 3.88963000e-03
1655.000000 4.05995000e-03
1665.000000 5.30028000e-03
1672.000000 5.24966000e-03
1677.000000 6.66272000e-03
1685.000000 8.32242000e-03
1695.000000 1.05600000e-02
1705.000000 1.18751000e-02
1715.000000 1.39473000e-02
1725.000000 1.73677000e-02
1735.000000 2.00302000e-02
1745.000000 2.50025000e-02
1755.000000 2.66668000e-02
1765.000000 3.40507000e-02
1775.000000 3.31002000e-02
1785.000000 5.26438000e-02
1795.000000 4.74720000e-02
1805.000000 7.37866000e-02
1815.000000 6.13487000e-02
1825.000000 8.64211000e-02
1835.000000 8.28772000e-02
1845.000000 1.18762000e-01
1855.000000 1.00681000e-01
1865.000000 1.56520000e-01
1875.000000 1.52240000e-01
1885.000000 1.90166000e-01
1895.000000 2.23256000e-01
1905.000000 2.44047000e-01
1915.000000 3.32636000e-01
1925.000000 3.10757000e-01
1935.000000 3.14868000e-01
1945.000000 4.21749000e-01
1955.000000 5.68895000e-01
1967.000000 6.04399000e-01
1976.000000 7.03591000e-01
1984.000000 9.00206000e-01
1995.000000 8.32917000e-01
2005.000000 9.90736000e-01
2015.000000 1.10433000e+00
2025.000000 1.09207000e+00
2035.000000 1.31334000e+00
2045.000000 1.37106000e+00
2055.000000 1.64616000e+00
2065.000000 1.58838000e+00
2074.000000 1.56044000e+00
2078.000000 1.90211000e+00
2085.000000 2.08607000e+00
2095.000000 2.35435000e+00
2105.000000 2.36715000e+00
2115.000000 2.43156000e+00
2125.000000 2.78483000e+00
2135.000000 3.37122000e+00
2145.000000 2.90582000e+00
2155.000000 3.46380000e+00
2165.000000 3.53556000e+00
2175.000000 3.85041000e+00
2185.000000 3.84824000e+00
2195.000000 5.44550000e+00
2205.000000 4.97285000e+00
2215.000000 5.82023000e+00
2225.000000 5.50085000e+00
2235.000000 7.79142000e+00
2245.000000 8.80003000e+00
2255.000000 1.04246000e+01
2265.000000 7.33151000e+00
2275.000000 1.18180000e+01
2285.000000 1.14464000e+01
2295.000000 1.68193000e+01
2305.000000 9.27177000e+00
2315.000000 2.11519000e+01
2325.000000 1.79422000e+01
2335.000000 2.50184000e+01
2345.000000 1.79910000e+01
2355.000000 1.71171000e+01
2365.000000 2.13851000e+01
2375.000000 2.14064000e+01
2385.000000 3.17909000e+01
2395.000000 3.11057000e+01
2405.000000 4.92189000e+01
2415.000000 3.43617000e+01
2425.000000 4.20009000e+01
2435.000000 5.77895000e+01
2445.000000 7.35117000e+01
2455.000000 8.44465000e+01
2465.000000 6.14581000e+01
2475.000000 1.01808000e+02
2485.000000 5.40616000e+01
2495.000000 5.77522000e+01
2505.000000 9.35666000e+01
2513.000000 7.12993000e+01
2518.000000 8.45934000e+01
2525.000000 1.05084000e+02
2535.000000 1.74089000e+02
2545.000000 2.16131000e+02
2555.000000 2.19995000e+02
2565.000000 1.36887000e+02
2575.000000 1.95972000e+02
2585.000000 1.56200000e+02
2595.000000 1.80923000e+02
2605.000000 2.35280000e+02
2615.000000 2.26708000e+02
2625.000000 3.18212000e+02
2635.000000 4.38567000e+02
2645.000000 3.74203000e+02
2655.000000 4.65381000e+02
2665.000000 4.45897000e+02
2675.000000 3.99867000e+02
2685.000000 5.24499000e+02
2695.000000 4.11346000e+02
2705.000000 5.97091000e+02
2715.000000 6.20453000e+02
2725.000000 5.79531000e+02
2735.000000 5.83510000e+02
2745.000000 7.82955000e+02
2755.000000 7.50726000e+02
2765.000000 9.50395000e+02
2775.000000 1.18107000e+03
2785.000000 8.70979000e+02
2795.000000 1.14547000e+03
2805.000000 1.14962000e+03
2815.000000 1.27658000e+03
2825.000000 1.32426000e+03
2835.000000 1.25906000e+03
2845.000000 1.07159000e+03
2855.000000 6.28250000e+02
2865.000000 1.51707000e+03
2875.000000 1.57522000e+03
2885.000000 2.18038000e+03
2895.000000 2.41617000e+03
2910.000000 2.69046000e+03
2930.000000 2.96801000e+03
2950.000000 3.15661000e+03
2970.000000 3.28618000e+03
2990.000000 3.79810000e+03
3010.000000 4.25500000e+03
3030.000000 5.07304000e+03
3050.000000 5.92724000e+03
3070.000000 6.23199000e+03
3090.000000 6.71027000e+03
3110.000000 7.99568000e+03
3130.000000 8.58138000e+03
3150.000000 1.12390000e+04
3170.000000 1.42007000e+04
3190.000000 1.30958000e+04
3210.000000 1.58650000e+04
3230.000000 1.72005000e+04
3250.000000 2.19486000e+04
3270.000000 2.81255000e+04
3290.000000 3.59498000e+04
3310.000000 3.44713000e+04
3330.000000 3.83765000e+04
3350.000000 3.90879000e+04
3370.000000 3.35699000e+04
3390.000000 4.29865000e+04
3410.000000 5.16233000e+04
3430.000000 5.31332000e+04
3450.000000 5.25411000e+04
3470.000000 5.75564000e+04
3490.000000 6.87108000e+04
3510.000000 9.44935000e+04
3530.000000 8.26598000e+04
3550.000000 1.15391000e+05
3570.000000 7.14033000e+04
3590.000000 6.54887000e+04
3610.000000 9.30369000e+04
3630.000000 1.18829000e+05
3640.000000 1.22141000e+05
3650.000000 1.36612000e+05
3670.000000 1.82215000e+05
3690.000000 1.55599000e+05
3710.000000 1.46051000e+05
3730.000000 7.48699000e+04
3750.000000 9.23761000e+04
3770.000000 1.88006000e+05
3790.000000 1.99874000e+05
3810.000000 1.76804000e+05
3830.000000 8.82568000e+04
3850.000000 1.40904000e+05
3870.000000 1.40533000e+05
3890.000000 1.60448000e+05
3910.000000 1.81779000e+05
3930.000000 7.48268000e+04
3950.000000 1.28705000e+05
3970.000000 9.22074000e+04
3990.000000 2.64182000e+05
4010.000000 3.92494000e+05
4030.000000 3.36556000e+05
4050.000000 3.59102000e+05
4070.000000 3.32725000e+05
4090.000000 4.59311000e+05
4110.000000 3.48493000e+05
4130.000000 3.70238000e+05
4150.000000 3.69631000e+05
4170.000000 3.60223000e+05
4190.000000 3.75869000e+05
4210.000000 2.93046000e+05
4230.000000 1.42637000e+05
4250.000000 3.24681000e+05
4270.000000 3.36564000e+05
4290.000000 3.21868000e+05
4310.000000 3.37181000e+05
4330.000000 4.84593000e+05
4350.000000 4.94302000e+05
4370.000000 5.35911000e+05
4390.000000 4.53316000e+05
4410.000000 4.60720000e+05
4430.000000 4.17965000e+05
4450.000000 4.31282000e+05
4470.000000 4.68496000e+05
4490.000000 4.98379000e+05
4510.000000 5.44273000e+05
4530.000000 4.45208000e+05
4550.000000 4.91582000e+05
4570.000000 5.71924000e+05
4590.000000 4.54977000e+05
4610.000000 5.03917000e+05
4630.000000 4.45621000e+05
4650.000000 4.41569000e+05
4670.000000 4.66574000e+05
4690.000000 4.50991000e+05
4710.000000 4.58394000e+05
4730.000000 4.47150000e+05
4750.000000 4.97325000e+05
4770.000000 2.97835000e+05
4790.000000 3.68699000e+05
4810.000000 3.49177000e+05
4830.000000 3.97191000e+05
4850.000000 4.18506000e+05
4870.000000 4.53532000e+05
4890.000000 5.24933000e+05
4910.000000 5.52622000e+05
4930.000000 6.02150000e+05
4950.000000 5.64913000e+05
4970.000000 3.20788000e+05
4990.000000 3.74080000e+05
5010.000000 2.85173000e+05
5030.000000 3.55453000e+05
5050.000000 3.71271000e+05
5070.000000 4.07787000e+05
5090.000000 4.18882000e+05
5110.000000 4.72526000e+05
5130.000000 4.74317000e+05
5150.000000 4.58822000e+05
5170.000000 3.64962000e+05
5190.000000 3.09959000e+05
5210.000000 4.06179000e+05
5230.000000 5.99893000e+05
5250.000000 5.56350000e+05
5270.000000 5.41053000e+05
5290.000000 6.70461000e+05
5310.000000 7.56823000e+05
5330.000000 6.55410000e+05
5350.000000 7.49273000e+05
5370.000000 6.80681000e+05
5390.000000 7.13180000e+05
5410.000000 7.23916000e+05
5430.000000 7.27102000e+05
5450.000000 6.01727000e+05
5470.000000 5.10395000e+05
5490.000000 5.79829000e+05
5510.000000 5.12008000e+05
5530.000000 6.09377000e+05
5550.000000 6.71845000e+05
5570.000000 6.80859000e+05
5590.000000 6.31027000e+05
5610.000000 4.62675000e+05
5630.000000 4.80145000e+05
5650.000000 5.21007000e+05
5670.000000 5.09042000e+05
5690.000000 5.97557000e+05
5710.000000 5.86411000e+05
5730.000000 6.91684000e+05
5750.000000 7.39250000e+05
5770.000000 6.58546000e+05
5790.000000 7.17148000e+05
5810.000000 7.31939000e+05
5830.000000 7.56332000e+05
5850.000000 6.87222000e+05
5870.000000 5.81698000e+05
5890.000000 4.40396000e+05
5910.000000 4.75462000e+05
5930.000000 4.94640000e+05
5950.000000 5.09634000e+05
5970.000000 5.24364000e+05
5990.000000 5.69985000e+05
6010.000000 5.88810000e+05
6030.000000 6.64907000e+05
6050.000000 7.15737000e+05
6070.000000 7.65761000e+05
6090.000000 8.08085000e+05
6110.000000 8.09332000e+05
6130.000000 8.04431000e+05
6150.000000 8.39776000e+05
6170.000000 5.17115000e+05
6190.000000 5.28694000e+05
6210.000000 5.18182000e+05
6230.000000 4.44519000e+05
6250.000000 4.77247000e+05
6270.000000 5.39428000e+05
6290.000000 5.76481000e+05
6310.000000 6.28004000e+05
6330.000000 6.62139000e+05
6350.000000 6.88825000e+05
6370.000000 6.87375000e+05
6390.000000 7.40577000e+05
6410.000000 7.63121000e+05
6430.000000 7.03701000e+05
6450.000000 7.23449000e+05
6470.000000 7.75573000e+05
6490.000000 7.12654000e+05
6510.000000 7.80925000e+05
6530.000000 8.41138000e+05
6550.000000 8.05162000e+05
6570.000000 8.03357000e+05
6590.000000 8.08100000e+05
6610.000000 7.98268000e+05
6630.000000 7.56820000e+05
6650.000000 6.95794000e+05
6670.000000 6.55122000e+05
6690.000000 5.63308000e+05
6710.000000 5.81024000e+05
6730.000000 5.04705000e+05
6750.000000 5.21613000e+05
6770.000000 5.80659000e+05
6790.000000 5.29850000e+05
6810.000000 5.68789000e+05
6830.000000 6.07336000e+05
6850.000000 6.33389000e+05
6870.000000 6.40674000e+05
6890.000000 7.15826000e+05
6910.000000 7.90098000e+05
6930.000000 7.72648000e+05
6950.000000 8.54110000e+05
6970.000000 9.47622000e+05
6990.000000 9.74514000e+05
7010.000000 1.01212000e+06
7030.000000 1.07162000e+06
7050.000000 1.00969000e+06
7070.000000 6.88998000e+05
7090.000000 6.44736000e+05
7110.000000 6.15523000e+05
7130.000000 5.35227000e+05
7150.000000 5.20210000e+05
7170.000000 5.56635000e+05
7190.000000 6.32625000e+05
7210.000000 5.95596000e+05
7230.000000 6.91588000e+05
7250.000000 7.71054000e+05
7270.000000 8.46080000e+05
7290.000000 9.09638000e+05
7310.000000 9.83206000e+05
7330.000000 1.04123000e+06
7350.000000 1.09736000e+06
7370.000000 1.18095000e+06
7390.000000 1.21672000e+06
7410.000000 1.24275000e+06
7430.000000 1.27613000e+06
7450.000000 1.28999000e+06
7470.000000 1.32238000e+06
7490.000000 1.32466000e+06
7510.000000 1.34921000e+06
7530.000000 1.36398000e+06
7550.000000 1.36337000e+06
7570.000000 1.35197000e+06
7590.000000 1.23028000e+06
7610.000000 1.16014000e+06
7630.000000 1.10126000e+06
7650.000000 1.07362000e+06
7670.000000 9.28553000e+05
7690.000000 9.15703000e+05
7710.000000 8.88016000e+05
7730.000000 9.39792000e+05
7750.000000 9.01454000e+05
7770.000000 9.00500000e+05
7790.000000 9.09975000e+05
7810.000000 9.75977000e+05
7830.000000 9.42240000e+05
7850.000000 9.60309000e+05
7870.000000 1.00452000e+06
7890.000000 1.05922000e+06
7910.000000 1.04147000e+06
7930.000000 1.05953000e+06
7950.000000 1.07697000e+06
7970.000000 1.15473000e+06
7990.000000 1.14146000e+06
8010.000000 1.16900000e+06
8030.000000 1.19327000e+06
8050.000000 1.21985000e+06
8070.000000 1.21988000e+06
8090.000000 1.23821000e+06
8110.000000 1.26246000e+06
8130.000000 1.29793000e+06
8150.000000 1.30381000e+06
8170.000000 1.30686000e+06
8190.000000 1.20973000e+06
8210.000000 1.14873000e+06
8230.000000 1.20584000e+06
8250.000000 1.21411000e+06
8270.000000 1.20054000e+06
8290.000000 1.14498000e+06
8310.000000 1.11863000e+06
8330.000000 1.14394000e+06
8350.000000 1.10416000e+06
8370.000000 1.11464000e+06
8390.000000 1.06657000e+06
8410.000000 1.13555000e+06
8430.000000 1.05261000e+06
8450.000000 1.03602000e+06
8470.000000 1.01459000e+06
8490.000000 1.03015000e+06
8510.000000 9.86872000e+05
8530.000000 1.01808000e+06
8550.000000 9.22157000e+05
8570.000000 1.09431000e+06
8590.000000 1.10203000e+06
8610.000000 1.11938000e+06
8630.000000 1.15168000e+06
8650.000000 1.15140000e+06
8670.000000 1.00025000e+06
8690.000000 1.12855000e+06
8710.000000 1.20010000e+06
8730.000000 1.19332000e+06
8750.000000 1.21587000e+06
8770.000000 1.21430000e+06
8790.000000 1.23057000e+06
8810.000000 1.18519000e+06
8830.000000 1.21737000e+06
8850.000000 1.23058000e+06
8870.000000 9.55603000e+05
8890.000000 9.83150000e+05
8910.000000 1.02928000e+06
8930.000000 1.03370000e+06
8950.000000 9.94140000e+05
8970.000000 1.01551000e+06
8990.000000 1.05752000e+06
9010.000000 1.04396000e+06
9030.000000 1.07168000e+06
9050.000000 1.11290000e+06
9070.000000 1.13612000e+06
9090.000000 1.11521000e+06
9110.000000 1.12657000e+06
9130.000000 1.16386000e+06
9150.000000 1.17056000e+06
9170.000000 1.17527000e+06
9190.000000 1.19563000e+06
9210.000000 1.17019000e+06
9230.000000 1.16301000e+06
9250.000000 1.13931000e+06
9270.000000 1.16018000e+06
9290.000000 1.14393000e+06
9310.000000 1.15323000e+06
9330.000000 1.15548000e+06
9350.000000 1.15567000e+06
9370.000000 1.13594000e+06
9390.000000 1.14747000e+06
9410.000000 1.12064000e+06
9430.000000 1.14750000e+06
9450.000000 1.11872000e+06
9470.000000 1.15345000e+06
9490.000000 1.16524000e+06
9510.000000 1.15156000e+06
9530.000000 1.14333000e+06
9550.000000 1.12235000e+06
9570.000000 1.14527000e+06
9590.000000 1.16696000e+06
9610.000000 1.13950000e+06
9630.000000 1.15639000e+06
9650.000000 1.09642000e+06
9670.000000 1.10341000e+06
9690.000000 1.14211000e+06
9710.000000 1.12119000e+06
9730.000000 1.09096000e+06
9750.000000 1.07182000e+06
9770.000000 1.08911000e+06
9790.000000 1.06033000e+06
9810.000000 1.09747000e+06
9830.000000 1.05141000e+06
9850.000000 1.08818000e+06
9870.000000 1.09534000e+06
9890.000000 1.09592000e+06
9910.000000 1.07340000e+06
9930.000000 1.07351000e+06
9950.000000 1.08244000e+06
9970.000000 1.09429000e+06
9990.000000 1.08629000e+06
10025.000000 1.07275000e+06
10075.000000 1.07438000e+06
10125.000000 1.08426000e+06
10175.000000 1.07418000e+06
10225.000000 1.07710000e+06
10275.000000 1.08121000e+06
10325.000000 1.06595000e+06
10375.000000 1.06631000e+06
10425.000000 1.07416000e+06
10475.000000 1.06102000e+06
10525.000000 1.06800000e+06
10575.000000 1.05135000e+06
10625.000000 1.05116000e+06
10675.000000 1.03476000e+06
10725.000000 1.02975000e+06
10775.000000 1.02644000e+06
10825.000000 9.89207000e+05
10875.000000 1.00491000e+06
10925.000000 1.01505000e+06
10975.000000 9.89813000e+05
11025.000000 9.87798000e+05
11075.000000 9.80895000e+05
11125.000000 9.79495000e+05
11175.000000 9.71564000e+05
11225.000000 9.73243000e+05
11275.000000 9.55414000e+05
11325.000000 9.59597000e+05
11375.000000 9.47074000e+05
11425.000000 9.40535000e+05
11475.000000 9.56847000e+05
11525.000000 9.56702000e+05
11575.000000 9.46121000e+05
11625.000000 9.30362000e+05
11675.000000 9.31945000e+05
11725.000000 9.39250000e+05
11775.000000 9.19063000e+05
11825.000000 9.03306000e+05
11875.000000 9.05253000e+05
11925.000000 9.23454000e+05
11975.000000 8.80187000e+05
12025.000000 9.02792000e+05
12075.000000 8.86365000e+05
12125.000000 8.98750000e+05
12175.000000 9.01422000e+05
12225.000000 8.96761000e+05
12275.000000 8.85870000e+05
12325.000000 8.81326000e+05
12375.000000 8.79655000e+05
12425.000000 8.62340000e+05
12475.000000 8.70499000e+05
12525.000000 8.61257000e+05
12575.000000 8.60568000e+05
12625.000000 8.55491000e+05
12675.000000 8.45284000e+05
12725.000000 8.46728000e+05
12775.000000 8.49808000e+05
12825.000000 8.15412000e+05
12875.000000 8.31431000e+05
12925.000000 8.19170000e+05
12975.000000 8.33367000e+05
13025.000000 8.19120000e+05
13075.000000 8.25141000e+05
13125.000000 7.98025000e+05
13175.000000 8.05501000e+05
13225.000000 8.15189000e+05
13275.000000 7.98905000e+05
13325.000000 7.98543000e+05
13375.000000 7.97301000e+05
13425.000000 7.97038000e+05
13475.000000 7.93686000e+05
13525.000000 7.91433000e+05
13575.000000 7.83896000e+05
13625.000000 7.77261000e+05
13675.000000 7.82929000e+05
13725.000000 7.85354000e+05
13775.000000 7.80239000e+05
13825.000000 7.81879000e+05
13875.000000 7.71655000e+05
13925.000000 7.32629000e+05
13975.000000 7.49116000e+05
14025.000000 7.48400000e+05
14075.000000 7.56746000e+05
14125.000000 7.41504000e+05
14175.000000 7.52894000e+05
14225.000000 7.43757000e+05
14275.000000 7.09124000e+05
14325.000000 7.36915000e+05
14375.000000 7.35772000e+05
14425.000000 7.27005000e+05
14475.000000 7.34470000e+05
14525.000000 7.29261000e+05
14570.000000 7.27514000e+05
14620.000000 6.97589000e+05
14675.000000 7.05980000e+05
14725.000000 7.03852000e+05
14775.000000 7.07776000e+05
14825.000000 7.12798000e+05
14875.000000 6.75034000e+05
14925.000000 7.19666000e+05
14975.000000 7.21202000e+05
15025.000000 6.44702000e+05
15075.000000 6.82489000e+05
15125.000000 7.00809000e+05
15175.000000 7.11871000e+05
15225.000000 7.06276000e+05
15275.000000 7.06972000e+05
15325.000000 7.11269000e+05
15375.000000 6.97248000e+05
15425.000000 6.84407000e+05
15475.000000 7.14364000e+05
15525.000000 6.91764000e+05
15575.000000 6.89147000e+05
15625.000000 7.08800000e+05
15675.000000 6.87757000e+05
15725.000000 6.83086000e+05
15775.000000 6.35571000e+05
15825.000000 6.82739000e+05
15875.000000 6.55259000e+05
15925.000000 6.73344000e+05
15975.000000 6.77329000e+05
16050.000000 6.74714000e+05
16150.000000 6.63972000e+05
16250.000000 6.57095000e+05
16350.000000 6.58284000e+05
16450.000000 6.51920000e+05
16550.000000 6.54120000e+05
16650.000000 6.30943000e+05
16750.000000 6.16947000e+05
16850.000000 6.11941000e+05
16950.000000 6.07784000e+05
17050.000000 5.86679000e+05
17150.000000 5.66088000e+05
17250.000000 5.59342000e+05
17350.000000 5.45854000e+05
17450.000000 5.39814000e+05
17550.000000 5.29239000e+05
17650.000000 5.22824000e+05
17750.000000 5.06798000e+05
17850.000000 5.03134000e+05
17950.000000 4.97426000e+05
18050.000000 4.76933000e+05
18150.000000 4.76037000e+05
18250.000000 4.56707000e+05
18350.000000 4.49371000e+05
18450.000000 4.32505000e+05
18550.000000 4.31807000e+05
18650.000000 4.22943000e+05
18750.000000 4.13750000e+05
18850.000000 4.11800000e+05
18950.000000 3.89767000e+05
19050.000000 3.95932000e+05
19150.000000 3.87061000e+05
19250.000000 3.85714000e+05
19350.000000 3.65387000e+05
19450.000000 3.58125000e+05
19550.000000 3.62208000e+05
19650.000000 3.58375000e+05
19750.000000 3.34076000e+05
19850.000000 3.35758000e+05
19950.000000 3.32466000e+05
20050.000000 3.37845000e+05
20150.000000 3.32747000e+05
20250.000000 3.20502000e+05
20350.000000 3.17305000e+05
20450.000000 3.16759000e+05
20550.000000 3.05236000e+05
20650.000000 3.01156000e+05
20750.000000 2.99782000e+05
20850.000000 2.90016000e+05
20950.000000 2.84112000e+05
21050.000000 2.86146000e+05
21150.000000 2.80339000e+05
21250.000000 2.74119000e+05
21350.000000 2.73789000e+05
21450.000000 2.70235000e+05
21550.000000 2.64675000e+05
21650.000000 2.62155000e+05
21750.000000 2.52965000e+05
21850.000000 2.52146000e+05
21950.000000 2.49674000e+05
22050.000000 2.39116000e+05
22150.000000 2.44525000e+05
22250.000000 2.34532000e+05
22350.000000 2.32913000e+05
22450.000000 2.30626000e+05
22550.000000 2.28970000e+05
22650.000000 2.19338000e+05
22750.000000 2.22582000e+05
22850.000000 2.14325000e+05
22950.000000 1.93564000e+05
23050.000000 2.01723000e+05
23150.000000 2.00173000e+05
23250.000000 1.79611000e+05
23350.000000 1.85524000e+05
23450.000000 1.86411000e+05
23550.000000 1.67680000e+05
23650.000000 1.77762000e+05
23750.000000 1.72528000e+05
23850.000000 1.58037000e+05
23950.000000 1.66782000e+05
24050.000000 1.65952000e+05
24150.000000 1.51590000e+05
24250.000000 1.56473000e+05
24350.000000 1.57186000e+05
24450.000000 1.47553000e+05
24550.000000 1.43465000e+05
24650.000000 1.48398000e+05
24750.000000 1.42103000e+05
24850.000000 1.35807000e+05
24950.000000 1.40046000e+05
25050.000000 1.37885000e+05
25150.000000 1.31717000e+05
25250.000000 1.28306000e+05
25350.000000 1.30139000e+05
25450.000000 1.27652000e+05
25550.000000 1.27844000e+05
25650.000000 1.25521000e+05
25750.000000 1.26712000e+05
25850.000000 1.21071000e+05
25950.000000 1.22753000e+05
26050.000000 1.22228000e+05
26150.000000 1.22976000e+05
26250.000000 1.19236000e+05
26350.000000 1.18625000e+05
26450.000000 1.16379000e+05
26550.000000 1.11811000e+05
26650.000000 1.12686000e+05
26750.000000 1.13525000e+05
26850.000000 1.12571000e+05
26950.000000 1.09196000e+05
27050.000000 1.08961000e+05
27150.000000 1.06934000e+05
27250.000000 1.05912000e+05
27350.000000 1.04131000e+05
27450.000000 1.03709000e+05
27550.000000 1.01493000e+05
27650.000000 1.00411000e+05
27750.000000 9.93458000e+04
27850.000000 9.72202000e+04
27950.000000 9.50501000e+04
28050.000000 9.14959000e+04
28150.000000 9.24777000e+04
28250.000000 9.15834000e+04
28350.000000 9.11775000e+04
28450.000000 9.09054000e+04
28550.000000 8.82869000e+04
28650.000000 8.88282000e+04
28750.000000 8.75551000e+04
28850.000000 8.60122000e+04
28950.000000 8.56707000e+04
29050.000000 8.30954000e+04
29150.000000 8.43972000e+04
29250.000000 7.85856000e+04
29350.000000 8.11692000e+04
29450.000000 7.65532000e+04
29550.000000 7.91466000e+04
29650.000000 7.59139000e+04
29750.000000 7.74007000e+04
29850.000000 7.49085000e+04
29950.000000 7.57195000e+04
30050.000000 7.24253000e+04
30150.000000 7.46768000e+04
30250.000000 7.17590000e+04
30350.000000 7.27388000e+04
30450.000000 6.97468000e+04
30550.000000 7.09217000e+04
30650.000000 6.97578000e+04
30750.000000 6.87272000e+04
30850.000000 6.70988000e+04
30950.000000 6.63080000e+04
31050.000000 6.71945000e+04
31150.000000 6.44420000e+04
31250.000000 6.55849000e+04
31350.000000 6.30436000e+04
31450.000000 6.37365000e+04
31550.000000 6.29243000e+04
31650.000000 6.26665000e+04
31750.000000 6.15548000e+04
31850.000000 6.10909000e+04
31950.000000 6.03806000e+04
32100.000000 6.02856000e+04
32300.000000 5.79742000e+04
32500.000000 5.76552000e+04
32700.000000 5.63461000e+04
32900.000000 5.48278000e+04
33100.000000 5.40710000e+04
33300.000000 5.24552000e+04
33500.000000 5.18811000e+04
33700.000000 5.11543000e+04
33900.000000 4.92937000e+04
34100.000000 4.87884000e+04
34300.000000 4.84133000e+04
34500.000000 4.65432000e+04
34700.000000 4.63430000e+04
34900.000000 4.54391000e+04
35100.000000 4.41247000e+04
35300.000000 4.32875000e+04
35500.000000 4.27473000e+04
35700.000000 4.13770000e+04
35900.000000 4.06776000e+04
36100.000000 4.04680000e+04
36300.000000 3.92142000e+04
36500.000000 3.82569000e+04
36700.000000 3.77404000e+04
36900.000000 3.68537000e+04
37100.000000 3.59100000e+04
37300.000000 3.55449000e+04
37500.000000 3.48292000e+04
37700.000000 3.39385000e+04
37900.000000 3.37937000e+04
38100.000000 3.27547000e+04
38300.000000 3.23339000e+04
38500.000000 3.17218000e+04
38700.000000 3.11608000e+04
38900.000000 3.03259000e+04
39100.000000 2.99745000e+04
39300.000000 2.94117000e+04
39500.000000 2.87210000e+04
39700.000000 2.83224000e+04
39900.000000 2.72133000e+04
40100.000000 2.66380000e+04
40300.000000 2.65018000e+04
40500.000000 2.51337000e+04
40700.000000 2.49623000e+04
40900.000000 2.40769000e+04
41100.000000 2.41153000e+04
41300.000000 2.30916000e+04
41500.000000 2.30992000e+04
41700.000000 2.21242000e+04
41900.000000 2.22569000e+04
42100.000000 2.12913000e+04
42300.000000 2.14126000e+04
42500.000000 2.07417000e+04
42700.000000 2.05532000e+04
42900.000000 1.96568000e+04
43100.000000 1.85703000e+04
43300.000000 1.88084000e+04
43500.000000 1.76241000e+04
43700.000000 1.73363000e+04
43900.000000 1.69725000e+04
44100.000000 1.61847000e+04
44300.000000 1.59995000e+04
44500.000000 1.57385000e+04
44700.000000 1.50932000e+04
44900.000000 1.50308000e+04
45100.000000 1.46574000e+04
45300.000000 1.42075000e+04
45500.000000 1.42221000e+04
45700.000000 1.40679000e+04
45900.000000 1.35080000e+04
46100.000000 1.35675000e+04
46300.000000 1.33308000e+04
46500.000000 1.32516000e+04
46700.000000 1.31266000e+04
46900.000000 1.29236000e+04
47100.000000 1.27017000e+04
47300.000000 1.26925000e+04
47500.000000 1.24741000e+04
47700.000000 1.22692000e+04
47900.000000 1.21346000e+04
48100.000000 1.18063000e+04
48300.000000 1.19576000e+04
48500.000000 1.16772000e+04
48700.000000 1.13995000e+04
48900.000000 1.12710000e+04
49100.000000 1.11882000e+04
49300.000000 1.09521000e+04
49500.000000 1.07952000e+04
49700.000000 1.07097000e+04
49900.000000 1.05926000e+04
50100.000000 1.02832000e+04
50300.000000 1.02896000e+04
50500.000000 1.00776000e+04
50700.000000 9.98890000e+03
50900.000000 9.85007000e+03
51100.000000 9.66087000e+03
51300.000000 9.61317000e+03
51500.000000 9.47629000e+03
51700.000000 9.37197000e+03
51900.000000 9.22058000e+03
52100.000000 9.12341000e+03
52300.000000 8.98036000e+03
52500.000000 8.88460000e+03
52700.000000 8.87548000e+03
52900.000000 8.61531000e+03
53100.000000 8.53570000e+03
53300.000000 8.41475000e+03
53500.000000 8.33681000e+03
53700.000000 8.21199000e+03
53900.000000 8.17684000e+03
54100.000000 8.05986000e+03
54300.000000 7.83756000e+03
54500.000000 7.87514000e+03
54700.000000 7.74450000e+03
54900.000000 7.66693000e+03
55100.000000 7.55628000e+03
55300.000000 7.56282000e+03
55500.000000 7.33976000e+03
55700.000000 7.34093000e+03
55900.000000 7.21990000e+03
56100.000000 7.14601000e+03
56300.000000 7.01986000e+03
56500.000000 7.00199000e+03
56700.000000 6.90124000e+03
56900.000000 6.75286000e+03
57100.000000 6.76214000e+03
57300.000000 6.64009000e+03
57500.000000 6.62052000e+03
57700.000000 6.49923000e+03
57900.000000 6.43272000e+03
58100.000000 6.36708000e+03
58300.000000 6.26761000e+03
58500.000000 6.21778000e+03
58700.000000 6.12552000e+03
58900.000000 6.05022000e+03
59100.000000 5.99564000e+03
59300.000000 5.93995000e+03
59500.000000 5.85869000e+03
59700.000000 5.80237000e+03
59900.000000 5.74500000e+03
60100.000000 5.68774000e+03
60300.000000 5.58833000e+03
60500.000000 5.50471000e+03
60700.000000 5.47238000e+03
60900.000000 5.40481000e+03
61100.000000 5.31600000e+03
61300.000000 5.30442000e+03
61500.000000 5.22575000e+03
61700.000000 5.16264000e+03
61900.000000 5.11036000e+03
62100.000000 5.06274000e+03
62300.000000 4.99903000e+03
62500.000000 4.92302000e+03
62700.000000 4.86339000e+03
62900.000000 4.82870000e+03
63100.000000 4.74270000e+03
63300.000000 4.72509000e+03
63500.000000 4.64174000e+03
63700.000000 4.61246000e+03
63900.000000 4.54054000e+03
64200.000000 4.45653000e+03
64600.000000 4.30266000e+03
65000.000000 4.18816000e+03
65400.000000 4.08873000e+03
65800.000000 3.95442000e+03
66200.000000 3.85451000e+03
66600.000000 3.78398000e+03
67000.000000 3.68438000e+03
67400.000000 3.61615000e+03
67800.000000 3.51001000e+03
68200.000000 3.42684000e+03
68600.000000 3.38419000e+03
69000.000000 3.30068000e+03
69400.000000 3.22019000e+03
69800.000000 3.17882000e+03
70200.000000 3.08621000e+03
70600.000000 3.02707000e+03
71000.000000 2.96190000e+03
71400.000000 2.90567000e+03
71800.000000 2.85293000e+03
72200.000000 2.77587000e+03
72600.000000 2.72300000e+03
73000.000000 2.67882000e+03
73400.000000 2.61096000e+03
73800.000000 2.56752000e+03
74200.000000 2.49961000e+03
74600.000000 2.46312000e+03
75000.000000 2.41241000e+03
75400.000000 2.34407000e+03
75800.000000 2.24917000e+03
76200.000000 2.17949000e+03
76600.000000 2.11384000e+03
77000.000000 2.06766000e+03
77400.000000 1.99427000e+03
77800.000000 1.94861000e+03
78200.000000 1.89842000e+03
78600.000000 1.84866000e+03
79000.000000 1.81332000e+03
79400.000000 1.76869000e+03
79800.000000 1.73319000e+03
80200.000000 1.70417000e+03
80600.000000 1.66706000e+03
81000.000000 1.63950000e+03
81400.000000 1.61581000e+03
81800.000000 1.58467000e+03
82200.000000 1.55803000e+03
82600.000000 1.53850000e+03
83000.000000 1.50183000e+03
83400.000000 1.48188000e+03
83800.000000 1.45044000e+03
84200.000000 1.43334000e+03
84600.000000 1.40335000e+03
85000.000000 1.38610000e+03
85400.000000 1.36153000e+03
85800.000000 1.33540000e+03
86200.000000 1.31858000e+03
86600.000000 1.28889000e+03
87000.000000 1.27806000e+03
87400.000000 1.25416000e+03
87800.000000 1.22859000e+03
88200.000000 1.20672000e+03
88600.000000 1.19014000e+03
89000.000000 1.17185000e+03
89400.000000 1.15441000e+03
89800.000000 1.13135000e+03
90200.000000 1.11916000e+03
90600.000000 1.10646000e+03
91000.000000 1.08533000e+03
91400.000000 1.06422000e+03
91800.000000 1.05072000e+03
92200.000000 1.02837000e+03
92600.000000 1.01832000e+03
93000.000000 1.00409000e+03
93400.000000 9.87172000e+02
93800.000000 9.66482000e+02
94200.000000 9.54853000e+02
94600.000000 9.36945000e+02
95000.000000 9.29155000e+02
95400.000000 9.17364000e+02
95800.000000 8.97692000e+02
96200.000000 8.86294000e+02
96600.000000 8.69643000e+02
97000.000000 8.61565000e+02
97400.000000 8.47037000e+02
97800.000000 8.32954000e+02
98200.000000 8.22823000e+02
98600.000000 8.11820000e+02
99000.000000 7.93780000e+02
99400.000000 7.84087000e+02
99800.000000 7.75167000e+02
100200.000000 7.63324000e+02
200000.000000 5.14038000e+01
400000.000000 3.29097000e+00
600000.000000 6.51334000e-01
800000.000000 2.05588000e-01
1000000.000000 8.39202000e-02
1200000.000000 4.03284000e-02
1400000.000000 2.17004000e-02
1600000.000000 1.26817000e-02
