# teff = 8000.0
# logg = 4.0
# metallicity = 0.2
# wavelength_unit = angstrom
# flux_unit = erg/cm2/s/A
# units_standardized = True
328.000000 4.64223000e-25
338.000000 4.85075000e-24
348.000000 4.40022000e-23
357.000000 2.86124000e-22
366.000000 1.69097000e-21
375.000000 9.12161000e-21
385.000000 5.38210000e-20
395.000000 2.88466000e-19
405.000000 1.41599000e-18
414.000000 5.52996000e-18
422.000000 1.76131000e-17
430.000000 5.35734000e-17
441.000000 2.30534000e-16
451.000000 8.12724000e-16
460.000000 2.40245000e-15
470.000000 7.60400000e-15
480.000000 2.28507000e-14
490.000000 6.54436000e-14
500.000000 1.78931000e-13
506.000000 4.24261000e-13
512.000000 8.43899000e-13
520.000000 1.75561000e-12
530.000000 4.27063000e-12
540.000000 9.84199000e-12
550.000000 2.22887000e-11
560.000000 4.85580000e-11
570.000000 1.02610000e-10
580.000000 2.08175000e-10
590.000000 4.21047000e-10
600.000000 8.20088000e-10
610.000000 1.56159000e-09
620.000000 2.90152000e-09
630.000000 5.27564000e-09
640.000000 9.39432000e-09
650.000000 1.64156000e-08
658.000000 2.52978000e-08
665.000000 3.65131000e-08
675.000000 6.09688000e-08
685.000000 1.00095000e-07
695.000000 1.61689000e-07
705.000000 2.55723000e-07
716.000000 4.20883000e-07
726.000000 6.49368000e-07
735.000000 9.48335000e-07
745.000000 1.42608000e-06
755.000000 2.11984000e-06
765.000000 3.11484000e-06
775.000000 4.52470000e-06
785.000000 6.50905000e-06
795.000000 9.15082000e-06
805.000000 1.29513000e-05
815.000000 1.81376000e-05
825.000000 2.50577000e-05
835.000000 3.43043000e-05
845.000000 4.65667000e-05
855.000000 6.26813000e-05
865.000000 8.36964000e-05
875.000000 1.10412000e-04
885.000000 1.45776000e-04
895.000000 1.90358000e-04
905.000000 2.45391000e-04
915.000000 1.08241000e-01
925.000000 3.16292000e-01
935.000000 4.13520000e-01
945.000000 5.47740000e-01
955.000000 7.44144000e-01
965.000000 9.62795000e-01
975.000000 1.20003000e+00
985.000000 1.53538000e+00
995.000000 1.87983000e+00
1005.000000 2.47240000e+00
1015.000000 3.09385000e+00
1025.000000 3.70266000e+00
1035.000000 4.72694000e+00
1045.000000 5.84987000e+00
1055.000000 7.19053000e+00
1065.000000 8.68265000e+00
1075.000000 1.06884000e+01
1085.000000 1.30339000e+01
1095.000000 1.55596000e+01
1105.000000 4.14610000e+01
1115.000000 1.25689000e+02
1125.000000 1.80434000e+02
1135.000000 2.51435000e+02
1145.000000 3.14366000e+02
1155.000000 3.46138000e+02
1165.000000 4.67794000e+02
1175.000000 5.53187000e+02
1185.000000 5.86037000e+02
1195.000000 3.60868000e+02
1205.000000 3.83598000e+02
1215.000000 1.09214000e+02
1225.000000 4.44958000e+02
1235.000000 9.26716000e+02
1245.000000 2.01700000e+03
1255.000000 4.68046000e+03
1265.000000 4.36474000e+03
1275.000000 6.64504000e+03
1285.000000 9.05898000e+03
1295.000000 1.07983000e+04
1305.000000 9.02412000e+03
1315.000000 1.31350000e+04
1325.000000 1.52758000e+04
1335.000000 1.66767000e+04
1345.000000 2.01630000e+04
1355.000000 2.06090000e+04
1365.000000 2.25525000e+04
1375.000000 2.44156000e+04
1385.000000 2.61735000e+04
1395.000000 2.97914000e+04
1405.000000 3.30560000e+04
1415.000000 3.40241000e+04
1425.000000 3.79137000e+04
1435.000000 3.82927000e+04
1442.000000 4.41089000e+04
1447.000000 4.67770000e+04
1455.000000 5.17770000e+04
1465.000000 5.23574000e+04
1475.000000 5.72049000e+04
1485.000000 6.29202000e+04
1495.000000 7.02698000e+04
1505.000000 7.68320000e+04
1512.000000 7.75938000e+04
1517.000000 8.38768000e+04
1525.000000 9.54432000e+04
1535.000000 1.48879000e+05
1545.000000 2.64181000e+05
1555.000000 2.75486000e+05
1565.000000 2.58164000e+05
1575.000000 4.02057000e+05
1585.000000 5.23670000e+05
1595.000000 6.20694000e+05
1605.000000 6.32390000e+05
1615.000000 7.01367000e+05
1625.000000 6.87426000e+05
1635.000000 1.01124000e+06
1645.000000 1.99069000e+06
1655.000000 9.74646000e+05
1665.000000 2.12172000e+06
1672.000000 1.00209000e+06
1677.000000 3.33967000e+06
1685.000000 5.20573000e+06
1695.000000 3.93366000e+06
1705.000000 5.55616000e+06
1715.000000 9.28482000e+06
1725.000000 9.98218000e+06
1735.000000 1.31658000e+07
1745.000000 1.20995000e+07
1755.000000 1.58298000e+07
1765.000000 9.81119000e+06
1775.000000 1.44504000e+07
1785.000000 1.40217000e+07
1795.000000 1.92947000e+07
1805.000000 1.51234000e+07
1815.000000 1.66326000e+07
1825.000000 1.43526000e+07
1835.000000 1.32635000e+07
1845.000000 1.13007000e+07
1855.000000 1.39502000e+07
1865.000000 1.68629000e+07
1875.000000 1.56634000e+07
1885.000000 1.63691000e+07
1895.000000 1.80453000e+07
1905.000000 1.61954000e+07
1915.000000 1.77043000e+07
1925.000000 1.64971000e+07
1935.000000 1.03574000e+07
1945.000000 1.88274000e+07
1955.000000 1.93706000e+07
1967.000000 2.18720000e+07
1976.000000 2.11889000e+07
1984.000000 1.98890000e+07
1995.000000 1.97621000e+07
2005.000000 1.80107000e+07
2015.000000 1.72729000e+07
2025.000000 1.60288000e+07
2035.000000 1.91538000e+07
2045.000000 2.11956000e+07
2055.000000 1.96767000e+07
2065.000000 1.87454000e+07
2074.000000 2.26880000e+07
2078.000000 2.49921000e+07
2085.000000 2.36096000e+07
2095.000000 2.16105000e+07
2105.000000 1.97750000e+07
2115.000000 2.07380000e+07
2125.000000 2.14910000e+07
2135.000000 1.66305000e+07
2145.000000 2.06705000e+07
2155.000000 2.08539000e+07
2165.000000 1.88074000e+07
2175.000000 1.87607000e+07
2185.000000 2.02954000e+07
2195.000000 2.21384000e+07
2205.000000 2.07828000e+07
2215.000000 1.75379000e+07
2225.000000 1.72071000e+07
2235.000000 2.13501000e+07
2245.000000 1.91010000e+07
2255.000000 1.67175000e+07
2265.000000 1.68926000e+07
2275.000000 1.88262000e+07
2285.000000 2.02960000e+07
2295.000000 1.78035000e+07
2305.000000 1.89676000e+07
2315.000000 1.78382000e+07
2325.000000 1.72153000e+07
2335.000000 1.37799000e+07
2345.000000 1.06181000e+07
2355.000000 1.66314000e+07
2365.000000 1.11068000e+07
2375.000000 1.39768000e+07
2385.000000 9.11122000e+06
2395.000000 1.14076000e+07
2405.000000 1.10973000e+07
2415.000000 1.19991000e+07
2425.000000 1.63482000e+07
2435.000000 1.56652000e+07
2445.000000 1.74355000e+07
2455.000000 1.73756000e+07
2465.000000 1.70905000e+07
2475.000000 1.54871000e+07
2485.000000 1.55963000e+07
2495.000000 1.46606000e+07
2505.000000 1.93521000e+07
2513.000000 1.47508000e+07
2518.000000 1.50589000e+07
2525.000000 1.29080000e+07
2535.000000 1.17077000e+07
2545.000000 1.13530000e+07
2555.000000 1.41233000e+07
2565.000000 1.33480000e+07
2575.000000 1.60643000e+07
2585.000000 1.60209000e+07
2595.000000 1.52509000e+07
2605.000000 1.38539000e+07
2615.000000 1.27973000e+07
2625.000000 1.65391000e+07
2635.000000 1.79569000e+07
2645.000000 2.29279000e+07
2655.000000 2.40862000e+07
2665.000000 1.89085000e+07
2675.000000 2.13367000e+07
2685.000000 2.10437000e+07
2695.000000 1.90589000e+07
2705.000000 2.06868000e+07
2715.000000 1.82027000e+07
2725.000000 1.85919000e+07
2735.000000 2.06258000e+07
2745.000000 1.36782000e+07
2755.000000 1.54191000e+07
2765.000000 1.70196000e+07
2775.000000 2.02004000e+07
2785.000000 1.70587000e+07
2795.000000 7.17867000e+06
2805.000000 9.47327000e+06
2815.000000 2.06225000e+07
2825.000000 2.36806000e+07
2835.000000 2.21635000e+07
2845.000000 2.08858000e+07
2855.000000 1.83631000e+07
2865.000000 2.23929000e+07
2875.000000 2.18136000e+07
2885.000000 2.20039000e+07
2895.000000 2.06344000e+07
2910.000000 2.49743000e+07
2930.000000 2.32842000e+07
2950.000000 2.30609000e+07
2970.000000 2.45635000e+07
2990.000000 2.46515000e+07
3010.000000 2.54069000e+07
3030.000000 2.50271000e+07
3050.000000 2.49883000e+07
3070.000000 2.54152000e+07
3090.000000 2.60200000e+07
3110.000000 2.50617000e+07
3130.000000 2.48443000e+07
3150.000000 2.58219000e+07
3170.000000 2.56433000e+07
3190.000000 2.37131000e+07
3210.000000 2.47716000e+07
3230.000000 2.32727000e+07
3250.000000 2.46471000e+07
3270.000000 2.54736000e+07
3290.000000 2.55258000e+07
3310.000000 2.61363000e+07
3330.000000 2.54781000e+07
3350.000000 2.51433000e+07
3370.000000 2.46420000e+07
3390.000000 2.49425000e+07
3410.000000 2.50574000e+07
3430.000000 2.52355000e+07
3450.000000 2.51466000e+07
3470.000000 2.47866000e+07
3490.000000 2.47622000e+07
3510.000000 2.53746000e+07
3530.000000 2.51154000e+07
3550.000000 2.60800000e+07
3570.000000 2.45481000e+07
3590.000000 2.43563000e+07
3610.000000 2.45072000e+07
3630.000000 2.47348000e+07
3640.000000 2.43559000e+07
3650.000000 2.57581000e+07
3670.000000 2.54382000e+07
3690.000000 2.43876000e+07
3710.000000 2.52298000e+07
3730.000000 2.54763000e+07
3750.000000 3.11698000e+07
3770.000000 3.35329000e+07
3790.000000 4.08016000e+07
3810.000000 4.73815000e+07
3830.000000 3.75242000e+07
3850.000000 5.22224000e+07
3870.000000 5.86139000e+07
3890.000000 3.50611000e+07
3910.000000 5.79654000e+07
3930.000000 4.79690000e+07
3950.000000 5.69809000e+07
3970.000000 3.15923000e+07
3990.000000 5.76733000e+07
4010.000000 6.53556000e+07
4030.000000 6.54276000e+07
4050.000000 6.44844000e+07
4070.000000 6.13710000e+07
4090.000000 4.94038000e+07
4110.000000 3.82704000e+07
4130.000000 5.88322000e+07
4150.000000 6.31138000e+07
4170.000000 6.29323000e+07
4190.000000 6.24166000e+07
4210.000000 6.23585000e+07
4230.000000 6.03891000e+07
4250.000000 6.09295000e+07
4270.000000 5.80459000e+07
4290.000000 5.85622000e+07
4310.000000 5.31446000e+07
4330.000000 4.21841000e+07
4350.000000 3.61011000e+07
4370.000000 5.43821000e+07
4390.000000 5.60439000e+07
4410.000000 5.54011000e+07
4430.000000 5.45603000e+07
4450.000000 5.56195000e+07
4470.000000 5.54491000e+07
4490.000000 5.47058000e+07
4510.000000 5.64425000e+07
4530.000000 5.38633000e+07
4550.000000 5.31670000e+07
4570.000000 5.48799000e+07
4590.000000 5.25734000e+07
4610.000000 5.35665000e+07
4630.000000 5.19501000e+07
4650.000000 5.22813000e+07
4670.000000 5.22162000e+07
4690.000000 4.99683000e+07
4710.000000 4.79621000e+07
4730.000000 5.03509000e+07
4750.000000 5.01866000e+07
4770.000000 4.92385000e+07
4790.000000 4.86492000e+07
4810.000000 4.73613000e+07
4830.000000 4.50240000e+07
4850.000000 3.50360000e+07
4870.000000 2.81043000e+07
4890.000000 4.20337000e+07
4910.000000 4.45001000e+07
4930.000000 4.41010000e+07
4950.000000 4.50615000e+07
4970.000000 4.53004000e+07
4990.000000 4.34251000e+07
5010.000000 4.18708000e+07
5030.000000 4.30633000e+07
5050.000000 4.22058000e+07
5070.000000 4.30020000e+07
5090.000000 4.22823000e+07
5110.000000 4.22405000e+07
5130.000000 4.12891000e+07
5150.000000 4.02759000e+07
5170.000000 3.95279000e+07
5190.000000 3.90728000e+07
5210.000000 3.92106000e+07
5230.000000 3.88741000e+07
5250.000000 3.94314000e+07
5270.000000 3.67181000e+07
5290.000000 3.84455000e+07
5310.000000 3.79173000e+07
5330.000000 3.63443000e+07
5350.000000 3.74735000e+07
5370.000000 3.70512000e+07
5390.000000 3.66393000e+07
5410.000000 3.57253000e+07
5430.000000 3.59763000e+07
5450.000000 3.61237000e+07
5470.000000 3.56057000e+07
5490.000000 3.53567000e+07
5510.000000 3.51067000e+07
5530.000000 3.47202000e+07
5550.000000 3.46636000e+07
5570.000000 3.40788000e+07
5590.000000 3.36750000e+07
5610.000000 3.36293000e+07
5630.000000 3.35714000e+07
5650.000000 3.31571000e+07
5670.000000 3.25826000e+07
5690.000000 3.25809000e+07
5710.000000 3.22583000e+07
5730.000000 3.24994000e+07
5750.000000 3.18680000e+07
5770.000000 3.17256000e+07
5790.000000 3.13483000e+07
5810.000000 3.11775000e+07
5830.000000 3.10017000e+07
5850.000000 3.05919000e+07
5870.000000 3.03652000e+07
5890.000000 2.96229000e+07
5910.000000 2.98412000e+07
5930.000000 2.95835000e+07
5950.000000 2.93243000e+07
5970.000000 2.91186000e+07
5990.000000 2.87324000e+07
6010.000000 2.82849000e+07
6030.000000 2.82022000e+07
6050.000000 2.80480000e+07
6070.000000 2.79544000e+07
6090.000000 2.75934000e+07
6110.000000 2.72455000e+07
6130.000000 2.67151000e+07
6150.000000 2.62329000e+07
6170.000000 2.61511000e+07
6190.000000 2.64691000e+07
6210.000000 2.62696000e+07
6230.000000 2.58585000e+07
6250.000000 2.51253000e+07
6270.000000 2.56485000e+07
6290.000000 2.54475000e+07
6310.000000 2.49468000e+07
6330.000000 2.48458000e+07
6350.000000 2.44401000e+07
6370.000000 2.43045000e+07
6390.000000 2.42680000e+07
6410.000000 2.38215000e+07
6430.000000 2.37738000e+07
6450.000000 2.32671000e+07
6470.000000 2.32845000e+07
6490.000000 2.27978000e+07
6510.000000 2.26135000e+07
6530.000000 2.18249000e+07
6550.000000 1.88363000e+07
6570.000000 1.50657000e+07
6590.000000 2.05011000e+07
6610.000000 2.16206000e+07
6630.000000 2.17980000e+07
6650.000000 2.17301000e+07
6670.000000 2.15357000e+07
6690.000000 2.14963000e+07
6710.000000 2.13182000e+07
6730.000000 2.11684000e+07
6750.000000 2.08554000e+07
6770.000000 2.08943000e+07
6790.000000 2.07019000e+07
6810.000000 2.05358000e+07
6830.000000 2.03269000e+07
6850.000000 2.01522000e+07
6870.000000 2.00662000e+07
6890.000000 1.99165000e+07
6910.000000 1.97469000e+07
6930.000000 1.95735000e+07
6950.000000 1.94345000e+07
6970.000000 1.92634000e+07
6990.000000 1.91510000e+07
7010.000000 1.87851000e+07
7030.000000 1.87683000e+07
7050.000000 1.86695000e+07
7070.000000 1.85407000e+07
7090.000000 1.84010000e+07
7110.000000 1.78632000e+07
7130.000000 1.79750000e+07
7150.000000 1.78739000e+07
7170.000000 1.77237000e+07
7190.000000 1.75451000e+07
7210.000000 1.74798000e+07
7230.000000 1.73335000e+07
7250.000000 1.71577000e+07
7270.000000 1.71419000e+07
7290.000000 1.68799000e+07
7310.000000 1.68187000e+07
7330.000000 1.67004000e+07
7350.000000 1.66354000e+07
7370.000000 1.65252000e+07
7390.000000 1.62965000e+07
7410.000000 1.60824000e+07
7430.000000 1.59338000e+07
7450.000000 1.58844000e+07
7470.000000 1.56928000e+07
7490.000000 1.56447000e+07
7510.000000 1.55968000e+07
7530.000000 1.55081000e+07
7550.000000 1.54598000e+07
7570.000000 1.53059000e+07
7590.000000 1.52155000e+07
7610.000000 1.50914000e+07
7630.000000 1.49936000e+07
7650.000000 1.48471000e+07
7670.000000 1.46346000e+07
7690.000000 1.45835000e+07
7710.000000 1.44870000e+07
7730.000000 1.44405000e+07
7750.000000 1.42883000e+07
7770.000000 1.39190000e+07
7790.000000 1.41624000e+07
7810.000000 1.40307000e+07
7830.000000 1.38522000e+07
7850.000000 1.37059000e+07
7870.000000 1.36430000e+07
7890.000000 1.35140000e+07
7910.000000 1.34042000e+07
7930.000000 1.32708000e+07
7950.000000 1.31725000e+07
7970.000000 1.32559000e+07
7990.000000 1.30197000e+07
8010.000000 1.30205000e+07
8030.000000 1.28944000e+07
8050.000000 1.28356000e+07
8070.000000 1.27432000e+07
8090.000000 1.26376000e+07
8110.000000 1.26046000e+07
8130.000000 1.25358000e+07
8150.000000 1.24415000e+07
8170.000000 1.23547000e+07
8190.000000 1.20512000e+07
8210.000000 1.20054000e+07
8230.000000 1.19243000e+07
8250.000000 1.18804000e+07
8270.000000 1.19613000e+07
8290.000000 1.18614000e+07
8310.000000 1.17450000e+07
8330.000000 1.15578000e+07
8350.000000 1.16078000e+07
8370.000000 1.15605000e+07
8390.000000 1.14241000e+07
8410.000000 1.13789000e+07
8430.000000 1.12582000e+07
8450.000000 1.10145000e+07
8470.000000 1.09777000e+07
8490.000000 1.10390000e+07
8510.000000 1.04467000e+07
8530.000000 1.09466000e+07
8550.000000 9.60241000e+06
8570.000000 1.10000000e+07
8590.000000 1.03393000e+07
8610.000000 1.01033000e+07
8630.000000 1.09265000e+07
8650.000000 1.05327000e+07
8670.000000 8.70595000e+06
8690.000000 1.04454000e+07
8710.000000 1.09080000e+07
8730.000000 1.04982000e+07
8750.000000 8.53321000e+06
8770.000000 1.00794000e+07
8790.000000 1.07820000e+07
8810.000000 1.08088000e+07
8830.000000 1.04285000e+07
8850.000000 9.44968000e+06
8870.000000 8.12385000e+06
8890.000000 1.00460000e+07
8910.000000 1.04783000e+07
8930.000000 1.05127000e+07
8950.000000 1.05782000e+07
8970.000000 1.03382000e+07
8990.000000 9.84427000e+06
9010.000000 7.92115000e+06
9030.000000 8.68168000e+06
9050.000000 9.84710000e+06
9070.000000 9.87058000e+06
9090.000000 9.76656000e+06
9110.000000 1.00092000e+07
9130.000000 1.00563000e+07
9150.000000 1.00250000e+07
9170.000000 9.84688000e+06
9190.000000 9.54446000e+06
9210.000000 8.81376000e+06
9230.000000 6.97494000e+06
9250.000000 8.46075000e+06
9270.000000 9.05690000e+06
9290.000000 9.47672000e+06
9310.000000 9.52471000e+06
9330.000000 9.47829000e+06
9350.000000 9.45934000e+06
9370.000000 9.42200000e+06
9390.000000 9.28962000e+06
9410.000000 8.91109000e+06
9430.000000 9.11099000e+06
9450.000000 9.06108000e+06
9470.000000 9.02915000e+06
9490.000000 8.89618000e+06
9510.000000 8.59304000e+06
9530.000000 7.86636000e+06
9550.000000 6.37283000e+06
9570.000000 7.91057000e+06
9590.000000 8.42815000e+06
9610.000000 8.48570000e+06
9630.000000 8.39768000e+06
9650.000000 8.51057000e+06
9670.000000 8.37670000e+06
9690.000000 8.34657000e+06
9710.000000 8.45766000e+06
9730.000000 8.39507000e+06
9750.000000 8.27190000e+06
9770.000000 8.30792000e+06
9790.000000 8.25043000e+06
9810.000000 8.20312000e+06
9830.000000 8.12767000e+06
9850.000000 8.02985000e+06
9870.000000 7.97337000e+06
9890.000000 7.87375000e+06
9910.000000 7.83855000e+06
9930.000000 7.83566000e+06
9950.000000 7.76880000e+06
9970.000000 7.71379000e+06
9990.000000 7.59913000e+06
10025.000000 6.86768000e+06
10075.000000 6.51205000e+06
10125.000000 7.24166000e+06
10175.000000 7.25290000e+06
10225.000000 7.20484000e+06
10275.000000 7.11776000e+06
10325.000000 6.97831000e+06
10375.000000 6.88567000e+06
10425.000000 6.78269000e+06
10475.000000 6.58762000e+06
10525.000000 6.53368000e+06
10575.000000 6.45419000e+06
10625.000000 6.36956000e+06
10675.000000 6.13812000e+06
10725.000000 6.12950000e+06
10775.000000 6.04516000e+06
10825.000000 5.93029000e+06
10875.000000 5.75802000e+06
10925.000000 4.86206000e+06
10975.000000 5.29014000e+06
11025.000000 5.60861000e+06
11075.000000 5.59770000e+06
11125.000000 5.51067000e+06
11175.000000 5.44306000e+06
11225.000000 5.38332000e+06
11275.000000 5.19373000e+06
11325.000000 5.13504000e+06
11375.000000 5.12232000e+06
11425.000000 5.01293000e+06
11475.000000 5.01855000e+06
11525.000000 4.95553000e+06
11575.000000 4.87598000e+06
11625.000000 4.73990000e+06
11675.000000 4.64605000e+06
11725.000000 4.68762000e+06
11775.000000 4.51774000e+06
11825.000000 4.50414000e+06
11875.000000 4.41072000e+06
11925.000000 4.44878000e+06
11975.000000 4.32528000e+06
12025.000000 4.30085000e+06
12075.000000 4.22887000e+06
12125.000000 4.17818000e+06
12175.000000 4.14469000e+06
12225.000000 4.08061000e+06
12275.000000 4.01993000e+06
12325.000000 3.97052000e+06
12375.000000 3.92620000e+06
12425.000000 3.88734000e+06
12475.000000 3.82405000e+06
12525.000000 3.76812000e+06
12575.000000 3.69271000e+06
12625.000000 3.65974000e+06
12675.000000 3.61990000e+06
12725.000000 3.55428000e+06
12775.000000 3.37647000e+06
12825.000000 2.86440000e+06
12875.000000 3.32195000e+06
12925.000000 3.37410000e+06
12975.000000 3.35553000e+06
13025.000000 3.32205000e+06
13075.000000 3.29118000e+06
13125.000000 3.24056000e+06
13175.000000 3.18715000e+06
13225.000000 3.16848000e+06
13275.000000 3.12563000e+06
13325.000000 3.09118000e+06
13375.000000 3.05106000e+06
13425.000000 3.01416000e+06
13475.000000 2.97669000e+06
13525.000000 2.93062000e+06
13575.000000 2.89006000e+06
13625.000000 2.86727000e+06
13675.000000 2.82639000e+06
13725.000000 2.76544000e+06
13775.000000 2.75294000e+06
13825.000000 2.72321000e+06
13875.000000 2.70343000e+06
13925.000000 2.65374000e+06
13975.000000 2.62957000e+06
14025.000000 2.59937000e+06
14075.000000 2.57428000e+06
14125.000000 2.53494000e+06
14175.000000 2.51052000e+06
14225.000000 2.47410000e+06
14275.000000 2.44071000e+06
14325.000000 2.42114000e+06
14375.000000 2.39867000e+06
14425.000000 2.31201000e+06
14475.000000 2.33688000e+06
14525.000000 2.28010000e+06
14570.000000 2.28290000e+06
14620.000000 2.24986000e+06
14675.000000 2.23075000e+06
14725.000000 2.19634000e+06
14775.000000 2.16252000e+06
14825.000000 2.14693000e+06
14875.000000 2.11039000e+06
14925.000000 2.11487000e+06
14975.000000 2.08129000e+06
15025.000000 2.05027000e+06
15075.000000 2.02293000e+06
15125.000000 2.01683000e+06
15175.000000 1.99554000e+06
15225.000000 1.96880000e+06
15275.000000 1.94770000e+06
15325.000000 1.92298000e+06
15375.000000 1.90492000e+06
15425.000000 1.86298000e+06
15475.000000 1.85710000e+06
15525.000000 1.83890000e+06
15575.000000 1.79264000e+06
15625.000000 1.81590000e+06
15675.000000 1.76033000e+06
15725.000000 1.71716000e+06
15775.000000 1.74338000e+06
15825.000000 1.73208000e+06
15875.000000 1.59816000e+06
15925.000000 1.67415000e+06
15975.000000 1.69424000e+06
16050.000000 1.63618000e+06
16150.000000 1.54275000e+06
16250.000000 1.61641000e+06
16350.000000 1.52568000e+06
16450.000000 1.42476000e+06
16550.000000 1.51983000e+06
16650.000000 1.49198000e+06
16750.000000 1.39312000e+06
16850.000000 1.29652000e+06
16950.000000 1.39728000e+06
17050.000000 1.36811000e+06
17150.000000 1.34477000e+06
17250.000000 1.29251000e+06
17350.000000 1.13109000e+06
17450.000000 1.21751000e+06
17550.000000 1.22620000e+06
17650.000000 1.20380000e+06
17750.000000 1.18409000e+06
17850.000000 1.15799000e+06
17950.000000 1.13879000e+06
18050.000000 1.09896000e+06
18150.000000 9.72671000e+05
18250.000000 1.02574000e+06
18350.000000 1.04347000e+06
18450.000000 1.02563000e+06
18550.000000 1.00102000e+06
18650.000000 9.71743000e+05
18750.000000 8.52800000e+05
18850.000000 9.27705000e+05
18950.000000 9.18999000e+05
19050.000000 9.14276000e+05
19150.000000 8.95825000e+05
19250.000000 8.76213000e+05
19350.000000 8.45729000e+05
19450.000000 7.45318000e+05
19550.000000 8.14891000e+05
19650.000000 8.12336000e+05
19750.000000 7.97292000e+05
19850.000000 7.85484000e+05
19950.000000 7.70956000e+05
20050.000000 7.57559000e+05
20150.000000 7.44324000e+05
20250.000000 7.29356000e+05
20350.000000 7.14646000e+05
20450.000000 7.04512000e+05
20550.000000 6.91303000e+05
20650.000000 6.76946000e+05
20750.000000 6.65564000e+05
20850.000000 6.54246000e+05
20950.000000 6.41990000e+05
21050.000000 6.30863000e+05
21150.000000 6.17896000e+05
21250.000000 6.07347000e+05
21350.000000 5.96456000e+05
21450.000000 5.86453000e+05
21550.000000 5.69261000e+05
21650.000000 5.04433000e+05
21750.000000 5.43940000e+05
21850.000000 5.45798000e+05
21950.000000 5.39992000e+05
22050.000000 5.29131000e+05
22150.000000 5.20279000e+05
22250.000000 5.13551000e+05
22350.000000 5.04870000e+05
22450.000000 4.96555000e+05
22550.000000 4.85960000e+05
22650.000000 4.79505000e+05
22750.000000 4.71987000e+05
22850.000000 4.64026000e+05
22950.000000 4.56029000e+05
23050.000000 4.49861000e+05
23150.000000 4.42257000e+05
23250.000000 4.35736000e+05
23350.000000 4.28502000e+05
23450.000000 4.21984000e+05
23550.000000 4.15358000e+05
23650.000000 4.08970000e+05
23750.000000 4.01880000e+05
23850.000000 3.95696000e+05
23950.000000 3.89785000e+05
24050.000000 3.83417000e+05
24150.000000 3.77348000e+05
24250.000000 3.71897000e+05
24350.000000 3.65634000e+05
24450.000000 3.60274000e+05
24550.000000 3.54275000e+05
24650.000000 3.49082000e+05
24750.000000 3.43567000e+05
24850.000000 3.38221000e+05
24950.000000 3.31218000e+05
25050.000000 3.29341000e+05
25150.000000 3.24226000e+05
25250.000000 3.15760000e+05
25350.000000 3.14458000e+05
25450.000000 3.10671000e+05
25550.000000 3.04395000e+05
25650.000000 2.93889000e+05
25750.000000 2.96162000e+05
25850.000000 2.92370000e+05
25950.000000 2.88946000e+05
26050.000000 2.80797000e+05
26150.000000 2.67388000e+05
26250.000000 2.48263000e+05
26350.000000 2.66844000e+05
26450.000000 2.68378000e+05
26550.000000 2.65035000e+05
26650.000000 2.58419000e+05
26750.000000 2.42581000e+05
26850.000000 2.51882000e+05
26950.000000 2.51593000e+05
27050.000000 2.48444000e+05
27150.000000 2.45339000e+05
27250.000000 2.41903000e+05
27350.000000 2.38153000e+05
27450.000000 2.33221000e+05
27550.000000 2.16016000e+05
27650.000000 2.20640000e+05
27750.000000 2.24610000e+05
27850.000000 2.22660000e+05
27950.000000 2.20231000e+05
28050.000000 2.17236000e+05
28150.000000 2.14308000e+05
28250.000000 2.11396000e+05
28350.000000 2.08623000e+05
28450.000000 2.05032000e+05
28550.000000 2.01768000e+05
28650.000000 1.94312000e+05
28750.000000 1.80857000e+05
28850.000000 1.92125000e+05
28950.000000 1.91614000e+05
29050.000000 1.89936000e+05
29150.000000 1.87132000e+05
29250.000000 1.84930000e+05
29350.000000 1.82736000e+05
29450.000000 1.80341000e+05
29550.000000 1.78087000e+05
29650.000000 1.75808000e+05
29750.000000 1.73526000e+05
29850.000000 1.71342000e+05
29950.000000 1.69015000e+05
30050.000000 1.66745000e+05
30150.000000 1.64207000e+05
30250.000000 1.61011000e+05
30350.000000 1.49089000e+05
30450.000000 1.50923000e+05
30550.000000 1.55362000e+05
30650.000000 1.54281000e+05
30750.000000 1.52766000e+05
30850.000000 1.50589000e+05
30950.000000 1.48933000e+05
31050.000000 1.47096000e+05
31150.000000 1.44864000e+05
31250.000000 1.43460000e+05
31350.000000 1.41700000e+05
31450.000000 1.39992000e+05
31550.000000 1.38433000e+05
31650.000000 1.36916000e+05
31750.000000 1.35031000e+05
31850.000000 1.33635000e+05
31950.000000 1.32025000e+05
32100.000000 1.29616000e+05
32300.000000 1.26644000e+05
32500.000000 1.23639000e+05
32700.000000 1.20355000e+05
32900.000000 1.11027000e+05
33100.000000 1.12756000e+05
33300.000000 1.11960000e+05
33500.000000 1.09687000e+05
33700.000000 1.06992000e+05
33900.000000 1.04652000e+05
34100.000000 1.02343000e+05
34300.000000 1.00224000e+05
34500.000000 9.81949000e+04
34700.000000 9.59806000e+04
34900.000000 9.39372000e+04
35100.000000 9.19004000e+04
35300.000000 8.98976000e+04
35500.000000 8.79788000e+04
35700.000000 8.60351000e+04
35900.000000 8.42373000e+04
36100.000000 8.24162000e+04
36300.000000 8.07671000e+04
36500.000000 7.89315000e+04
36700.000000 7.73659000e+04
36900.000000 7.53813000e+04
37100.000000 7.39467000e+04
37300.000000 7.05022000e+04
37500.000000 6.81663000e+04
37700.000000 6.95681000e+04
37900.000000 6.83584000e+04
38100.000000 6.66539000e+04
38300.000000 6.54588000e+04
38500.000000 6.44805000e+04
38700.000000 6.31090000e+04
38900.000000 6.17173000e+04
39100.000000 5.98998000e+04
39300.000000 5.95234000e+04
39500.000000 5.84272000e+04
39700.000000 5.73500000e+04
39900.000000 5.60334000e+04
40100.000000 5.44005000e+04
40300.000000 5.31243000e+04
40500.000000 5.04534000e+04
40700.000000 5.18009000e+04
40900.000000 5.10500000e+04
41100.000000 5.02645000e+04
41300.000000 4.93150000e+04
41500.000000 4.81234000e+04
41700.000000 4.58408000e+04
41900.000000 4.63163000e+04
42100.000000 4.56711000e+04
42300.000000 4.49939000e+04
42500.000000 4.41626000e+04
42700.000000 4.33821000e+04
42900.000000 4.26039000e+04
43100.000000 4.18363000e+04
43300.000000 4.10669000e+04
43500.000000 4.02143000e+04
43700.000000 3.81367000e+04
43900.000000 3.83511000e+04
44100.000000 3.81648000e+04
44300.000000 3.75848000e+04
44500.000000 3.69319000e+04
44700.000000 3.63458000e+04
44900.000000 3.56714000e+04
45100.000000 3.50760000e+04
45300.000000 3.44714000e+04
45500.000000 3.38888000e+04
45700.000000 3.32916000e+04
45900.000000 3.27178000e+04
46100.000000 3.21669000e+04
46300.000000 3.14994000e+04
46500.000000 2.94345000e+04
46700.000000 2.90689000e+04
46900.000000 2.98114000e+04
47100.000000 2.95690000e+04
47300.000000 2.91325000e+04
47500.000000 2.86473000e+04
47700.000000 2.81940000e+04
47900.000000 2.77571000e+04
48100.000000 2.73102000e+04
48300.000000 2.68729000e+04
48500.000000 2.64451000e+04
48700.000000 2.60250000e+04
48900.000000 2.56141000e+04
49100.000000 2.51980000e+04
49300.000000 2.48111000e+04
49500.000000 2.44203000e+04
49700.000000 2.40381000e+04
49900.000000 2.36673000e+04
50100.000000 2.33001000e+04
50300.000000 2.29320000e+04
50500.000000 2.25897000e+04
50700.000000 2.22404000e+04
50900.000000 2.18595000e+04
51100.000000 2.13843000e+04
51300.000000 2.01857000e+04
51500.000000 2.07991000e+04
51700.000000 2.05680000e+04
51900.000000 2.03021000e+04
52100.000000 2.00217000e+04
52300.000000 1.97297000e+04
52500.000000 1.94034000e+04
52700.000000 1.90990000e+04
52900.000000 1.88728000e+04
53100.000000 1.86133000e+04
53300.000000 1.83426000e+04
53500.000000 1.80622000e+04
53700.000000 1.77280000e+04
53900.000000 1.74813000e+04
54100.000000 1.72944000e+04
54300.000000 1.70484000e+04
54500.000000 1.68106000e+04
54700.000000 1.65633000e+04
54900.000000 1.63303000e+04
55100.000000 1.60457000e+04
55300.000000 1.57561000e+04
55500.000000 1.56318000e+04
55700.000000 1.54359000e+04
55900.000000 1.52039000e+04
56100.000000 1.50119000e+04
56300.000000 1.48044000e+04
56500.000000 1.46054000e+04
56700.000000 1.44018000e+04
56900.000000 1.41587000e+04
57100.000000 1.38332000e+04
57300.000000 1.37655000e+04
57500.000000 1.36346000e+04
57700.000000 1.34509000e+04
57900.000000 1.32660000e+04
58100.000000 1.30922000e+04
58300.000000 1.29116000e+04
58500.000000 1.27321000e+04
58700.000000 1.25471000e+04
58900.000000 1.22785000e+04
59100.000000 1.16121000e+04
59300.000000 1.19785000e+04
59500.000000 1.16874000e+04
59700.000000 1.16525000e+04
59900.000000 1.15916000e+04
60100.000000 1.14541000e+04
60300.000000 1.13244000e+04
60500.000000 1.11838000e+04
60700.000000 1.10376000e+04
60900.000000 1.08962000e+04
61100.000000 1.07493000e+04
61300.000000 1.06251000e+04
61500.000000 1.04914000e+04
61700.000000 1.03562000e+04
61900.000000 1.02235000e+04
62100.000000 1.00991000e+04
62300.000000 9.95575000e+03
62500.000000 9.82173000e+03
62700.000000 9.65663000e+03
62900.000000 9.30519000e+03
63100.000000 9.39333000e+03
63300.000000 9.34027000e+03
63500.000000 9.24696000e+03
63700.000000 9.13922000e+03
63900.000000 9.02692000e+03
64200.000000 8.86424000e+03
64600.000000 8.64928000e+03
65000.000000 8.44106000e+03
65400.000000 8.24343000e+03
65800.000000 8.04641000e+03
66200.000000 7.85568000e+03
66600.000000 7.67378000e+03
67000.000000 7.49221000e+03
67400.000000 7.28412000e+03
67800.000000 6.98240000e+03
68200.000000 6.97557000e+03
68600.000000 6.82930000e+03
69000.000000 6.67336000e+03
69400.000000 6.52164000e+03
69800.000000 6.37821000e+03
70200.000000 6.23716000e+03
70600.000000 6.09949000e+03
71000.000000 5.96385000e+03
71400.000000 5.83617000e+03
71800.000000 5.70914000e+03
72200.000000 5.58044000e+03
72600.000000 5.45650000e+03
73000.000000 5.34738000e+03
73400.000000 5.23485000e+03
73800.000000 5.12161000e+03
74200.000000 4.99770000e+03
74600.000000 4.74848000e+03
75000.000000 4.59663000e+03
75400.000000 4.67536000e+03
75800.000000 4.60575000e+03
76200.000000 4.51866000e+03
76600.000000 4.42658000e+03
77000.000000 4.33693000e+03
77400.000000 4.24550000e+03
77800.000000 4.14183000e+03
78200.000000 4.07794000e+03
78600.000000 4.00032000e+03
79000.000000 3.92134000e+03
79400.000000 3.84387000e+03
79800.000000 3.76828000e+03
80200.000000 3.69435000e+03
80600.000000 3.62257000e+03
81000.000000 3.55283000e+03
81400.000000 3.46012000e+03
81800.000000 3.40474000e+03
82200.000000 3.35312000e+03
82600.000000 3.28969000e+03
83000.000000 3.22744000e+03
83400.000000 3.16530000e+03
83800.000000 3.10560000e+03
84200.000000 3.04874000e+03
84600.000000 2.99334000e+03
85000.000000 2.93854000e+03
85400.000000 2.88422000e+03
85800.000000 2.83155000e+03
86200.000000 2.77622000e+03
86600.000000 2.69382000e+03
87000.000000 2.67085000e+03
87400.000000 2.58639000e+03
87800.000000 2.54064000e+03
88200.000000 2.53775000e+03
88600.000000 2.49406000e+03
89000.000000 2.45024000e+03
89400.000000 2.40767000e+03
89800.000000 2.36497000e+03
90200.000000 2.32417000e+03
90600.000000 2.28428000e+03
91000.000000 2.24432000e+03
91400.000000 2.20587000e+03
91800.000000 2.16854000e+03
92200.000000 2.13163000e+03
92600.000000 2.09542000e+03
93000.000000 2.06010000e+03
93400.000000 2.02245000e+03
93800.000000 1.95600000e+03
94200.000000 1.94562000e+03
94600.000000 1.92512000e+03
95000.000000 1.89325000e+03
95400.000000 1.86155000e+03
95800.000000 1.83225000e+03
96200.000000 1.80198000e+03
96600.000000 1.77308000e+03
97000.000000 1.74435000e+03
97400.000000 1.71564000e+03
97800.000000 1.68828000e+03
98200.000000 1.66065000e+03
98600.000000 1.63275000e+03
99000.000000 1.60909000e+03
99400.000000 1.58346000e+03
99800.000000 1.55835000e+03
100200.000000 1.53389000e+03
200000.000000 9.82228000e+01
400000.000000 6.10725000e+00
600000.000000 1.19549000e+00
800000.000000 3.75175000e-01
1000000.000000 1.52590000e-01
1200000.000000 7.31378000e-02
1400000.000000 3.92683000e-02
1600000.000000 2.29099000e-02
