# teff = 8000.0
# logg = 4.5
# metallicity = 0.5
# wavelength_unit = angstrom
# flux_unit = erg/cm2/s/A
# units_standardized = True
308.000000 3.08563000e-27
318.000000 4.41984000e-26
328.000000 5.34048000e-25
338.000000 5.52148000e-24
348.000000 4.95891000e-23
357.000000 3.19713000e-22
366.000000 1.87420000e-21
375.000000 1.00325000e-20
385.000000 5.87136000e-20
395.000000 3.12273000e-19
405.000000 1.52155000e-18
414.000000 5.90472000e-18
422.000000 1.87053000e-17
430.000000 5.66011000e-17
441.000000 2.41886000e-16
451.000000 8.47748000e-16
460.000000 2.49307000e-15
470.000000 7.84805000e-15
480.000000 2.34606000e-14
490.000000 6.68557000e-14
500.000000 1.81915000e-13
506.000000 4.29205000e-13
512.000000 8.51659000e-13
520.000000 1.76550000e-12
530.000000 4.27666000e-12
540.000000 9.81202000e-12
550.000000 2.21392000e-11
560.000000 4.80594000e-11
570.000000 1.01189000e-10
580.000000 2.04513000e-10
590.000000 4.12270000e-10
600.000000 8.00100000e-10
610.000000 1.51998000e-09
620.000000 2.81528000e-09
630.000000 5.10374000e-09
640.000000 9.05871000e-09
650.000000 1.57896000e-08
658.000000 2.42789000e-08
665.000000 3.49209000e-08
675.000000 5.81914000e-08
685.000000 9.53576000e-08
695.000000 1.53702000e-07
705.000000 2.41686000e-07
716.000000 3.98036000e-07
726.000000 6.12808000e-07
735.000000 8.92965000e-07
745.000000 1.33892000e-06
755.000000 1.98528000e-06
765.000000 2.91251000e-06
775.000000 4.22175000e-06
785.000000 6.06802000e-06
795.000000 8.49038000e-06
805.000000 1.19822000e-05
815.000000 1.68025000e-05
825.000000 2.31769000e-05
835.000000 3.16804000e-05
845.000000 4.29404000e-05
855.000000 5.77288000e-05
865.000000 7.69596000e-05
875.000000 1.01088000e-04
885.000000 1.33602000e-04
895.000000 1.74226000e-04
905.000000 2.23873000e-04
915.000000 8.07793000e-02
925.000000 2.17300000e-01
935.000000 2.85555000e-01
945.000000 3.72964000e-01
955.000000 5.07827000e-01
965.000000 6.57721000e-01
975.000000 8.38246000e-01
985.000000 1.06691000e+00
995.000000 1.33876000e+00
1005.000000 1.74242000e+00
1015.000000 2.18927000e+00
1025.000000 2.66824000e+00
1035.000000 3.39101000e+00
1045.000000 4.20223000e+00
1055.000000 5.18507000e+00
1065.000000 6.33238000e+00
1075.000000 7.78642000e+00
1085.000000 9.51180000e+00
1095.000000 1.14723000e+01
1105.000000 2.73899000e+01
1115.000000 8.13594000e+01
1125.000000 1.17276000e+02
1135.000000 1.64086000e+02
1145.000000 2.06763000e+02
1155.000000 2.29665000e+02
1165.000000 3.14019000e+02
1175.000000 3.77568000e+02
1185.000000 4.04973000e+02
1195.000000 2.75023000e+02
1205.000000 3.53839000e+02
1215.000000 1.16232000e+02
1225.000000 4.21987000e+02
1235.000000 7.39911000e+02
1245.000000 1.60596000e+03
1255.000000 3.72155000e+03
1265.000000 3.24154000e+03
1275.000000 4.73245000e+03
1285.000000 6.20663000e+03
1295.000000 7.28490000e+03
1305.000000 6.09019000e+03
1315.000000 8.64622000e+03
1325.000000 9.90735000e+03
1335.000000 1.08504000e+04
1345.000000 1.29300000e+04
1355.000000 1.32726000e+04
1365.000000 1.45388000e+04
1375.000000 1.56415000e+04
1385.000000 1.66778000e+04
1395.000000 1.89270000e+04
1405.000000 2.10748000e+04
1415.000000 2.17470000e+04
1425.000000 2.41459000e+04
1435.000000 2.45936000e+04
1442.000000 2.83086000e+04
1447.000000 2.97147000e+04
1455.000000 3.27788000e+04
1465.000000 3.33931000e+04
1475.000000 3.63669000e+04
1485.000000 3.99617000e+04
1495.000000 4.47047000e+04
1505.000000 4.90308000e+04
1512.000000 4.94150000e+04
1517.000000 5.35573000e+04
1525.000000 6.19290000e+04
1535.000000 1.00881000e+05
1545.000000 1.58187000e+05
1555.000000 1.72596000e+05
1565.000000 1.61076000e+05
1575.000000 2.32040000e+05
1585.000000 2.73599000e+05
1595.000000 3.28228000e+05
1605.000000 3.29606000e+05
1615.000000 3.33250000e+05
1625.000000 3.15450000e+05
1635.000000 4.13747000e+05
1645.000000 6.50987000e+05
1655.000000 3.65021000e+05
1665.000000 6.84581000e+05
1672.000000 3.86582000e+05
1677.000000 1.09899000e+06
1685.000000 1.93087000e+06
1695.000000 1.35676000e+06
1705.000000 2.38645000e+06
1715.000000 5.33836000e+06
1725.000000 6.13832000e+06
1735.000000 8.99327000e+06
1745.000000 8.14038000e+06
1755.000000 1.15610000e+07
1765.000000 6.20247000e+06
1775.000000 1.02010000e+07
1785.000000 1.03882000e+07
1795.000000 1.52725000e+07
1805.000000 1.11038000e+07
1815.000000 1.18455000e+07
1825.000000 1.04073000e+07
1835.000000 9.36827000e+06
1845.000000 7.68195000e+06
1855.000000 1.05783000e+07
1865.000000 1.40587000e+07
1875.000000 1.25933000e+07
1885.000000 1.32987000e+07
1895.000000 1.48635000e+07
1905.000000 1.32835000e+07
1915.000000 1.46337000e+07
1925.000000 1.26257000e+07
1935.000000 6.58955000e+06
1945.000000 1.53629000e+07
1955.000000 1.62006000e+07
1967.000000 1.88000000e+07
1976.000000 1.78997000e+07
1984.000000 1.64244000e+07
1995.000000 1.68997000e+07
2005.000000 1.48770000e+07
2015.000000 1.44031000e+07
2025.000000 1.32203000e+07
2035.000000 1.66740000e+07
2045.000000 1.85418000e+07
2055.000000 1.70567000e+07
2065.000000 1.63043000e+07
2074.000000 1.98083000e+07
2078.000000 2.34967000e+07
2085.000000 2.19578000e+07
2095.000000 1.96192000e+07
2105.000000 1.80822000e+07
2115.000000 1.95320000e+07
2125.000000 2.03214000e+07
2135.000000 1.58462000e+07
2145.000000 2.00899000e+07
2155.000000 2.04255000e+07
2165.000000 1.80270000e+07
2175.000000 1.81300000e+07
2185.000000 2.04658000e+07
2195.000000 2.20149000e+07
2205.000000 2.02946000e+07
2215.000000 1.65819000e+07
2225.000000 1.64789000e+07
2235.000000 2.09217000e+07
2245.000000 1.88782000e+07
2255.000000 1.57070000e+07
2265.000000 1.58175000e+07
2275.000000 1.79585000e+07
2285.000000 1.99259000e+07
2295.000000 1.69367000e+07
2305.000000 1.85776000e+07
2315.000000 1.71880000e+07
2325.000000 1.65345000e+07
2335.000000 1.26246000e+07
2345.000000 9.14793000e+06
2355.000000 1.56390000e+07
2365.000000 9.70176000e+06
2375.000000 1.25162000e+07
2385.000000 7.75351000e+06
2395.000000 9.98959000e+06
2405.000000 9.79336000e+06
2415.000000 1.06329000e+07
2425.000000 1.55275000e+07
2435.000000 1.47166000e+07
2445.000000 1.68059000e+07
2455.000000 1.70543000e+07
2465.000000 1.64097000e+07
2475.000000 1.47011000e+07
2485.000000 1.43835000e+07
2495.000000 1.35537000e+07
2505.000000 1.88184000e+07
2513.000000 1.33298000e+07
2518.000000 1.33227000e+07
2525.000000 1.12192000e+07
2535.000000 9.98538000e+06
2545.000000 9.35625000e+06
2555.000000 1.23654000e+07
2565.000000 1.18460000e+07
2575.000000 1.50876000e+07
2585.000000 1.51245000e+07
2595.000000 1.44129000e+07
2605.000000 1.28779000e+07
2615.000000 1.17681000e+07
2625.000000 1.58360000e+07
2635.000000 1.79428000e+07
2645.000000 2.32886000e+07
2655.000000 2.54218000e+07
2665.000000 1.86232000e+07
2675.000000 2.17036000e+07
2685.000000 2.14994000e+07
2695.000000 1.91030000e+07
2705.000000 2.13428000e+07
2715.000000 1.83284000e+07
2725.000000 1.86091000e+07
2735.000000 2.07583000e+07
2745.000000 1.28503000e+07
2755.000000 1.48497000e+07
2765.000000 1.69403000e+07
2775.000000 2.02948000e+07
2785.000000 1.56176000e+07
2795.000000 6.14040000e+06
2805.000000 8.21639000e+06
2815.000000 2.03615000e+07
2825.000000 2.50666000e+07
2835.000000 2.33119000e+07
2845.000000 2.18762000e+07
2855.000000 1.80974000e+07
2865.000000 2.37542000e+07
2875.000000 2.33978000e+07
2885.000000 2.31395000e+07
2895.000000 2.19227000e+07
2910.000000 2.71951000e+07
2930.000000 2.48473000e+07
2950.000000 2.46895000e+07
2970.000000 2.68189000e+07
2990.000000 2.67555000e+07
3010.000000 2.78831000e+07
3030.000000 2.73997000e+07
3050.000000 2.73651000e+07
3070.000000 2.80118000e+07
3090.000000 2.87729000e+07
3110.000000 2.77383000e+07
3130.000000 2.73973000e+07
3150.000000 2.83501000e+07
3170.000000 2.80906000e+07
3190.000000 2.56804000e+07
3210.000000 2.70717000e+07
3230.000000 2.48673000e+07
3250.000000 2.68763000e+07
3270.000000 2.81459000e+07
3290.000000 2.79116000e+07
3310.000000 2.87510000e+07
3330.000000 2.80812000e+07
3350.000000 2.76492000e+07
3370.000000 2.68762000e+07
3390.000000 2.73638000e+07
3410.000000 2.72764000e+07
3430.000000 2.72224000e+07
3450.000000 2.74154000e+07
3470.000000 2.70246000e+07
3490.000000 2.71187000e+07
3510.000000 2.77747000e+07
3530.000000 2.72822000e+07
3550.000000 2.87788000e+07
3570.000000 2.65669000e+07
3590.000000 2.62849000e+07
3610.000000 2.65116000e+07
3630.000000 2.66826000e+07
3640.000000 2.62806000e+07
3650.000000 2.83060000e+07
3670.000000 2.78517000e+07
3690.000000 2.69735000e+07
3710.000000 2.69826000e+07
3730.000000 2.59052000e+07
3750.000000 2.99642000e+07
3770.000000 3.21122000e+07
3790.000000 3.83756000e+07
3810.000000 4.42023000e+07
3830.000000 3.49226000e+07
3850.000000 4.85116000e+07
3870.000000 5.43277000e+07
3890.000000 3.36196000e+07
3910.000000 5.34830000e+07
3930.000000 4.10002000e+07
3950.000000 5.16399000e+07
3970.000000 2.95176000e+07
3990.000000 5.39037000e+07
4010.000000 6.11830000e+07
4030.000000 6.13497000e+07
4050.000000 6.02606000e+07
4070.000000 5.77890000e+07
4090.000000 4.72260000e+07
4110.000000 3.71821000e+07
4130.000000 5.59145000e+07
4150.000000 6.03970000e+07
4170.000000 6.02654000e+07
4190.000000 5.99060000e+07
4210.000000 5.99524000e+07
4230.000000 5.75698000e+07
4250.000000 5.88355000e+07
4270.000000 5.52814000e+07
4290.000000 5.62430000e+07
4310.000000 5.07495000e+07
4330.000000 4.10569000e+07
4350.000000 3.52570000e+07
4370.000000 5.28533000e+07
4390.000000 5.43960000e+07
4410.000000 5.39560000e+07
4430.000000 5.25312000e+07
4450.000000 5.40881000e+07
4470.000000 5.43103000e+07
4490.000000 5.33342000e+07
4510.000000 5.59794000e+07
4530.000000 5.28334000e+07
4550.000000 5.25046000e+07
4570.000000 5.45697000e+07
4590.000000 5.18027000e+07
4610.000000 5.28947000e+07
4630.000000 5.12138000e+07
4650.000000 5.16558000e+07
4670.000000 5.18724000e+07
4690.000000 4.91616000e+07
4710.000000 4.66766000e+07
4730.000000 4.99165000e+07
4750.000000 4.98126000e+07
4770.000000 4.88411000e+07
4790.000000 4.83241000e+07
4810.000000 4.68190000e+07
4830.000000 4.46332000e+07
4850.000000 3.45843000e+07
4870.000000 2.78057000e+07
4890.000000 4.14193000e+07
4910.000000 4.39516000e+07
4930.000000 4.36639000e+07
4950.000000 4.49923000e+07
4970.000000 4.53340000e+07
4990.000000 4.29848000e+07
5010.000000 4.11954000e+07
5030.000000 4.27491000e+07
5050.000000 4.18985000e+07
5070.000000 4.30899000e+07
5090.000000 4.22314000e+07
5110.000000 4.24064000e+07
5130.000000 4.12934000e+07
5150.000000 4.00997000e+07
5170.000000 3.93630000e+07
5190.000000 3.88518000e+07
5210.000000 3.92814000e+07
5230.000000 3.90628000e+07
5250.000000 3.95557000e+07
5270.000000 3.61050000e+07
5290.000000 3.85694000e+07
5310.000000 3.81605000e+07
5330.000000 3.59319000e+07
5350.000000 3.75644000e+07
5370.000000 3.73595000e+07
5390.000000 3.68922000e+07
5410.000000 3.56816000e+07
5430.000000 3.62932000e+07
5450.000000 3.66120000e+07
5470.000000 3.59972000e+07
5490.000000 3.55654000e+07
5510.000000 3.54182000e+07
5530.000000 3.51218000e+07
5550.000000 3.50293000e+07
5570.000000 3.44382000e+07
5590.000000 3.39969000e+07
5610.000000 3.41212000e+07
5630.000000 3.40777000e+07
5650.000000 3.36351000e+07
5670.000000 3.29037000e+07
5690.000000 3.30114000e+07
5710.000000 3.26997000e+07
5730.000000 3.32980000e+07
5750.000000 3.24013000e+07
5770.000000 3.23717000e+07
5790.000000 3.19046000e+07
5810.000000 3.18337000e+07
5830.000000 3.17421000e+07
5850.000000 3.12689000e+07
5870.000000 3.10540000e+07
5890.000000 3.01517000e+07
5910.000000 3.05294000e+07
5930.000000 3.02616000e+07
5950.000000 3.00160000e+07
5970.000000 2.98374000e+07
5990.000000 2.93980000e+07
6010.000000 2.88022000e+07
6030.000000 2.87928000e+07
6050.000000 2.87139000e+07
6070.000000 2.87152000e+07
6090.000000 2.82475000e+07
6110.000000 2.78298000e+07
6130.000000 2.71883000e+07
6150.000000 2.66472000e+07
6170.000000 2.65272000e+07
6190.000000 2.71515000e+07
6210.000000 2.69495000e+07
6230.000000 2.64662000e+07
6250.000000 2.55573000e+07
6270.000000 2.63567000e+07
6290.000000 2.61788000e+07
6310.000000 2.55192000e+07
6330.000000 2.54391000e+07
6350.000000 2.49549000e+07
6370.000000 2.48634000e+07
6390.000000 2.49018000e+07
6410.000000 2.43652000e+07
6430.000000 2.43989000e+07
6450.000000 2.37796000e+07
6470.000000 2.38578000e+07
6490.000000 2.32978000e+07
6510.000000 2.31273000e+07
6530.000000 2.21827000e+07
6550.000000 1.90145000e+07
6570.000000 1.52368000e+07
6590.000000 2.07562000e+07
6610.000000 2.21095000e+07
6630.000000 2.23517000e+07
6650.000000 2.23205000e+07
6670.000000 2.20886000e+07
6690.000000 2.21251000e+07
6710.000000 2.19223000e+07
6730.000000 2.17830000e+07
6750.000000 2.13623000e+07
6770.000000 2.15280000e+07
6790.000000 2.13205000e+07
6810.000000 2.11427000e+07
6830.000000 2.09383000e+07
6850.000000 2.07190000e+07
6870.000000 2.06919000e+07
6890.000000 2.05371000e+07
6910.000000 2.03529000e+07
6930.000000 2.01650000e+07
6950.000000 2.00436000e+07
6970.000000 1.98504000e+07
6990.000000 1.97663000e+07
7010.000000 1.92182000e+07
7030.000000 1.93362000e+07
7050.000000 1.92501000e+07
7070.000000 1.91195000e+07
7090.000000 1.89766000e+07
7110.000000 1.83356000e+07
7130.000000 1.84915000e+07
7150.000000 1.84000000e+07
7170.000000 1.82133000e+07
7190.000000 1.80064000e+07
7210.000000 1.80146000e+07
7230.000000 1.78358000e+07
7250.000000 1.76236000e+07
7270.000000 1.76850000e+07
7290.000000 1.73336000e+07
7310.000000 1.73468000e+07
7330.000000 1.72291000e+07
7350.000000 1.71822000e+07
7370.000000 1.70585000e+07
7390.000000 1.67552000e+07
7410.000000 1.65229000e+07
7430.000000 1.63399000e+07
7450.000000 1.63256000e+07
7470.000000 1.61498000e+07
7490.000000 1.61208000e+07
7510.000000 1.61038000e+07
7530.000000 1.60104000e+07
7550.000000 1.59845000e+07
7570.000000 1.58022000e+07
7590.000000 1.57243000e+07
7610.000000 1.55741000e+07
7630.000000 1.55068000e+07
7650.000000 1.53338000e+07
7670.000000 1.50490000e+07
7690.000000 1.50103000e+07
7710.000000 1.49705000e+07
7730.000000 1.49159000e+07
7750.000000 1.47324000e+07
7770.000000 1.43440000e+07
7790.000000 1.46646000e+07
7810.000000 1.44970000e+07
7830.000000 1.42817000e+07
7850.000000 1.41228000e+07
7870.000000 1.40907000e+07
7890.000000 1.39382000e+07
7910.000000 1.37877000e+07
7930.000000 1.36146000e+07
7950.000000 1.35403000e+07
7970.000000 1.37150000e+07
7990.000000 1.34440000e+07
8010.000000 1.34591000e+07
8030.000000 1.32969000e+07
8050.000000 1.32542000e+07
8070.000000 1.31649000e+07
8090.000000 1.30434000e+07
8110.000000 1.30422000e+07
8130.000000 1.29929000e+07
8150.000000 1.28884000e+07
8170.000000 1.28005000e+07
8190.000000 1.24090000e+07
8210.000000 1.23313000e+07
8230.000000 1.22725000e+07
8250.000000 1.22441000e+07
8270.000000 1.23904000e+07
8290.000000 1.22742000e+07
8310.000000 1.21126000e+07
8330.000000 1.19259000e+07
8350.000000 1.19845000e+07
8370.000000 1.19853000e+07
8390.000000 1.18383000e+07
8410.000000 1.18162000e+07
8430.000000 1.16563000e+07
8450.000000 1.13680000e+07
8470.000000 1.14398000e+07
8490.000000 1.13573000e+07
8510.000000 1.08399000e+07
8530.000000 1.12117000e+07
8550.000000 9.83380000e+06
8570.000000 1.12709000e+07
8590.000000 1.07426000e+07
8610.000000 1.05738000e+07
8630.000000 1.11061000e+07
8650.000000 1.07416000e+07
8670.000000 9.02470000e+06
8690.000000 1.05197000e+07
8710.000000 1.09899000e+07
8730.000000 1.05951000e+07
8750.000000 8.92046000e+06
8770.000000 1.02376000e+07
8790.000000 1.08537000e+07
8810.000000 1.08627000e+07
8830.000000 1.04560000e+07
8850.000000 9.52231000e+06
8870.000000 8.33501000e+06
8890.000000 1.00980000e+07
8910.000000 1.05358000e+07
8930.000000 1.05392000e+07
8950.000000 1.06520000e+07
8970.000000 1.03803000e+07
8990.000000 9.89135000e+06
9010.000000 8.03252000e+06
9030.000000 8.74498000e+06
9050.000000 9.90460000e+06
9070.000000 9.90493000e+06
9090.000000 9.76610000e+06
9110.000000 1.00569000e+07
9130.000000 1.01471000e+07
9150.000000 1.01352000e+07
9170.000000 9.92753000e+06
9190.000000 9.60111000e+06
9210.000000 8.82664000e+06
9230.000000 7.04658000e+06
9250.000000 8.46163000e+06
9270.000000 9.07399000e+06
9290.000000 9.56664000e+06
9310.000000 9.64206000e+06
9330.000000 9.59125000e+06
9350.000000 9.59249000e+06
9370.000000 9.56832000e+06
9390.000000 9.40797000e+06
9410.000000 8.89407000e+06
9430.000000 9.19784000e+06
9450.000000 9.13448000e+06
9470.000000 9.13963000e+06
9490.000000 8.99699000e+06
9510.000000 8.64969000e+06
9530.000000 7.89539000e+06
9550.000000 6.42199000e+06
9570.000000 7.93607000e+06
9590.000000 8.49041000e+06
9610.000000 8.55138000e+06
9630.000000 8.44196000e+06
9650.000000 8.60079000e+06
9670.000000 8.45163000e+06
9690.000000 8.39552000e+06
9710.000000 8.59432000e+06
9730.000000 8.52162000e+06
9750.000000 8.36186000e+06
9770.000000 8.43698000e+06
9790.000000 8.37582000e+06
9810.000000 8.33544000e+06
9830.000000 8.24424000e+06
9850.000000 8.13469000e+06
9870.000000 8.07469000e+06
9890.000000 7.95386000e+06
9910.000000 7.90261000e+06
9930.000000 7.95715000e+06
9950.000000 7.87497000e+06
9970.000000 7.81574000e+06
9990.000000 7.68671000e+06
10025.000000 6.91004000e+06
10075.000000 6.54619000e+06
10125.000000 7.31589000e+06
10175.000000 7.33914000e+06
10225.000000 7.32555000e+06
10275.000000 7.25157000e+06
10325.000000 7.10377000e+06
10375.000000 7.00886000e+06
10425.000000 6.89985000e+06
10475.000000 6.67002000e+06
10525.000000 6.62856000e+06
10575.000000 6.55761000e+06
10625.000000 6.48469000e+06
10675.000000 6.20027000e+06
10725.000000 6.21498000e+06
10775.000000 6.13342000e+06
10825.000000 5.99877000e+06
10875.000000 5.81504000e+06
10925.000000 4.88889000e+06
10975.000000 5.31516000e+06
11025.000000 5.69167000e+06
11075.000000 5.70336000e+06
11125.000000 5.60959000e+06
11175.000000 5.54563000e+06
11225.000000 5.49125000e+06
11275.000000 5.26841000e+06
11325.000000 5.21230000e+06
11375.000000 5.21200000e+06
11425.000000 5.08797000e+06
11475.000000 5.12670000e+06
11525.000000 5.06359000e+06
11575.000000 4.97636000e+06
11625.000000 4.82019000e+06
11675.000000 4.71846000e+06
11725.000000 4.79066000e+06
11775.000000 4.58812000e+06
11825.000000 4.58685000e+06
11875.000000 4.48312000e+06
11925.000000 4.55660000e+06
11975.000000 4.40488000e+06
12025.000000 4.39177000e+06
12075.000000 4.31233000e+06
12125.000000 4.26274000e+06
12175.000000 4.23898000e+06
12225.000000 4.16833000e+06
12275.000000 4.10719000e+06
12325.000000 4.05608000e+06
12375.000000 4.01599000e+06
12425.000000 3.97909000e+06
12475.000000 3.91095000e+06
12525.000000 3.84785000e+06
12575.000000 3.76609000e+06
12625.000000 3.73963000e+06
12675.000000 3.69658000e+06
12725.000000 3.62548000e+06
12775.000000 3.42010000e+06
12825.000000 2.88089000e+06
12875.000000 3.36559000e+06
12925.000000 3.43860000e+06
12975.000000 3.43251000e+06
13025.000000 3.39755000e+06
13075.000000 3.37293000e+06
13125.000000 3.31667000e+06
13175.000000 3.25920000e+06
13225.000000 3.24990000e+06
13275.000000 3.20195000e+06
13325.000000 3.17011000e+06
13375.000000 3.12877000e+06
13425.000000 3.09129000e+06
13475.000000 3.05387000e+06
13525.000000 3.00497000e+06
13575.000000 2.95793000e+06
13625.000000 2.93971000e+06
13675.000000 2.89469000e+06
13725.000000 2.83044000e+06
13775.000000 2.82045000e+06
13825.000000 2.79279000e+06
13875.000000 2.77759000e+06
13925.000000 2.71746000e+06
13975.000000 2.69535000e+06
14025.000000 2.66544000e+06
14075.000000 2.64274000e+06
14125.000000 2.59706000e+06
14175.000000 2.57652000e+06
14225.000000 2.53517000e+06
14275.000000 2.49692000e+06
14325.000000 2.48319000e+06
14375.000000 2.46521000e+06
14425.000000 2.35709000e+06
14475.000000 2.39711000e+06
14525.000000 2.32867000e+06
14570.000000 2.34235000e+06
14620.000000 2.30591000e+06
14675.000000 2.28848000e+06
14725.000000 2.24604000e+06
14775.000000 2.21188000e+06
14825.000000 2.19938000e+06
14875.000000 2.15670000e+06
14925.000000 2.17322000e+06
14975.000000 2.13286000e+06
15025.000000 2.10017000e+06
15075.000000 2.06902000e+06
15125.000000 2.07051000e+06
15175.000000 2.05100000e+06
15225.000000 2.01870000e+06
15275.000000 2.00405000e+06
15325.000000 1.97672000e+06
15375.000000 1.95639000e+06
15425.000000 1.91666000e+06
15475.000000 1.90602000e+06
15525.000000 1.88657000e+06
15575.000000 1.85336000e+06
15625.000000 1.85926000e+06
15675.000000 1.81016000e+06
15725.000000 1.78084000e+06
15775.000000 1.77184000e+06
15825.000000 1.76683000e+06
15875.000000 1.66364000e+06
15925.000000 1.71277000e+06
15975.000000 1.72392000e+06
16050.000000 1.66909000e+06
16150.000000 1.59172000e+06
16250.000000 1.64366000e+06
16350.000000 1.55217000e+06
16450.000000 1.46054000e+06
16550.000000 1.54432000e+06
16650.000000 1.51780000e+06
16750.000000 1.41272000e+06
16850.000000 1.32020000e+06
16950.000000 1.42220000e+06
17050.000000 1.39157000e+06
17150.000000 1.37065000e+06
17250.000000 1.30897000e+06
17350.000000 1.14497000e+06
17450.000000 1.23006000e+06
17550.000000 1.24625000e+06
17650.000000 1.22480000e+06
17750.000000 1.20529000e+06
17850.000000 1.17902000e+06
17950.000000 1.16111000e+06
18050.000000 1.11443000e+06
18150.000000 9.82677000e+05
18250.000000 1.03620000e+06
18350.000000 1.06140000e+06
18450.000000 1.04407000e+06
18550.000000 1.01748000e+06
18650.000000 9.84285000e+05
18750.000000 8.57890000e+05
18850.000000 9.39198000e+05
18950.000000 9.31169000e+05
19050.000000 9.32256000e+05
19150.000000 9.12570000e+05
19250.000000 8.91666000e+05
19350.000000 8.56133000e+05
19450.000000 7.50138000e+05
19550.000000 8.25951000e+05
19650.000000 8.26590000e+05
19750.000000 8.11442000e+05
19850.000000 8.01001000e+05
19950.000000 7.86451000e+05
20050.000000 7.73190000e+05
20150.000000 7.60339000e+05
20250.000000 7.43881000e+05
20350.000000 7.27973000e+05
20450.000000 7.19691000e+05
20550.000000 7.05648000e+05
20650.000000 6.90101000e+05
20750.000000 6.78610000e+05
20850.000000 6.67107000e+05
20950.000000 6.54393000e+05
21050.000000 6.43676000e+05
21150.000000 6.29485000e+05
21250.000000 6.18410000e+05
21350.000000 6.07018000e+05
21450.000000 5.97294000e+05
21550.000000 5.77438000e+05
21650.000000 5.07471000e+05
21750.000000 5.50112000e+05
21850.000000 5.55149000e+05
21950.000000 5.50368000e+05
22050.000000 5.38553000e+05
22150.000000 5.30499000e+05
22250.000000 5.24067000e+05
22350.000000 5.15180000e+05
22450.000000 5.06646000e+05
22550.000000 4.95021000e+05
22650.000000 4.88706000e+05
22750.000000 4.81420000e+05
22850.000000 4.72728000e+05
22950.000000 4.64504000e+05
23050.000000 4.58852000e+05
23150.000000 4.50749000e+05
23250.000000 4.44503000e+05
23350.000000 4.36849000e+05
23450.000000 4.30383000e+05
23550.000000 4.23632000e+05
23650.000000 4.17208000e+05
23750.000000 4.09134000e+05
23850.000000 4.03061000e+05
23950.000000 3.97397000e+05
24050.000000 3.90673000e+05
24150.000000 3.84285000e+05
24250.000000 3.79066000e+05
24350.000000 3.72439000e+05
24450.000000 3.67426000e+05
24550.000000 3.60457000e+05
24650.000000 3.55877000e+05
24750.000000 3.50043000e+05
24850.000000 3.43888000e+05
24950.000000 3.38099000e+05
25050.000000 3.35165000e+05
25150.000000 3.29729000e+05
25250.000000 3.23642000e+05
25350.000000 3.20027000e+05
25450.000000 3.15388000e+05
25550.000000 3.09364000e+05
25650.000000 3.01642000e+05
25750.000000 3.00946000e+05
25850.000000 2.96395000e+05
25950.000000 2.93265000e+05
26050.000000 2.85472000e+05
26150.000000 2.73591000e+05
26250.000000 2.49444000e+05
26350.000000 2.69236000e+05
26450.000000 2.71663000e+05
26550.000000 2.68680000e+05
26650.000000 2.62042000e+05
26750.000000 2.50389000e+05
26850.000000 2.55733000e+05
26950.000000 2.55379000e+05
27050.000000 2.52197000e+05
27150.000000 2.49055000e+05
27250.000000 2.45566000e+05
27350.000000 2.41659000e+05
27450.000000 2.36606000e+05
27550.000000 2.21361000e+05
27650.000000 2.23961000e+05
27750.000000 2.27761000e+05
27850.000000 2.25944000e+05
27950.000000 2.23573000e+05
28050.000000 2.20708000e+05
28150.000000 2.17745000e+05
28250.000000 2.14747000e+05
28350.000000 2.11880000e+05
28450.000000 2.08001000e+05
28550.000000 2.04587000e+05
28650.000000 1.96676000e+05
28750.000000 1.84408000e+05
28850.000000 1.94434000e+05
28950.000000 1.94311000e+05
29050.000000 1.92726000e+05
29150.000000 1.89947000e+05
29250.000000 1.87668000e+05
29350.000000 1.85675000e+05
29450.000000 1.83173000e+05
29550.000000 1.80939000e+05
29650.000000 1.78632000e+05
29750.000000 1.76276000e+05
29850.000000 1.74078000e+05
29950.000000 1.71544000e+05
30050.000000 1.69035000e+05
30150.000000 1.66482000e+05
30250.000000 1.62954000e+05
30350.000000 1.50995000e+05
30450.000000 1.52560000e+05
30550.000000 1.57279000e+05
30650.000000 1.56407000e+05
30750.000000 1.54957000e+05
30850.000000 1.52691000e+05
30950.000000 1.51179000e+05
31050.000000 1.49320000e+05
31150.000000 1.46821000e+05
31250.000000 1.45598000e+05
31350.000000 1.43754000e+05
31450.000000 1.42091000e+05
31550.000000 1.40499000e+05
31650.000000 1.39004000e+05
31750.000000 1.37038000e+05
31850.000000 1.35696000e+05
31950.000000 1.34047000e+05
32100.000000 1.31572000e+05
32300.000000 1.28580000e+05
32500.000000 1.25458000e+05
32700.000000 1.21919000e+05
32900.000000 1.12092000e+05
33100.000000 1.13877000e+05
33300.000000 1.13445000e+05
33500.000000 1.11255000e+05
33700.000000 1.08422000e+05
33900.000000 1.06078000e+05
34100.000000 1.03710000e+05
34300.000000 1.01633000e+05
34500.000000 9.96762000e+04
34700.000000 9.73698000e+04
34900.000000 9.53260000e+04
35100.000000 9.32581000e+04
35300.000000 9.12006000e+04
35500.000000 8.92702000e+04
35700.000000 8.72707000e+04
35900.000000 8.54153000e+04
36100.000000 8.36072000e+04
36300.000000 8.19222000e+04
36500.000000 8.00287000e+04
36700.000000 7.83644000e+04
36900.000000 7.63248000e+04
37100.000000 7.47377000e+04
37300.000000 7.10411000e+04
37500.000000 6.87154000e+04
37700.000000 7.03261000e+04
37900.000000 6.91374000e+04
38100.000000 6.75856000e+04
38300.000000 6.64090000e+04
38500.000000 6.52938000e+04
38700.000000 6.38636000e+04
38900.000000 6.24393000e+04
39100.000000 6.09791000e+04
39300.000000 6.02673000e+04
39500.000000 5.91032000e+04
39700.000000 5.80455000e+04
39900.000000 5.66155000e+04
40100.000000 5.51502000e+04
40300.000000 5.39547000e+04
40500.000000 5.07497000e+04
40700.000000 5.23058000e+04
40900.000000 5.15815000e+04
41100.000000 5.08399000e+04
41300.000000 4.98694000e+04
41500.000000 4.86571000e+04
41700.000000 4.67746000e+04
41900.000000 4.68334000e+04
42100.000000 4.61472000e+04
42300.000000 4.55602000e+04
42500.000000 4.46986000e+04
42700.000000 4.39276000e+04
42900.000000 4.31382000e+04
43100.000000 4.23514000e+04
43300.000000 4.15431000e+04
43500.000000 4.06503000e+04
43700.000000 3.87562000e+04
43900.000000 3.87870000e+04
44100.000000 3.85522000e+04
44300.000000 3.80187000e+04
44500.000000 3.73638000e+04
44700.000000 3.67738000e+04
44900.000000 3.60993000e+04
45100.000000 3.54983000e+04
45300.000000 3.48845000e+04
45500.000000 3.42946000e+04
45700.000000 3.36722000e+04
45900.000000 3.30915000e+04
46100.000000 3.25320000e+04
46300.000000 3.18193000e+04
46500.000000 2.95808000e+04
46700.000000 2.94334000e+04
46900.000000 3.00975000e+04
47100.000000 2.98899000e+04
47300.000000 2.94676000e+04
47500.000000 2.89712000e+04
47700.000000 2.85135000e+04
47900.000000 2.80822000e+04
48100.000000 2.76261000e+04
48300.000000 2.71862000e+04
48500.000000 2.67526000e+04
48700.000000 2.63332000e+04
48900.000000 2.59276000e+04
49100.000000 2.54980000e+04
49300.000000 2.51164000e+04
49500.000000 2.47140000e+04
49700.000000 2.43294000e+04
49900.000000 2.39653000e+04
50100.000000 2.35838000e+04
50300.000000 2.31956000e+04
50500.000000 2.28438000e+04
50700.000000 2.24895000e+04
50900.000000 2.20994000e+04
51100.000000 2.15733000e+04
51300.000000 2.03833000e+04
51500.000000 2.09951000e+04
51700.000000 2.08006000e+04
51900.000000 2.05287000e+04
52100.000000 2.02382000e+04
52300.000000 1.99473000e+04
52500.000000 1.96303000e+04
52700.000000 1.93310000e+04
52900.000000 1.90881000e+04
53100.000000 1.88137000e+04
53300.000000 1.85375000e+04
53500.000000 1.82610000e+04
53700.000000 1.79318000e+04
53900.000000 1.76888000e+04
54100.000000 1.74836000e+04
54300.000000 1.72234000e+04
54500.000000 1.69882000e+04
54700.000000 1.67295000e+04
54900.000000 1.65015000e+04
55100.000000 1.62306000e+04
55300.000000 1.59668000e+04
55500.000000 1.57993000e+04
55700.000000 1.55938000e+04
55900.000000 1.53462000e+04
56100.000000 1.51675000e+04
56300.000000 1.49554000e+04
56500.000000 1.47576000e+04
56700.000000 1.45482000e+04
56900.000000 1.43088000e+04
57100.000000 1.40424000e+04
57300.000000 1.39170000e+04
57500.000000 1.37736000e+04
57700.000000 1.35878000e+04
57900.000000 1.33986000e+04
58100.000000 1.32261000e+04
58300.000000 1.30457000e+04
58500.000000 1.28587000e+04
58700.000000 1.26652000e+04
58900.000000 1.23654000e+04
59100.000000 1.16876000e+04
59300.000000 1.20759000e+04
59500.000000 1.18470000e+04
59700.000000 1.17899000e+04
59900.000000 1.17040000e+04
60100.000000 1.15626000e+04
60300.000000 1.14363000e+04
60500.000000 1.12939000e+04
60700.000000 1.11439000e+04
60900.000000 1.09987000e+04
61100.000000 1.08431000e+04
61300.000000 1.07263000e+04
61500.000000 1.05910000e+04
61700.000000 1.04571000e+04
61900.000000 1.03198000e+04
62100.000000 1.01958000e+04
62300.000000 1.00392000e+04
62500.000000 9.91335000e+03
62700.000000 9.74671000e+03
62900.000000 9.46630000e+03
63100.000000 9.48066000e+03
63300.000000 9.42649000e+03
63500.000000 9.33151000e+03
63700.000000 9.22538000e+03
63900.000000 9.11162000e+03
64200.000000 8.94852000e+03
64600.000000 8.72818000e+03
65000.000000 8.51685000e+03
65400.000000 8.32059000e+03
65800.000000 8.12124000e+03
66200.000000 7.92789000e+03
66600.000000 7.74487000e+03
67000.000000 7.56069000e+03
67400.000000 7.34599000e+03
67800.000000 7.06329000e+03
68200.000000 7.03778000e+03
68600.000000 6.89030000e+03
69000.000000 6.73207000e+03
69400.000000 6.57929000e+03
69800.000000 6.43435000e+03
70200.000000 6.29006000e+03
70600.000000 6.15217000e+03
71000.000000 6.02035000e+03
71400.000000 5.88665000e+03
71800.000000 5.75817000e+03
72200.000000 5.62568000e+03
72600.000000 5.50746000e+03
73000.000000 5.39566000e+03
73400.000000 5.27856000e+03
73800.000000 5.16602000e+03
74200.000000 5.03678000e+03
74600.000000 4.76811000e+03
75000.000000 4.62617000e+03
75400.000000 4.70875000e+03
75800.000000 4.64286000e+03
76200.000000 4.55713000e+03
76600.000000 4.46421000e+03
77000.000000 4.37283000e+03
77400.000000 4.28367000e+03
77800.000000 4.18478000e+03
78200.000000 4.11380000e+03
78600.000000 4.03410000e+03
79000.000000 3.95424000e+03
79400.000000 3.87608000e+03
79800.000000 3.79933000e+03
80200.000000 3.72405000e+03
80600.000000 3.65151000e+03
81000.000000 3.58223000e+03
81400.000000 3.49537000e+03
81800.000000 3.43458000e+03
82200.000000 3.38027000e+03
82600.000000 3.31620000e+03
83000.000000 3.25330000e+03
83400.000000 3.18935000e+03
83800.000000 3.12899000e+03
84200.000000 3.07255000e+03
84600.000000 3.01703000e+03
85000.000000 2.96190000e+03
85400.000000 2.90679000e+03
85800.000000 2.85381000e+03
86200.000000 2.79727000e+03
86600.000000 2.72537000e+03
87000.000000 2.69146000e+03
87400.000000 2.60331000e+03
87800.000000 2.55731000e+03
88200.000000 2.55542000e+03
88600.000000 2.51258000e+03
89000.000000 2.46869000e+03
89400.000000 2.42601000e+03
89800.000000 2.38211000e+03
90200.000000 2.34140000e+03
90600.000000 2.30172000e+03
91000.000000 2.26060000e+03
91400.000000 2.22219000e+03
91800.000000 2.18472000e+03
92200.000000 2.14772000e+03
92600.000000 2.11119000e+03
93000.000000 2.07556000e+03
93400.000000 2.03722000e+03
93800.000000 1.97779000e+03
94200.000000 1.96057000e+03
94600.000000 1.93889000e+03
95000.000000 1.90757000e+03
95400.000000 1.87496000e+03
95800.000000 1.84567000e+03
96200.000000 1.81476000e+03
96600.000000 1.78596000e+03
97000.000000 1.75696000e+03
97400.000000 1.72735000e+03
97800.000000 1.70010000e+03
98200.000000 1.67276000e+03
98600.000000 1.64631000e+03
99000.000000 1.62062000e+03
99400.000000 1.59452000e+03
99800.000000 1.56921000e+03
100200.000000 1.54455000e+03
200000.000000 9.85807000e+01
400000.000000 6.11526000e+00
600000.000000 1.19570000e+00
800000.000000 3.75040000e-01
1000000.000000 1.52474000e-01
1200000.000000 7.30646000e-02
1400000.000000 3.92202000e-02
1600000.000000 2.28790000e-02
