# teff = 7750.0
# logg = 3.5
# metallicity = 0.5
# wavelength_unit = angstrom
# flux_unit = erg/cm2/s/A
# units_standardized = True
273.500000 9.99310000e-35
278.500000 6.31717000e-34
284.000000 4.43840000e-33
290.000000 3.40871000e-32
296.000000 2.39829000e-31
301.000000 1.14714000e-30
308.000000 9.39044000e-30
318.000000 1.59895000e-28
328.000000 2.27248000e-27
338.000000 2.73719000e-26
348.000000 2.83894000e-25
357.000000 2.06915000e-24
366.000000 1.36303000e-23
375.000000 8.15289000e-23
385.000000 5.36533000e-22
395.000000 3.18961000e-21
405.000000 1.72764000e-20
414.000000 7.34222000e-20
422.000000 2.51338000e-19
430.000000 8.19493000e-19
441.000000 3.86374000e-18
451.000000 1.47442000e-17
460.000000 4.66674000e-17
470.000000 1.58864000e-16
480.000000 5.11920000e-16
490.000000 1.56773000e-15
500.000000 4.57108000e-15
506.000000 1.12386000e-14
512.000000 2.31777000e-14
520.000000 5.05561000e-14
530.000000 1.30187000e-13
540.000000 3.16887000e-13
550.000000 7.56884000e-13
560.000000 1.73613000e-12
570.000000 3.85461000e-12
580.000000 8.20103000e-12
590.000000 1.73679000e-11
600.000000 3.53561000e-11
610.000000 7.03535000e-11
620.000000 1.36275000e-10
630.000000 2.57987000e-10
640.000000 4.77506000e-10
650.000000 8.66959000e-10
658.000000 1.37600000e-09
665.000000 2.03339000e-09
675.000000 3.51870000e-09
685.000000 5.98086000e-09
695.000000 9.98944000e-09
705.000000 1.62607000e-08
716.000000 2.77865000e-08
726.000000 4.41954000e-08
735.000000 6.62663000e-08
745.000000 1.02479000e-07
755.000000 1.56594000e-07
765.000000 2.36547000e-07
775.000000 3.52848000e-07
785.000000 5.21464000e-07
795.000000 7.49733000e-07
805.000000 1.08643000e-06
815.000000 1.56324000e-06
825.000000 2.21131000e-06
835.000000 3.09786000e-06
845.000000 4.30090000e-06
855.000000 5.91873000e-06
865.000000 8.07358000e-06
875.000000 1.08444000e-05
885.000000 1.46497000e-05
895.000000 1.95178000e-05
905.000000 2.55938000e-05
915.000000 1.03827000e-02
925.000000 3.30844000e-02
935.000000 4.42522000e-02
945.000000 5.88998000e-02
955.000000 8.16266000e-02
965.000000 1.07728000e-01
975.000000 1.40329000e-01
985.000000 1.81662000e-01
995.000000 2.32524000e-01
1005.000000 3.07493000e-01
1015.000000 3.93139000e-01
1025.000000 4.88991000e-01
1035.000000 6.30177000e-01
1045.000000 7.93943000e-01
1055.000000 9.95281000e-01
1065.000000 1.23535000e+00
1075.000000 1.54089000e+00
1085.000000 1.90950000e+00
1095.000000 2.33866000e+00
1105.000000 5.72611000e+00
1115.000000 1.77537000e+01
1125.000000 2.60964000e+01
1135.000000 3.69089000e+01
1145.000000 4.72584000e+01
1155.000000 5.30857000e+01
1165.000000 7.39261000e+01
1175.000000 8.96892000e+01
1185.000000 9.67481000e+01
1195.000000 6.20643000e+01
1205.000000 7.95892000e+01
1215.000000 2.61884000e+01
1225.000000 9.70904000e+01
1235.000000 1.81757000e+02
1245.000000 4.75887000e+02
1255.000000 1.36831000e+03
1265.000000 1.15369000e+03
1275.000000 2.00097000e+03
1285.000000 2.87083000e+03
1295.000000 3.46599000e+03
1305.000000 2.49217000e+03
1315.000000 4.28618000e+03
1325.000000 5.08586000e+03
1335.000000 5.53502000e+03
1345.000000 7.03822000e+03
1355.000000 7.14771000e+03
1365.000000 7.81169000e+03
1375.000000 8.36800000e+03
1385.000000 8.92673000e+03
1395.000000 1.03200000e+04
1405.000000 1.17390000e+04
1415.000000 1.18890000e+04
1425.000000 1.36078000e+04
1435.000000 1.38469000e+04
1442.000000 1.64007000e+04
1447.000000 1.76122000e+04
1455.000000 2.02794000e+04
1465.000000 2.06214000e+04
1475.000000 2.27756000e+04
1485.000000 2.57277000e+04
1495.000000 3.00639000e+04
1505.000000 3.36525000e+04
1512.000000 3.33119000e+04
1517.000000 2.86711000e+04
1525.000000 3.11848000e+04
1535.000000 5.12102000e+04
1545.000000 8.79063000e+04
1555.000000 9.19347000e+04
1565.000000 8.42434000e+04
1575.000000 1.27691000e+05
1585.000000 1.51458000e+05
1595.000000 1.88763000e+05
1605.000000 1.78696000e+05
1615.000000 1.72763000e+05
1625.000000 1.59073000e+05
1635.000000 1.98961000e+05
1645.000000 2.73648000e+05
1655.000000 1.49796000e+05
1665.000000 2.63784000e+05
1672.000000 1.36942000e+05
1677.000000 8.06109000e+05
1685.000000 8.31273000e+05
1695.000000 8.86152000e+05
1705.000000 1.49706000e+06
1715.000000 3.36494000e+06
1725.000000 3.84702000e+06
1735.000000 5.47293000e+06
1745.000000 4.57936000e+06
1755.000000 6.68714000e+06
1765.000000 3.92097000e+06
1775.000000 6.22222000e+06
1785.000000 5.53585000e+06
1795.000000 8.90043000e+06
1805.000000 6.30063000e+06
1815.000000 7.30981000e+06
1825.000000 6.17947000e+06
1835.000000 5.44593000e+06
1845.000000 4.85417000e+06
1855.000000 6.45154000e+06
1865.000000 8.21949000e+06
1875.000000 7.17362000e+06
1885.000000 7.60949000e+06
1895.000000 8.84652000e+06
1905.000000 7.84348000e+06
1915.000000 8.21583000e+06
1925.000000 7.02195000e+06
1935.000000 3.43222000e+06
1945.000000 8.93210000e+06
1955.000000 9.39156000e+06
1967.000000 1.10475000e+07
1976.000000 1.00691000e+07
1984.000000 1.03383000e+07
1995.000000 1.02720000e+07
2005.000000 9.25577000e+06
2015.000000 8.42389000e+06
2025.000000 7.96073000e+06
2035.000000 1.00031000e+07
2045.000000 1.13234000e+07
2055.000000 9.90660000e+06
2065.000000 9.36385000e+06
2074.000000 1.18436000e+07
2078.000000 1.44939000e+07
2085.000000 1.35527000e+07
2095.000000 1.22048000e+07
2105.000000 1.14651000e+07
2115.000000 1.23583000e+07
2125.000000 1.26218000e+07
2135.000000 9.56158000e+06
2145.000000 1.22836000e+07
2155.000000 1.28383000e+07
2165.000000 1.10241000e+07
2175.000000 1.13084000e+07
2185.000000 1.23958000e+07
2195.000000 1.35897000e+07
2205.000000 1.25152000e+07
2215.000000 9.79405000e+06
2225.000000 9.51521000e+06
2235.000000 1.27396000e+07
2245.000000 1.14984000e+07
2255.000000 9.00516000e+06
2265.000000 9.28931000e+06
2275.000000 1.09839000e+07
2285.000000 1.19941000e+07
2295.000000 1.03441000e+07
2305.000000 1.13125000e+07
2315.000000 1.01654000e+07
2325.000000 9.64190000e+06
2335.000000 6.49168000e+06
2345.000000 4.53437000e+06
2355.000000 8.50932000e+06
2365.000000 4.66855000e+06
2375.000000 6.48377000e+06
2385.000000 3.50759000e+06
2395.000000 4.81385000e+06
2405.000000 4.64859000e+06
2415.000000 5.78689000e+06
2425.000000 9.47425000e+06
2435.000000 9.07382000e+06
2445.000000 1.02847000e+07
2455.000000 1.04830000e+07
2465.000000 9.75393000e+06
2475.000000 8.87699000e+06
2485.000000 8.77824000e+06
2495.000000 8.32433000e+06
2505.000000 1.18422000e+07
2513.000000 8.16911000e+06
2518.000000 8.55025000e+06
2525.000000 6.68415000e+06
2535.000000 6.00073000e+06
2545.000000 6.24216000e+06
2555.000000 8.74069000e+06
2565.000000 7.36541000e+06
2575.000000 9.11849000e+06
2585.000000 8.61172000e+06
2595.000000 7.80365000e+06
2605.000000 6.78011000e+06
2615.000000 6.19726000e+06
2625.000000 8.56941000e+06
2635.000000 1.07627000e+07
2645.000000 1.51671000e+07
2655.000000 1.65388000e+07
2665.000000 1.18765000e+07
2675.000000 1.38907000e+07
2685.000000 1.35501000e+07
2695.000000 1.22635000e+07
2705.000000 1.37717000e+07
2715.000000 1.15463000e+07
2725.000000 1.16003000e+07
2735.000000 1.28824000e+07
2745.000000 6.98610000e+06
2755.000000 8.47911000e+06
2765.000000 1.01056000e+07
2775.000000 1.26307000e+07
2785.000000 9.27856000e+06
2795.000000 3.22780000e+06
2805.000000 4.34018000e+06
2815.000000 1.21949000e+07
2825.000000 1.60513000e+07
2835.000000 1.49834000e+07
2845.000000 1.42700000e+07
2855.000000 1.18579000e+07
2865.000000 1.55199000e+07
2875.000000 1.52143000e+07
2885.000000 1.53313000e+07
2895.000000 1.43342000e+07
2910.000000 1.81253000e+07
2930.000000 1.65570000e+07
2950.000000 1.63194000e+07
2970.000000 1.80688000e+07
2990.000000 1.80997000e+07
3010.000000 1.91411000e+07
3030.000000 1.87604000e+07
3050.000000 1.87435000e+07
3070.000000 1.91473000e+07
3090.000000 2.00168000e+07
3110.000000 1.91709000e+07
3130.000000 1.88728000e+07
3150.000000 1.97889000e+07
3170.000000 1.95606000e+07
3190.000000 1.77964000e+07
3210.000000 1.90030000e+07
3230.000000 1.73497000e+07
3250.000000 1.90136000e+07
3270.000000 1.99232000e+07
3290.000000 1.97920000e+07
3310.000000 2.04940000e+07
3330.000000 1.99785000e+07
3350.000000 1.97078000e+07
3370.000000 1.90871000e+07
3390.000000 1.96280000e+07
3410.000000 1.97684000e+07
3430.000000 1.98616000e+07
3450.000000 1.99935000e+07
3470.000000 1.96507000e+07
3490.000000 1.96142000e+07
3510.000000 2.02903000e+07
3530.000000 2.00363000e+07
3550.000000 2.12941000e+07
3570.000000 1.95623000e+07
3590.000000 1.94768000e+07
3610.000000 1.96845000e+07
3630.000000 1.99082000e+07
3640.000000 1.95575000e+07
3650.000000 2.10655000e+07
3670.000000 2.06712000e+07
3690.000000 1.98769000e+07
3710.000000 2.14880000e+07
3730.000000 2.23028000e+07
3750.000000 2.77675000e+07
3770.000000 3.03469000e+07
3790.000000 3.70039000e+07
3810.000000 4.31461000e+07
3830.000000 3.39185000e+07
3850.000000 4.70426000e+07
3870.000000 5.30524000e+07
3890.000000 3.23898000e+07
3910.000000 5.13465000e+07
3930.000000 3.60902000e+07
3950.000000 4.85734000e+07
3970.000000 2.66516000e+07
3990.000000 5.16935000e+07
4010.000000 5.79054000e+07
4030.000000 5.75060000e+07
4050.000000 5.66087000e+07
4070.000000 5.46778000e+07
4090.000000 4.58658000e+07
4110.000000 3.60134000e+07
4130.000000 5.30609000e+07
4150.000000 5.69890000e+07
4170.000000 5.61858000e+07
4190.000000 5.60520000e+07
4210.000000 5.58098000e+07
4230.000000 5.38600000e+07
4250.000000 5.47997000e+07
4270.000000 5.16097000e+07
4290.000000 5.25830000e+07
4310.000000 4.77500000e+07
4330.000000 3.96041000e+07
4350.000000 3.38733000e+07
4370.000000 5.00007000e+07
4390.000000 5.06819000e+07
4410.000000 4.99346000e+07
4430.000000 4.87917000e+07
4450.000000 4.99864000e+07
4470.000000 5.01793000e+07
4490.000000 4.93670000e+07
4510.000000 5.18510000e+07
4530.000000 4.85835000e+07
4550.000000 4.82337000e+07
4570.000000 5.04226000e+07
4590.000000 4.75380000e+07
4610.000000 4.89186000e+07
4630.000000 4.71630000e+07
4650.000000 4.77164000e+07
4670.000000 4.78735000e+07
4690.000000 4.54776000e+07
4710.000000 4.35044000e+07
4730.000000 4.60537000e+07
4750.000000 4.61008000e+07
4770.000000 4.50528000e+07
4790.000000 4.47873000e+07
4810.000000 4.35722000e+07
4830.000000 4.21366000e+07
4850.000000 3.31958000e+07
4870.000000 2.65238000e+07
4890.000000 3.91978000e+07
4910.000000 4.08997000e+07
4930.000000 4.02771000e+07
4950.000000 4.15298000e+07
4970.000000 4.18154000e+07
4990.000000 3.93597000e+07
5010.000000 3.74687000e+07
5030.000000 3.90028000e+07
5050.000000 3.83059000e+07
5070.000000 3.94553000e+07
5090.000000 3.86369000e+07
5110.000000 3.87491000e+07
5130.000000 3.75772000e+07
5150.000000 3.64805000e+07
5170.000000 3.60438000e+07
5190.000000 3.55469000e+07
5210.000000 3.56951000e+07
5230.000000 3.55548000e+07
5250.000000 3.59993000e+07
5270.000000 3.28468000e+07
5290.000000 3.50948000e+07
5310.000000 3.45410000e+07
5330.000000 3.28381000e+07
5350.000000 3.42831000e+07
5370.000000 3.41366000e+07
5390.000000 3.35751000e+07
5410.000000 3.25949000e+07
5430.000000 3.29762000e+07
5450.000000 3.34487000e+07
5470.000000 3.28004000e+07
5490.000000 3.24606000e+07
5510.000000 3.21547000e+07
5530.000000 3.20334000e+07
5550.000000 3.18983000e+07
5570.000000 3.14098000e+07
5590.000000 3.10082000e+07
5610.000000 3.11466000e+07
5630.000000 3.10684000e+07
5650.000000 3.05951000e+07
5670.000000 2.99156000e+07
5690.000000 3.00861000e+07
5710.000000 2.98041000e+07
5730.000000 3.03904000e+07
5750.000000 2.95686000e+07
5770.000000 2.95303000e+07
5790.000000 2.90480000e+07
5810.000000 2.89912000e+07
5830.000000 2.89157000e+07
5850.000000 2.85025000e+07
5870.000000 2.83360000e+07
5890.000000 2.74923000e+07
5910.000000 2.78264000e+07
5930.000000 2.75694000e+07
5950.000000 2.73301000e+07
5970.000000 2.71843000e+07
5990.000000 2.67416000e+07
6010.000000 2.61739000e+07
6030.000000 2.62699000e+07
6050.000000 2.61171000e+07
6070.000000 2.61447000e+07
6090.000000 2.56908000e+07
6110.000000 2.52797000e+07
6130.000000 2.47200000e+07
6150.000000 2.42029000e+07
6170.000000 2.41324000e+07
6190.000000 2.46974000e+07
6210.000000 2.45239000e+07
6230.000000 2.40503000e+07
6250.000000 2.31164000e+07
6270.000000 2.39878000e+07
6290.000000 2.38202000e+07
6310.000000 2.31614000e+07
6330.000000 2.31384000e+07
6350.000000 2.27201000e+07
6370.000000 2.26278000e+07
6390.000000 2.26552000e+07
6410.000000 2.21656000e+07
6430.000000 2.22129000e+07
6450.000000 2.16326000e+07
6470.000000 2.18023000e+07
6490.000000 2.12388000e+07
6510.000000 2.12472000e+07
6530.000000 2.06737000e+07
6550.000000 1.80820000e+07
6570.000000 1.44120000e+07
6590.000000 1.95035000e+07
6610.000000 2.03936000e+07
6630.000000 2.04987000e+07
6650.000000 2.03927000e+07
6670.000000 2.01300000e+07
6690.000000 2.01554000e+07
6710.000000 1.99702000e+07
6730.000000 1.98392000e+07
6750.000000 1.94531000e+07
6770.000000 1.96112000e+07
6790.000000 1.93994000e+07
6810.000000 1.92532000e+07
6830.000000 1.90420000e+07
6850.000000 1.88547000e+07
6870.000000 1.88377000e+07
6890.000000 1.87007000e+07
6910.000000 1.85264000e+07
6930.000000 1.83490000e+07
6950.000000 1.82388000e+07
6970.000000 1.80645000e+07
6990.000000 1.79875000e+07
7010.000000 1.74902000e+07
7030.000000 1.75997000e+07
7050.000000 1.75144000e+07
7070.000000 1.74049000e+07
7090.000000 1.72731000e+07
7110.000000 1.66693000e+07
7130.000000 1.68131000e+07
7150.000000 1.67420000e+07
7170.000000 1.65769000e+07
7190.000000 1.63820000e+07
7210.000000 1.63782000e+07
7230.000000 1.62092000e+07
7250.000000 1.60231000e+07
7270.000000 1.60912000e+07
7290.000000 1.57691000e+07
7310.000000 1.57534000e+07
7330.000000 1.56711000e+07
7350.000000 1.56187000e+07
7370.000000 1.55375000e+07
7390.000000 1.52528000e+07
7410.000000 1.50313000e+07
7430.000000 1.48467000e+07
7450.000000 1.48431000e+07
7470.000000 1.46753000e+07
7490.000000 1.46656000e+07
7510.000000 1.46403000e+07
7530.000000 1.45646000e+07
7550.000000 1.45629000e+07
7570.000000 1.43743000e+07
7590.000000 1.43189000e+07
7610.000000 1.41917000e+07
7630.000000 1.41226000e+07
7650.000000 1.39542000e+07
7670.000000 1.36984000e+07
7690.000000 1.36852000e+07
7710.000000 1.36194000e+07
7730.000000 1.35799000e+07
7750.000000 1.34240000e+07
7770.000000 1.30810000e+07
7790.000000 1.33622000e+07
7810.000000 1.32154000e+07
7830.000000 1.30079000e+07
7850.000000 1.28463000e+07
7870.000000 1.28456000e+07
7890.000000 1.27000000e+07
7910.000000 1.25552000e+07
7930.000000 1.24345000e+07
7950.000000 1.23428000e+07
7970.000000 1.25051000e+07
7990.000000 1.22419000e+07
8010.000000 1.22678000e+07
8030.000000 1.21121000e+07
8050.000000 1.20863000e+07
8070.000000 1.19929000e+07
8090.000000 1.18865000e+07
8110.000000 1.18984000e+07
8130.000000 1.18490000e+07
8150.000000 1.17535000e+07
8170.000000 1.16757000e+07
8190.000000 1.13098000e+07
8210.000000 1.12425000e+07
8230.000000 1.11902000e+07
8250.000000 1.11703000e+07
8270.000000 1.13053000e+07
8290.000000 1.11982000e+07
8310.000000 1.10608000e+07
8330.000000 1.08753000e+07
8350.000000 1.09443000e+07
8370.000000 1.09131000e+07
8390.000000 1.07674000e+07
8410.000000 1.07285000e+07
8430.000000 1.05918000e+07
8450.000000 1.03365000e+07
8470.000000 1.02751000e+07
8490.000000 1.03930000e+07
8510.000000 9.64971000e+06
8530.000000 1.03392000e+07
8550.000000 8.62016000e+06
8570.000000 1.04984000e+07
8590.000000 9.75876000e+06
8610.000000 9.48784000e+06
8630.000000 1.04622000e+07
8650.000000 1.00674000e+07
8670.000000 7.97624000e+06
8690.000000 9.92807000e+06
8710.000000 1.04710000e+07
8730.000000 1.00963000e+07
8750.000000 8.13170000e+06
8770.000000 9.73846000e+06
8790.000000 1.03895000e+07
8810.000000 1.04001000e+07
8830.000000 9.98828000e+06
8850.000000 9.11827000e+06
8870.000000 7.79920000e+06
8890.000000 9.69088000e+06
8910.000000 1.00788000e+07
8930.000000 1.00450000e+07
8950.000000 1.01436000e+07
8970.000000 9.91116000e+06
8990.000000 9.51937000e+06
9010.000000 7.65431000e+06
9030.000000 8.42942000e+06
9050.000000 9.51960000e+06
9070.000000 9.42912000e+06
9090.000000 9.28099000e+06
9110.000000 9.51991000e+06
9130.000000 9.59756000e+06
9150.000000 9.61144000e+06
9170.000000 9.44054000e+06
9190.000000 9.18226000e+06
9210.000000 8.53130000e+06
9230.000000 6.75472000e+06
9250.000000 8.17500000e+06
9270.000000 8.68119000e+06
9290.000000 9.09957000e+06
9310.000000 9.13180000e+06
9330.000000 9.05244000e+06
9350.000000 9.05038000e+06
9370.000000 9.02509000e+06
9390.000000 8.86064000e+06
9410.000000 8.42224000e+06
9430.000000 8.68014000e+06
9450.000000 8.62319000e+06
9470.000000 8.65066000e+06
9490.000000 8.56780000e+06
9510.000000 8.30603000e+06
9530.000000 7.66891000e+06
9550.000000 6.20760000e+06
9570.000000 7.69050000e+06
9590.000000 8.13731000e+06
9610.000000 8.12346000e+06
9630.000000 7.97560000e+06
9650.000000 8.11492000e+06
9670.000000 7.95569000e+06
9690.000000 7.89239000e+06
9710.000000 8.09126000e+06
9730.000000 8.01625000e+06
9750.000000 7.85222000e+06
9770.000000 7.94127000e+06
9790.000000 7.87898000e+06
9810.000000 7.83750000e+06
9830.000000 7.75183000e+06
9850.000000 7.64312000e+06
9870.000000 7.59709000e+06
9890.000000 7.49476000e+06
9910.000000 7.44996000e+06
9930.000000 7.50021000e+06
9950.000000 7.42176000e+06
9970.000000 7.39315000e+06
9990.000000 7.30696000e+06
10025.000000 6.67013000e+06
10075.000000 6.31720000e+06
10125.000000 6.92195000e+06
10175.000000 6.91995000e+06
10225.000000 6.88703000e+06
10275.000000 6.81445000e+06
10325.000000 6.66097000e+06
10375.000000 6.57593000e+06
10425.000000 6.47799000e+06
10475.000000 6.25458000e+06
10525.000000 6.21366000e+06
10575.000000 6.15538000e+06
10625.000000 6.08757000e+06
10675.000000 5.84356000e+06
10725.000000 5.84652000e+06
10775.000000 5.76578000e+06
10825.000000 5.66184000e+06
10875.000000 5.53345000e+06
10925.000000 4.73296000e+06
10975.000000 5.12249000e+06
11025.000000 5.39289000e+06
11075.000000 5.36796000e+06
11125.000000 5.27050000e+06
11175.000000 5.20474000e+06
11225.000000 5.15190000e+06
11275.000000 4.93858000e+06
11325.000000 4.88919000e+06
11375.000000 4.88939000e+06
11425.000000 4.76732000e+06
11475.000000 4.80855000e+06
11525.000000 4.74763000e+06
11575.000000 4.66172000e+06
11625.000000 4.51633000e+06
11675.000000 4.42632000e+06
11725.000000 4.49031000e+06
11775.000000 4.31179000e+06
11825.000000 4.30073000e+06
11875.000000 4.20554000e+06
11925.000000 4.27182000e+06
11975.000000 4.13350000e+06
12025.000000 4.11926000e+06
12075.000000 4.04413000e+06
12125.000000 3.99829000e+06
12175.000000 3.97009000e+06
12225.000000 3.90315000e+06
12275.000000 3.85166000e+06
12325.000000 3.80262000e+06
12375.000000 3.76236000e+06
12425.000000 3.72897000e+06
12475.000000 3.66428000e+06
12525.000000 3.60674000e+06
12575.000000 3.53404000e+06
12625.000000 3.51414000e+06
12675.000000 3.47639000e+06
12725.000000 3.42865000e+06
12775.000000 3.28483000e+06
12825.000000 2.80278000e+06
12875.000000 3.22105000e+06
12925.000000 3.24488000e+06
12975.000000 3.22529000e+06
13025.000000 3.19014000e+06
13075.000000 3.16359000e+06
13125.000000 3.11022000e+06
13175.000000 3.05432000e+06
13225.000000 3.04333000e+06
13275.000000 2.99886000e+06
13325.000000 2.96940000e+06
13375.000000 2.93039000e+06
13425.000000 2.89397000e+06
13475.000000 2.85946000e+06
13525.000000 2.81323000e+06
13575.000000 2.76924000e+06
13625.000000 2.75261000e+06
13675.000000 2.70995000e+06
13725.000000 2.64705000e+06
13775.000000 2.64017000e+06
13825.000000 2.61461000e+06
13875.000000 2.60069000e+06
13925.000000 2.54455000e+06
13975.000000 2.52348000e+06
14025.000000 2.49575000e+06
14075.000000 2.47520000e+06
14125.000000 2.43259000e+06
14175.000000 2.41246000e+06
14225.000000 2.37450000e+06
14275.000000 2.33977000e+06
14325.000000 2.32494000e+06
14375.000000 2.30861000e+06
14425.000000 2.20863000e+06
14475.000000 2.24410000e+06
14525.000000 2.18064000e+06
14570.000000 2.19328000e+06
14620.000000 2.15909000e+06
14675.000000 2.14364000e+06
14725.000000 2.10461000e+06
14775.000000 2.07192000e+06
14825.000000 2.05951000e+06
14875.000000 2.02389000e+06
14925.000000 2.03539000e+06
14975.000000 1.99729000e+06
15025.000000 1.96900000e+06
15075.000000 1.93739000e+06
15125.000000 1.93696000e+06
15175.000000 1.91849000e+06
15225.000000 1.89063000e+06
15275.000000 1.87133000e+06
15325.000000 1.84534000e+06
15375.000000 1.83145000e+06
15425.000000 1.78207000e+06
15475.000000 1.78457000e+06
15525.000000 1.76841000e+06
15575.000000 1.71126000e+06
15625.000000 1.75371000e+06
15675.000000 1.68980000e+06
15725.000000 1.63931000e+06
15775.000000 1.67828000e+06
15825.000000 1.67266000e+06
15875.000000 1.51624000e+06
15925.000000 1.61562000e+06
15975.000000 1.63918000e+06
16050.000000 1.58339000e+06
16150.000000 1.48570000e+06
16250.000000 1.56577000e+06
16350.000000 1.48100000e+06
16450.000000 1.37918000e+06
16550.000000 1.46963000e+06
16650.000000 1.44374000e+06
16750.000000 1.35713000e+06
16850.000000 1.26190000e+06
16950.000000 1.35336000e+06
17050.000000 1.31835000e+06
17150.000000 1.30033000e+06
17250.000000 1.25023000e+06
17350.000000 1.10361000e+06
17450.000000 1.18042000e+06
17550.000000 1.18315000e+06
17650.000000 1.16053000e+06
17750.000000 1.14112000e+06
17850.000000 1.11624000e+06
17950.000000 1.10142000e+06
18050.000000 1.06274000e+06
18150.000000 9.51560000e+05
18250.000000 9.98994000e+05
18350.000000 1.01006000e+06
18450.000000 9.91165000e+05
18550.000000 9.66538000e+05
18650.000000 9.42348000e+05
18750.000000 8.35687000e+05
18850.000000 9.01029000e+05
18950.000000 8.85240000e+05
19050.000000 8.85261000e+05
19150.000000 8.66620000e+05
19250.000000 8.48093000e+05
19350.000000 8.21611000e+05
19450.000000 7.30818000e+05
19550.000000 7.92852000e+05
19650.000000 7.86315000e+05
19750.000000 7.70414000e+05
19850.000000 7.59334000e+05
19950.000000 7.45569000e+05
20050.000000 7.33015000e+05
20150.000000 7.20896000e+05
20250.000000 7.05387000e+05
20350.000000 6.90621000e+05
20450.000000 6.82478000e+05
20550.000000 6.69251000e+05
20650.000000 6.54904000e+05
20750.000000 6.43654000e+05
20850.000000 6.32885000e+05
20950.000000 6.21141000e+05
21050.000000 6.10815000e+05
21150.000000 5.97456000e+05
21250.000000 5.87700000e+05
21350.000000 5.77199000e+05
21450.000000 5.69029000e+05
21550.000000 5.54383000e+05
21650.000000 4.94909000e+05
21750.000000 5.30083000e+05
21850.000000 5.29495000e+05
21950.000000 5.23869000e+05
22050.000000 5.11860000e+05
22150.000000 5.03739000e+05
22250.000000 4.97783000e+05
22350.000000 4.89334000e+05
22450.000000 4.81322000e+05
22550.000000 4.70128000e+05
22650.000000 4.64260000e+05
22750.000000 4.57465000e+05
22850.000000 4.49516000e+05
22950.000000 4.41423000e+05
23050.000000 4.36112000e+05
23150.000000 4.28507000e+05
23250.000000 4.22613000e+05
23350.000000 4.15422000e+05
23450.000000 4.09235000e+05
23550.000000 4.02853000e+05
23650.000000 3.96793000e+05
23750.000000 3.89271000e+05
23850.000000 3.83530000e+05
23950.000000 3.77917000e+05
24050.000000 3.71472000e+05
24150.000000 3.65475000e+05
24250.000000 3.60578000e+05
24350.000000 3.54032000e+05
24450.000000 3.49113000e+05
24550.000000 3.43068000e+05
24650.000000 3.38244000e+05
24750.000000 3.32693000e+05
24850.000000 3.27843000e+05
24950.000000 3.19768000e+05
25050.000000 3.19555000e+05
25150.000000 3.14565000e+05
25250.000000 3.05053000e+05
25350.000000 3.05172000e+05
25450.000000 3.01429000e+05
25550.000000 2.95207000e+05
25650.000000 2.83079000e+05
25750.000000 2.87515000e+05
25850.000000 2.83530000e+05
25950.000000 2.80935000e+05
26050.000000 2.73192000e+05
26150.000000 2.59003000e+05
26250.000000 2.43638000e+05
26350.000000 2.60723000e+05
26450.000000 2.60996000e+05
26550.000000 2.57617000e+05
26650.000000 2.51152000e+05
26750.000000 2.34536000e+05
26850.000000 2.45136000e+05
26950.000000 2.44689000e+05
27050.000000 2.41462000e+05
27150.000000 2.38639000e+05
27250.000000 2.35267000e+05
27350.000000 2.31531000e+05
27450.000000 2.27272000e+05
27550.000000 2.09990000e+05
27650.000000 2.15072000e+05
27750.000000 2.18549000e+05
27850.000000 2.16531000e+05
27950.000000 2.14015000e+05
28050.000000 2.11055000e+05
28150.000000 2.08160000e+05
28250.000000 2.05320000e+05
28350.000000 2.02754000e+05
28450.000000 1.99381000e+05
28550.000000 1.96476000e+05
28650.000000 1.89938000e+05
28750.000000 1.76386000e+05
28850.000000 1.87319000e+05
28950.000000 1.86341000e+05
29050.000000 1.84668000e+05
29150.000000 1.81705000e+05
29250.000000 1.79509000e+05
29350.000000 1.77562000e+05
29450.000000 1.75177000e+05
29550.000000 1.73044000e+05
29650.000000 1.70846000e+05
29750.000000 1.68601000e+05
29850.000000 1.66514000e+05
29950.000000 1.64144000e+05
30050.000000 1.61993000e+05
30150.000000 1.59743000e+05
30250.000000 1.56972000e+05
30350.000000 1.45719000e+05
30450.000000 1.47770000e+05
30550.000000 1.51325000e+05
30650.000000 1.50075000e+05
30750.000000 1.48439000e+05
30850.000000 1.46128000e+05
30950.000000 1.44651000e+05
31050.000000 1.42865000e+05
31150.000000 1.40493000e+05
31250.000000 1.39317000e+05
31350.000000 1.37544000e+05
31450.000000 1.35989000e+05
31550.000000 1.34489000e+05
31650.000000 1.33035000e+05
31750.000000 1.31156000e+05
31850.000000 1.29888000e+05
31950.000000 1.28297000e+05
32100.000000 1.25949000e+05
32300.000000 1.23116000e+05
32500.000000 1.20172000e+05
32700.000000 1.17110000e+05
32900.000000 1.08497000e+05
33100.000000 1.09913000e+05
33300.000000 1.08746000e+05
33500.000000 1.06545000e+05
33700.000000 1.03851000e+05
33900.000000 1.01571000e+05
34100.000000 9.93167000e+04
34300.000000 9.73389000e+04
34500.000000 9.54698000e+04
34700.000000 9.32586000e+04
34900.000000 9.13175000e+04
35100.000000 8.93410000e+04
35300.000000 8.73792000e+04
35500.000000 8.55215000e+04
35700.000000 8.35905000e+04
35900.000000 8.18638000e+04
36100.000000 8.00631000e+04
36300.000000 7.85400000e+04
36500.000000 7.66353000e+04
36700.000000 7.51898000e+04
36900.000000 7.30849000e+04
37100.000000 7.18310000e+04
37300.000000 6.88153000e+04
37500.000000 6.63392000e+04
37700.000000 6.76119000e+04
37900.000000 6.64098000e+04
38100.000000 6.46711000e+04
38300.000000 6.35917000e+04
38500.000000 6.27065000e+04
38700.000000 6.13306000e+04
38900.000000 5.99522000e+04
39100.000000 5.80689000e+04
39300.000000 5.79038000e+04
39500.000000 5.67877000e+04
39700.000000 5.57700000e+04
39900.000000 5.44195000e+04
40100.000000 5.28285000e+04
40300.000000 5.16119000e+04
40500.000000 4.93463000e+04
40700.000000 5.04454000e+04
40900.000000 4.96402000e+04
41100.000000 4.88951000e+04
41300.000000 4.79854000e+04
41500.000000 4.68306000e+04
41700.000000 4.45236000e+04
41900.000000 4.50802000e+04
42100.000000 4.43830000e+04
42300.000000 4.37769000e+04
42500.000000 4.29508000e+04
42700.000000 4.22085000e+04
42900.000000 4.14535000e+04
43100.000000 4.07026000e+04
43300.000000 3.99357000e+04
43500.000000 3.91671000e+04
43700.000000 3.71188000e+04
43900.000000 3.74128000e+04
44100.000000 3.71245000e+04
44300.000000 3.65482000e+04
44500.000000 3.59103000e+04
44700.000000 3.53540000e+04
44900.000000 3.46997000e+04
45100.000000 3.41277000e+04
45300.000000 3.35352000e+04
45500.000000 3.29717000e+04
45700.000000 3.23771000e+04
45900.000000 3.18273000e+04
46100.000000 3.13124000e+04
46300.000000 3.07033000e+04
46500.000000 2.88090000e+04
46700.000000 2.83866000e+04
46900.000000 2.90835000e+04
47100.000000 2.87844000e+04
47300.000000 2.83546000e+04
47500.000000 2.78642000e+04
47700.000000 2.74224000e+04
47900.000000 2.70100000e+04
48100.000000 2.65709000e+04
48300.000000 2.61446000e+04
48500.000000 2.57292000e+04
48700.000000 2.53214000e+04
48900.000000 2.49209000e+04
49100.000000 2.45073000e+04
49300.000000 2.41368000e+04
49500.000000 2.37561000e+04
49700.000000 2.33838000e+04
49900.000000 2.30273000e+04
50100.000000 2.26682000e+04
50300.000000 2.23052000e+04
50500.000000 2.19826000e+04
50700.000000 2.16468000e+04
50900.000000 2.12691000e+04
51100.000000 2.08562000e+04
51300.000000 1.97291000e+04
51500.000000 2.02793000e+04
51700.000000 2.00071000e+04
51900.000000 1.97609000e+04
52100.000000 1.94873000e+04
52300.000000 1.92008000e+04
52500.000000 1.88771000e+04
52700.000000 1.85700000e+04
52900.000000 1.83706000e+04
53100.000000 1.81122000e+04
53300.000000 1.78466000e+04
53500.000000 1.75779000e+04
53700.000000 1.72277000e+04
53900.000000 1.69963000e+04
54100.000000 1.68336000e+04
54300.000000 1.65833000e+04
54500.000000 1.63565000e+04
54700.000000 1.61075000e+04
54900.000000 1.58928000e+04
55100.000000 1.56139000e+04
55300.000000 1.53003000e+04
55500.000000 1.52147000e+04
55700.000000 1.50170000e+04
55900.000000 1.47783000e+04
56100.000000 1.46049000e+04
56300.000000 1.44039000e+04
56500.000000 1.42124000e+04
56700.000000 1.40127000e+04
56900.000000 1.37852000e+04
57100.000000 1.34231000e+04
57300.000000 1.34029000e+04
57500.000000 1.32689000e+04
57700.000000 1.30888000e+04
57900.000000 1.29041000e+04
58100.000000 1.27395000e+04
58300.000000 1.25658000e+04
58500.000000 1.23931000e+04
58700.000000 1.22169000e+04
58900.000000 1.19745000e+04
59100.000000 1.13564000e+04
59300.000000 1.16817000e+04
59500.000000 1.13319000e+04
59700.000000 1.13428000e+04
59900.000000 1.12840000e+04
60100.000000 1.11444000e+04
60300.000000 1.10229000e+04
60500.000000 1.08822000e+04
60700.000000 1.07380000e+04
60900.000000 1.05975000e+04
61100.000000 1.04495000e+04
61300.000000 1.03364000e+04
61500.000000 1.02065000e+04
61700.000000 1.00771000e+04
61900.000000 9.94423000e+03
62100.000000 9.82557000e+03
62300.000000 9.68339000e+03
62500.000000 9.56374000e+03
62700.000000 9.40527000e+03
62900.000000 9.03705000e+03
63100.000000 9.14732000e+03
63300.000000 9.09234000e+03
63500.000000 8.99591000e+03
63700.000000 8.89225000e+03
63900.000000 8.78067000e+03
64200.000000 8.62395000e+03
64600.000000 8.41285000e+03
65000.000000 8.20798000e+03
65400.000000 8.02050000e+03
65800.000000 7.82670000e+03
66200.000000 7.64172000e+03
66600.000000 7.46594000e+03
67000.000000 7.28920000e+03
67400.000000 7.09330000e+03
67800.000000 6.80095000e+03
68200.000000 6.78912000e+03
68600.000000 6.64325000e+03
69000.000000 6.48946000e+03
69400.000000 6.33837000e+03
69800.000000 6.20307000e+03
70200.000000 6.06500000e+03
70600.000000 5.93109000e+03
71000.000000 5.79831000e+03
71400.000000 5.67596000e+03
71800.000000 5.55217000e+03
72200.000000 5.42477000e+03
72600.000000 5.30311000e+03
73000.000000 5.20161000e+03
73400.000000 5.09074000e+03
73800.000000 4.98438000e+03
74200.000000 4.86441000e+03
74600.000000 4.63902000e+03
75000.000000 4.48512000e+03
75400.000000 4.55588000e+03
75800.000000 4.48314000e+03
76200.000000 4.39545000e+03
76600.000000 4.30575000e+03
77000.000000 4.21773000e+03
77400.000000 4.13105000e+03
77800.000000 4.02519000e+03
78200.000000 3.96742000e+03
78600.000000 3.89159000e+03
79000.000000 3.81462000e+03
79400.000000 3.73893000e+03
79800.000000 3.66522000e+03
80200.000000 3.59255000e+03
80600.000000 3.52289000e+03
81000.000000 3.45614000e+03
81400.000000 3.36142000e+03
81800.000000 3.31213000e+03
82200.000000 3.26140000e+03
82600.000000 3.19958000e+03
83000.000000 3.13890000e+03
83400.000000 3.07696000e+03
83800.000000 3.01869000e+03
84200.000000 2.96441000e+03
84600.000000 2.91107000e+03
85000.000000 2.85809000e+03
85400.000000 2.80477000e+03
85800.000000 2.75381000e+03
86200.000000 2.70088000e+03
86600.000000 2.61682000e+03
87000.000000 2.59973000e+03
87400.000000 2.52134000e+03
87800.000000 2.47682000e+03
88200.000000 2.46777000e+03
88600.000000 2.42471000e+03
89000.000000 2.38247000e+03
89400.000000 2.34135000e+03
89800.000000 2.29905000e+03
90200.000000 2.25958000e+03
90600.000000 2.22145000e+03
91000.000000 2.18176000e+03
91400.000000 2.14481000e+03
91800.000000 2.10868000e+03
92200.000000 2.07291000e+03
92600.000000 2.03708000e+03
93000.000000 2.00339000e+03
93400.000000 1.96795000e+03
93800.000000 1.90162000e+03
94200.000000 1.89446000e+03
94600.000000 1.87233000e+03
95000.000000 1.84007000e+03
95400.000000 1.80882000e+03
95800.000000 1.78167000e+03
96200.000000 1.75191000e+03
96600.000000 1.72407000e+03
97000.000000 1.69610000e+03
97400.000000 1.66775000e+03
97800.000000 1.64137000e+03
98200.000000 1.61400000e+03
98600.000000 1.58656000e+03
99000.000000 1.56450000e+03
99400.000000 1.53943000e+03
99800.000000 1.51489000e+03
100200.000000 1.49108000e+03
200000.000000 9.52937000e+01
400000.000000 5.91512000e+00
600000.000000 1.15677000e+00
800000.000000 3.62855000e-01
1000000.000000 1.47523000e-01
1200000.000000 7.06917000e-02
1400000.000000 3.79459000e-02
1600000.000000 2.21358000e-02
