# Kurucz ODFNEW /NOVER, alpha: 0.0 (2003)
# teff = 33000 K (value for the effective temperature for the model. Temperatures are given in K)
# logg = 4 log(cm/s2) (value for Log(G) for the model.)
# lh = 1.25  (l/Hp where l is the  mixing length of the convective element and Hp is the pressure scale height)
# meta = 0  (value for the Metallicity for the model.)
# vtur = 2 km/s (Microturbulence velocity)
# alpha = 0  (Alpha)
#
# column 1: WAVELENGTH (ANGSTROM), Wavelength in Angstrom
# column 2: FLUX (ERG/CM2/S/A), Flux in erg/cm2/s/A
147.200000 4.93553000e-06
151.000000 1.31099000e-05
155.200000 3.64654000e-05
158.800000 8.40198000e-05
162.000000 1.71168000e-04
166.000000 4.01748000e-04
170.300000 9.60266000e-04
173.400000 1.75876000e-03
176.800000 3.34122000e-03
180.200000 6.18078000e-03
181.700000 8.08565000e-03
186.100000 1.71465000e-02
191.000000 3.81304000e-02
193.900000 6.00337000e-02
198.400000 1.18763000e-01
201.800000 1.94594000e-01
205.000000 3.05355000e-01
210.500000 6.43378000e-01
216.200000 1.33323000e+00
219.800000 2.09037000e+00
223.000000 3.06867000e+00
226.800000 4.78882000e+00
230.000000 4.13042000e+03
234.000000 9.22903000e+03
240.000000 1.40090000e+04
246.500000 2.27158000e+04
252.400000 3.64531000e+04
256.800000 4.87291000e+04
260.000000 8.91389000e+04
264.000000 1.70635000e+05
268.500000 2.55864000e+05
273.500000 3.35904000e+05
278.500000 3.92154000e+05
284.000000 7.85631000e+05
290.000000 1.09574000e+06
296.000000 1.37240000e+06
301.000000 2.63762000e+06
308.000000 5.62966000e+06
318.000000 1.32629000e+07
328.000000 1.83312000e+07
338.000000 3.34837000e+07
348.000000 5.04166000e+07
357.000000 9.47432000e+07
366.000000 1.86821000e+08
375.000000 2.09198000e+08
385.000000 2.75790000e+08
395.000000 4.41475000e+08
405.000000 5.38848000e+08
414.000000 6.31971000e+08
422.000000 6.95901000e+08
430.000000 7.48202000e+08
441.000000 9.06970000e+08
451.000000 9.78992000e+08
460.000000 9.91318000e+08
470.000000 1.14323000e+09
480.000000 1.32529000e+09
490.000000 1.34509000e+09
500.000000 1.63380000e+09
506.000000 2.75989000e+09
512.000000 1.45277000e+10
520.000000 1.37012000e+10
530.000000 1.21181000e+10
540.000000 1.10832000e+10
550.000000 1.22870000e+10
560.000000 1.62152000e+10
570.000000 1.76375000e+10
580.000000 1.62809000e+10
590.000000 1.69653000e+10
600.000000 1.30568000e+10
610.000000 1.58913000e+10
620.000000 1.94010000e+10
630.000000 1.86239000e+10
640.000000 1.90011000e+10
650.000000 1.81820000e+10
658.000000 1.49182000e+10
665.000000 1.80380000e+10
675.000000 2.04279000e+10
685.000000 1.57436000e+10
695.000000 2.06730000e+10
705.000000 1.60818000e+10
716.000000 2.19355000e+10
726.000000 2.14433000e+10
735.000000 2.15365000e+10
745.000000 1.99488000e+10
755.000000 1.99658000e+10
765.000000 1.98232000e+10
775.000000 2.07117000e+10
785.000000 2.08813000e+10
795.000000 2.13017000e+10
805.000000 2.02810000e+10
815.000000 2.01369000e+10
825.000000 2.11400000e+10
835.000000 1.70770000e+10
845.000000 2.00947000e+10
855.000000 1.98237000e+10
865.000000 2.03841000e+10
875.000000 2.03888000e+10
885.000000 2.05444000e+10
895.000000 2.05605000e+10
905.000000 1.99003000e+10
915.000000 2.09422000e+10
925.000000 5.21928000e+10
935.000000 7.62875000e+10
945.000000 9.01468000e+10
955.000000 9.57494000e+10
965.000000 1.03881000e+11
975.000000 5.26876000e+10
985.000000 8.54822000e+10
995.000000 7.81903000e+10
1005.000000 8.03122000e+10
1015.000000 8.38424000e+10
1025.000000 7.20990000e+10
1035.000000 8.21351000e+10
1045.000000 9.07890000e+10
1055.000000 8.68015000e+10
1065.000000 7.78685000e+10
1075.000000 7.90639000e+10
1085.000000 7.36002000e+10
1095.000000 7.68210000e+10
1105.000000 7.37523000e+10
1115.000000 7.23899000e+10
1125.000000 6.19704000e+10
1135.000000 6.95687000e+10
1145.000000 6.75226000e+10
1155.000000 6.40513000e+10
1165.000000 6.20293000e+10
1175.000000 4.35471000e+10
1185.000000 5.65084000e+10
1195.000000 5.49994000e+10
1205.000000 5.31148000e+10
1215.000000 4.44733000e+10
1225.000000 5.10331000e+10
1235.000000 5.38162000e+10
1245.000000 5.18833000e+10
1255.000000 5.15956000e+10
1265.000000 5.26594000e+10
1275.000000 5.36928000e+10
1285.000000 5.33783000e+10
1295.000000 5.05713000e+10
1305.000000 4.98656000e+10
1315.000000 5.17200000e+10
1325.000000 5.00453000e+10
1335.000000 4.84994000e+10
1345.000000 4.86014000e+10
1355.000000 4.69941000e+10
1365.000000 4.56247000e+10
1375.000000 4.42780000e+10
1385.000000 4.30753000e+10
1395.000000 3.62438000e+10
1405.000000 3.63652000e+10
1415.000000 4.09934000e+10
1425.000000 3.69267000e+10
1435.000000 3.89751000e+10
1442.000000 3.83675000e+10
1447.000000 3.81802000e+10
1455.000000 3.64695000e+10
1465.000000 3.58013000e+10
1475.000000 3.58162000e+10
1485.000000 3.57762000e+10
1495.000000 3.46115000e+10
1505.000000 3.40167000e+10
1512.000000 3.33778000e+10
1517.000000 3.34970000e+10
1525.000000 3.23042000e+10
1535.000000 2.86949000e+10
1545.000000 2.42023000e+10
1555.000000 2.44295000e+10
1565.000000 2.72008000e+10
1575.000000 2.83630000e+10
1585.000000 2.84141000e+10
1595.000000 2.80989000e+10
1605.000000 2.64176000e+10
1615.000000 2.53360000e+10
1625.000000 2.58170000e+10
1635.000000 2.58981000e+10
1645.000000 2.55689000e+10
1655.000000 2.58152000e+10
1665.000000 2.53674000e+10
1672.000000 2.35006000e+10
1677.000000 2.68984000e+10
1685.000000 2.56816000e+10
1695.000000 2.48603000e+10
1705.000000 2.45384000e+10
1715.000000 2.34564000e+10
1725.000000 2.27282000e+10
1735.000000 2.34130000e+10
1745.000000 2.31059000e+10
1755.000000 2.26550000e+10
1765.000000 2.23893000e+10
1775.000000 2.17073000e+10
1785.000000 2.18821000e+10
1795.000000 2.13151000e+10
1805.000000 2.12206000e+10
1815.000000 2.07015000e+10
1825.000000 2.03317000e+10
1835.000000 2.03053000e+10
1845.000000 1.94683000e+10
1855.000000 1.95436000e+10
1865.000000 1.94407000e+10
1875.000000 1.89864000e+10
1885.000000 1.82235000e+10
1895.000000 1.79792000e+10
1905.000000 1.82332000e+10
1915.000000 1.77762000e+10
1925.000000 1.67766000e+10
1935.000000 1.75062000e+10
1945.000000 1.75487000e+10
1955.000000 1.62184000e+10
1967.000000 1.67426000e+10
1976.000000 1.68828000e+10
1984.000000 1.64378000e+10
1995.000000 1.59588000e+10
2005.000000 1.61740000e+10
2015.000000 1.60584000e+10
2025.000000 1.59259000e+10
2035.000000 1.54195000e+10
2045.000000 1.51763000e+10
2055.000000 1.22653000e+10
2065.000000 1.18508000e+10
2074.000000 1.23490000e+10
2078.000000 1.23434000e+10
2085.000000 1.32260000e+10
2095.000000 1.37902000e+10
2105.000000 1.38873000e+10
2115.000000 1.39753000e+10
2125.000000 1.36972000e+10
2135.000000 1.35907000e+10
2145.000000 1.33562000e+10
2155.000000 1.33412000e+10
2165.000000 1.27899000e+10
2175.000000 1.29958000e+10
2185.000000 1.26026000e+10
2195.000000 1.27523000e+10
2205.000000 1.25547000e+10
2215.000000 1.21099000e+10
2225.000000 1.21626000e+10
2235.000000 1.19816000e+10
2245.000000 1.17854000e+10
2255.000000 1.14411000e+10
2265.000000 1.14886000e+10
2275.000000 1.13638000e+10
2285.000000 1.11030000e+10
2295.000000 1.02068000e+10
2305.000000 1.06190000e+10
2315.000000 1.06027000e+10
2325.000000 1.05340000e+10
2335.000000 1.03741000e+10
2345.000000 1.02249000e+10
2355.000000 1.00370000e+10
2365.000000 9.88496000e+09
2375.000000 9.69503000e+09
2385.000000 9.32051000e+09
2395.000000 9.36040000e+09
2405.000000 9.32115000e+09
2415.000000 9.20406000e+09
2425.000000 9.13151000e+09
2435.000000 8.97661000e+09
2445.000000 8.87119000e+09
2455.000000 8.74406000e+09
2465.000000 8.63172000e+09
2475.000000 8.51844000e+09
2485.000000 8.29263000e+09
2495.000000 6.56505000e+09
2505.000000 7.98123000e+09
2513.000000 7.69486000e+09
2518.000000 7.84139000e+09
2525.000000 7.95220000e+09
2535.000000 7.88841000e+09
2545.000000 7.74977000e+09
2555.000000 7.65171000e+09
2565.000000 7.56983000e+09
2575.000000 7.47081000e+09
2585.000000 7.37986000e+09
2595.000000 7.24757000e+09
2605.000000 7.20924000e+09
2615.000000 7.07653000e+09
2625.000000 7.01998000e+09
2635.000000 6.94455000e+09
2645.000000 6.83291000e+09
2655.000000 6.75855000e+09
2665.000000 6.63313000e+09
2675.000000 6.49045000e+09
2685.000000 6.49654000e+09
2695.000000 6.36905000e+09
2705.000000 6.32257000e+09
2715.000000 6.22599000e+09
2725.000000 6.16161000e+09
2735.000000 6.00231000e+09
2745.000000 6.03865000e+09
2755.000000 5.96064000e+09
2765.000000 5.86587000e+09
2775.000000 5.83394000e+09
2785.000000 5.73918000e+09
2795.000000 5.58341000e+09
2805.000000 5.58868000e+09
2815.000000 5.54999000e+09
2825.000000 5.46970000e+09
2835.000000 5.38431000e+09
2845.000000 5.35909000e+09
2855.000000 5.28741000e+09
2865.000000 5.20605000e+09
2875.000000 5.15258000e+09
2885.000000 5.09610000e+09
2895.000000 5.03623000e+09
2910.000000 4.92883000e+09
2930.000000 4.83939000e+09
2950.000000 4.70776000e+09
2970.000000 4.60486000e+09
2990.000000 4.47477000e+09
3010.000000 4.36353000e+09
3030.000000 4.25318000e+09
3050.000000 4.18260000e+09
3070.000000 4.10350000e+09
3090.000000 3.99373000e+09
3110.000000 3.92929000e+09
3130.000000 3.83405000e+09
3150.000000 3.75833000e+09
3170.000000 3.67211000e+09
3190.000000 3.59315000e+09
3210.000000 3.49214000e+09
3230.000000 3.44220000e+09
3250.000000 3.37999000e+09
3270.000000 3.28377000e+09
3290.000000 3.22918000e+09
3310.000000 3.15950000e+09
3330.000000 3.08840000e+09
3350.000000 3.01232000e+09
3370.000000 2.95770000e+09
3390.000000 2.91219000e+09
3410.000000 2.85062000e+09
3430.000000 2.79467000e+09
3450.000000 2.72489000e+09
3470.000000 2.67977000e+09
3490.000000 2.62626000e+09
3510.000000 2.57773000e+09
3530.000000 2.52829000e+09
3550.000000 2.47686000e+09
3570.000000 2.43255000e+09
3590.000000 2.37635000e+09
3610.000000 2.32763000e+09
3630.000000 2.28387000e+09
3640.000000 2.25240000e+09
3650.000000 2.12654000e+09
3670.000000 2.09137000e+09
3690.000000 2.05266000e+09
3710.000000 2.00034000e+09
3730.000000 1.96768000e+09
3750.000000 1.98648000e+09
3770.000000 1.96527000e+09
3790.000000 2.00160000e+09
3810.000000 2.02925000e+09
3830.000000 1.87226000e+09
3850.000000 2.00294000e+09
3870.000000 1.95721000e+09
3890.000000 1.76981000e+09
3910.000000 1.92607000e+09
3930.000000 1.86973000e+09
3950.000000 1.83725000e+09
3970.000000 1.63287000e+09
3990.000000 1.78685000e+09
4010.000000 1.75321000e+09
4030.000000 1.69363000e+09
4050.000000 1.69863000e+09
4070.000000 1.64520000e+09
4090.000000 1.57494000e+09
4110.000000 1.46465000e+09
4130.000000 1.56327000e+09
4150.000000 1.54098000e+09
4170.000000 1.52642000e+09
4190.000000 1.49790000e+09
4210.000000 1.46665000e+09
4230.000000 1.45370000e+09
4250.000000 1.42086000e+09
4270.000000 1.39128000e+09
4290.000000 1.37072000e+09
4310.000000 1.33923000e+09
4330.000000 1.27931000e+09
4350.000000 1.20151000e+09
4370.000000 1.27730000e+09
4390.000000 1.24858000e+09
4410.000000 1.23459000e+09
4430.000000 1.22264000e+09
4450.000000 1.20150000e+09
4470.000000 1.16494000e+09
4490.000000 1.16388000e+09
4510.000000 1.13881000e+09
4530.000000 1.12470000e+09
4550.000000 1.09852000e+09
4570.000000 1.09213000e+09
4590.000000 1.07148000e+09
4610.000000 1.05458000e+09
4630.000000 1.03243000e+09
4650.000000 9.86962000e+08
4670.000000 1.00138000e+09
4690.000000 9.74241000e+08
4710.000000 9.67241000e+08
4730.000000 9.66067000e+08
4750.000000 9.50385000e+08
4770.000000 9.37945000e+08
4790.000000 9.23380000e+08
4810.000000 9.08244000e+08
4830.000000 8.92599000e+08
4850.000000 8.59963000e+08
4870.000000 7.94110000e+08
4890.000000 8.52270000e+08
4910.000000 8.40262000e+08
4930.000000 8.19260000e+08
4950.000000 8.13975000e+08
4970.000000 8.05440000e+08
4990.000000 7.93519000e+08
5010.000000 7.72337000e+08
5030.000000 7.68396000e+08
5050.000000 7.55896000e+08
5070.000000 7.47878000e+08
5090.000000 7.36865000e+08
5110.000000 7.26015000e+08
5130.000000 7.14940000e+08
5150.000000 7.04710000e+08
5170.000000 6.94589000e+08
5190.000000 6.85092000e+08
5210.000000 6.75651000e+08
5230.000000 6.66059000e+08
5250.000000 6.55226000e+08
5270.000000 6.45880000e+08
5290.000000 6.38313000e+08
5310.000000 6.29252000e+08
5330.000000 6.20507000e+08
5350.000000 6.12007000e+08
5370.000000 6.03537000e+08
5390.000000 5.94995000e+08
5410.000000 5.81555000e+08
5430.000000 5.79017000e+08
5450.000000 5.71046000e+08
5470.000000 5.63113000e+08
5490.000000 5.55518000e+08
5510.000000 5.47832000e+08
5530.000000 5.40575000e+08
5550.000000 5.33530000e+08
5570.000000 5.26124000e+08
5590.000000 5.18158000e+08
5610.000000 5.12471000e+08
5630.000000 5.05675000e+08
5650.000000 4.98856000e+08
5670.000000 4.91781000e+08
5690.000000 4.79672000e+08
5710.000000 4.65861000e+08
5730.000000 4.60090000e+08
5750.000000 4.53796000e+08
5770.000000 4.48687000e+08
5790.000000 4.42963000e+08
5810.000000 4.36816000e+08
5830.000000 4.31773000e+08
5850.000000 4.28187000e+08
5870.000000 4.16517000e+08
5890.000000 4.18797000e+08
5910.000000 4.15061000e+08
5930.000000 4.10949000e+08
5950.000000 4.07137000e+08
5970.000000 4.03790000e+08
5990.000000 3.99555000e+08
6010.000000 3.95408000e+08
6030.000000 3.90200000e+08
6050.000000 3.85535000e+08
6070.000000 3.80882000e+08
6090.000000 3.76322000e+08
6110.000000 3.71491000e+08
6130.000000 3.67006000e+08
6150.000000 3.62232000e+08
6170.000000 3.57631000e+08
6190.000000 3.53859000e+08
6210.000000 3.49678000e+08
6230.000000 3.45068000e+08
6250.000000 3.41060000e+08
6270.000000 3.37153000e+08
6290.000000 3.33175000e+08
6310.000000 3.28445000e+08
6330.000000 3.25273000e+08
6350.000000 3.21237000e+08
6370.000000 3.17608000e+08
6390.000000 3.13842000e+08
6410.000000 3.09512000e+08
6430.000000 3.06542000e+08
6450.000000 3.02787000e+08
6470.000000 2.98956000e+08
6490.000000 2.95623000e+08
6510.000000 2.92236000e+08
6530.000000 2.87648000e+08
6550.000000 2.81714000e+08
6570.000000 2.57973000e+08
6590.000000 2.77966000e+08
6610.000000 2.75890000e+08
6630.000000 2.72874000e+08
6650.000000 2.69719000e+08
6670.000000 2.64555000e+08
6690.000000 2.60998000e+08
6710.000000 2.60273000e+08
6730.000000 2.57214000e+08
6750.000000 2.54560000e+08
6770.000000 2.52030000e+08
6790.000000 2.48971000e+08
6810.000000 2.46487000e+08
6830.000000 2.43737000e+08
6850.000000 2.41047000e+08
6870.000000 2.38297000e+08
6890.000000 2.34654000e+08
6910.000000 2.32879000e+08
6930.000000 2.30690000e+08
6950.000000 2.28163000e+08
6970.000000 2.25685000e+08
6990.000000 2.23223000e+08
7010.000000 2.20671000e+08
7030.000000 2.17991000e+08
7050.000000 2.15877000e+08
7070.000000 2.11251000e+08
7090.000000 2.11455000e+08
7110.000000 2.09074000e+08
7130.000000 2.06873000e+08
7150.000000 2.04781000e+08
7170.000000 2.02006000e+08
7190.000000 2.00199000e+08
7210.000000 1.98351000e+08
7230.000000 1.95446000e+08
7250.000000 1.94068000e+08
7270.000000 1.92168000e+08
7290.000000 1.89123000e+08
7310.000000 1.88118000e+08
7330.000000 1.86209000e+08
7350.000000 1.84290000e+08
7370.000000 1.82383000e+08
7390.000000 1.80521000e+08
7410.000000 1.78642000e+08
7430.000000 1.76829000e+08
7450.000000 1.74964000e+08
7470.000000 1.73070000e+08
7490.000000 1.71099000e+08
7510.000000 1.69688000e+08
7530.000000 1.67984000e+08
7550.000000 1.66322000e+08
7570.000000 1.64616000e+08
7590.000000 1.62154000e+08
7610.000000 1.61147000e+08
7630.000000 1.59669000e+08
7650.000000 1.58101000e+08
7670.000000 1.56586000e+08
7690.000000 1.54792000e+08
7710.000000 1.53362000e+08
7730.000000 1.51693000e+08
7750.000000 1.50447000e+08
7770.000000 1.48993000e+08
7790.000000 1.47547000e+08
7810.000000 1.46057000e+08
7830.000000 1.44666000e+08
7850.000000 1.43227000e+08
7870.000000 1.41782000e+08
7890.000000 1.40405000e+08
7910.000000 1.39178000e+08
7930.000000 1.37800000e+08
7950.000000 1.36535000e+08
7970.000000 1.35139000e+08
7990.000000 1.33903000e+08
8010.000000 1.32601000e+08
8030.000000 1.31293000e+08
8050.000000 1.30100000e+08
8070.000000 1.28889000e+08
8090.000000 1.27556000e+08
8110.000000 1.26149000e+08
8130.000000 1.25278000e+08
8150.000000 1.23984000e+08
8170.000000 1.22909000e+08
8190.000000 1.21428000e+08
8210.000000 1.18869000e+08
8230.000000 1.17452000e+08
8250.000000 1.16806000e+08
8270.000000 1.15399000e+08
8290.000000 1.14684000e+08
8310.000000 1.13707000e+08
8330.000000 1.12483000e+08
8350.000000 1.11183000e+08
8370.000000 1.10470000e+08
8390.000000 1.09628000e+08
8410.000000 1.08628000e+08
8430.000000 1.07657000e+08
8450.000000 1.06383000e+08
8470.000000 1.05729000e+08
8490.000000 1.04792000e+08
8510.000000 1.03421000e+08
8530.000000 1.03066000e+08
8550.000000 1.01487000e+08
8570.000000 1.01839000e+08
8590.000000 9.93644000e+07
8610.000000 9.88118000e+07
8630.000000 9.97252000e+07
8650.000000 9.79051000e+07
8670.000000 9.41812000e+07
8690.000000 9.73052000e+07
8710.000000 9.70376000e+07
8730.000000 9.52144000e+07
8750.000000 8.94851000e+07
8770.000000 9.29959000e+07
8790.000000 9.40993000e+07
8810.000000 9.34493000e+07
8830.000000 9.24467000e+07
8850.000000 8.89317000e+07
8870.000000 8.42695000e+07
8890.000000 8.96776000e+07
8910.000000 8.95222000e+07
8930.000000 8.88099000e+07
8950.000000 8.81501000e+07
8970.000000 8.73547000e+07
8990.000000 8.57033000e+07
9010.000000 7.92857000e+07
9030.000000 8.17717000e+07
9050.000000 8.41429000e+07
9070.000000 8.32639000e+07
9090.000000 8.29389000e+07
9110.000000 8.24027000e+07
9130.000000 8.17483000e+07
9150.000000 8.10763000e+07
9170.000000 8.02481000e+07
9190.000000 7.94799000e+07
9210.000000 7.72209000e+07
9230.000000 7.07576000e+07
9250.000000 7.60482000e+07
9270.000000 7.67944000e+07
9290.000000 7.63725000e+07
9310.000000 7.55970000e+07
9330.000000 7.50958000e+07
9350.000000 7.39906000e+07
9370.000000 7.38381000e+07
9390.000000 7.33103000e+07
9410.000000 7.26501000e+07
9430.000000 7.20881000e+07
9450.000000 7.15091000e+07
9470.000000 7.07159000e+07
9490.000000 7.03219000e+07
9510.000000 6.91517000e+07
9530.000000 6.72689000e+07
9550.000000 6.18778000e+07
9570.000000 6.70738000e+07
9590.000000 6.73760000e+07
9610.000000 6.68715000e+07
9630.000000 6.62366000e+07
9650.000000 6.59623000e+07
9670.000000 6.54480000e+07
9690.000000 6.48932000e+07
9710.000000 6.33915000e+07
9730.000000 6.37480000e+07
9750.000000 6.33757000e+07
9770.000000 6.28205000e+07
9790.000000 6.23794000e+07
9810.000000 6.18748000e+07
9830.000000 6.13971000e+07
9850.000000 6.09073000e+07
9870.000000 6.04287000e+07
9890.000000 5.99149000e+07
9910.000000 5.93396000e+07
9930.000000 5.90358000e+07
9950.000000 5.85780000e+07
9970.000000 5.81045000e+07
9990.000000 5.76682000e+07
10025.000000 5.54407000e+07
10075.000000 5.37784000e+07
10125.000000 5.42408000e+07
10175.000000 5.37090000e+07
10225.000000 5.26697000e+07
10275.000000 5.16909000e+07
10325.000000 5.05907000e+07
10375.000000 4.97928000e+07
10425.000000 4.88345000e+07
10475.000000 4.79677000e+07
10525.000000 4.70811000e+07
10575.000000 4.62226000e+07
10625.000000 4.53815000e+07
10675.000000 4.45177000e+07
10725.000000 4.37597000e+07
10775.000000 4.29716000e+07
10825.000000 4.18747000e+07
10875.000000 4.14077000e+07
10925.000000 3.85549000e+07
10975.000000 3.95275000e+07
11025.000000 3.91697000e+07
11075.000000 3.86019000e+07
11125.000000 3.79360000e+07
11175.000000 3.72866000e+07
11225.000000 3.66293000e+07
11275.000000 3.60088000e+07
11325.000000 3.53802000e+07
11375.000000 3.47845000e+07
11425.000000 3.41950000e+07
11475.000000 3.36201000e+07
11525.000000 3.30596000e+07
11575.000000 3.24962000e+07
11625.000000 3.18632000e+07
11675.000000 3.13670000e+07
11725.000000 3.09110000e+07
11775.000000 3.04018000e+07
11825.000000 2.98920000e+07
11875.000000 2.94084000e+07
11925.000000 2.89318000e+07
11975.000000 2.82546000e+07
12025.000000 2.80045000e+07
12075.000000 2.75508000e+07
12125.000000 2.71011000e+07
12175.000000 2.66808000e+07
12225.000000 2.62563000e+07
12275.000000 2.58403000e+07
12325.000000 2.54302000e+07
12375.000000 2.50307000e+07
12425.000000 2.46418000e+07
12475.000000 2.42558000e+07
12525.000000 2.38419000e+07
12575.000000 2.35040000e+07
12625.000000 2.31456000e+07
12675.000000 2.27931000e+07
12725.000000 2.24434000e+07
12775.000000 2.18625000e+07
12825.000000 2.06069000e+07
12875.000000 2.13828000e+07
12925.000000 2.11149000e+07
12975.000000 2.07101000e+07
13025.000000 2.04792000e+07
13075.000000 2.01819000e+07
13125.000000 1.98825000e+07
13175.000000 1.95884000e+07
13225.000000 1.92997000e+07
13275.000000 1.90165000e+07
13325.000000 1.87364000e+07
13375.000000 1.84616000e+07
13425.000000 1.81847000e+07
13475.000000 1.79319000e+07
13525.000000 1.76698000e+07
13575.000000 1.74203000e+07
13625.000000 1.71652000e+07
13675.000000 1.69259000e+07
13725.000000 1.66772000e+07
13775.000000 1.64498000e+07
13825.000000 1.62177000e+07
13875.000000 1.59889000e+07
13925.000000 1.57598000e+07
13975.000000 1.55440000e+07
14025.000000 1.53242000e+07
14075.000000 1.51163000e+07
14125.000000 1.49060000e+07
14175.000000 1.47013000e+07
14225.000000 1.45002000e+07
14275.000000 1.43010000e+07
14325.000000 1.41062000e+07
14375.000000 1.39144000e+07
14425.000000 1.37266000e+07
14475.000000 1.35414000e+07
14525.000000 1.33585000e+07
14570.000000 1.31976000e+07
14620.000000 1.30192000e+07
14675.000000 1.28293000e+07
14725.000000 1.26589000e+07
14775.000000 1.24690000e+07
14825.000000 1.23281000e+07
14875.000000 1.21665000e+07
14925.000000 1.20077000e+07
14975.000000 1.18510000e+07
15025.000000 1.16960000e+07
15075.000000 1.15317000e+07
15125.000000 1.13958000e+07
15175.000000 1.12485000e+07
15225.000000 1.11045000e+07
15275.000000 1.09595000e+07
15325.000000 1.08177000e+07
15375.000000 1.06835000e+07
15425.000000 1.05366000e+07
15475.000000 1.04139000e+07
15525.000000 1.02803000e+07
15575.000000 1.01268000e+07
15625.000000 1.00399000e+07
15675.000000 9.88229000e+06
15725.000000 9.73529000e+06
15775.000000 9.67671000e+06
15825.000000 9.55232000e+06
15875.000000 9.31555000e+06
15925.000000 9.29577000e+06
15975.000000 9.21996000e+06
16050.000000 9.02533000e+06
16150.000000 8.73134000e+06
16250.000000 8.64175000e+06
16350.000000 8.38417000e+06
16450.000000 8.08875000e+06
16550.000000 8.04067000e+06
16650.000000 7.85197000e+06
16750.000000 7.61401000e+06
16850.000000 7.33549000e+06
16950.000000 7.31764000e+06
17050.000000 7.12268000e+06
17150.000000 6.98721000e+06
17250.000000 6.82617000e+06
17350.000000 6.48577000e+06
17450.000000 6.51013000e+06
17550.000000 6.37927000e+06
17650.000000 6.23778000e+06
17750.000000 6.09977000e+06
17850.000000 5.96482000e+06
17950.000000 5.83599000e+06
18050.000000 5.70918000e+06
18150.000000 5.42732000e+06
18250.000000 5.44130000e+06
18350.000000 5.34916000e+06
18450.000000 5.23522000e+06
18550.000000 5.12123000e+06
18650.000000 4.97667000e+06
18750.000000 4.76266000e+06
18850.000000 4.80790000e+06
18950.000000 4.70935000e+06
19050.000000 4.60117000e+06
19150.000000 4.51863000e+06
19250.000000 4.42656000e+06
19350.000000 4.33213000e+06
19450.000000 4.10705000e+06
19550.000000 4.15602000e+06
19650.000000 4.08056000e+06
19750.000000 3.99945000e+06
19850.000000 3.92025000e+06
19950.000000 3.84299000e+06
20050.000000 3.76783000e+06
20150.000000 3.69434000e+06
20250.000000 3.62267000e+06
20350.000000 3.55267000e+06
20450.000000 3.48360000e+06
20550.000000 3.41285000e+06
20650.000000 3.35266000e+06
20750.000000 3.28901000e+06
20850.000000 3.22704000e+06
20950.000000 3.16635000e+06
21050.000000 3.10700000e+06
21150.000000 3.04114000e+06
21250.000000 2.99298000e+06
21350.000000 2.93782000e+06
21450.000000 2.88339000e+06
21550.000000 2.82894000e+06
21650.000000 2.68207000e+06
21750.000000 2.72380000e+06
21850.000000 2.67912000e+06
21950.000000 2.63217000e+06
22050.000000 2.58518000e+06
22150.000000 2.53916000e+06
22250.000000 2.49394000e+06
22350.000000 2.45025000e+06
22450.000000 2.40724000e+06
22550.000000 2.36520000e+06
22650.000000 2.32402000e+06
22750.000000 2.28376000e+06
22850.000000 2.24419000e+06
22950.000000 2.20572000e+06
23050.000000 2.16776000e+06
23150.000000 2.13115000e+06
23250.000000 2.09508000e+06
23350.000000 2.05977000e+06
23450.000000 2.02518000e+06
23550.000000 1.99124000e+06
23650.000000 1.95807000e+06
23750.000000 1.92558000e+06
23850.000000 1.89377000e+06
23950.000000 1.86256000e+06
24050.000000 1.83199000e+06
24150.000000 1.80199000e+06
24250.000000 1.77236000e+06
24350.000000 1.74392000e+06
24450.000000 1.71557000e+06
24550.000000 1.68824000e+06
24650.000000 1.66081000e+06
24750.000000 1.63272000e+06
24850.000000 1.61057000e+06
24950.000000 1.58135000e+06
25050.000000 1.56040000e+06
25150.000000 1.53593000e+06
25250.000000 1.50636000e+06
25350.000000 1.48775000e+06
25450.000000 1.46643000e+06
25550.000000 1.44158000e+06
25650.000000 1.41221000e+06
25750.000000 1.39843000e+06
25850.000000 1.37833000e+06
25950.000000 1.35732000e+06
26050.000000 1.33237000e+06
26150.000000 1.29978000e+06
26250.000000 1.24922000e+06
26350.000000 1.27356000e+06
26450.000000 1.25813000e+06
26550.000000 1.23857000e+06
26650.000000 1.21842000e+06
26750.000000 1.18416000e+06
26850.000000 1.18236000e+06
26950.000000 1.16784000e+06
27050.000000 1.15078000e+06
27150.000000 1.13399000e+06
27250.000000 1.11756000e+06
27350.000000 1.10140000e+06
27450.000000 1.08469000e+06
27550.000000 1.05017000e+06
27650.000000 1.04703000e+06
27750.000000 1.03954000e+06
27850.000000 1.02476000e+06
27950.000000 1.01025000e+06
28050.000000 9.95974000e+05
28150.000000 9.82017000e+05
28250.000000 9.68232000e+05
28350.000000 9.54711000e+05
28450.000000 9.41448000e+05
28550.000000 9.28071000e+05
28650.000000 9.10726000e+05
28750.000000 8.80427000e+05
28850.000000 8.89316000e+05
28950.000000 8.78328000e+05
29050.000000 8.66355000e+05
29150.000000 8.54613000e+05
29250.000000 8.43011000e+05
29350.000000 8.31634000e+05
29450.000000 8.20436000e+05
29550.000000 8.09457000e+05
29650.000000 7.98649000e+05
29750.000000 7.88011000e+05
29850.000000 7.77540000e+05
29950.000000 7.67232000e+05
30050.000000 7.57128000e+05
30150.000000 7.47099000e+05
30250.000000 7.36898000e+05
30350.000000 7.11110000e+05
30450.000000 7.09372000e+05
30550.000000 7.08894000e+05
30650.000000 6.99744000e+05
30750.000000 6.90578000e+05
30850.000000 6.81754000e+05
30950.000000 6.73148000e+05
31050.000000 6.64560000e+05
31150.000000 6.56068000e+05
31250.000000 6.47748000e+05
31350.000000 6.39559000e+05
31450.000000 6.31499000e+05
31550.000000 6.23566000e+05
31650.000000 6.15758000e+05
31750.000000 6.08074000e+05
31850.000000 6.00473000e+05
31950.000000 5.93030000e+05
32100.000000 5.82053000e+05
32300.000000 5.67826000e+05
32500.000000 5.54046000e+05
32700.000000 5.40631000e+05
32900.000000 5.17232000e+05
33100.000000 5.13064000e+05
33300.000000 5.03284000e+05
33500.000000 4.91519000e+05
33700.000000 4.79997000e+05
33900.000000 4.68810000e+05
34100.000000 4.57916000e+05
34300.000000 4.47372000e+05
34500.000000 4.37104000e+05
34700.000000 4.27137000e+05
34900.000000 4.17461000e+05
35100.000000 4.08039000e+05
35300.000000 3.98893000e+05
35500.000000 3.90017000e+05
35700.000000 3.81344000e+05
35900.000000 3.72956000e+05
36100.000000 3.64759000e+05
36300.000000 3.56805000e+05
36500.000000 3.49060000e+05
36700.000000 3.41546000e+05
36900.000000 3.33924000e+05
37100.000000 3.26721000e+05
37300.000000 3.16890000e+05
37500.000000 3.08349000e+05
37700.000000 3.06782000e+05
37900.000000 3.00353000e+05
38100.000000 2.93679000e+05
38300.000000 2.87692000e+05
38500.000000 2.82093000e+05
38700.000000 2.76317000e+05
38900.000000 2.70595000e+05
39100.000000 2.64162000e+05
39300.000000 2.59846000e+05
39500.000000 2.54638000e+05
39700.000000 2.49545000e+05
39900.000000 2.44589000e+05
40100.000000 2.39039000e+05
40300.000000 2.33610000e+05
40500.000000 2.25847000e+05
40700.000000 2.25889000e+05
40900.000000 2.21550000e+05
41100.000000 2.17274000e+05
41300.000000 2.12975000e+05
41500.000000 2.08939000e+05
41700.000000 2.02955000e+05
41900.000000 2.01022000e+05
42100.000000 1.97369000e+05
42300.000000 1.93665000e+05
42500.000000 1.89988000e+05
42700.000000 1.86514000e+05
42900.000000 1.82855000e+05
43100.000000 1.79690000e+05
43300.000000 1.76392000e+05
43500.000000 1.73169000e+05
43700.000000 1.67956000e+05
43900.000000 1.66411000e+05
44100.000000 1.63941000e+05
44300.000000 1.61001000e+05
44500.000000 1.58126000e+05
44700.000000 1.55412000e+05
44900.000000 1.52661000e+05
45100.000000 1.49969000e+05
45300.000000 1.47338000e+05
45500.000000 1.44765000e+05
45700.000000 1.42247000e+05
45900.000000 1.39783000e+05
46100.000000 1.37341000e+05
46300.000000 1.34955000e+05
46500.000000 1.29281000e+05
46700.000000 1.27961000e+05
46900.000000 1.27842000e+05
47100.000000 1.26067000e+05
47300.000000 1.23948000e+05
47500.000000 1.21871000e+05
47700.000000 1.19839000e+05
47900.000000 1.17851000e+05
48100.000000 1.15900000e+05
48300.000000 1.13991000e+05
48500.000000 1.12121000e+05
48700.000000 1.10289000e+05
48900.000000 1.08495000e+05
49100.000000 1.06736000e+05
49300.000000 1.05013000e+05
49500.000000 1.03324000e+05
49700.000000 1.01671000e+05
49900.000000 1.00048000e+05
50100.000000 9.84581000e+04
50300.000000 9.68994000e+04
50500.000000 9.53726000e+04
50700.000000 9.38757000e+04
50900.000000 9.24065000e+04
51100.000000 9.07916000e+04
51300.000000 8.76343000e+04
51500.000000 8.80756000e+04
51700.000000 8.68120000e+04
51900.000000 8.54799000e+04
52100.000000 8.41740000e+04
52300.000000 8.28923000e+04
52500.000000 8.16333000e+04
52700.000000 8.03990000e+04
52900.000000 7.91904000e+04
53100.000000 7.80018000e+04
53300.000000 7.68367000e+04
53500.000000 7.56920000e+04
53700.000000 7.45388000e+04
53900.000000 7.34381000e+04
54100.000000 7.23851000e+04
54300.000000 7.13227000e+04
54500.000000 7.02801000e+04
54700.000000 6.92559000e+04
54900.000000 6.82498000e+04
55100.000000 6.72502000e+04
55300.000000 6.61647000e+04
55500.000000 6.53413000e+04
55700.000000 6.44067000e+04
55900.000000 6.34885000e+04
56100.000000 6.25853000e+04
56300.000000 6.16993000e+04
56500.000000 6.08290000e+04
56700.000000 5.99729000e+04
56900.000000 5.91308000e+04
57100.000000 5.80726000e+04
57300.000000 5.74728000e+04
57500.000000 5.66977000e+04
57700.000000 5.59138000e+04
57900.000000 5.51428000e+04
58100.000000 5.43865000e+04
58300.000000 5.36416000e+04
58500.000000 5.29309000e+04
58700.000000 5.22100000e+04
58900.000000 5.13717000e+04
59100.000000 4.95038000e+04
59300.000000 5.00179000e+04
59500.000000 4.91289000e+04
59700.000000 4.86459000e+04
59900.000000 4.81410000e+04
60100.000000 4.75020000e+04
60300.000000 4.68724000e+04
60500.000000 4.62543000e+04
60700.000000 4.56463000e+04
60900.000000 4.50473000e+04
61100.000000 4.44592000e+04
61300.000000 4.38799000e+04
61500.000000 4.33101000e+04
61700.000000 4.27497000e+04
61900.000000 4.21986000e+04
62100.000000 4.16556000e+04
62300.000000 4.11217000e+04
62500.000000 4.05956000e+04
62700.000000 4.00285000e+04
62900.000000 3.91069000e+04
63100.000000 3.89814000e+04
63300.000000 3.85756000e+04
63500.000000 3.80910000e+04
63700.000000 3.76136000e+04
63900.000000 3.71433000e+04
64200.000000 3.64514000e+04
64600.000000 3.55546000e+04
65000.000000 3.46841000e+04
65400.000000 3.38410000e+04
65800.000000 3.30227000e+04
66200.000000 3.22294000e+04
66600.000000 3.14587000e+04
67000.000000 3.07115000e+04
67400.000000 2.99616000e+04
67800.000000 2.90052000e+04
68200.000000 2.85987000e+04
68600.000000 2.79355000e+04
69000.000000 2.72913000e+04
69400.000000 2.66648000e+04
69800.000000 2.60569000e+04
70200.000000 2.54657000e+04
70600.000000 2.48915000e+04
71000.000000 2.43331000e+04
71400.000000 2.37900000e+04
71800.000000 2.32626000e+04
72200.000000 2.27490000e+04
72600.000000 2.22496000e+04
73000.000000 2.17639000e+04
73400.000000 2.12917000e+04
73800.000000 2.08319000e+04
74200.000000 2.03574000e+04
74600.000000 1.95907000e+04
75000.000000 1.90314000e+04
75400.000000 1.90791000e+04
75800.000000 1.87104000e+04
76200.000000 1.83192000e+04
76600.000000 1.79377000e+04
77000.000000 1.75663000e+04
77400.000000 1.72041000e+04
77800.000000 1.68297000e+04
78200.000000 1.65083000e+04
78600.000000 1.61736000e+04
79000.000000 1.58467000e+04
79400.000000 1.55284000e+04
79800.000000 1.52182000e+04
80200.000000 1.49156000e+04
80600.000000 1.46201000e+04
81000.000000 1.43325000e+04
81400.000000 1.40197000e+04
81800.000000 1.37669000e+04
82200.000000 1.35101000e+04
82600.000000 1.32487000e+04
83000.000000 1.29939000e+04
83400.000000 1.27455000e+04
83800.000000 1.25029000e+04
84200.000000 1.22658000e+04
84600.000000 1.20343000e+04
85000.000000 1.18082000e+04
85400.000000 1.15873000e+04
85800.000000 1.13720000e+04
86200.000000 1.11608000e+04
86600.000000 1.08962000e+04
87000.000000 1.07499000e+04
87400.000000 1.04678000e+04
87800.000000 1.02768000e+04
88200.000000 1.01780000e+04
88600.000000 9.99466000e+03
89000.000000 9.81513000e+03
89400.000000 9.63982000e+03
89800.000000 9.46818000e+03
90200.000000 9.30058000e+03
90600.000000 9.13648000e+03
91000.000000 8.97627000e+03
91400.000000 8.81941000e+03
91800.000000 8.66583000e+03
92200.000000 8.51546000e+03
92600.000000 8.36868000e+03
93000.000000 8.22454000e+03
93400.000000 8.08385000e+03
93800.000000 7.88189000e+03
94200.000000 7.79642000e+03
94600.000000 7.67927000e+03
95000.000000 7.55003000e+03
95400.000000 7.42352000e+03
95800.000000 7.29968000e+03
96200.000000 7.17844000e+03
96600.000000 7.05937000e+03
97000.000000 6.94321000e+03
97400.000000 6.82911000e+03
97800.000000 6.71744000e+03
98200.000000 6.60774000e+03
98600.000000 6.50076000e+03
99000.000000 6.39567000e+03
99400.000000 6.29283000e+03
99800.000000 6.19180000e+03
100200.000000 6.09331000e+03
200000.000000 3.75778000e+02
400000.000000 2.28077000e+01
600000.000000 4.42040000e+00
800000.000000 1.37942000e+00
1000000.000000 5.58991000e-01
1200000.000000 2.67269000e-01
1400000.000000 1.43248000e-01
1600000.000000 8.34618000e-02
