# Kurucz ODFNEW /NOVER, alpha: 0.0 (2003)
# teff = 3500 K (value for the effective temperature for the model. Temperatures are given in K)
# logg = 2.5 log(cm/s2) (value for Log(G) for the model.)
# lh = 1.25  (l/Hp where l is the  mixing length of the convective element and Hp is the pressure scale height)
# meta = 0.5  (value for the Metallicity for the model.)
# vtur = 2 km/s (Microturbulence velocity)
# alpha = 0  (Alpha)
#
# column 1: WAVELENGTH (ANGSTROM), Wavelength in Angstrom
# column 2: FLUX (ERG/CM2/S/A), Flux in erg/cm2/s/A
147.200000 4.90110000e-173
151.000000 2.19600000e-168
155.200000 1.64177000e-163
158.800000 1.53217000e-159
162.000000 3.67083000e-156
166.000000 4.01953000e-152
170.300000 5.40646000e-148
173.400000 3.81045000e-145
176.800000 3.87887000e-142
180.200000 3.03232000e-139
181.700000 5.28826000e-138
186.100000 1.77328000e-134
191.000000 9.58052000e-131
193.900000 1.25823000e-128
198.400000 1.83261000e-125
201.800000 3.62471000e-123
205.000000 4.47279000e-121
210.500000 1.23841000e-117
216.200000 2.97451000e-114
219.800000 3.28897000e-112
223.000000 1.89096000e-110
226.800000 2.00177000e-108
230.000000 9.00234000e-107
234.000000 9.01712000e-105
240.000000 6.75235000e-102
246.500000 6.07494000e-99
252.400000 2.14498000e-96
256.800000 1.42634000e-94
260.000000 2.75770000e-93
264.000000 1.00907000e-91
268.500000 5.07615000e-90
273.500000 3.38306000e-88
278.500000 1.93712000e-86
284.000000 1.40512000e-84
290.000000 1.24540000e-82
296.000000 9.15896000e-81
301.000000 2.88369000e-79
308.000000 2.97940000e-77
318.000000 1.56442000e-74
328.000000 5.56424000e-72
338.000000 1.38673000e-69
348.000000 2.50086000e-67
357.000000 2.07795000e-65
366.000000 1.38454000e-63
375.000000 7.49789000e-62
385.000000 5.05703000e-60
395.000000 2.73930000e-58
405.000000 1.21238000e-56
414.000000 3.12908000e-55
422.000000 4.99100000e-54
430.000000 7.16153000e-53
441.000000 2.37237000e-51
451.000000 4.90598000e-50
460.000000 6.67448000e-49
470.000000 1.07585000e-47
480.000000 1.53820000e-46
490.000000 1.96712000e-45
500.000000 2.26218000e-44
506.000000 1.25339000e-43
512.000000 5.58187000e-43
520.000000 3.34124000e-42
530.000000 2.90829000e-41
540.000000 2.29965000e-40
550.000000 1.69945000e-39
560.000000 1.16035000e-38
570.000000 7.38629000e-38
580.000000 4.35568000e-37
590.000000 2.46135000e-36
600.000000 1.29668000e-35
610.000000 6.45502000e-35
620.000000 3.04255000e-34
630.000000 1.36245000e-33
640.000000 5.81291000e-33
650.000000 2.36684000e-32
658.000000 7.04699000e-32
665.000000 1.78736000e-31
675.000000 6.53651000e-31
685.000000 2.29920000e-30
695.000000 7.77746000e-30
705.000000 2.52570000e-29
716.000000 8.94763000e-29
726.000000 2.71764000e-28
735.000000 7.18905000e-28
745.000000 2.05719000e-27
755.000000 5.71936000e-27
765.000000 1.54741000e-26
775.000000 4.06745000e-26
785.000000 1.04358000e-25
795.000000 2.58431000e-25
805.000000 6.33497000e-25
815.000000 1.51684000e-24
825.000000 3.53878000e-24
835.000000 8.07735000e-24
845.000000 1.80549000e-23
855.000000 3.95223000e-23
865.000000 8.48343000e-23
875.000000 1.78252000e-22
885.000000 3.69955000e-22
895.000000 7.52965000e-22
905.000000 1.50351000e-21
915.000000 2.94616000e-16
925.000000 1.27409000e-15
935.000000 1.79301000e-15
945.000000 2.92592000e-15
955.000000 3.85332000e-15
965.000000 7.23340000e-15
975.000000 7.13294000e-15
985.000000 1.46619000e-14
995.000000 2.25541000e-14
1005.000000 3.07736000e-14
1015.000000 4.35338000e-14
1025.000000 5.99002000e-14
1035.000000 1.61014000e-13
1045.000000 2.41239000e-13
1055.000000 3.03922000e-13
1065.000000 7.23516000e-13
1075.000000 1.09756000e-12
1085.000000 1.85676000e-12
1095.000000 2.61267000e-12
1105.000000 4.03441000e-12
1115.000000 5.59113000e-12
1125.000000 1.33299000e-11
1135.000000 2.52736000e-11
1145.000000 4.17440000e-11
1155.000000 6.27776000e-11
1165.000000 8.80796000e-11
1175.000000 1.38686000e-10
1185.000000 1.79497000e-10
1195.000000 1.74944000e-10
1205.000000 1.00537000e-10
1215.000000 1.28395000e-11
1225.000000 1.52991000e-10
1235.000000 5.90254000e-10
1245.000000 1.09036000e-09
1255.000000 1.62756000e-09
1265.000000 1.86337000e-09
1275.000000 2.98371000e-09
1285.000000 2.54982000e-09
1295.000000 3.95706000e-09
1305.000000 4.13534000e-09
1315.000000 6.08723000e-09
1325.000000 6.69481000e-09
1335.000000 7.65899000e-09
1345.000000 1.05404000e-08
1355.000000 1.36575000e-08
1365.000000 1.51478000e-08
1375.000000 1.56755000e-08
1385.000000 1.99223000e-08
1395.000000 2.32791000e-08
1405.000000 3.38823000e-08
1415.000000 4.33284000e-08
1425.000000 4.70396000e-08
1435.000000 7.28331000e-08
1442.000000 1.05212000e-07
1447.000000 8.96298000e-08
1455.000000 1.04358000e-07
1465.000000 1.68496000e-07
1475.000000 1.65086000e-07
1485.000000 2.13714000e-07
1495.000000 3.47767000e-07
1505.000000 5.41603000e-07
1512.000000 2.84853000e-07
1517.000000 5.06777000e-07
1525.000000 7.21863000e-07
1535.000000 9.72512000e-07
1545.000000 7.28815000e-07
1555.000000 1.07533000e-06
1565.000000 1.07648000e-06
1575.000000 1.95364000e-06
1585.000000 2.14606000e-06
1595.000000 2.18024000e-06
1605.000000 2.40821000e-06
1615.000000 2.72816000e-06
1625.000000 2.95320000e-06
1635.000000 3.99894000e-06
1645.000000 5.37899000e-06
1655.000000 5.35160000e-06
1665.000000 7.95321000e-06
1672.000000 7.43343000e-06
1677.000000 1.03856000e-05
1685.000000 1.33192000e-05
1695.000000 1.91038000e-05
1705.000000 2.07543000e-05
1715.000000 2.43005000e-05
1725.000000 3.26591000e-05
1735.000000 3.85036000e-05
1745.000000 5.24250000e-05
1755.000000 5.49470000e-05
1765.000000 6.79455000e-05
1775.000000 7.11985000e-05
1785.000000 1.19691000e-04
1795.000000 1.08547000e-04
1805.000000 1.75077000e-04
1815.000000 1.45101000e-04
1825.000000 2.22783000e-04
1835.000000 2.11847000e-04
1845.000000 3.18845000e-04
1855.000000 2.74361000e-04
1865.000000 4.22531000e-04
1875.000000 4.26373000e-04
1885.000000 5.37460000e-04
1895.000000 6.69222000e-04
1905.000000 7.46062000e-04
1915.000000 1.01312000e-03
1925.000000 9.36317000e-04
1935.000000 7.36148000e-04
1945.000000 1.35863000e-03
1955.000000 1.84362000e-03
1967.000000 2.09957000e-03
1976.000000 2.43815000e-03
1984.000000 3.07738000e-03
1995.000000 2.96781000e-03
2005.000000 3.61264000e-03
2015.000000 4.14110000e-03
2025.000000 4.23490000e-03
2035.000000 5.25455000e-03
2045.000000 5.62812000e-03
2055.000000 6.67404000e-03
2065.000000 6.85914000e-03
2074.000000 6.32119000e-03
2078.000000 8.62352000e-03
2085.000000 1.12554000e-02
2095.000000 1.73755000e-02
2105.000000 2.07187000e-02
2115.000000 2.18219000e-02
2125.000000 2.68488000e-02
2135.000000 3.41428000e-02
2145.000000 2.58584000e-02
2155.000000 3.48814000e-02
2165.000000 3.43863000e-02
2175.000000 3.85941000e-02
2185.000000 3.63668000e-02
2195.000000 6.20263000e-02
2205.000000 5.33501000e-02
2215.000000 6.72169000e-02
2225.000000 5.68128000e-02
2235.000000 9.58185000e-02
2245.000000 1.09460000e-01
2255.000000 1.42653000e-01
2265.000000 8.05417000e-02
2275.000000 1.66032000e-01
2285.000000 1.48838000e-01
2295.000000 2.61599000e-01
2305.000000 1.00673000e-01
2315.000000 3.57818000e-01
2325.000000 2.72893000e-01
2335.000000 4.41713000e-01
2345.000000 2.80384000e-01
2355.000000 2.44866000e-01
2365.000000 3.37655000e-01
2375.000000 3.25568000e-01
2385.000000 5.84325000e-01
2395.000000 5.51647000e-01
2405.000000 1.06915000e+00
2415.000000 6.20843000e-01
2425.000000 8.12573000e-01
2435.000000 1.27476000e+00
2445.000000 1.80398000e+00
2455.000000 2.17161000e+00
2465.000000 1.31299000e+00
2475.000000 2.50080000e+00
2485.000000 9.55119000e-01
2495.000000 1.14531000e+00
2505.000000 2.22152000e+00
2513.000000 1.59153000e+00
2518.000000 1.93566000e+00
2525.000000 2.41568000e+00
2535.000000 5.49750000e+00
2545.000000 6.88952000e+00
2555.000000 7.09770000e+00
2565.000000 3.68775000e+00
2575.000000 6.50948000e+00
2585.000000 4.36551000e+00
2595.000000 5.65875000e+00
2605.000000 8.08916000e+00
2615.000000 7.24897000e+00
2625.000000 1.23402000e+01
2635.000000 1.89976000e+01
2645.000000 1.40471000e+01
2655.000000 2.07722000e+01
2665.000000 1.70032000e+01
2675.000000 1.65315000e+01
2685.000000 2.21740000e+01
2695.000000 1.53088000e+01
2705.000000 2.90457000e+01
2715.000000 2.74992000e+01
2725.000000 2.32949000e+01
2735.000000 2.39800000e+01
2745.000000 3.67019000e+01
2755.000000 3.39254000e+01
2765.000000 5.25040000e+01
2775.000000 6.82950000e+01
2785.000000 4.50216000e+01
2795.000000 6.75285000e+01
2805.000000 6.40936000e+01
2815.000000 7.00619000e+01
2825.000000 6.97084000e+01
2835.000000 6.03350000e+01
2845.000000 4.43026000e+01
2855.000000 2.16072000e+01
2865.000000 7.48527000e+01
2875.000000 8.28332000e+01
2885.000000 1.48615000e+02
2895.000000 1.68181000e+02
2910.000000 2.03128000e+02
2930.000000 2.21270000e+02
2950.000000 2.26129000e+02
2970.000000 2.27932000e+02
2990.000000 2.81996000e+02
3010.000000 3.14092000e+02
3030.000000 3.95560000e+02
3050.000000 4.79168000e+02
3070.000000 5.58605000e+02
3090.000000 5.91603000e+02
3110.000000 8.33688000e+02
3130.000000 8.57215000e+02
3150.000000 1.25220000e+03
3170.000000 1.64639000e+03
3190.000000 1.46126000e+03
3210.000000 1.83347000e+03
3230.000000 2.11159000e+03
3250.000000 2.65884000e+03
3270.000000 3.41850000e+03
3290.000000 4.53540000e+03
3310.000000 4.42711000e+03
3330.000000 5.10759000e+03
3350.000000 5.52648000e+03
3370.000000 4.69946000e+03
3390.000000 5.92429000e+03
3410.000000 7.03948000e+03
3430.000000 7.37198000e+03
3450.000000 7.01931000e+03
3470.000000 7.97799000e+03
3490.000000 9.39187000e+03
3510.000000 1.28540000e+04
3530.000000 1.11650000e+04
3550.000000 1.62897000e+04
3570.000000 9.38121000e+03
3590.000000 7.63070000e+03
3610.000000 1.18013000e+04
3630.000000 1.82891000e+04
3640.000000 1.96809000e+04
3650.000000 2.06356000e+04
3670.000000 2.95618000e+04
3690.000000 2.55970000e+04
3710.000000 2.32189000e+04
3730.000000 1.13114000e+04
3750.000000 1.43116000e+04
3770.000000 2.95650000e+04
3790.000000 3.41241000e+04
3810.000000 2.96923000e+04
3830.000000 1.47721000e+04
3850.000000 2.44861000e+04
3870.000000 2.38760000e+04
3890.000000 2.77516000e+04
3910.000000 3.40897000e+04
3930.000000 1.32601000e+04
3950.000000 2.06202000e+04
3970.000000 1.51455000e+04
3990.000000 5.34896000e+04
4010.000000 7.94829000e+04
4030.000000 6.12453000e+04
4050.000000 6.70890000e+04
4070.000000 6.39477000e+04
4090.000000 8.67094000e+04
4110.000000 6.56529000e+04
4130.000000 6.67458000e+04
4150.000000 7.01267000e+04
4170.000000 6.47565000e+04
4190.000000 6.60560000e+04
4210.000000 4.89848000e+04
4230.000000 1.81460000e+04
4250.000000 5.43116000e+04
4270.000000 5.48805000e+04
4290.000000 5.42615000e+04
4310.000000 5.49556000e+04
4330.000000 7.82297000e+04
4350.000000 7.18817000e+04
4370.000000 7.47150000e+04
4390.000000 6.53897000e+04
4410.000000 6.39243000e+04
4430.000000 5.42992000e+04
4450.000000 5.59373000e+04
4470.000000 5.10994000e+04
4490.000000 5.84358000e+04
4510.000000 5.64906000e+04
4530.000000 5.38633000e+04
4550.000000 5.55454000e+04
4570.000000 7.11018000e+04
4590.000000 4.36148000e+04
4610.000000 5.07515000e+04
4630.000000 4.22581000e+04
4650.000000 4.49061000e+04
4670.000000 4.45810000e+04
4690.000000 4.53731000e+04
4710.000000 5.36086000e+04
4730.000000 5.05900000e+04
4750.000000 6.90878000e+04
4770.000000 2.87785000e+04
4790.000000 4.05839000e+04
4810.000000 3.32128000e+04
4830.000000 3.96998000e+04
4850.000000 4.18522000e+04
4870.000000 4.95102000e+04
4890.000000 6.47332000e+04
4910.000000 7.26875000e+04
4930.000000 1.02723000e+05
4950.000000 9.59716000e+04
4970.000000 3.17250000e+04
4990.000000 4.65584000e+04
5010.000000 3.05615000e+04
5030.000000 4.48724000e+04
5050.000000 5.33012000e+04
5070.000000 6.97769000e+04
5090.000000 7.71545000e+04
5110.000000 9.89979000e+04
5130.000000 1.10342000e+05
5150.000000 1.09736000e+05
5170.000000 7.25865000e+04
5190.000000 3.98686000e+04
5210.000000 5.86910000e+04
5230.000000 9.34204000e+04
5250.000000 7.53185000e+04
5270.000000 7.95539000e+04
5290.000000 9.87444000e+04
5310.000000 1.13390000e+05
5330.000000 9.72692000e+04
5350.000000 1.18042000e+05
5370.000000 9.38371000e+04
5390.000000 1.11213000e+05
5410.000000 1.13761000e+05
5430.000000 1.16004000e+05
5450.000000 8.59429000e+04
5470.000000 6.31104000e+04
5490.000000 7.81692000e+04
5510.000000 6.48355000e+04
5530.000000 8.15808000e+04
5550.000000 9.54442000e+04
5570.000000 9.74388000e+04
5590.000000 9.44509000e+04
5610.000000 5.93007000e+04
5630.000000 5.94708000e+04
5650.000000 6.56369000e+04
5670.000000 6.49954000e+04
5690.000000 7.83210000e+04
5710.000000 7.86780000e+04
5730.000000 9.30587000e+04
5750.000000 1.05516000e+05
5770.000000 8.65870000e+04
5790.000000 1.04586000e+05
5810.000000 1.05625000e+05
5830.000000 1.08079000e+05
5850.000000 9.40753000e+04
5870.000000 7.52608000e+04
5890.000000 6.43290000e+04
5910.000000 6.08840000e+04
5930.000000 6.37458000e+04
5950.000000 6.69935000e+04
5970.000000 6.95579000e+04
5990.000000 7.78824000e+04
6010.000000 8.19509000e+04
6030.000000 9.43479000e+04
6050.000000 1.03645000e+05
6070.000000 1.16122000e+05
6090.000000 1.31562000e+05
6110.000000 1.32166000e+05
6130.000000 1.43105000e+05
6150.000000 1.44845000e+05
6170.000000 7.40200000e+04
6190.000000 7.23970000e+04
6210.000000 7.20917000e+04
6230.000000 6.37898000e+04
6250.000000 6.99017000e+04
6270.000000 7.98404000e+04
6290.000000 8.57009000e+04
6310.000000 9.85818000e+04
6330.000000 1.04344000e+05
6350.000000 1.14096000e+05
6370.000000 1.13018000e+05
6390.000000 1.20726000e+05
6410.000000 1.29840000e+05
6430.000000 1.16422000e+05
6450.000000 1.26396000e+05
6470.000000 1.45154000e+05
6490.000000 1.23206000e+05
6510.000000 1.42424000e+05
6530.000000 1.57598000e+05
6550.000000 1.49085000e+05
6570.000000 1.46529000e+05
6590.000000 1.44175000e+05
6610.000000 1.41407000e+05
6630.000000 1.30613000e+05
6650.000000 1.17289000e+05
6670.000000 1.10388000e+05
6690.000000 9.28017000e+04
6710.000000 9.77131000e+04
6730.000000 8.41577000e+04
6750.000000 8.91913000e+04
6770.000000 1.00921000e+05
6790.000000 9.21638000e+04
6810.000000 1.00843000e+05
6830.000000 1.08927000e+05
6850.000000 1.15670000e+05
6870.000000 1.18598000e+05
6890.000000 1.38702000e+05
6910.000000 1.59400000e+05
6930.000000 1.54183000e+05
6950.000000 1.80790000e+05
6970.000000 2.21947000e+05
6990.000000 2.36053000e+05
7010.000000 2.57983000e+05
7030.000000 2.84356000e+05
7050.000000 2.62189000e+05
7070.000000 1.27177000e+05
7090.000000 1.23320000e+05
7110.000000 1.12321000e+05
7130.000000 9.94422000e+04
7150.000000 9.63295000e+04
7170.000000 1.03795000e+05
7190.000000 1.24323000e+05
7210.000000 1.15025000e+05
7230.000000 1.37365000e+05
7250.000000 1.67026000e+05
7270.000000 1.87221000e+05
7290.000000 2.12800000e+05
7310.000000 2.50342000e+05
7330.000000 2.94967000e+05
7350.000000 3.31935000e+05
7370.000000 3.89568000e+05
7390.000000 4.33095000e+05
7410.000000 4.68818000e+05
7430.000000 5.00610000e+05
7450.000000 5.26590000e+05
7470.000000 5.51650000e+05
7490.000000 5.58761000e+05
7510.000000 5.77764000e+05
7530.000000 5.93429000e+05
7550.000000 6.00494000e+05
7570.000000 5.91447000e+05
7590.000000 4.58944000e+05
7610.000000 3.85556000e+05
7630.000000 3.31342000e+05
7650.000000 3.13634000e+05
7670.000000 2.41059000e+05
7690.000000 2.22791000e+05
7710.000000 2.14012000e+05
7730.000000 2.40975000e+05
7750.000000 2.26549000e+05
7770.000000 2.22096000e+05
7790.000000 2.25010000e+05
7810.000000 2.60621000e+05
7830.000000 2.43050000e+05
7850.000000 2.57421000e+05
7870.000000 2.77239000e+05
7890.000000 3.15964000e+05
7910.000000 3.03741000e+05
7930.000000 3.23760000e+05
7950.000000 3.43722000e+05
7970.000000 3.95169000e+05
7990.000000 3.87906000e+05
8010.000000 4.13239000e+05
8030.000000 4.45321000e+05
8050.000000 4.82218000e+05
8070.000000 4.84864000e+05
8090.000000 5.12914000e+05
8110.000000 5.39433000e+05
8130.000000 5.77489000e+05
8150.000000 5.92978000e+05
8170.000000 6.09324000e+05
8190.000000 5.47806000e+05
8210.000000 4.26019000e+05
8230.000000 4.81896000e+05
8250.000000 4.91380000e+05
8270.000000 4.61619000e+05
8290.000000 4.07619000e+05
8310.000000 4.03062000e+05
8330.000000 4.36913000e+05
8350.000000 3.92385000e+05
8370.000000 4.02456000e+05
8390.000000 3.92164000e+05
8410.000000 4.29860000e+05
8430.000000 3.75330000e+05
8450.000000 3.22799000e+05
8470.000000 3.03507000e+05
8490.000000 3.28995000e+05
8510.000000 3.16500000e+05
8530.000000 3.34382000e+05
8550.000000 3.42338000e+05
8570.000000 3.84696000e+05
8590.000000 3.98325000e+05
8610.000000 4.25749000e+05
8630.000000 4.63673000e+05
8650.000000 4.74823000e+05
8670.000000 4.42635000e+05
8690.000000 4.93365000e+05
8710.000000 5.48527000e+05
8730.000000 5.58770000e+05
8750.000000 5.74425000e+05
8770.000000 5.84788000e+05
8790.000000 6.10020000e+05
8810.000000 6.07884000e+05
8830.000000 6.14700000e+05
8850.000000 6.29434000e+05
8870.000000 3.18609000e+05
8890.000000 3.39100000e+05
8910.000000 3.91089000e+05
8930.000000 4.06138000e+05
8950.000000 3.53179000e+05
8970.000000 3.76833000e+05
8990.000000 4.23123000e+05
9010.000000 4.21711000e+05
9030.000000 4.36251000e+05
9050.000000 4.70966000e+05
9070.000000 5.02597000e+05
9090.000000 5.10600000e+05
9110.000000 5.26246000e+05
9130.000000 5.57522000e+05
9150.000000 5.70252000e+05
9170.000000 5.85195000e+05
9190.000000 6.05668000e+05
9210.000000 5.84431000e+05
9230.000000 5.53998000e+05
9250.000000 5.48610000e+05
9270.000000 5.68034000e+05
9290.000000 5.40404000e+05
9310.000000 5.38954000e+05
9330.000000 5.48980000e+05
9350.000000 5.61544000e+05
9370.000000 5.39197000e+05
9390.000000 5.53694000e+05
9410.000000 5.58278000e+05
9430.000000 5.72477000e+05
9450.000000 5.55122000e+05
9470.000000 5.81135000e+05
9490.000000 5.99980000e+05
9510.000000 5.98126000e+05
9530.000000 5.96406000e+05
9550.000000 5.93209000e+05
9570.000000 6.11464000e+05
9590.000000 6.31118000e+05
9610.000000 6.17602000e+05
9630.000000 6.33970000e+05
9650.000000 6.05575000e+05
9670.000000 6.10606000e+05
9690.000000 6.39945000e+05
9710.000000 6.33596000e+05
9730.000000 5.70270000e+05
9750.000000 5.34446000e+05
9770.000000 5.56414000e+05
9790.000000 5.61257000e+05
9810.000000 5.58971000e+05
9830.000000 5.17634000e+05
9850.000000 5.42287000e+05
9870.000000 5.64107000e+05
9890.000000 5.71841000e+05
9910.000000 5.34283000e+05
9930.000000 5.40156000e+05
9950.000000 5.60970000e+05
9970.000000 5.83129000e+05
9990.000000 5.73889000e+05
10025.000000 5.60967000e+05
10075.000000 5.76680000e+05
10125.000000 5.93598000e+05
10175.000000 5.92728000e+05
10225.000000 6.10799000e+05
10275.000000 6.15824000e+05
10325.000000 6.15634000e+05
10375.000000 6.19899000e+05
10425.000000 6.30710000e+05
10475.000000 6.28926000e+05
10525.000000 6.38540000e+05
10575.000000 6.32180000e+05
10625.000000 6.38858000e+05
10675.000000 6.29019000e+05
10725.000000 6.30308000e+05
10775.000000 6.28528000e+05
10825.000000 6.13283000e+05
10875.000000 6.15557000e+05
10925.000000 6.17731000e+05
10975.000000 6.00668000e+05
11025.000000 5.88228000e+05
11075.000000 5.74175000e+05
11125.000000 5.84275000e+05
11175.000000 5.81080000e+05
11225.000000 5.90476000e+05
11275.000000 5.83591000e+05
11325.000000 5.91168000e+05
11375.000000 5.84846000e+05
11425.000000 5.86954000e+05
11475.000000 5.99360000e+05
11525.000000 6.03842000e+05
11575.000000 5.97849000e+05
11625.000000 5.89707000e+05
11675.000000 5.92405000e+05
11725.000000 6.01531000e+05
11775.000000 5.87712000e+05
11825.000000 5.89838000e+05
11875.000000 5.82263000e+05
11925.000000 5.95431000e+05
11975.000000 5.73052000e+05
12025.000000 5.88253000e+05
12075.000000 5.83779000e+05
12125.000000 5.87661000e+05
12175.000000 5.88080000e+05
12225.000000 5.86027000e+05
12275.000000 5.81862000e+05
12325.000000 5.77374000e+05
12375.000000 5.78573000e+05
12425.000000 5.66092000e+05
12475.000000 5.66429000e+05
12525.000000 5.63669000e+05
12575.000000 5.60125000e+05
12625.000000 5.58675000e+05
12675.000000 5.55753000e+05
12725.000000 5.55954000e+05
12775.000000 5.59483000e+05
12825.000000 5.40424000e+05
12875.000000 5.51666000e+05
12925.000000 5.42761000e+05
12975.000000 5.55794000e+05
13025.000000 5.48315000e+05
13075.000000 5.53253000e+05
13125.000000 5.36843000e+05
13175.000000 5.43128000e+05
13225.000000 5.48851000e+05
13275.000000 5.40107000e+05
13325.000000 5.43212000e+05
13375.000000 5.39368000e+05
13425.000000 5.40918000e+05
13475.000000 5.41227000e+05
13525.000000 5.39519000e+05
13575.000000 5.35490000e+05
13625.000000 5.30918000e+05
13675.000000 5.37740000e+05
13725.000000 5.41149000e+05
13775.000000 5.37922000e+05
13825.000000 5.41095000e+05
13875.000000 5.31684000e+05
13925.000000 4.90803000e+05
13975.000000 5.12605000e+05
14025.000000 5.14721000e+05
14075.000000 5.18430000e+05
14125.000000 5.06383000e+05
14175.000000 5.11066000e+05
14225.000000 5.10906000e+05
14275.000000 4.95353000e+05
14325.000000 5.10554000e+05
14375.000000 5.05003000e+05
14425.000000 5.03481000e+05
14475.000000 5.14195000e+05
14525.000000 5.04536000e+05
14570.000000 5.04513000e+05
14620.000000 4.76181000e+05
14675.000000 4.84216000e+05
14725.000000 4.88335000e+05
14775.000000 4.91714000e+05
14825.000000 5.00299000e+05
14875.000000 4.93093000e+05
14925.000000 5.11510000e+05
14975.000000 5.15173000e+05
15025.000000 4.87285000e+05
15075.000000 4.95165000e+05
15125.000000 5.00510000e+05
15175.000000 5.08325000e+05
15225.000000 5.16027000e+05
15275.000000 5.07423000e+05
15325.000000 5.19196000e+05
15375.000000 5.04398000e+05
15425.000000 4.98457000e+05
15475.000000 5.25792000e+05
15525.000000 5.09687000e+05
15575.000000 4.99866000e+05
15625.000000 5.21053000e+05
15675.000000 5.16906000e+05
15725.000000 5.20495000e+05
15775.000000 4.83351000e+05
15825.000000 5.07123000e+05
15875.000000 5.00660000e+05
15925.000000 5.14159000e+05
15975.000000 5.12702000e+05
16050.000000 5.09048000e+05
16150.000000 5.18045000e+05
16250.000000 4.99976000e+05
16350.000000 5.18851000e+05
16450.000000 4.96134000e+05
16550.000000 5.17417000e+05
16650.000000 4.88254000e+05
16750.000000 4.91546000e+05
16850.000000 4.78351000e+05
16950.000000 4.85010000e+05
17050.000000 4.67506000e+05
17150.000000 4.56831000e+05
17250.000000 4.50360000e+05
17350.000000 4.35684000e+05
17450.000000 4.40615000e+05
17550.000000 4.23817000e+05
17650.000000 4.21786000e+05
17750.000000 4.11307000e+05
17850.000000 4.04571000e+05
17950.000000 4.03502000e+05
18050.000000 3.81861000e+05
18150.000000 3.85955000e+05
18250.000000 3.68707000e+05
18350.000000 3.67440000e+05
18450.000000 3.53541000e+05
18550.000000 3.50517000e+05
18650.000000 3.45078000e+05
18750.000000 3.38900000e+05
18850.000000 3.35791000e+05
18950.000000 3.22531000e+05
19050.000000 3.26420000e+05
19150.000000 3.20390000e+05
19250.000000 3.20476000e+05
19350.000000 3.02512000e+05
19450.000000 2.98633000e+05
19550.000000 2.99528000e+05
19650.000000 2.94458000e+05
19750.000000 2.76311000e+05
19850.000000 2.77502000e+05
19950.000000 2.74130000e+05
20050.000000 2.77944000e+05
20150.000000 2.71963000e+05
20250.000000 2.61695000e+05
20350.000000 2.62468000e+05
20450.000000 2.61241000e+05
20550.000000 2.51862000e+05
20650.000000 2.49314000e+05
20750.000000 2.47284000e+05
20850.000000 2.40125000e+05
20950.000000 2.35736000e+05
21050.000000 2.35635000e+05
21150.000000 2.32233000e+05
21250.000000 2.27967000e+05
21350.000000 2.27043000e+05
21450.000000 2.23858000e+05
21550.000000 2.19287000e+05
21650.000000 2.18327000e+05
21750.000000 2.11721000e+05
21850.000000 2.10151000e+05
21950.000000 2.07998000e+05
22050.000000 1.99103000e+05
22150.000000 2.05241000e+05
22250.000000 1.95403000e+05
22350.000000 1.94533000e+05
22450.000000 1.92557000e+05
22550.000000 1.92135000e+05
22650.000000 1.84053000e+05
22750.000000 1.86879000e+05
22850.000000 1.81632000e+05
22950.000000 1.52350000e+05
23050.000000 1.64319000e+05
23150.000000 1.62558000e+05
23250.000000 1.38346000e+05
23350.000000 1.48385000e+05
23450.000000 1.45567000e+05
23550.000000 1.24702000e+05
23650.000000 1.38737000e+05
23750.000000 1.34252000e+05
23850.000000 1.17584000e+05
23950.000000 1.28315000e+05
24050.000000 1.26234000e+05
24150.000000 1.12872000e+05
24250.000000 1.20195000e+05
24350.000000 1.19788000e+05
24450.000000 1.10252000e+05
24550.000000 1.09787000e+05
24650.000000 1.13678000e+05
24750.000000 1.08327000e+05
24850.000000 1.02381000e+05
24950.000000 1.06041000e+05
25050.000000 1.06378000e+05
25150.000000 9.80355000e+04
25250.000000 9.60847000e+04
25350.000000 9.89159000e+04
25450.000000 9.80761000e+04
25550.000000 9.75061000e+04
25650.000000 9.62835000e+04
25750.000000 9.74063000e+04
25850.000000 9.29220000e+04
25950.000000 9.44114000e+04
26050.000000 9.46761000e+04
26150.000000 9.55951000e+04
26250.000000 9.26703000e+04
26350.000000 9.33573000e+04
26450.000000 9.26312000e+04
26550.000000 8.68735000e+04
26650.000000 8.78725000e+04
26750.000000 9.00334000e+04
26850.000000 8.90818000e+04
26950.000000 8.53720000e+04
27050.000000 8.65800000e+04
27150.000000 8.49315000e+04
27250.000000 8.46340000e+04
27350.000000 8.19211000e+04
27450.000000 8.24002000e+04
27550.000000 8.12274000e+04
27650.000000 7.97391000e+04
27750.000000 7.90529000e+04
27850.000000 7.75925000e+04
27950.000000 7.47911000e+04
28050.000000 7.18360000e+04
28150.000000 7.31996000e+04
28250.000000 7.24038000e+04
28350.000000 7.29579000e+04
28450.000000 7.33303000e+04
28550.000000 7.04881000e+04
28650.000000 7.14977000e+04
28750.000000 7.07459000e+04
28850.000000 6.91112000e+04
28950.000000 6.94572000e+04
29050.000000 6.69933000e+04
29150.000000 6.86049000e+04
29250.000000 6.36628000e+04
29350.000000 6.62867000e+04
29450.000000 6.05901000e+04
29550.000000 6.39817000e+04
29650.000000 6.10954000e+04
29750.000000 6.27370000e+04
29850.000000 6.07191000e+04
29950.000000 6.19691000e+04
30050.000000 5.86119000e+04
30150.000000 6.13859000e+04
30250.000000 5.85023000e+04
30350.000000 5.97575000e+04
30450.000000 5.69278000e+04
30550.000000 5.84690000e+04
30650.000000 5.76510000e+04
30750.000000 5.65874000e+04
30850.000000 5.53661000e+04
30950.000000 5.42892000e+04
31050.000000 5.56476000e+04
31150.000000 5.31905000e+04
31250.000000 5.42510000e+04
31350.000000 5.17589000e+04
31450.000000 5.26909000e+04
31550.000000 5.22553000e+04
31650.000000 5.23092000e+04
31750.000000 5.10982000e+04
31850.000000 5.09524000e+04
31950.000000 5.02317000e+04
32100.000000 5.05823000e+04
32300.000000 4.84990000e+04
32500.000000 4.85352000e+04
32700.000000 4.73902000e+04
32900.000000 4.61858000e+04
33100.000000 4.57291000e+04
33300.000000 4.43117000e+04
33500.000000 4.39319000e+04
33700.000000 4.34651000e+04
33900.000000 4.18162000e+04
34100.000000 4.14988000e+04
34300.000000 4.13653000e+04
34500.000000 3.95261000e+04
34700.000000 3.96600000e+04
34900.000000 3.88696000e+04
35100.000000 3.76665000e+04
35300.000000 3.70232000e+04
35500.000000 3.65923000e+04
35700.000000 3.53854000e+04
35900.000000 3.48110000e+04
36100.000000 3.47848000e+04
36300.000000 3.35906000e+04
36500.000000 3.30283000e+04
36700.000000 3.25798000e+04
36900.000000 3.17988000e+04
37100.000000 3.08164000e+04
37300.000000 3.05816000e+04
37500.000000 3.02080000e+04
37700.000000 2.91621000e+04
37900.000000 2.91961000e+04
38100.000000 2.83142000e+04
38300.000000 2.78626000e+04
38500.000000 2.73705000e+04
38700.000000 2.69676000e+04
38900.000000 2.63027000e+04
39100.000000 2.58569000e+04
39300.000000 2.53895000e+04
39500.000000 2.50340000e+04
39700.000000 2.45123000e+04
39900.000000 2.34122000e+04
40100.000000 2.24050000e+04
40300.000000 2.25035000e+04
40500.000000 2.06216000e+04
40700.000000 2.09125000e+04
40900.000000 1.95917000e+04
41100.000000 2.00505000e+04
41300.000000 1.87107000e+04
41500.000000 1.90735000e+04
41700.000000 1.79011000e+04
41900.000000 1.83061000e+04
42100.000000 1.74180000e+04
42300.000000 1.74718000e+04
42500.000000 1.68814000e+04
42700.000000 1.67803000e+04
42900.000000 1.59606000e+04
43100.000000 1.47633000e+04
43300.000000 1.52443000e+04
43500.000000 1.39421000e+04
43700.000000 1.37513000e+04
43900.000000 1.33319000e+04
44100.000000 1.26508000e+04
44300.000000 1.25002000e+04
44500.000000 1.22094000e+04
44700.000000 1.16973000e+04
44900.000000 1.16632000e+04
45100.000000 1.13644000e+04
45300.000000 1.09618000e+04
45500.000000 1.10909000e+04
45700.000000 1.08961000e+04
45900.000000 1.03954000e+04
46100.000000 1.05651000e+04
46300.000000 1.03371000e+04
46500.000000 1.03031000e+04
46700.000000 1.02622000e+04
46900.000000 1.00516000e+04
47100.000000 9.88061000e+03
47300.000000 9.95669000e+03
47500.000000 9.78904000e+03
47700.000000 9.62549000e+03
47900.000000 9.55792000e+03
48100.000000 9.25618000e+03
48300.000000 9.48037000e+03
48500.000000 9.24555000e+03
48700.000000 8.99488000e+03
48900.000000 8.90270000e+03
49100.000000 8.89158000e+03
49300.000000 8.69202000e+03
49500.000000 8.54966000e+03
49700.000000 8.56212000e+03
49900.000000 8.45489000e+03
50100.000000 8.14603000e+03
50300.000000 8.23251000e+03
50500.000000 8.04837000e+03
50700.000000 8.01020000e+03
50900.000000 7.88325000e+03
51100.000000 7.74924000e+03
51300.000000 7.71041000e+03
51500.000000 7.61385000e+03
51700.000000 7.52926000e+03
51900.000000 7.44225000e+03
52100.000000 7.37107000e+03
52300.000000 7.26260000e+03
52500.000000 7.18933000e+03
52700.000000 7.25844000e+03
52900.000000 6.98207000e+03
53100.000000 6.92289000e+03
53300.000000 6.83563000e+03
53500.000000 6.78909000e+03
53700.000000 6.71027000e+03
53900.000000 6.68118000e+03
54100.000000 6.59429000e+03
54300.000000 6.38494000e+03
54500.000000 6.49062000e+03
54700.000000 6.32501000e+03
54900.000000 6.31663000e+03
55100.000000 6.19033000e+03
55300.000000 6.27942000e+03
55500.000000 6.04883000e+03
55700.000000 6.08488000e+03
55900.000000 6.00163000e+03
56100.000000 5.95317000e+03
56300.000000 5.81860000e+03
56500.000000 5.83826000e+03
56700.000000 5.74113000e+03
56900.000000 5.59903000e+03
57100.000000 5.65867000e+03
57300.000000 5.54867000e+03
57500.000000 5.55457000e+03
57700.000000 5.44824000e+03
57900.000000 5.41190000e+03
58100.000000 5.36667000e+03
58300.000000 5.27394000e+03
58500.000000 5.23508000e+03
58700.000000 5.15278000e+03
58900.000000 5.11404000e+03
59100.000000 5.05501000e+03
59300.000000 5.03243000e+03
59500.000000 4.95609000e+03
59700.000000 4.92220000e+03
59900.000000 4.88098000e+03
60100.000000 4.84960000e+03
60300.000000 4.75148000e+03
60500.000000 4.66649000e+03
60700.000000 4.66360000e+03
60900.000000 4.61230000e+03
61100.000000 4.52534000e+03
61300.000000 4.54178000e+03
61500.000000 4.47324000e+03
61700.000000 4.43419000e+03
61900.000000 4.39172000e+03
62100.000000 4.35498000e+03
62300.000000 4.30989000e+03
62500.000000 4.22815000e+03
62700.000000 4.17611000e+03
62900.000000 4.15588000e+03
63100.000000 4.08246000e+03
63300.000000 4.07531000e+03
63500.000000 3.99026000e+03
63700.000000 3.98901000e+03
63900.000000 3.91066000e+03
64200.000000 3.84084000e+03
64600.000000 3.68870000e+03
65000.000000 3.58941000e+03
65400.000000 3.49578000e+03
65800.000000 3.36213000e+03
66200.000000 3.27271000e+03
66600.000000 3.22069000e+03
67000.000000 3.13880000e+03
67400.000000 3.08988000e+03
67800.000000 2.98288000e+03
68200.000000 2.91770000e+03
68600.000000 2.89610000e+03
69000.000000 2.81673000e+03
69400.000000 2.75017000e+03
69800.000000 2.73065000e+03
70200.000000 2.64267000e+03
70600.000000 2.59255000e+03
71000.000000 2.53539000e+03
71400.000000 2.49229000e+03
71800.000000 2.45517000e+03
72200.000000 2.38005000e+03
72600.000000 2.33967000e+03
73000.000000 2.30350000e+03
73400.000000 2.24301000e+03
73800.000000 2.21212000e+03
74200.000000 2.14810000e+03
74600.000000 2.12526000e+03
75000.000000 2.07667000e+03
75400.000000 2.01102000e+03
75800.000000 1.90894000e+03
76200.000000 1.83056000e+03
76600.000000 1.76693000e+03
77000.000000 1.73102000e+03
77400.000000 1.65243000e+03
77800.000000 1.61308000e+03
78200.000000 1.56520000e+03
78600.000000 1.52107000e+03
79000.000000 1.49152000e+03
79400.000000 1.45203000e+03
79800.000000 1.42101000e+03
80200.000000 1.39890000e+03
80600.000000 1.36505000e+03
81000.000000 1.34281000e+03
81400.000000 1.32544000e+03
81800.000000 1.29843000e+03
82200.000000 1.27752000e+03
82600.000000 1.26573000e+03
83000.000000 1.22901000e+03
83400.000000 1.21957000e+03
83800.000000 1.18913000e+03
84200.000000 1.18211000e+03
84600.000000 1.15317000e+03
85000.000000 1.14635000e+03
85400.000000 1.12469000e+03
85800.000000 1.10394000e+03
86200.000000 1.09250000e+03
86600.000000 1.06591000e+03
87000.000000 1.06374000e+03
87400.000000 1.04145000e+03
87800.000000 1.02035000e+03
88200.000000 1.00260000e+03
88600.000000 9.89484000e+02
89000.000000 9.75853000e+02
89400.000000 9.65821000e+02
89800.000000 9.45183000e+02
90200.000000 9.36772000e+02
90600.000000 9.30033000e+02
91000.000000 9.11866000e+02
91400.000000 8.94162000e+02
91800.000000 8.84419000e+02
92200.000000 8.61384000e+02
92600.000000 8.57429000e+02
93000.000000 8.48066000e+02
93400.000000 8.34642000e+02
93800.000000 8.13409000e+02
94200.000000 8.04350000e+02
94600.000000 7.89648000e+02
95000.000000 7.86018000e+02
95400.000000 7.77040000e+02
95800.000000 7.60385000e+02
96200.000000 7.49312000e+02
96600.000000 7.35529000e+02
97000.000000 7.30596000e+02
97400.000000 7.18731000e+02
97800.000000 7.07192000e+02
98200.000000 6.99216000e+02
98600.000000 6.91616000e+02
99000.000000 6.73892000e+02
99400.000000 6.67488000e+02
99800.000000 6.61089000e+02
100200.000000 6.51094000e+02
200000.000000 4.47234000e+01
400000.000000 2.88269000e+00
600000.000000 5.71143000e-01
800000.000000 1.80306000e-01
1000000.000000 7.35979000e-02
1200000.000000 3.53524000e-02
1400000.000000 1.90114000e-02
1600000.000000 1.11045000e-02
