# Kurucz ODFNEW /NOVER, alpha: 0.0 (2003)
# teff = 21000 K (value for the effective temperature for the model. Temperatures are given in K)
# logg = 4.5 log(cm/s2) (value for Log(G) for the model.)
# lh = 1.25  (l/Hp where l is the  mixing length of the convective element and Hp is the pressure scale height)
# meta = 0.2  (value for the Metallicity for the model.)
# vtur = 2 km/s (Microturbulence velocity)
# alpha = 0  (Alpha)
#
# column 1: WAVELENGTH (ANGSTROM), Wavelength in Angstrom
# column 2: FLUX (ERG/CM2/S/A), Flux in erg/cm2/s/A
147.200000 5.45990000e-18
151.000000 2.87524000e-17
155.200000 1.64396000e-16
158.800000 6.81633000e-16
162.000000 2.29377000e-15
166.000000 9.80937000e-15
170.300000 4.33649000e-14
173.400000 1.21525000e-13
176.800000 3.60914000e-13
180.200000 1.03140000e-12
181.700000 1.61818000e-12
186.100000 5.83425000e-12
191.000000 2.27828000e-11
193.900000 4.93963000e-11
198.400000 1.57324000e-10
201.800000 3.65700000e-10
205.000000 7.89836000e-10
210.500000 2.81317000e-09
216.200000 9.83362000e-09
219.800000 2.09949000e-08
223.000000 4.03797000e-08
226.800000 8.58290000e-08
230.000000 8.13636000e-07
234.000000 2.00233000e-06
240.000000 5.68875000e-06
246.500000 1.65250000e-05
252.400000 4.17700000e-05
256.800000 7.91777000e-05
260.000000 1.29398000e-04
264.000000 2.27715000e-04
268.500000 4.20739000e-04
273.500000 8.10850000e-04
278.500000 1.53558000e-03
284.000000 3.04108000e-03
290.000000 6.14235000e-03
296.000000 1.20381000e-02
301.000000 2.06671000e-02
308.000000 4.25242000e-02
318.000000 1.15805000e-01
328.000000 2.86889000e-01
338.000000 6.91108000e-01
348.000000 1.55885000e+00
357.000000 3.30177000e+00
366.000000 6.44672000e+00
375.000000 1.18346000e+01
385.000000 2.27705000e+01
395.000000 4.22883000e+01
405.000000 7.58259000e+01
414.000000 1.25776000e+02
422.000000 1.91282000e+02
430.000000 2.88507000e+02
441.000000 4.95123000e+02
451.000000 7.88646000e+02
460.000000 1.17039000e+03
470.000000 1.79531000e+03
480.000000 2.68763000e+03
490.000000 3.97174000e+03
500.000000 5.76064000e+03
506.000000 3.97173000e+04
512.000000 2.91288000e+05
520.000000 3.64051000e+05
530.000000 4.96266000e+05
540.000000 5.72213000e+05
550.000000 8.40785000e+05
560.000000 1.01335000e+06
570.000000 1.30597000e+06
580.000000 1.33300000e+06
590.000000 1.81969000e+06
600.000000 2.22647000e+06
610.000000 2.76012000e+06
620.000000 3.16241000e+06
630.000000 3.66488000e+06
640.000000 3.82745000e+06
650.000000 3.36319000e+06
658.000000 4.97681000e+06
665.000000 5.80166000e+06
675.000000 6.52568000e+06
685.000000 7.21898000e+06
695.000000 8.88583000e+06
705.000000 9.73232000e+06
716.000000 1.11669000e+07
726.000000 1.22580000e+07
735.000000 1.32972000e+07
745.000000 1.52823000e+07
755.000000 1.69825000e+07
765.000000 1.88473000e+07
775.000000 2.08930000e+07
785.000000 2.29868000e+07
795.000000 2.46450000e+07
805.000000 2.66340000e+07
815.000000 2.86053000e+07
825.000000 3.16184000e+07
835.000000 3.20462000e+07
845.000000 3.54551000e+07
855.000000 3.79664000e+07
865.000000 4.12611000e+07
875.000000 4.48788000e+07
885.000000 4.91387000e+07
895.000000 5.25147000e+07
905.000000 5.32971000e+07
915.000000 8.01719000e+07
925.000000 3.65931000e+08
935.000000 9.92560000e+08
945.000000 3.02244000e+09
955.000000 5.76025000e+09
965.000000 7.69135000e+09
975.000000 1.21243000e+09
985.000000 8.59443000e+09
995.000000 8.67103000e+09
1005.000000 1.08947000e+10
1015.000000 9.82391000e+09
1025.000000 2.34886000e+09
1035.000000 6.39426000e+09
1045.000000 1.37600000e+10
1055.000000 1.31815000e+10
1065.000000 1.00252000e+10
1075.000000 1.24915000e+10
1085.000000 1.09003000e+10
1095.000000 1.27360000e+10
1105.000000 1.10517000e+10
1115.000000 1.02595000e+10
1125.000000 9.03287000e+09
1135.000000 1.20260000e+10
1145.000000 1.02327000e+10
1155.000000 1.10616000e+10
1165.000000 1.13061000e+10
1175.000000 7.35954000e+09
1185.000000 1.12918000e+10
1195.000000 8.45806000e+09
1205.000000 4.62212000e+09
1215.000000 2.25026000e+09
1225.000000 6.67864000e+09
1235.000000 1.06005000e+10
1245.000000 1.09060000e+10
1255.000000 1.06339000e+10
1265.000000 1.01422000e+10
1275.000000 1.07481000e+10
1285.000000 1.09869000e+10
1295.000000 6.82034000e+09
1305.000000 6.65007000e+09
1315.000000 1.03503000e+10
1325.000000 9.54192000e+09
1335.000000 8.59858000e+09
1345.000000 9.68092000e+09
1355.000000 9.39123000e+09
1365.000000 8.23771000e+09
1375.000000 8.24187000e+09
1385.000000 8.29100000e+09
1395.000000 6.71813000e+09
1405.000000 7.15720000e+09
1415.000000 7.26054000e+09
1425.000000 7.42912000e+09
1435.000000 7.51474000e+09
1442.000000 7.82695000e+09
1447.000000 7.68407000e+09
1455.000000 7.47328000e+09
1465.000000 6.84589000e+09
1475.000000 6.91771000e+09
1485.000000 6.75737000e+09
1495.000000 6.71768000e+09
1505.000000 6.05788000e+09
1512.000000 5.39302000e+09
1517.000000 5.65891000e+09
1525.000000 5.86892000e+09
1535.000000 5.09272000e+09
1545.000000 5.13969000e+09
1555.000000 4.92735000e+09
1565.000000 5.14468000e+09
1575.000000 5.46591000e+09
1585.000000 5.50468000e+09
1595.000000 5.50280000e+09
1605.000000 5.53243000e+09
1615.000000 5.49980000e+09
1625.000000 5.28124000e+09
1635.000000 5.59846000e+09
1645.000000 5.55956000e+09
1655.000000 5.27774000e+09
1665.000000 5.64314000e+09
1672.000000 5.39358000e+09
1677.000000 5.59897000e+09
1685.000000 5.62568000e+09
1695.000000 5.28544000e+09
1705.000000 5.03727000e+09
1715.000000 4.73149000e+09
1725.000000 4.66109000e+09
1735.000000 4.92340000e+09
1745.000000 4.72560000e+09
1755.000000 4.86136000e+09
1765.000000 4.57291000e+09
1775.000000 4.47418000e+09
1785.000000 4.54444000e+09
1795.000000 4.75877000e+09
1805.000000 4.78112000e+09
1815.000000 4.22825000e+09
1825.000000 4.44118000e+09
1835.000000 4.21188000e+09
1845.000000 3.84706000e+09
1855.000000 3.74909000e+09
1865.000000 3.82597000e+09
1875.000000 4.17329000e+09
1885.000000 3.69528000e+09
1895.000000 3.44195000e+09
1905.000000 3.76467000e+09
1915.000000 3.48641000e+09
1925.000000 3.36376000e+09
1935.000000 3.54511000e+09
1945.000000 3.60057000e+09
1955.000000 3.27926000e+09
1967.000000 3.59438000e+09
1976.000000 3.73683000e+09
1984.000000 3.43724000e+09
1995.000000 3.36111000e+09
2005.000000 3.49635000e+09
2015.000000 3.36347000e+09
2025.000000 3.56635000e+09
2035.000000 3.23655000e+09
2045.000000 3.30983000e+09
2055.000000 3.19232000e+09
2065.000000 3.22014000e+09
2074.000000 3.37714000e+09
2078.000000 3.05757000e+09
2085.000000 3.22582000e+09
2095.000000 3.02317000e+09
2105.000000 3.11244000e+09
2115.000000 3.11390000e+09
2125.000000 3.15541000e+09
2135.000000 3.05443000e+09
2145.000000 2.93063000e+09
2155.000000 3.05406000e+09
2165.000000 3.01409000e+09
2175.000000 2.97553000e+09
2185.000000 2.86961000e+09
2195.000000 2.92765000e+09
2205.000000 2.87334000e+09
2215.000000 2.80561000e+09
2225.000000 2.70770000e+09
2235.000000 2.74695000e+09
2245.000000 2.73464000e+09
2255.000000 2.61902000e+09
2265.000000 2.68289000e+09
2275.000000 2.66023000e+09
2285.000000 2.66997000e+09
2295.000000 2.52036000e+09
2305.000000 2.54633000e+09
2315.000000 2.45627000e+09
2325.000000 2.42110000e+09
2335.000000 2.31625000e+09
2345.000000 2.30312000e+09
2355.000000 2.32103000e+09
2365.000000 2.26049000e+09
2375.000000 2.25218000e+09
2385.000000 2.19982000e+09
2395.000000 2.24309000e+09
2405.000000 2.15348000e+09
2415.000000 2.16708000e+09
2425.000000 2.17801000e+09
2435.000000 2.08925000e+09
2445.000000 2.12261000e+09
2455.000000 2.11529000e+09
2465.000000 2.06908000e+09
2475.000000 2.03020000e+09
2485.000000 2.04952000e+09
2495.000000 1.94876000e+09
2505.000000 2.01116000e+09
2513.000000 1.89893000e+09
2518.000000 1.97803000e+09
2525.000000 1.91088000e+09
2535.000000 1.88856000e+09
2545.000000 1.83228000e+09
2555.000000 1.87966000e+09
2565.000000 1.85289000e+09
2575.000000 1.87586000e+09
2585.000000 1.86639000e+09
2595.000000 1.85024000e+09
2605.000000 1.82274000e+09
2615.000000 1.80602000e+09
2625.000000 1.78966000e+09
2635.000000 1.78039000e+09
2645.000000 1.78984000e+09
2655.000000 1.78001000e+09
2665.000000 1.71236000e+09
2675.000000 1.72875000e+09
2685.000000 1.71543000e+09
2695.000000 1.66444000e+09
2705.000000 1.65545000e+09
2715.000000 1.63464000e+09
2725.000000 1.61227000e+09
2735.000000 1.62623000e+09
2745.000000 1.55151000e+09
2755.000000 1.55094000e+09
2765.000000 1.54477000e+09
2775.000000 1.56506000e+09
2785.000000 1.54282000e+09
2795.000000 1.47610000e+09
2805.000000 1.50337000e+09
2815.000000 1.50764000e+09
2825.000000 1.47918000e+09
2835.000000 1.41594000e+09
2845.000000 1.42797000e+09
2855.000000 1.42321000e+09
2865.000000 1.43312000e+09
2875.000000 1.41013000e+09
2885.000000 1.39816000e+09
2895.000000 1.38388000e+09
2910.000000 1.36583000e+09
2930.000000 1.33549000e+09
2950.000000 1.29783000e+09
2970.000000 1.28609000e+09
2990.000000 1.25508000e+09
3010.000000 1.23089000e+09
3030.000000 1.22064000e+09
3050.000000 1.19492000e+09
3070.000000 1.17253000e+09
3090.000000 1.14268000e+09
3110.000000 1.12519000e+09
3130.000000 1.10570000e+09
3150.000000 1.08529000e+09
3170.000000 1.05957000e+09
3190.000000 1.03085000e+09
3210.000000 1.02313000e+09
3230.000000 1.00472000e+09
3250.000000 9.87718000e+08
3270.000000 9.69824000e+08
3290.000000 9.51317000e+08
3310.000000 9.36348000e+08
3330.000000 9.18339000e+08
3350.000000 9.00055000e+08
3370.000000 8.84959000e+08
3390.000000 8.70351000e+08
3410.000000 8.55377000e+08
3430.000000 8.36049000e+08
3450.000000 8.18534000e+08
3470.000000 8.06091000e+08
3490.000000 7.91837000e+08
3510.000000 7.79628000e+08
3530.000000 7.68763000e+08
3550.000000 7.55880000e+08
3570.000000 7.47287000e+08
3590.000000 7.26531000e+08
3610.000000 7.15815000e+08
3630.000000 7.04747000e+08
3640.000000 7.04548000e+08
3650.000000 6.92407000e+08
3670.000000 6.84657000e+08
3690.000000 6.72110000e+08
3710.000000 6.47475000e+08
3730.000000 6.18888000e+08
3750.000000 6.44023000e+08
3770.000000 6.43596000e+08
3790.000000 6.91033000e+08
3810.000000 7.28825000e+08
3830.000000 6.23358000e+08
3850.000000 7.57043000e+08
3870.000000 7.73134000e+08
3890.000000 5.85256000e+08
3910.000000 7.72182000e+08
3930.000000 7.54854000e+08
3950.000000 7.46094000e+08
3970.000000 5.45557000e+08
3990.000000 7.11924000e+08
4010.000000 7.20772000e+08
4030.000000 6.67753000e+08
4050.000000 7.05089000e+08
4070.000000 6.76957000e+08
4090.000000 6.09389000e+08
4110.000000 5.23141000e+08
4130.000000 6.35962000e+08
4150.000000 6.36541000e+08
4170.000000 6.34653000e+08
4190.000000 6.29853000e+08
4210.000000 6.22926000e+08
4230.000000 6.10165000e+08
4250.000000 5.96906000e+08
4270.000000 5.77092000e+08
4290.000000 5.75654000e+08
4310.000000 5.58622000e+08
4330.000000 4.88873000e+08
4350.000000 4.41683000e+08
4370.000000 5.27862000e+08
4390.000000 5.13797000e+08
4410.000000 5.22572000e+08
4430.000000 5.14140000e+08
4450.000000 5.10271000e+08
4470.000000 4.74096000e+08
4490.000000 4.90138000e+08
4510.000000 4.89283000e+08
4530.000000 4.79464000e+08
4550.000000 4.73166000e+08
4570.000000 4.66165000e+08
4590.000000 4.59018000e+08
4610.000000 4.49779000e+08
4630.000000 4.41737000e+08
4650.000000 4.33938000e+08
4670.000000 4.30782000e+08
4690.000000 4.26413000e+08
4710.000000 4.08892000e+08
4730.000000 4.08842000e+08
4750.000000 4.02986000e+08
4770.000000 4.02561000e+08
4790.000000 3.94937000e+08
4810.000000 3.85537000e+08
4830.000000 3.77183000e+08
4850.000000 3.38124000e+08
4870.000000 2.97372000e+08
4890.000000 3.60138000e+08
4910.000000 3.59382000e+08
4930.000000 3.44134000e+08
4950.000000 3.51276000e+08
4970.000000 3.47692000e+08
4990.000000 3.41960000e+08
5010.000000 3.26883000e+08
5030.000000 3.31034000e+08
5050.000000 3.21282000e+08
5070.000000 3.23163000e+08
5090.000000 3.18317000e+08
5110.000000 3.12872000e+08
5130.000000 3.06157000e+08
5150.000000 3.02179000e+08
5170.000000 3.01072000e+08
5190.000000 2.97036000e+08
5210.000000 2.90027000e+08
5230.000000 2.88901000e+08
5250.000000 2.85200000e+08
5270.000000 2.80856000e+08
5290.000000 2.77996000e+08
5310.000000 2.73942000e+08
5330.000000 2.69861000e+08
5350.000000 2.65399000e+08
5370.000000 2.63491000e+08
5390.000000 2.59918000e+08
5410.000000 2.56339000e+08
5430.000000 2.52155000e+08
5450.000000 2.49191000e+08
5470.000000 2.45736000e+08
5490.000000 2.43261000e+08
5510.000000 2.40084000e+08
5530.000000 2.36884000e+08
5550.000000 2.34189000e+08
5570.000000 2.30981000e+08
5590.000000 2.28294000e+08
5610.000000 2.24993000e+08
5630.000000 2.22791000e+08
5650.000000 2.17653000e+08
5670.000000 2.14854000e+08
5690.000000 2.12823000e+08
5710.000000 2.11208000e+08
5730.000000 2.08772000e+08
5750.000000 2.05978000e+08
5770.000000 2.03873000e+08
5790.000000 2.01276000e+08
5810.000000 1.98732000e+08
5830.000000 1.96107000e+08
5850.000000 1.93866000e+08
5870.000000 1.84478000e+08
5890.000000 1.87104000e+08
5910.000000 1.86541000e+08
5930.000000 1.84332000e+08
5950.000000 1.81466000e+08
5970.000000 1.80284000e+08
5990.000000 1.77613000e+08
6010.000000 1.76046000e+08
6030.000000 1.73782000e+08
6050.000000 1.71812000e+08
6070.000000 1.69843000e+08
6090.000000 1.67714000e+08
6110.000000 1.65881000e+08
6130.000000 1.64008000e+08
6150.000000 1.61021000e+08
6170.000000 1.59939000e+08
6190.000000 1.58288000e+08
6210.000000 1.56459000e+08
6230.000000 1.54612000e+08
6250.000000 1.52341000e+08
6270.000000 1.50968000e+08
6290.000000 1.49267000e+08
6310.000000 1.47376000e+08
6330.000000 1.45976000e+08
6350.000000 1.43395000e+08
6370.000000 1.42152000e+08
6390.000000 1.40904000e+08
6410.000000 1.39284000e+08
6430.000000 1.37981000e+08
6450.000000 1.36285000e+08
6470.000000 1.34453000e+08
6490.000000 1.33062000e+08
6510.000000 1.31295000e+08
6530.000000 1.29052000e+08
6550.000000 1.20915000e+08
6570.000000 1.05273000e+08
6590.000000 1.22722000e+08
6610.000000 1.24067000e+08
6630.000000 1.23226000e+08
6650.000000 1.22085000e+08
6670.000000 1.19246000e+08
6690.000000 1.18054000e+08
6710.000000 1.18205000e+08
6730.000000 1.16863000e+08
6750.000000 1.15733000e+08
6770.000000 1.14524000e+08
6790.000000 1.12469000e+08
6810.000000 1.11924000e+08
6830.000000 1.10752000e+08
6850.000000 1.09705000e+08
6870.000000 1.08556000e+08
6890.000000 1.07379000e+08
6910.000000 1.06246000e+08
6930.000000 1.05029000e+08
6950.000000 1.04075000e+08
6970.000000 1.03013000e+08
6990.000000 1.01908000e+08
7010.000000 1.00837000e+08
7030.000000 9.97987000e+07
7050.000000 9.86496000e+07
7070.000000 9.59744000e+07
7090.000000 9.67677000e+07
7110.000000 9.54267000e+07
7130.000000 9.44993000e+07
7150.000000 9.37724000e+07
7170.000000 9.28690000e+07
7190.000000 9.19814000e+07
7210.000000 9.10515000e+07
7230.000000 8.88187000e+07
7250.000000 8.91321000e+07
7270.000000 8.83288000e+07
7290.000000 8.66893000e+07
7310.000000 8.65681000e+07
7330.000000 8.57107000e+07
7350.000000 8.48822000e+07
7370.000000 8.40407000e+07
7390.000000 8.32139000e+07
7410.000000 8.23948000e+07
7430.000000 8.14810000e+07
7450.000000 8.07590000e+07
7470.000000 7.98275000e+07
7490.000000 7.91533000e+07
7510.000000 7.83783000e+07
7530.000000 7.76303000e+07
7550.000000 7.69287000e+07
7570.000000 7.62007000e+07
7590.000000 7.54334000e+07
7610.000000 7.47382000e+07
7630.000000 7.40233000e+07
7650.000000 7.33213000e+07
7670.000000 7.26193000e+07
7690.000000 7.19235000e+07
7710.000000 7.12530000e+07
7730.000000 7.05569000e+07
7750.000000 6.99047000e+07
7770.000000 6.86779000e+07
7790.000000 6.85989000e+07
7810.000000 6.79268000e+07
7830.000000 6.73344000e+07
7850.000000 6.65577000e+07
7870.000000 6.59705000e+07
7890.000000 6.51886000e+07
7910.000000 6.48714000e+07
7930.000000 6.43050000e+07
7950.000000 6.34990000e+07
7970.000000 6.30028000e+07
7990.000000 6.21744000e+07
8010.000000 6.18467000e+07
8030.000000 6.12644000e+07
8050.000000 6.06930000e+07
8070.000000 6.01785000e+07
8090.000000 5.95532000e+07
8110.000000 5.90479000e+07
8130.000000 5.85696000e+07
8150.000000 5.80160000e+07
8170.000000 5.75799000e+07
8190.000000 5.69452000e+07
8210.000000 5.62656000e+07
8230.000000 5.57756000e+07
8250.000000 5.55055000e+07
8270.000000 5.47196000e+07
8290.000000 5.44855000e+07
8310.000000 5.40271000e+07
8330.000000 5.35546000e+07
8350.000000 5.28240000e+07
8370.000000 5.25030000e+07
8390.000000 5.21797000e+07
8410.000000 5.17139000e+07
8430.000000 5.12048000e+07
8450.000000 5.01882000e+07
8470.000000 5.02828000e+07
8490.000000 4.97039000e+07
8510.000000 4.92468000e+07
8530.000000 4.88940000e+07
8550.000000 4.79054000e+07
8570.000000 4.85386000e+07
8590.000000 4.66035000e+07
8610.000000 4.65377000e+07
8630.000000 4.77133000e+07
8650.000000 4.61586000e+07
8670.000000 4.35002000e+07
8690.000000 4.64191000e+07
8710.000000 4.68816000e+07
8730.000000 4.51717000e+07
8750.000000 4.07343000e+07
8770.000000 4.36134000e+07
8790.000000 4.55972000e+07
8810.000000 4.55991000e+07
8830.000000 4.47226000e+07
8850.000000 4.12908000e+07
8870.000000 3.81786000e+07
8890.000000 4.28892000e+07
8910.000000 4.37413000e+07
8930.000000 4.35555000e+07
8950.000000 4.34105000e+07
8970.000000 4.28238000e+07
8990.000000 4.11162000e+07
9010.000000 3.60310000e+07
9030.000000 3.78227000e+07
9050.000000 4.08203000e+07
9070.000000 4.06854000e+07
9090.000000 4.07869000e+07
9110.000000 4.07379000e+07
9130.000000 4.04502000e+07
9150.000000 4.01039000e+07
9170.000000 3.95327000e+07
9190.000000 3.89139000e+07
9210.000000 3.66083000e+07
9230.000000 3.18955000e+07
9250.000000 3.58367000e+07
9270.000000 3.72363000e+07
9290.000000 3.77170000e+07
9310.000000 3.73769000e+07
9330.000000 3.72779000e+07
9350.000000 3.70587000e+07
9370.000000 3.68075000e+07
9390.000000 3.65026000e+07
9410.000000 3.60102000e+07
9430.000000 3.59263000e+07
9450.000000 3.55854000e+07
9470.000000 3.49786000e+07
9490.000000 3.48234000e+07
9510.000000 3.38665000e+07
9530.000000 3.17898000e+07
9550.000000 2.81226000e+07
9570.000000 3.20750000e+07
9590.000000 3.31932000e+07
9610.000000 3.31416000e+07
9630.000000 3.27470000e+07
9650.000000 3.29265000e+07
9670.000000 3.26716000e+07
9690.000000 3.24041000e+07
9710.000000 3.20829000e+07
9730.000000 3.19492000e+07
9750.000000 3.16851000e+07
9770.000000 3.14612000e+07
9790.000000 3.12160000e+07
9810.000000 3.09691000e+07
9830.000000 3.07204000e+07
9850.000000 3.05002000e+07
9870.000000 3.02546000e+07
9890.000000 2.99975000e+07
9910.000000 2.96134000e+07
9930.000000 2.95748000e+07
9950.000000 2.93065000e+07
9970.000000 2.90231000e+07
9990.000000 2.87250000e+07
10025.000000 2.67814000e+07
10075.000000 2.57813000e+07
10125.000000 2.72222000e+07
10175.000000 2.69535000e+07
10225.000000 2.64729000e+07
10275.000000 2.60000000e+07
10325.000000 2.54074000e+07
10375.000000 2.50662000e+07
10425.000000 2.46162000e+07
10475.000000 2.41703000e+07
10525.000000 2.37290000e+07
10575.000000 2.33148000e+07
10625.000000 2.29067000e+07
10675.000000 2.24093000e+07
10725.000000 2.21012000e+07
10775.000000 2.17149000e+07
10825.000000 2.10589000e+07
10875.000000 2.08071000e+07
10925.000000 1.85086000e+07
10975.000000 1.94872000e+07
11025.000000 1.96937000e+07
11075.000000 1.95393000e+07
11125.000000 1.92401000e+07
11175.000000 1.89139000e+07
11225.000000 1.85867000e+07
11275.000000 1.82341000e+07
11325.000000 1.79471000e+07
11375.000000 1.76822000e+07
11425.000000 1.73803000e+07
11475.000000 1.71056000e+07
11525.000000 1.68245000e+07
11575.000000 1.65411000e+07
11625.000000 1.62664000e+07
11675.000000 1.60083000e+07
11725.000000 1.57561000e+07
11775.000000 1.54767000e+07
11825.000000 1.52572000e+07
11875.000000 1.50109000e+07
11925.000000 1.47782000e+07
11975.000000 1.43614000e+07
12025.000000 1.43159000e+07
12075.000000 1.40912000e+07
12125.000000 1.38704000e+07
12175.000000 1.36550000e+07
12225.000000 1.34432000e+07
12275.000000 1.32354000e+07
12325.000000 1.30318000e+07
12375.000000 1.28327000e+07
12425.000000 1.26381000e+07
12475.000000 1.24334000e+07
12525.000000 1.22277000e+07
12575.000000 1.20633000e+07
12625.000000 1.18873000e+07
12675.000000 1.17109000e+07
12725.000000 1.15011000e+07
12775.000000 1.10717000e+07
12825.000000 1.00797000e+07
12875.000000 1.08826000e+07
12925.000000 1.08437000e+07
12975.000000 1.06157000e+07
13025.000000 1.05562000e+07
13075.000000 1.04033000e+07
13125.000000 1.02529000e+07
13175.000000 1.00995000e+07
13225.000000 9.95971000e+06
13275.000000 9.81727000e+06
13325.000000 9.67690000e+06
13375.000000 9.53961000e+06
13425.000000 9.39531000e+06
13475.000000 9.27095000e+06
13525.000000 9.13951000e+06
13575.000000 9.01261000e+06
13625.000000 8.88611000e+06
13675.000000 8.76121000e+06
13725.000000 8.63990000e+06
13775.000000 8.52269000e+06
13825.000000 8.40538000e+06
13875.000000 8.28992000e+06
13925.000000 8.17221000e+06
13975.000000 8.06310000e+06
14025.000000 7.95573000e+06
14075.000000 7.84758000e+06
14125.000000 7.74170000e+06
14175.000000 7.63806000e+06
14225.000000 7.53587000e+06
14275.000000 7.43529000e+06
14325.000000 7.33611000e+06
14375.000000 7.23849000e+06
14425.000000 7.13933000e+06
14475.000000 7.04730000e+06
14525.000000 6.95476000e+06
14570.000000 6.87443000e+06
14620.000000 6.78377000e+06
14675.000000 6.68824000e+06
14725.000000 6.60172000e+06
14775.000000 6.51586000e+06
14825.000000 6.43428000e+06
14875.000000 6.35227000e+06
14925.000000 6.27207000e+06
14975.000000 6.19212000e+06
15025.000000 6.11426000e+06
15075.000000 6.02338000e+06
15125.000000 5.96106000e+06
15175.000000 5.88601000e+06
15225.000000 5.81182000e+06
15275.000000 5.73816000e+06
15325.000000 5.66532000e+06
15375.000000 5.59698000e+06
15425.000000 5.52022000e+06
15475.000000 5.45755000e+06
15525.000000 5.38713000e+06
15575.000000 5.30507000e+06
15625.000000 5.26917000e+06
15675.000000 5.17612000e+06
15725.000000 5.09724000e+06
15775.000000 5.08618000e+06
15825.000000 5.01783000e+06
15875.000000 4.86070000e+06
15925.000000 4.87375000e+06
15975.000000 4.85938000e+06
16050.000000 4.74008000e+06
16150.000000 4.56615000e+06
16250.000000 4.56762000e+06
16350.000000 4.40073000e+06
16450.000000 4.22195000e+06
16550.000000 4.26722000e+06
16650.000000 4.17358000e+06
16750.000000 3.99781000e+06
16850.000000 3.82578000e+06
16950.000000 3.88842000e+06
17050.000000 3.78657000e+06
17150.000000 3.72640000e+06
17250.000000 3.62977000e+06
17350.000000 3.36653000e+06
17450.000000 3.44869000e+06
17550.000000 3.40791000e+06
17650.000000 3.33518000e+06
17750.000000 3.26219000e+06
17850.000000 3.19015000e+06
17950.000000 3.12489000e+06
18050.000000 3.04596000e+06
18150.000000 2.83317000e+06
18250.000000 2.88116000e+06
18350.000000 2.86595000e+06
18450.000000 2.80852000e+06
18550.000000 2.74624000e+06
18650.000000 2.66228000e+06
18750.000000 2.49026000e+06
18850.000000 2.57396000e+06
18950.000000 2.53050000e+06
19050.000000 2.47016000e+06
19150.000000 2.43077000e+06
19250.000000 2.38240000e+06
19350.000000 2.31991000e+06
19450.000000 2.14763000e+06
19550.000000 2.22586000e+06
19650.000000 2.19995000e+06
19750.000000 2.15696000e+06
19850.000000 2.11511000e+06
19950.000000 2.07418000e+06
20050.000000 2.03433000e+06
20150.000000 1.99535000e+06
20250.000000 1.95732000e+06
20350.000000 1.92021000e+06
20450.000000 1.88337000e+06
20550.000000 1.84465000e+06
20650.000000 1.81402000e+06
20750.000000 1.78021000e+06
20850.000000 1.74723000e+06
20950.000000 1.71497000e+06
21050.000000 1.68350000e+06
21150.000000 1.64631000e+06
21250.000000 1.62251000e+06
21350.000000 1.59305000e+06
21450.000000 1.56382000e+06
21550.000000 1.52768000e+06
21650.000000 1.41642000e+06
21750.000000 1.46786000e+06
21850.000000 1.45429000e+06
21950.000000 1.43013000e+06
22050.000000 1.40525000e+06
22150.000000 1.38069000e+06
22250.000000 1.35636000e+06
22350.000000 1.33316000e+06
22450.000000 1.31017000e+06
22550.000000 1.28769000e+06
22650.000000 1.26562000e+06
22750.000000 1.24411000e+06
22850.000000 1.22300000e+06
22950.000000 1.20242000e+06
23050.000000 1.18202000e+06
23150.000000 1.16248000e+06
23250.000000 1.14316000e+06
23350.000000 1.12427000e+06
23450.000000 1.10573000e+06
23550.000000 1.08752000e+06
23650.000000 1.06973000e+06
23750.000000 1.05232000e+06
23850.000000 1.03524000e+06
23950.000000 1.01840000e+06
24050.000000 1.00194000e+06
24150.000000 9.85841000e+05
24250.000000 9.70231000e+05
24350.000000 9.54654000e+05
24450.000000 9.39362000e+05
24550.000000 9.24662000e+05
24650.000000 9.09796000e+05
24750.000000 8.94157000e+05
24850.000000 8.81972000e+05
24950.000000 8.66686000e+05
25050.000000 8.54857000e+05
25150.000000 8.41640000e+05
25250.000000 8.25710000e+05
25350.000000 8.15632000e+05
25450.000000 8.04233000e+05
25550.000000 7.90505000e+05
25650.000000 7.73875000e+05
25750.000000 7.67251000e+05
25850.000000 7.57042000e+05
25950.000000 7.45344000e+05
26050.000000 7.30140000e+05
26150.000000 7.08865000e+05
26250.000000 6.70288000e+05
26350.000000 6.96137000e+05
26450.000000 6.91799000e+05
26550.000000 6.81467000e+05
26650.000000 6.69095000e+05
26750.000000 6.46570000e+05
26850.000000 6.49445000e+05
26950.000000 6.44219000e+05
27050.000000 6.35861000e+05
27150.000000 6.26739000e+05
27250.000000 6.17784000e+05
27350.000000 6.08742000e+05
27450.000000 5.97315000e+05
27550.000000 5.72786000e+05
27650.000000 5.73528000e+05
27750.000000 5.73756000e+05
27850.000000 5.67166000e+05
27950.000000 5.59257000e+05
28050.000000 5.51446000e+05
28150.000000 5.43827000e+05
28250.000000 5.36302000e+05
28350.000000 5.28869000e+05
28450.000000 5.21667000e+05
28550.000000 5.13166000e+05
28650.000000 5.00089000e+05
28750.000000 4.79251000e+05
28850.000000 4.90554000e+05
28950.000000 4.86677000e+05
29050.000000 4.80653000e+05
29150.000000 4.74169000e+05
29250.000000 4.67850000e+05
29350.000000 4.61606000e+05
29450.000000 4.55523000e+05
29550.000000 4.49468000e+05
29650.000000 4.43570000e+05
29750.000000 4.37741000e+05
29850.000000 4.31981000e+05
29950.000000 4.26371000e+05
30050.000000 4.20784000e+05
30150.000000 4.15138000e+05
30250.000000 4.07968000e+05
30350.000000 3.88618000e+05
30450.000000 3.88962000e+05
30550.000000 3.92846000e+05
30650.000000 3.89337000e+05
30750.000000 3.84263000e+05
30850.000000 3.79357000e+05
30950.000000 3.74715000e+05
31050.000000 3.69992000e+05
31150.000000 3.65314000e+05
31250.000000 3.60707000e+05
31350.000000 3.56260000e+05
31450.000000 3.51823000e+05
31550.000000 3.47458000e+05
31650.000000 3.43152000e+05
31750.000000 3.38923000e+05
31850.000000 3.34760000e+05
31950.000000 3.30656000e+05
32100.000000 3.24615000e+05
32300.000000 3.16780000e+05
32500.000000 3.09173000e+05
32700.000000 3.01492000e+05
32900.000000 2.84407000e+05
33100.000000 2.84659000e+05
33300.000000 2.80462000e+05
33500.000000 2.74122000e+05
33700.000000 2.67800000e+05
33900.000000 2.61659000e+05
34100.000000 2.55683000e+05
34300.000000 2.49867000e+05
34500.000000 2.44221000e+05
34700.000000 2.38723000e+05
34900.000000 2.33385000e+05
35100.000000 2.28198000e+05
35300.000000 2.23146000e+05
35500.000000 2.18236000e+05
35700.000000 2.13450000e+05
35900.000000 2.08819000e+05
36100.000000 2.04265000e+05
36300.000000 1.99891000e+05
36500.000000 1.95551000e+05
36700.000000 1.91440000e+05
36900.000000 1.87221000e+05
37100.000000 1.83045000e+05
37300.000000 1.76249000e+05
37500.000000 1.71333000e+05
37700.000000 1.72033000e+05
37900.000000 1.68662000e+05
38100.000000 1.64908000e+05
38300.000000 1.61582000e+05
38500.000000 1.58794000e+05
38700.000000 1.55643000e+05
38900.000000 1.52073000e+05
39100.000000 1.48431000e+05
39300.000000 1.46271000e+05
39500.000000 1.43537000e+05
39700.000000 1.40737000e+05
39900.000000 1.37884000e+05
40100.000000 1.34343000e+05
40300.000000 1.31194000e+05
40500.000000 1.25689000e+05
40700.000000 1.27209000e+05
40900.000000 1.25101000e+05
41100.000000 1.22711000e+05
41300.000000 1.20282000e+05
41500.000000 1.17795000e+05
41700.000000 1.13877000e+05
41900.000000 1.13329000e+05
42100.000000 1.11573000e+05
42300.000000 1.09501000e+05
42500.000000 1.07432000e+05
42700.000000 1.05496000e+05
42900.000000 1.03408000e+05
43100.000000 1.01673000e+05
43300.000000 9.98241000e+04
43500.000000 9.78750000e+04
43700.000000 9.42213000e+04
43900.000000 9.36814000e+04
44100.000000 9.28085000e+04
44300.000000 9.11930000e+04
44500.000000 8.95818000e+04
44700.000000 8.81277000e+04
44900.000000 8.65819000e+04
45100.000000 8.50693000e+04
45300.000000 8.35763000e+04
45500.000000 8.21389000e+04
45700.000000 8.07217000e+04
45900.000000 7.93367000e+04
46100.000000 7.78095000e+04
46300.000000 7.63093000e+04
46500.000000 7.21139000e+04
46700.000000 7.15477000e+04
46900.000000 7.21942000e+04
47100.000000 7.14414000e+04
47300.000000 7.04293000e+04
47500.000000 6.92464000e+04
47700.000000 6.81156000e+04
47900.000000 6.69946000e+04
48100.000000 6.58964000e+04
48300.000000 6.48205000e+04
48500.000000 6.37649000e+04
48700.000000 6.27324000e+04
48900.000000 6.17209000e+04
49100.000000 6.07284000e+04
49300.000000 5.97562000e+04
49500.000000 5.88038000e+04
49700.000000 5.78693000e+04
49900.000000 5.69540000e+04
50100.000000 5.60559000e+04
50300.000000 5.51733000e+04
50500.000000 5.43146000e+04
50700.000000 5.34678000e+04
50900.000000 5.25235000e+04
51100.000000 5.14437000e+04
51300.000000 4.91223000e+04
51500.000000 4.99574000e+04
51700.000000 4.93687000e+04
51900.000000 4.87232000e+04
52100.000000 4.79848000e+04
52300.000000 4.72590000e+04
52500.000000 4.65470000e+04
52700.000000 4.58132000e+04
52900.000000 4.51646000e+04
53100.000000 4.44923000e+04
53300.000000 4.38328000e+04
53500.000000 4.31845000e+04
53700.000000 4.24885000e+04
53900.000000 4.18652000e+04
54100.000000 4.13116000e+04
54300.000000 4.07102000e+04
54500.000000 4.01202000e+04
54700.000000 3.95403000e+04
54900.000000 3.89702000e+04
55100.000000 3.83516000e+04
55300.000000 3.77285000e+04
55500.000000 3.73152000e+04
55700.000000 3.67915000e+04
55900.000000 3.62707000e+04
56100.000000 3.57588000e+04
56300.000000 3.52568000e+04
56500.000000 3.47621000e+04
56700.000000 3.42771000e+04
56900.000000 3.37503000e+04
57100.000000 3.31295000e+04
57300.000000 3.28046000e+04
57500.000000 3.24184000e+04
57700.000000 3.19734000e+04
57900.000000 3.15360000e+04
58100.000000 3.11072000e+04
58300.000000 3.06835000e+04
58500.000000 3.02936000e+04
58700.000000 2.98098000e+04
58900.000000 2.92200000e+04
59100.000000 2.78383000e+04
59300.000000 2.84811000e+04
59500.000000 2.80090000e+04
59700.000000 2.77509000e+04
59900.000000 2.75102000e+04
60100.000000 2.72085000e+04
60300.000000 2.68511000e+04
60500.000000 2.64989000e+04
60700.000000 2.61528000e+04
60900.000000 2.58127000e+04
61100.000000 2.54775000e+04
61300.000000 2.51481000e+04
61500.000000 2.48244000e+04
61700.000000 2.45054000e+04
61900.000000 2.41910000e+04
62100.000000 2.38821000e+04
62300.000000 2.35776000e+04
62500.000000 2.32543000e+04
62700.000000 2.28714000e+04
62900.000000 2.22710000e+04
63100.000000 2.22635000e+04
63300.000000 2.20957000e+04
63500.000000 2.18512000e+04
63700.000000 2.15796000e+04
63900.000000 2.13118000e+04
64200.000000 2.09175000e+04
64600.000000 2.04056000e+04
65000.000000 1.99100000e+04
65400.000000 1.94285000e+04
65800.000000 1.89625000e+04
66200.000000 1.85088000e+04
66600.000000 1.80697000e+04
67000.000000 1.76431000e+04
67400.000000 1.71598000e+04
67800.000000 1.65326000e+04
68200.000000 1.64170000e+04
68600.000000 1.60580000e+04
69000.000000 1.56903000e+04
69400.000000 1.53324000e+04
69800.000000 1.49848000e+04
70200.000000 1.46471000e+04
70600.000000 1.43183000e+04
71000.000000 1.39990000e+04
71400.000000 1.36881000e+04
71800.000000 1.33870000e+04
72200.000000 1.30931000e+04
72600.000000 1.28070000e+04
73000.000000 1.25298000e+04
73400.000000 1.22594000e+04
73800.000000 1.19961000e+04
74200.000000 1.16927000e+04
74600.000000 1.11404000e+04
75000.000000 1.08009000e+04
75400.000000 1.09345000e+04
75800.000000 1.07721000e+04
76200.000000 1.05575000e+04
76600.000000 1.03390000e+04
77000.000000 1.01264000e+04
77400.000000 9.91698000e+03
77800.000000 9.68581000e+03
78200.000000 9.51613000e+03
78600.000000 9.32805000e+03
79000.000000 9.14086000e+03
79400.000000 8.95817000e+03
79800.000000 8.77985000e+03
80200.000000 8.60639000e+03
80600.000000 8.43709000e+03
81000.000000 8.27185000e+03
81400.000000 8.07591000e+03
81800.000000 7.93462000e+03
82200.000000 7.79960000e+03
82600.000000 7.64970000e+03
83000.000000 7.50342000e+03
83400.000000 7.36066000e+03
83800.000000 7.22136000e+03
84200.000000 7.08489000e+03
84600.000000 6.95226000e+03
85000.000000 6.82232000e+03
85400.000000 6.69554000e+03
85800.000000 6.57134000e+03
86200.000000 6.44255000e+03
86600.000000 6.27618000e+03
87000.000000 6.19421000e+03
87400.000000 6.00004000e+03
87800.000000 5.89223000e+03
88200.000000 5.88152000e+03
88600.000000 5.77959000e+03
89000.000000 5.67639000e+03
89400.000000 5.57527000e+03
89800.000000 5.47666000e+03
90200.000000 5.38004000e+03
90600.000000 5.28582000e+03
91000.000000 5.19351000e+03
91400.000000 5.10305000e+03
91800.000000 5.01487000e+03
92200.000000 4.92802000e+03
92600.000000 4.84336000e+03
93000.000000 4.76084000e+03
93400.000000 4.67222000e+03
93800.000000 4.53783000e+03
94200.000000 4.49512000e+03
94600.000000 4.44498000e+03
95000.000000 4.37215000e+03
95400.000000 4.29914000e+03
95800.000000 4.22760000e+03
96200.000000 4.15791000e+03
96600.000000 4.08923000e+03
97000.000000 4.02234000e+03
97400.000000 3.95649000e+03
97800.000000 3.89210000e+03
98200.000000 3.82896000e+03
98600.000000 3.76712000e+03
99000.000000 3.70656000e+03
99400.000000 3.64720000e+03
99800.000000 3.58901000e+03
100200.000000 3.53197000e+03
200000.000000 2.20048000e+02
400000.000000 1.35173000e+01
600000.000000 2.64182000e+00
800000.000000 8.29570000e-01
1000000.000000 3.37749000e-01
1200000.000000 1.62056000e-01
1400000.000000 8.70860000e-02
1600000.000000 5.08496000e-02
