# Kurucz ODFNEW /NOVER, alpha: 0.0 (2003)
# teff = 7250 K (value for the effective temperature for the model. Temperatures are given in K)
# logg = 2 log(cm/s2) (value for Log(G) for the model.)
# lh = 1.25  (l/Hp where l is the  mixing length of the convective element and Hp is the pressure scale height)
# meta = 0  (value for the Metallicity for the model.)
# vtur = 2 km/s (Microturbulence velocity)
# alpha = 0  (Alpha)
#
# column 1: WAVELENGTH (ANGSTROM), Wavelength in Angstrom
# column 2: FLUX (ERG/CM2/S/A), Flux in erg/cm2/s/A
246.500000 1.99592000e-44
252.400000 3.76595000e-43
256.800000 3.07559000e-42
260.000000 1.35283000e-41
264.000000 8.17988000e-41
268.500000 5.78794000e-40
273.500000 4.70595000e-39
278.500000 3.54483000e-38
284.000000 2.99876000e-37
290.000000 2.79761000e-36
296.000000 2.37227000e-35
301.000000 1.31841000e-34
308.000000 1.32013000e-33
318.000000 2.95243000e-32
328.000000 5.42067000e-31
338.000000 8.30761000e-30
348.000000 1.08131000e-28
357.000000 9.56389000e-28
366.000000 7.57250000e-27
375.000000 5.39677000e-26
385.000000 4.27320000e-25
395.000000 3.02808000e-24
405.000000 1.93825000e-23
414.000000 9.50747000e-23
422.000000 3.67815000e-22
430.000000 1.34920000e-21
441.000000 7.42723000e-21
451.000000 3.24164000e-20
460.000000 1.15210000e-19
470.000000 4.43821000e-19
480.000000 1.60986000e-18
490.000000 5.52322000e-18
500.000000 1.79594000e-17
506.000000 4.71787000e-17
512.000000 1.03399000e-16
520.000000 2.44359000e-16
530.000000 6.93134000e-16
540.000000 1.85406000e-15
550.000000 4.84169000e-15
560.000000 1.21056000e-14
570.000000 2.92189000e-14
580.000000 6.74485000e-14
590.000000 1.54361000e-13
600.000000 3.39015000e-13
610.000000 7.24655000e-13
620.000000 1.50653000e-12
630.000000 3.05380000e-12
640.000000 6.04294000e-12
650.000000 1.16924000e-11
658.000000 1.95089000e-11
665.000000 3.01597000e-11
675.000000 5.53380000e-11
685.000000 9.95727000e-11
695.000000 1.75821000e-10
705.000000 3.03771000e-10
716.000000 5.47513000e-10
726.000000 9.16600000e-10
735.000000 1.43816000e-09
745.000000 2.33786000e-09
755.000000 3.74796000e-09
765.000000 5.92738000e-09
775.000000 9.24912000e-09
785.000000 1.42610000e-08
795.000000 2.15097000e-08
805.000000 3.25172000e-08
815.000000 4.85107000e-08
825.000000 7.13800000e-08
835.000000 1.03937000e-07
845.000000 1.49826000e-07
855.000000 2.13873000e-07
865.000000 3.02441000e-07
875.000000 4.22562000e-07
885.000000 5.88645000e-07
895.000000 8.10907000e-07
905.000000 1.10338000e-06
915.000000 9.32616000e-04
925.000000 3.02044000e-03
935.000000 4.10495000e-03
945.000000 5.71111000e-03
955.000000 8.10979000e-03
965.000000 1.09897000e-02
975.000000 1.44379000e-02
985.000000 1.90600000e-02
995.000000 2.46592000e-02
1005.000000 3.38515000e-02
1015.000000 4.41774000e-02
1025.000000 5.56762000e-02
1035.000000 7.33501000e-02
1045.000000 9.45666000e-02
1055.000000 1.20913000e-01
1065.000000 1.51655000e-01
1075.000000 1.93332000e-01
1085.000000 2.44325000e-01
1095.000000 3.02348000e-01
1105.000000 9.29216000e-01
1115.000000 3.22935000e+00
1125.000000 4.82095000e+00
1135.000000 6.86797000e+00
1145.000000 8.83990000e+00
1155.000000 9.85606000e+00
1165.000000 1.36103000e+01
1175.000000 1.59615000e+01
1185.000000 1.72932000e+01
1195.000000 8.69839000e+00
1205.000000 8.02793000e+00
1215.000000 2.58771000e+00
1225.000000 9.79515000e+00
1235.000000 2.43274000e+01
1245.000000 5.71113000e+01
1255.000000 1.43533000e+02
1265.000000 1.47165000e+02
1275.000000 2.68592000e+02
1285.000000 4.19890000e+02
1295.000000 5.54101000e+02
1305.000000 4.26452000e+02
1315.000000 7.67086000e+02
1325.000000 9.59943000e+02
1335.000000 1.07997000e+03
1345.000000 1.42295000e+03
1355.000000 1.49118000e+03
1365.000000 1.68359000e+03
1375.000000 1.86276000e+03
1385.000000 2.08925000e+03
1395.000000 2.47233000e+03
1405.000000 2.81895000e+03
1415.000000 2.90813000e+03
1425.000000 3.35019000e+03
1435.000000 3.42075000e+03
1442.000000 4.04891000e+03
1447.000000 4.37579000e+03
1455.000000 4.97519000e+03
1465.000000 5.06829000e+03
1475.000000 5.69434000e+03
1485.000000 6.42510000e+03
1495.000000 7.43219000e+03
1505.000000 8.26401000e+03
1512.000000 8.35146000e+03
1517.000000 9.19998000e+03
1525.000000 1.01947000e+04
1535.000000 1.82879000e+04
1545.000000 3.20982000e+04
1555.000000 3.19313000e+04
1565.000000 2.85897000e+04
1575.000000 4.50807000e+04
1585.000000 5.28514000e+04
1595.000000 6.94173000e+04
1605.000000 6.40185000e+04
1615.000000 6.31560000e+04
1625.000000 6.06120000e+04
1635.000000 7.59441000e+04
1645.000000 1.08227000e+05
1655.000000 5.38764000e+04
1665.000000 9.88141000e+04
1672.000000 4.43060000e+04
1677.000000 1.77331000e+05
1685.000000 4.49346000e+05
1695.000000 6.84873000e+05
1705.000000 7.98382000e+05
1715.000000 1.49758000e+06
1725.000000 1.79437000e+06
1735.000000 2.37772000e+06
1745.000000 1.90343000e+06
1755.000000 2.73200000e+06
1765.000000 1.89306000e+06
1775.000000 2.73236000e+06
1785.000000 2.21304000e+06
1795.000000 3.71254000e+06
1805.000000 2.59766000e+06
1815.000000 3.27895000e+06
1825.000000 2.60075000e+06
1835.000000 2.41227000e+06
1845.000000 2.24940000e+06
1855.000000 2.82244000e+06
1865.000000 3.41786000e+06
1875.000000 3.03002000e+06
1885.000000 3.26015000e+06
1895.000000 3.78196000e+06
1905.000000 3.34061000e+06
1915.000000 3.46514000e+06
1925.000000 3.05603000e+06
1935.000000 1.65815000e+06
1945.000000 3.93855000e+06
1955.000000 4.14015000e+06
1967.000000 4.76865000e+06
1976.000000 4.59245000e+06
1984.000000 4.40092000e+06
1995.000000 4.37515000e+06
2005.000000 4.03951000e+06
2015.000000 3.61789000e+06
2025.000000 3.36736000e+06
2035.000000 4.25833000e+06
2045.000000 4.83052000e+06
2055.000000 4.11679000e+06
2065.000000 3.83344000e+06
2074.000000 5.17028000e+06
2078.000000 6.12056000e+06
2085.000000 5.78471000e+06
2095.000000 5.36560000e+06
2105.000000 5.01555000e+06
2115.000000 5.27302000e+06
2125.000000 5.25513000e+06
2135.000000 3.94769000e+06
2145.000000 5.07906000e+06
2155.000000 5.32391000e+06
2165.000000 4.52946000e+06
2175.000000 4.71001000e+06
2185.000000 5.05310000e+06
2195.000000 5.75186000e+06
2205.000000 5.32346000e+06
2215.000000 4.13800000e+06
2225.000000 4.00143000e+06
2235.000000 5.53628000e+06
2245.000000 4.97079000e+06
2255.000000 3.83514000e+06
2265.000000 3.86729000e+06
2275.000000 4.80438000e+06
2285.000000 5.15111000e+06
2295.000000 4.58210000e+06
2305.000000 4.99765000e+06
2315.000000 4.52359000e+06
2325.000000 4.24014000e+06
2335.000000 2.55913000e+06
2345.000000 1.78985000e+06
2355.000000 3.51696000e+06
2365.000000 1.78281000e+06
2375.000000 2.63828000e+06
2385.000000 1.29843000e+06
2395.000000 1.83839000e+06
2405.000000 1.75220000e+06
2415.000000 2.53540000e+06
2425.000000 4.54750000e+06
2435.000000 4.41187000e+06
2445.000000 4.91624000e+06
2455.000000 4.96872000e+06
2465.000000 4.65103000e+06
2475.000000 4.27472000e+06
2485.000000 4.26259000e+06
2495.000000 4.10636000e+06
2505.000000 5.75916000e+06
2513.000000 4.08694000e+06
2518.000000 4.45641000e+06
2525.000000 3.41771000e+06
2535.000000 3.30673000e+06
2545.000000 3.55498000e+06
2555.000000 4.56309000e+06
2565.000000 3.66931000e+06
2575.000000 4.39488000e+06
2585.000000 3.87812000e+06
2595.000000 3.37231000e+06
2605.000000 2.82274000e+06
2615.000000 2.60782000e+06
2625.000000 3.62043000e+06
2635.000000 4.98604000e+06
2645.000000 7.57926000e+06
2655.000000 8.04816000e+06
2665.000000 6.05124000e+06
2675.000000 6.89426000e+06
2685.000000 6.78761000e+06
2695.000000 6.21448000e+06
2705.000000 6.84619000e+06
2715.000000 5.63927000e+06
2725.000000 5.68065000e+06
2735.000000 6.14685000e+06
2745.000000 3.17082000e+06
2755.000000 4.01139000e+06
2765.000000 4.89059000e+06
2775.000000 6.08100000e+06
2785.000000 4.37622000e+06
2795.000000 1.46341000e+06
2805.000000 1.93344000e+06
2815.000000 5.70593000e+06
2825.000000 7.72848000e+06
2835.000000 7.38017000e+06
2845.000000 7.12963000e+06
2855.000000 6.08977000e+06
2865.000000 7.73954000e+06
2875.000000 7.57003000e+06
2885.000000 7.78106000e+06
2895.000000 7.30352000e+06
2910.000000 9.13696000e+06
2930.000000 8.50098000e+06
2950.000000 8.35320000e+06
2970.000000 9.21740000e+06
2990.000000 9.29803000e+06
3010.000000 9.84891000e+06
3030.000000 9.72712000e+06
3050.000000 9.78302000e+06
3070.000000 9.88900000e+06
3090.000000 1.04389000e+07
3110.000000 1.00059000e+07
3130.000000 9.89728000e+06
3150.000000 1.04930000e+07
3170.000000 1.04034000e+07
3190.000000 9.52735000e+06
3210.000000 1.02240000e+07
3230.000000 9.45714000e+06
3250.000000 1.03316000e+07
3270.000000 1.07770000e+07
3290.000000 1.08312000e+07
3310.000000 1.12299000e+07
3330.000000 1.09290000e+07
3350.000000 1.07905000e+07
3370.000000 1.05274000e+07
3390.000000 1.08668000e+07
3410.000000 1.11145000e+07
3430.000000 1.13580000e+07
3450.000000 1.13346000e+07
3470.000000 1.11318000e+07
3490.000000 1.10680000e+07
3510.000000 1.15412000e+07
3530.000000 1.15197000e+07
3550.000000 1.21689000e+07
3570.000000 1.13241000e+07
3590.000000 1.13681000e+07
3610.000000 1.15010000e+07
3630.000000 1.17280000e+07
3640.000000 1.14896000e+07
3650.000000 1.22284000e+07
3670.000000 1.19766000e+07
3690.000000 1.23665000e+07
3710.000000 1.53146000e+07
3730.000000 1.82571000e+07
3750.000000 2.47097000e+07
3770.000000 2.68746000e+07
3790.000000 3.31957000e+07
3810.000000 3.85577000e+07
3830.000000 3.03435000e+07
3850.000000 4.09300000e+07
3870.000000 4.52144000e+07
3890.000000 2.84711000e+07
3910.000000 4.25444000e+07
3930.000000 2.70774000e+07
3950.000000 3.96710000e+07
3970.000000 2.17599000e+07
3990.000000 4.28172000e+07
4010.000000 4.59242000e+07
4030.000000 4.51818000e+07
4050.000000 4.45667000e+07
4070.000000 4.34362000e+07
4090.000000 3.92244000e+07
4110.000000 3.10133000e+07
4130.000000 4.25985000e+07
4150.000000 4.44157000e+07
4170.000000 4.31609000e+07
4190.000000 4.30481000e+07
4210.000000 4.26528000e+07
4230.000000 4.15683000e+07
4250.000000 4.20248000e+07
4270.000000 4.03633000e+07
4290.000000 4.07535000e+07
4310.000000 3.78066000e+07
4330.000000 3.34174000e+07
4350.000000 2.87925000e+07
4370.000000 3.96123000e+07
4390.000000 3.90861000e+07
4410.000000 3.81086000e+07
4430.000000 3.78075000e+07
4450.000000 3.82218000e+07
4470.000000 3.81615000e+07
4490.000000 3.79082000e+07
4510.000000 3.91693000e+07
4530.000000 3.69516000e+07
4550.000000 3.64583000e+07
4570.000000 3.79978000e+07
4590.000000 3.60742000e+07
4610.000000 3.72739000e+07
4630.000000 3.60141000e+07
4650.000000 3.63915000e+07
4670.000000 3.63672000e+07
4690.000000 3.50232000e+07
4710.000000 3.37873000e+07
4730.000000 3.51827000e+07
4750.000000 3.53061000e+07
4770.000000 3.44742000e+07
4790.000000 3.42986000e+07
4810.000000 3.37844000e+07
4830.000000 3.30821000e+07
4850.000000 2.78081000e+07
4870.000000 2.24368000e+07
4890.000000 3.13283000e+07
4910.000000 3.18456000e+07
4930.000000 3.10468000e+07
4950.000000 3.17896000e+07
4970.000000 3.19644000e+07
4990.000000 3.02789000e+07
5010.000000 2.89675000e+07
5030.000000 3.00569000e+07
5050.000000 2.95918000e+07
5070.000000 3.01575000e+07
5090.000000 2.95851000e+07
5110.000000 2.95213000e+07
5130.000000 2.86431000e+07
5150.000000 2.80234000e+07
5170.000000 2.76054000e+07
5190.000000 2.72686000e+07
5210.000000 2.72553000e+07
5230.000000 2.71588000e+07
5250.000000 2.75086000e+07
5270.000000 2.55924000e+07
5290.000000 2.69057000e+07
5310.000000 2.64282000e+07
5330.000000 2.55472000e+07
5350.000000 2.63714000e+07
5370.000000 2.61348000e+07
5390.000000 2.57234000e+07
5410.000000 2.51654000e+07
5430.000000 2.52155000e+07
5450.000000 2.55229000e+07
5470.000000 2.51011000e+07
5490.000000 2.49561000e+07
5510.000000 2.46722000e+07
5530.000000 2.45446000e+07
5550.000000 2.45637000e+07
5570.000000 2.41533000e+07
5590.000000 2.38795000e+07
5610.000000 2.38687000e+07
5630.000000 2.38254000e+07
5650.000000 2.34505000e+07
5670.000000 2.30346000e+07
5690.000000 2.31534000e+07
5710.000000 2.29245000e+07
5730.000000 2.31502000e+07
5750.000000 2.27342000e+07
5770.000000 2.26369000e+07
5790.000000 2.23291000e+07
5810.000000 2.22303000e+07
5830.000000 2.21146000e+07
5850.000000 2.18337000e+07
5870.000000 2.17169000e+07
5890.000000 2.11418000e+07
5910.000000 2.13430000e+07
5930.000000 2.11565000e+07
5950.000000 2.09858000e+07
5970.000000 2.08697000e+07
5990.000000 2.05626000e+07
6010.000000 2.02622000e+07
6030.000000 2.02472000e+07
6050.000000 2.01145000e+07
6070.000000 2.00681000e+07
6090.000000 1.97851000e+07
6110.000000 1.95135000e+07
6130.000000 1.91558000e+07
6150.000000 1.88173000e+07
6170.000000 1.87875000e+07
6190.000000 1.90252000e+07
6210.000000 1.89175000e+07
6230.000000 1.85711000e+07
6250.000000 1.79335000e+07
6270.000000 1.84805000e+07
6290.000000 1.83375000e+07
6310.000000 1.79101000e+07
6330.000000 1.79118000e+07
6350.000000 1.76964000e+07
6370.000000 1.75762000e+07
6390.000000 1.75300000e+07
6410.000000 1.72145000e+07
6430.000000 1.72059000e+07
6450.000000 1.68703000e+07
6470.000000 1.69588000e+07
6490.000000 1.65458000e+07
6510.000000 1.65928000e+07
6530.000000 1.64188000e+07
6550.000000 1.49436000e+07
6570.000000 1.19665000e+07
6590.000000 1.57230000e+07
6610.000000 1.59979000e+07
6630.000000 1.60207000e+07
6650.000000 1.59032000e+07
6670.000000 1.57334000e+07
6690.000000 1.57035000e+07
6710.000000 1.55623000e+07
6730.000000 1.54608000e+07
6750.000000 1.52379000e+07
6770.000000 1.52704000e+07
6790.000000 1.51177000e+07
6810.000000 1.50250000e+07
6830.000000 1.48555000e+07
6850.000000 1.47464000e+07
6870.000000 1.46982000e+07
6890.000000 1.46011000e+07
6910.000000 1.44804000e+07
6930.000000 1.43585000e+07
6950.000000 1.42619000e+07
6970.000000 1.41453000e+07
6990.000000 1.40653000e+07
7010.000000 1.38011000e+07
7030.000000 1.38027000e+07
7050.000000 1.37389000e+07
7070.000000 1.36485000e+07
7090.000000 1.35544000e+07
7110.000000 1.31623000e+07
7130.000000 1.32419000e+07
7150.000000 1.31834000e+07
7170.000000 1.30851000e+07
7190.000000 1.29351000e+07
7210.000000 1.28837000e+07
7230.000000 1.27751000e+07
7250.000000 1.26904000e+07
7270.000000 1.26720000e+07
7290.000000 1.24813000e+07
7310.000000 1.24025000e+07
7330.000000 1.23483000e+07
7350.000000 1.22972000e+07
7370.000000 1.22569000e+07
7390.000000 1.20823000e+07
7410.000000 1.19177000e+07
7430.000000 1.18195000e+07
7450.000000 1.17867000e+07
7470.000000 1.16507000e+07
7490.000000 1.16182000e+07
7510.000000 1.15764000e+07
7530.000000 1.15276000e+07
7550.000000 1.15155000e+07
7570.000000 1.13864000e+07
7590.000000 1.13369000e+07
7610.000000 1.12553000e+07
7630.000000 1.11873000e+07
7650.000000 1.10677000e+07
7670.000000 1.09217000e+07
7690.000000 1.09064000e+07
7710.000000 1.08017000e+07
7730.000000 1.07869000e+07
7750.000000 1.06899000e+07
7770.000000 1.04302000e+07
7790.000000 1.06040000e+07
7810.000000 1.05164000e+07
7830.000000 1.03804000e+07
7850.000000 1.02676000e+07
7870.000000 1.02441000e+07
7890.000000 1.01474000e+07
7910.000000 1.00715000e+07
7930.000000 9.98663000e+06
7950.000000 9.91260000e+06
7970.000000 9.97204000e+06
7990.000000 9.80770000e+06
8010.000000 9.80047000e+06
8030.000000 9.70964000e+06
8050.000000 9.67250000e+06
8070.000000 9.60437000e+06
8090.000000 9.52701000e+06
8110.000000 9.51216000e+06
8130.000000 9.46370000e+06
8150.000000 9.39406000e+06
8170.000000 9.33232000e+06
8190.000000 9.10539000e+06
8210.000000 9.08958000e+06
8230.000000 9.03378000e+06
8250.000000 8.99169000e+06
8270.000000 9.05566000e+06
8290.000000 8.98078000e+06
8310.000000 8.88741000e+06
8330.000000 8.71394000e+06
8350.000000 8.77383000e+06
8370.000000 8.65290000e+06
8390.000000 8.56567000e+06
8410.000000 8.51539000e+06
8430.000000 8.55561000e+06
8450.000000 8.38167000e+06
8470.000000 8.15152000e+06
8490.000000 8.62327000e+06
8510.000000 7.73538000e+06
8530.000000 8.67979000e+06
8550.000000 7.01486000e+06
8570.000000 8.88569000e+06
8590.000000 8.29857000e+06
8610.000000 8.02427000e+06
8630.000000 8.96995000e+06
8650.000000 8.71202000e+06
8670.000000 6.83305000e+06
8690.000000 8.64048000e+06
8710.000000 9.01500000e+06
8730.000000 8.78590000e+06
8750.000000 7.18302000e+06
8770.000000 8.52716000e+06
8790.000000 8.88139000e+06
8810.000000 8.82801000e+06
8830.000000 8.58029000e+06
8850.000000 8.07355000e+06
8870.000000 6.96077000e+06
8890.000000 8.41910000e+06
8910.000000 8.54981000e+06
8930.000000 8.48794000e+06
8950.000000 8.52153000e+06
8970.000000 8.41381000e+06
8990.000000 8.22166000e+06
9010.000000 6.84358000e+06
9030.000000 7.51187000e+06
9050.000000 8.16590000e+06
9070.000000 7.98613000e+06
9090.000000 7.84069000e+06
9110.000000 8.00649000e+06
9130.000000 8.04693000e+06
9150.000000 8.04148000e+06
9170.000000 7.94686000e+06
9190.000000 7.82131000e+06
9210.000000 7.47960000e+06
9230.000000 6.10556000e+06
9250.000000 7.21383000e+06
9270.000000 7.45235000e+06
9290.000000 7.66213000e+06
9310.000000 7.64576000e+06
9330.000000 7.58575000e+06
9350.000000 7.56023000e+06
9370.000000 7.52670000e+06
9390.000000 7.42375000e+06
9410.000000 7.14419000e+06
9430.000000 7.28761000e+06
9450.000000 7.26017000e+06
9470.000000 7.26104000e+06
9490.000000 7.22043000e+06
9510.000000 7.10428000e+06
9530.000000 6.77044000e+06
9550.000000 5.62683000e+06
9570.000000 6.75633000e+06
9590.000000 6.94774000e+06
9610.000000 6.87765000e+06
9630.000000 6.76746000e+06
9650.000000 6.83370000e+06
9670.000000 6.71280000e+06
9690.000000 6.68953000e+06
9710.000000 6.77069000e+06
9730.000000 6.71821000e+06
9750.000000 6.60626000e+06
9770.000000 6.64555000e+06
9790.000000 6.59995000e+06
9810.000000 6.56093000e+06
9830.000000 6.51438000e+06
9850.000000 6.42505000e+06
9870.000000 6.39788000e+06
9890.000000 6.33120000e+06
9910.000000 6.30874000e+06
9930.000000 6.30131000e+06
9950.000000 6.25850000e+06
9970.000000 6.24061000e+06
9990.000000 6.19263000e+06
10025.000000 5.83983000e+06
10075.000000 5.56527000e+06
10125.000000 5.88490000e+06
10175.000000 5.85195000e+06
10225.000000 5.79270000e+06
10275.000000 5.72540000e+06
10325.000000 5.60117000e+06
10375.000000 5.53996000e+06
10425.000000 5.46442000e+06
10475.000000 5.30560000e+06
10525.000000 5.26653000e+06
10575.000000 5.20876000e+06
10625.000000 5.13783000e+06
10675.000000 4.97278000e+06
10725.000000 4.96058000e+06
10775.000000 4.89973000e+06
10825.000000 4.82563000e+06
10875.000000 4.74951000e+06
10925.000000 4.23426000e+06
10975.000000 4.50697000e+06
11025.000000 4.60348000e+06
11075.000000 4.55986000e+06
11125.000000 4.47757000e+06
11175.000000 4.41919000e+06
11225.000000 4.37333000e+06
11275.000000 4.22528000e+06
11325.000000 4.17747000e+06
11375.000000 4.16791000e+06
11425.000000 4.07782000e+06
11475.000000 4.08671000e+06
11525.000000 4.03715000e+06
11575.000000 3.97254000e+06
11625.000000 3.86234000e+06
11675.000000 3.79146000e+06
11725.000000 3.82524000e+06
11775.000000 3.69718000e+06
11825.000000 3.67972000e+06
11875.000000 3.60578000e+06
11925.000000 3.63813000e+06
11975.000000 3.53846000e+06
12025.000000 3.52186000e+06
12075.000000 3.46562000e+06
12125.000000 3.42608000e+06
12175.000000 3.39774000e+06
12225.000000 3.34682000e+06
12275.000000 3.30085000e+06
12325.000000 3.26123000e+06
12375.000000 3.22509000e+06
12425.000000 3.19406000e+06
12475.000000 3.14551000e+06
12525.000000 3.09956000e+06
12575.000000 3.04160000e+06
12625.000000 3.02039000e+06
12675.000000 2.99474000e+06
12725.000000 2.96055000e+06
12775.000000 2.88917000e+06
12825.000000 2.56092000e+06
12875.000000 2.82583000e+06
12925.000000 2.80920000e+06
12975.000000 2.78065000e+06
13025.000000 2.75001000e+06
13075.000000 2.72087000e+06
13125.000000 2.68006000e+06
13175.000000 2.63718000e+06
13225.000000 2.62116000e+06
13275.000000 2.58648000e+06
13325.000000 2.55884000e+06
13375.000000 2.52753000e+06
13425.000000 2.49724000e+06
13475.000000 2.46795000e+06
13525.000000 2.43038000e+06
13575.000000 2.39718000e+06
13625.000000 2.37982000e+06
13675.000000 2.34713000e+06
13725.000000 2.29407000e+06
13775.000000 2.28658000e+06
13825.000000 2.26277000e+06
13875.000000 2.24767000e+06
13925.000000 2.20805000e+06
13975.000000 2.18861000e+06
14025.000000 2.16384000e+06
14075.000000 2.14412000e+06
14125.000000 2.11273000e+06
14175.000000 2.09241000e+06
14225.000000 2.06321000e+06
14275.000000 2.03658000e+06
14325.000000 2.02018000e+06
14375.000000 2.00214000e+06
14425.000000 1.93090000e+06
14475.000000 1.95210000e+06
14525.000000 1.90511000e+06
14570.000000 1.90809000e+06
14620.000000 1.88079000e+06
14675.000000 1.86654000e+06
14725.000000 1.83808000e+06
14775.000000 1.81116000e+06
14825.000000 1.79759000e+06
14875.000000 1.76884000e+06
14925.000000 1.77037000e+06
14975.000000 1.74311000e+06
15025.000000 1.71401000e+06
15075.000000 1.69155000e+06
15125.000000 1.68352000e+06
15175.000000 1.66622000e+06
15225.000000 1.65676000e+06
15275.000000 1.61751000e+06
15325.000000 1.59973000e+06
15375.000000 1.60802000e+06
15425.000000 1.53895000e+06
15475.000000 1.57566000e+06
15525.000000 1.56928000e+06
15575.000000 1.47707000e+06
15625.000000 1.56052000e+06
15675.000000 1.50403000e+06
15725.000000 1.42953000e+06
15775.000000 1.50517000e+06
15825.000000 1.50061000e+06
15875.000000 1.34046000e+06
15925.000000 1.45782000e+06
15975.000000 1.46929000e+06
16050.000000 1.42972000e+06
16150.000000 1.34083000e+06
16250.000000 1.39933000e+06
16350.000000 1.34253000e+06
16450.000000 1.25522000e+06
16550.000000 1.31120000e+06
16650.000000 1.28512000e+06
16750.000000 1.23262000e+06
16850.000000 1.15343000e+06
16950.000000 1.20572000e+06
17050.000000 1.17399000e+06
17150.000000 1.15545000e+06
17250.000000 1.12075000e+06
17350.000000 1.02104000e+06
17450.000000 1.06659000e+06
17550.000000 1.05575000e+06
17650.000000 1.03308000e+06
17750.000000 1.01570000e+06
17850.000000 9.93852000e+05
17950.000000 9.80015000e+05
18050.000000 9.52824000e+05
18150.000000 8.78106000e+05
18250.000000 9.06956000e+05
18350.000000 9.01920000e+05
18450.000000 8.84334000e+05
18550.000000 8.64479000e+05
18650.000000 8.47478000e+05
18750.000000 7.72903000e+05
18850.000000 8.11619000e+05
18950.000000 7.94116000e+05
19050.000000 7.88936000e+05
19150.000000 7.73270000e+05
19250.000000 7.58110000e+05
19350.000000 7.40645000e+05
19450.000000 6.79572000e+05
19550.000000 7.14155000e+05
19650.000000 7.03392000e+05
19750.000000 6.88136000e+05
19850.000000 6.77787000e+05
19950.000000 6.65453000e+05
20050.000000 6.54053000e+05
20150.000000 6.42761000e+05
20250.000000 6.30007000e+05
20350.000000 6.17635000e+05
20450.000000 6.08808000e+05
20550.000000 5.97607000e+05
20650.000000 5.85534000e+05
20750.000000 5.75713000e+05
20850.000000 5.66009000e+05
20950.000000 5.55580000e+05
21050.000000 5.46021000e+05
21150.000000 5.35042000e+05
21250.000000 5.26130000e+05
21350.000000 5.17056000e+05
21450.000000 5.09970000e+05
21550.000000 5.00097000e+05
21650.000000 4.60549000e+05
21750.000000 4.80916000e+05
21850.000000 4.75600000e+05
21950.000000 4.68806000e+05
22050.000000 4.59217000e+05
22150.000000 4.51302000e+05
22250.000000 4.45672000e+05
22350.000000 4.38261000e+05
22450.000000 4.31129000e+05
22550.000000 4.21779000e+05
22650.000000 4.16426000e+05
22750.000000 4.10021000e+05
22850.000000 4.03417000e+05
22950.000000 3.96397000e+05
23050.000000 3.91150000e+05
23150.000000 3.84650000e+05
23250.000000 3.79034000e+05
23350.000000 3.72824000e+05
23450.000000 3.67164000e+05
23550.000000 3.61410000e+05
23650.000000 3.55807000e+05
23750.000000 3.49919000e+05
23850.000000 3.44401000e+05
23950.000000 3.39108000e+05
24050.000000 3.33401000e+05
24150.000000 3.27907000e+05
24250.000000 3.24465000e+05
24350.000000 3.17549000e+05
24450.000000 3.12493000e+05
24550.000000 3.09489000e+05
24650.000000 3.03623000e+05
24750.000000 2.99028000e+05
24850.000000 2.96760000e+05
24950.000000 2.85224000e+05
25050.000000 2.89243000e+05
25150.000000 2.84982000e+05
25250.000000 2.71544000e+05
25350.000000 2.76645000e+05
25450.000000 2.73347000e+05
25550.000000 2.68315000e+05
25650.000000 2.53337000e+05
25750.000000 2.61209000e+05
25850.000000 2.57466000e+05
25950.000000 2.54943000e+05
26050.000000 2.49342000e+05
26150.000000 2.34691000e+05
26250.000000 2.28182000e+05
26350.000000 2.39307000e+05
26450.000000 2.37517000e+05
26550.000000 2.34257000e+05
26650.000000 2.29372000e+05
26750.000000 2.14483000e+05
26850.000000 2.23862000e+05
26950.000000 2.22110000e+05
27050.000000 2.18767000e+05
27150.000000 2.16039000e+05
27250.000000 2.13036000e+05
27350.000000 2.10051000e+05
27450.000000 2.06958000e+05
27550.000000 1.93392000e+05
27650.000000 1.98180000e+05
27750.000000 1.98750000e+05
27850.000000 1.96223000e+05
27950.000000 1.93693000e+05
28050.000000 1.91065000e+05
28150.000000 1.88473000e+05
28250.000000 1.85966000e+05
28350.000000 1.83574000e+05
28450.000000 1.80819000e+05
28550.000000 1.78667000e+05
28650.000000 1.74678000e+05
28750.000000 1.63830000e+05
28850.000000 1.71173000e+05
28950.000000 1.69341000e+05
29050.000000 1.67360000e+05
29150.000000 1.64809000e+05
29250.000000 1.62878000e+05
29350.000000 1.60961000e+05
29450.000000 1.58844000e+05
29550.000000 1.56878000e+05
29650.000000 1.54892000e+05
29750.000000 1.52903000e+05
29850.000000 1.50997000e+05
29950.000000 1.48982000e+05
30050.000000 1.47108000e+05
30150.000000 1.45222000e+05
30250.000000 1.43304000e+05
30350.000000 1.35302000e+05
30450.000000 1.36966000e+05
30550.000000 1.38085000e+05
30650.000000 1.36456000e+05
30750.000000 1.34829000e+05
30850.000000 1.32871000e+05
30950.000000 1.31405000e+05
31050.000000 1.29774000e+05
31150.000000 1.27820000e+05
31250.000000 1.26610000e+05
31350.000000 1.25056000e+05
31450.000000 1.23565000e+05
31550.000000 1.22208000e+05
31650.000000 1.20873000e+05
31750.000000 1.19230000e+05
31850.000000 1.18008000e+05
31950.000000 1.16591000e+05
32100.000000 1.14491000e+05
32300.000000 1.11890000e+05
32500.000000 1.09268000e+05
32700.000000 1.06692000e+05
32900.000000 1.00603000e+05
33100.000000 1.00942000e+05
33300.000000 9.91043000e+04
33500.000000 9.70114000e+04
33700.000000 9.46426000e+04
33900.000000 9.25588000e+04
34100.000000 9.05400000e+04
34300.000000 8.86739000e+04
34500.000000 8.68891000e+04
34700.000000 8.49455000e+04
34900.000000 8.31427000e+04
35100.000000 8.13601000e+04
35300.000000 7.96003000e+04
35500.000000 7.78659000e+04
35700.000000 7.61121000e+04
35900.000000 7.47373000e+04
36100.000000 7.28853000e+04
36300.000000 7.17155000e+04
36500.000000 6.97695000e+04
36700.000000 6.87650000e+04
36900.000000 6.66050000e+04
37100.000000 6.58724000e+04
37300.000000 6.37382000e+04
37500.000000 6.12331000e+04
37700.000000 6.20112000e+04
37900.000000 6.08549000e+04
38100.000000 5.89979000e+04
38300.000000 5.81239000e+04
38500.000000 5.73971000e+04
38700.000000 5.61740000e+04
38900.000000 5.50377000e+04
39100.000000 5.29015000e+04
39300.000000 5.30888000e+04
39500.000000 5.20914000e+04
39700.000000 5.11304000e+04
39900.000000 4.99968000e+04
40100.000000 4.86044000e+04
40300.000000 4.73113000e+04
40500.000000 4.59678000e+04
40700.000000 4.64018000e+04
40900.000000 4.55257000e+04
41100.000000 4.47759000e+04
41300.000000 4.39436000e+04
41500.000000 4.30617000e+04
41700.000000 4.10832000e+04
41900.000000 4.14773000e+04
42100.000000 4.07143000e+04
42300.000000 4.00839000e+04
42500.000000 3.93467000e+04
42700.000000 3.86567000e+04
42900.000000 3.79655000e+04
43100.000000 3.72874000e+04
43300.000000 3.66122000e+04
43500.000000 3.59697000e+04
43700.000000 3.43747000e+04
43900.000000 3.45646000e+04
44100.000000 3.40814000e+04
44300.000000 3.35190000e+04
44500.000000 3.29368000e+04
44700.000000 3.24278000e+04
44900.000000 3.18200000e+04
45100.000000 3.12921000e+04
45300.000000 3.07575000e+04
45500.000000 3.02421000e+04
45700.000000 2.97164000e+04
45900.000000 2.92130000e+04
46100.000000 2.87456000e+04
46300.000000 2.82447000e+04
46500.000000 2.69604000e+04
46700.000000 2.65002000e+04
46900.000000 2.68347000e+04
47100.000000 2.64477000e+04
47300.000000 2.60309000e+04
47500.000000 2.55901000e+04
47700.000000 2.51838000e+04
47900.000000 2.47901000e+04
48100.000000 2.43906000e+04
48300.000000 2.40065000e+04
48500.000000 2.36168000e+04
48700.000000 2.32532000e+04
48900.000000 2.28759000e+04
49100.000000 2.25180000e+04
49300.000000 2.21559000e+04
49500.000000 2.18342000e+04
49700.000000 2.14575000e+04
49900.000000 2.11648000e+04
50100.000000 2.08371000e+04
50300.000000 2.04663000e+04
50500.000000 2.02173000e+04
50700.000000 1.99116000e+04
50900.000000 1.95198000e+04
51100.000000 1.92678000e+04
51300.000000 1.84665000e+04
51500.000000 1.87111000e+04
51700.000000 1.83468000e+04
51900.000000 1.82000000e+04
52100.000000 1.79357000e+04
52300.000000 1.76720000e+04
52500.000000 1.73736000e+04
52700.000000 1.70128000e+04
52900.000000 1.69113000e+04
53100.000000 1.66652000e+04
53300.000000 1.64237000e+04
53500.000000 1.61853000e+04
53700.000000 1.58233000e+04
53900.000000 1.56166000e+04
54100.000000 1.54988000e+04
54300.000000 1.52724000e+04
54500.000000 1.50578000e+04
54700.000000 1.48358000e+04
54900.000000 1.46354000e+04
55100.000000 1.43991000e+04
55300.000000 1.40044000e+04
55500.000000 1.40259000e+04
55700.000000 1.38294000e+04
55900.000000 1.36234000e+04
56100.000000 1.34522000e+04
56300.000000 1.32676000e+04
56500.000000 1.30889000e+04
56700.000000 1.29077000e+04
56900.000000 1.27252000e+04
57100.000000 1.22999000e+04
57300.000000 1.23760000e+04
57500.000000 1.22240000e+04
57700.000000 1.20590000e+04
57900.000000 1.18938000e+04
58100.000000 1.17384000e+04
58300.000000 1.15782000e+04
58500.000000 1.14255000e+04
58700.000000 1.12712000e+04
58900.000000 1.10981000e+04
59100.000000 1.06652000e+04
59300.000000 1.08161000e+04
59500.000000 1.04442000e+04
59700.000000 1.04996000e+04
59900.000000 1.04174000e+04
60100.000000 1.02980000e+04
60300.000000 1.01683000e+04
60500.000000 1.00377000e+04
60700.000000 9.90552000e+03
60900.000000 9.77932000e+03
61100.000000 9.64829000e+03
61300.000000 9.53681000e+03
61500.000000 9.41632000e+03
61700.000000 9.29629000e+03
61900.000000 9.17752000e+03
62100.000000 9.06643000e+03
62300.000000 8.94435000e+03
62500.000000 8.83840000e+03
62700.000000 8.70745000e+03
62900.000000 8.38174000e+03
63100.000000 8.48159000e+03
63300.000000 8.40843000e+03
63500.000000 8.30585000e+03
63700.000000 8.20744000e+03
63900.000000 8.10642000e+03
64200.000000 7.96100000e+03
64600.000000 7.76694000e+03
65000.000000 7.57882000e+03
65400.000000 7.40465000e+03
65800.000000 7.22511000e+03
66200.000000 7.05424000e+03
66600.000000 6.89349000e+03
67000.000000 6.73396000e+03
67400.000000 6.56803000e+03
67800.000000 6.32972000e+03
68200.000000 6.27189000e+03
68600.000000 6.14028000e+03
69000.000000 5.99918000e+03
69400.000000 5.85248000e+03
69800.000000 5.73549000e+03
70200.000000 5.60854000e+03
70600.000000 5.48471000e+03
71000.000000 5.35044000e+03
71400.000000 5.24898000e+03
71800.000000 5.13497000e+03
72200.000000 5.01984000e+03
72600.000000 4.89628000e+03
73000.000000 4.81138000e+03
73400.000000 4.70992000e+03
73800.000000 4.61148000e+03
74200.000000 4.51037000e+03
74600.000000 4.34401000e+03
75000.000000 4.19941000e+03
75400.000000 4.23158000e+03
75800.000000 4.15150000e+03
76200.000000 4.06734000e+03
76600.000000 3.98466000e+03
77000.000000 3.90416000e+03
77400.000000 3.82574000e+03
77800.000000 3.71598000e+03
78200.000000 3.67486000e+03
78600.000000 3.60206000e+03
79000.000000 3.53103000e+03
79400.000000 3.46154000e+03
79800.000000 3.39374000e+03
80200.000000 3.32729000e+03
80600.000000 3.26291000e+03
81000.000000 3.20068000e+03
81400.000000 3.10852000e+03
81800.000000 3.07273000e+03
82200.000000 3.02093000e+03
82600.000000 2.96380000e+03
83000.000000 2.90769000e+03
83400.000000 2.85203000e+03
83800.000000 2.79831000e+03
84200.000000 2.74729000e+03
84600.000000 2.69758000e+03
85000.000000 2.64816000e+03
85400.000000 2.59949000e+03
85800.000000 2.55208000e+03
86200.000000 2.50548000e+03
86600.000000 2.42718000e+03
87000.000000 2.41517000e+03
87400.000000 2.35366000e+03
87800.000000 2.31232000e+03
88200.000000 2.28922000e+03
88600.000000 2.24753000e+03
89000.000000 2.20934000e+03
89400.000000 2.17109000e+03
89800.000000 2.13273000e+03
90200.000000 2.09585000e+03
90600.000000 2.05801000e+03
91000.000000 2.02413000e+03
91400.000000 1.98959000e+03
91800.000000 1.95597000e+03
92200.000000 1.92277000e+03
92600.000000 1.88607000e+03
93000.000000 1.85843000e+03
93400.000000 1.82721000e+03
93800.000000 1.77133000e+03
94200.000000 1.76379000e+03
94600.000000 1.73750000e+03
95000.000000 1.70674000e+03
95400.000000 1.67706000e+03
95800.000000 1.65336000e+03
96200.000000 1.62612000e+03
96600.000000 1.60009000e+03
97000.000000 1.57422000e+03
97400.000000 1.54841000e+03
97800.000000 1.52384000e+03
98200.000000 1.49836000e+03
98600.000000 1.47038000e+03
99000.000000 1.45245000e+03
99400.000000 1.42938000e+03
99800.000000 1.40672000e+03
100200.000000 1.38470000e+03
200000.000000 8.91210000e+01
400000.000000 5.56076000e+00
600000.000000 1.09000000e+00
800000.000000 3.42353000e-01
1000000.000000 1.39307000e-01
1200000.000000 6.67936000e-02
1400000.000000 3.58700000e-02
1600000.000000 2.09306000e-02
