# Kurucz ODFNEW /NOVER, alpha: 0.0 (2003)
# teff = 21000 K (value for the effective temperature for the model. Temperatures are given in K)
# logg = 3 log(cm/s2) (value for Log(G) for the model.)
# lh = 1.25  (l/Hp where l is the  mixing length of the convective element and Hp is the pressure scale height)
# meta = 0.5  (value for the Metallicity for the model.)
# vtur = 2 km/s (Microturbulence velocity)
# alpha = 0  (Alpha)
#
# column 1: WAVELENGTH (ANGSTROM), Wavelength in Angstrom
# column 2: FLUX (ERG/CM2/S/A), Flux in erg/cm2/s/A
147.200000 1.17252000e-19
151.000000 6.71689000e-19
155.200000 4.21054000e-18
158.800000 1.88862000e-17
162.000000 6.80895000e-17
166.000000 3.16849000e-16
170.300000 1.52863000e-15
173.400000 4.57024000e-15
176.800000 1.45301000e-14
180.200000 4.43044000e-14
181.700000 7.14961000e-14
186.100000 2.79774000e-13
191.000000 1.19387000e-12
193.900000 2.72538000e-12
198.400000 9.37666000e-12
201.800000 2.30368000e-11
205.000000 5.23127000e-11
210.500000 2.02749000e-10
216.200000 7.69837000e-10
219.800000 1.72769000e-09
223.000000 3.47040000e-09
226.800000 7.75163000e-09
230.000000 2.08298000e-07
234.000000 5.35014000e-07
240.000000 1.55558000e-06
246.500000 4.66387000e-06
252.400000 1.21755000e-05
256.800000 2.33226000e-05
260.000000 4.11883000e-05
264.000000 7.32638000e-05
268.500000 1.37837000e-04
273.500000 2.70285000e-04
278.500000 5.23404000e-04
284.000000 1.10993000e-03
290.000000 2.27977000e-03
296.000000 4.57324000e-03
301.000000 7.94158000e-03
308.000000 1.75867000e-02
318.000000 5.00771000e-02
328.000000 1.26430000e-01
338.000000 3.19401000e-01
348.000000 7.40524000e-01
357.000000 2.89329000e+00
366.000000 5.94837000e+00
375.000000 1.05104000e+01
385.000000 1.99933000e+01
395.000000 3.88718000e+01
405.000000 6.83453000e+01
414.000000 1.13131000e+02
422.000000 1.76455000e+02
430.000000 2.74448000e+02
441.000000 4.69166000e+02
451.000000 7.23710000e+02
460.000000 1.06266000e+03
470.000000 1.65202000e+03
480.000000 2.46771000e+03
490.000000 3.67582000e+03
500.000000 5.29862000e+03
506.000000 2.58494000e+04
512.000000 7.50846000e+05
520.000000 9.06129000e+05
530.000000 1.14796000e+06
540.000000 1.26899000e+06
550.000000 2.18877000e+06
560.000000 2.70138000e+06
570.000000 3.49956000e+06
580.000000 3.26559000e+06
590.000000 4.80484000e+06
600.000000 5.93862000e+06
610.000000 7.50492000e+06
620.000000 8.41212000e+06
630.000000 9.15541000e+06
640.000000 8.33873000e+06
650.000000 5.76088000e+06
658.000000 1.03909000e+07
665.000000 1.30289000e+07
675.000000 1.37851000e+07
685.000000 1.39010000e+07
695.000000 2.00155000e+07
705.000000 2.06312000e+07
716.000000 2.37513000e+07
726.000000 2.45697000e+07
735.000000 2.64221000e+07
745.000000 3.14185000e+07
755.000000 3.44877000e+07
765.000000 3.79333000e+07
775.000000 4.13093000e+07
785.000000 4.49697000e+07
795.000000 4.72896000e+07
805.000000 4.96025000e+07
815.000000 5.19421000e+07
825.000000 5.83782000e+07
835.000000 4.77660000e+07
845.000000 6.06809000e+07
855.000000 6.20938000e+07
865.000000 6.80527000e+07
875.000000 7.42363000e+07
885.000000 8.28470000e+07
895.000000 8.81312000e+07
905.000000 8.31723000e+07
915.000000 1.84521000e+08
925.000000 2.58604000e+09
935.000000 4.74583000e+09
945.000000 6.70290000e+09
955.000000 8.16803000e+09
965.000000 6.25964000e+09
975.000000 8.86912000e+08
985.000000 3.28785000e+09
995.000000 5.62264000e+09
1005.000000 8.72760000e+09
1015.000000 9.09877000e+09
1025.000000 7.08117000e+09
1035.000000 6.00917000e+09
1045.000000 1.21410000e+10
1055.000000 1.09865000e+10
1065.000000 7.68322000e+09
1075.000000 1.01267000e+10
1085.000000 8.26470000e+09
1095.000000 1.05375000e+10
1105.000000 8.75161000e+09
1115.000000 7.48989000e+09
1125.000000 5.52909000e+09
1135.000000 9.56457000e+09
1145.000000 8.69277000e+09
1155.000000 9.13058000e+09
1165.000000 8.78270000e+09
1175.000000 4.02782000e+09
1185.000000 8.41710000e+09
1195.000000 6.95961000e+09
1205.000000 2.42063000e+09
1215.000000 4.80231000e+09
1225.000000 7.89698000e+09
1235.000000 9.64260000e+09
1245.000000 9.11622000e+09
1255.000000 9.08585000e+09
1265.000000 9.19043000e+09
1275.000000 9.63593000e+09
1285.000000 9.66016000e+09
1295.000000 4.70557000e+09
1305.000000 5.51946000e+09
1315.000000 9.32594000e+09
1325.000000 8.56642000e+09
1335.000000 7.73318000e+09
1345.000000 8.85291000e+09
1355.000000 8.50728000e+09
1365.000000 7.30823000e+09
1375.000000 7.10946000e+09
1385.000000 6.63068000e+09
1395.000000 3.95270000e+09
1405.000000 4.67528000e+09
1415.000000 5.69791000e+09
1425.000000 6.00392000e+09
1435.000000 6.34461000e+09
1442.000000 6.58735000e+09
1447.000000 6.42442000e+09
1455.000000 6.16569000e+09
1465.000000 5.44076000e+09
1475.000000 5.83927000e+09
1485.000000 5.81864000e+09
1495.000000 5.65931000e+09
1505.000000 4.95997000e+09
1512.000000 4.25401000e+09
1517.000000 4.51331000e+09
1525.000000 4.78553000e+09
1535.000000 3.84816000e+09
1545.000000 3.69813000e+09
1555.000000 3.69076000e+09
1565.000000 4.08212000e+09
1575.000000 4.43183000e+09
1585.000000 4.63927000e+09
1595.000000 4.48206000e+09
1605.000000 4.72384000e+09
1615.000000 4.70842000e+09
1625.000000 4.51740000e+09
1635.000000 5.03983000e+09
1645.000000 5.03596000e+09
1655.000000 4.89551000e+09
1665.000000 5.18776000e+09
1672.000000 4.85132000e+09
1677.000000 5.39121000e+09
1685.000000 5.34438000e+09
1695.000000 4.89233000e+09
1705.000000 4.84029000e+09
1715.000000 4.40782000e+09
1725.000000 4.43574000e+09
1735.000000 4.78373000e+09
1745.000000 4.57726000e+09
1755.000000 4.69563000e+09
1765.000000 4.61403000e+09
1775.000000 4.22834000e+09
1785.000000 4.43921000e+09
1795.000000 4.73761000e+09
1805.000000 4.88172000e+09
1815.000000 4.00079000e+09
1825.000000 4.35714000e+09
1835.000000 4.18973000e+09
1845.000000 3.70496000e+09
1855.000000 3.59954000e+09
1865.000000 3.71690000e+09
1875.000000 4.24337000e+09
1885.000000 3.58310000e+09
1895.000000 3.26360000e+09
1905.000000 3.81907000e+09
1915.000000 3.32122000e+09
1925.000000 3.17751000e+09
1935.000000 3.55145000e+09
1945.000000 3.60873000e+09
1955.000000 3.15319000e+09
1967.000000 3.65582000e+09
1976.000000 3.79395000e+09
1984.000000 3.51362000e+09
1995.000000 3.40682000e+09
2005.000000 3.75546000e+09
2015.000000 3.62652000e+09
2025.000000 3.80549000e+09
2035.000000 3.35445000e+09
2045.000000 3.55188000e+09
2055.000000 3.37199000e+09
2065.000000 3.28243000e+09
2074.000000 3.66108000e+09
2078.000000 3.06752000e+09
2085.000000 3.43571000e+09
2095.000000 3.20823000e+09
2105.000000 3.35288000e+09
2115.000000 3.42282000e+09
2125.000000 3.43540000e+09
2135.000000 3.37668000e+09
2145.000000 3.17283000e+09
2155.000000 3.37457000e+09
2165.000000 3.41709000e+09
2175.000000 3.39784000e+09
2185.000000 3.17995000e+09
2195.000000 3.31775000e+09
2205.000000 3.33561000e+09
2215.000000 3.22555000e+09
2225.000000 3.13103000e+09
2235.000000 3.12585000e+09
2245.000000 3.18282000e+09
2255.000000 3.02397000e+09
2265.000000 3.14170000e+09
2275.000000 3.09580000e+09
2285.000000 3.13586000e+09
2295.000000 2.70225000e+09
2305.000000 3.00248000e+09
2315.000000 2.86068000e+09
2325.000000 2.82762000e+09
2335.000000 2.68357000e+09
2345.000000 2.73246000e+09
2355.000000 2.75807000e+09
2365.000000 2.72874000e+09
2375.000000 2.69051000e+09
2385.000000 2.65753000e+09
2395.000000 2.66481000e+09
2405.000000 2.56851000e+09
2415.000000 2.60464000e+09
2425.000000 2.60896000e+09
2435.000000 2.49691000e+09
2445.000000 2.56217000e+09
2455.000000 2.58334000e+09
2465.000000 2.50160000e+09
2475.000000 2.44600000e+09
2485.000000 2.39744000e+09
2495.000000 1.93030000e+09
2505.000000 2.30696000e+09
2513.000000 2.21522000e+09
2518.000000 2.35533000e+09
2525.000000 2.29378000e+09
2535.000000 2.27050000e+09
2545.000000 2.14834000e+09
2555.000000 2.25085000e+09
2565.000000 2.21380000e+09
2575.000000 2.26647000e+09
2585.000000 2.22106000e+09
2595.000000 2.20442000e+09
2605.000000 2.19514000e+09
2615.000000 2.15442000e+09
2625.000000 2.14962000e+09
2635.000000 2.14403000e+09
2645.000000 2.13775000e+09
2655.000000 2.14798000e+09
2665.000000 2.00856000e+09
2675.000000 2.06049000e+09
2685.000000 2.04360000e+09
2695.000000 1.95771000e+09
2705.000000 1.88997000e+09
2715.000000 1.91236000e+09
2725.000000 1.93569000e+09
2735.000000 1.92927000e+09
2745.000000 1.85319000e+09
2755.000000 1.85307000e+09
2765.000000 1.85284000e+09
2775.000000 1.88589000e+09
2785.000000 1.85081000e+09
2795.000000 1.77422000e+09
2805.000000 1.80703000e+09
2815.000000 1.81290000e+09
2825.000000 1.80372000e+09
2835.000000 1.69615000e+09
2845.000000 1.71785000e+09
2855.000000 1.68883000e+09
2865.000000 1.71938000e+09
2875.000000 1.70074000e+09
2885.000000 1.68408000e+09
2895.000000 1.64203000e+09
2910.000000 1.62381000e+09
2930.000000 1.61089000e+09
2950.000000 1.55713000e+09
2970.000000 1.54110000e+09
2990.000000 1.51293000e+09
3010.000000 1.44440000e+09
3030.000000 1.46290000e+09
3050.000000 1.44289000e+09
3070.000000 1.42539000e+09
3090.000000 1.36040000e+09
3110.000000 1.36353000e+09
3130.000000 1.33178000e+09
3150.000000 1.31606000e+09
3170.000000 1.27465000e+09
3190.000000 1.25572000e+09
3210.000000 1.23975000e+09
3230.000000 1.21108000e+09
3250.000000 1.19812000e+09
3270.000000 1.16962000e+09
3290.000000 1.14772000e+09
3310.000000 1.12842000e+09
3330.000000 1.10414000e+09
3350.000000 1.08828000e+09
3370.000000 1.06594000e+09
3390.000000 1.05340000e+09
3410.000000 1.03571000e+09
3430.000000 1.01249000e+09
3450.000000 9.92363000e+08
3470.000000 9.75982000e+08
3490.000000 9.56662000e+08
3510.000000 9.41051000e+08
3530.000000 9.32686000e+08
3550.000000 9.15958000e+08
3570.000000 9.02236000e+08
3590.000000 8.72773000e+08
3610.000000 8.56654000e+08
3630.000000 8.50986000e+08
3640.000000 8.51036000e+08
3650.000000 8.36115000e+08
3670.000000 8.27838000e+08
3690.000000 8.00599000e+08
3710.000000 7.89938000e+08
3730.000000 7.87284000e+08
3750.000000 8.53036000e+08
3770.000000 8.43665000e+08
3790.000000 8.54140000e+08
3810.000000 8.81088000e+08
3830.000000 7.92116000e+08
3850.000000 8.65925000e+08
3870.000000 8.40698000e+08
3890.000000 7.61147000e+08
3910.000000 8.41204000e+08
3930.000000 8.05687000e+08
3950.000000 8.03198000e+08
3970.000000 7.05300000e+08
3990.000000 7.78940000e+08
4010.000000 7.70463000e+08
4030.000000 7.38502000e+08
4050.000000 7.41079000e+08
4070.000000 7.06705000e+08
4090.000000 6.83572000e+08
4110.000000 6.32532000e+08
4130.000000 6.77463000e+08
4150.000000 6.72568000e+08
4170.000000 6.70183000e+08
4190.000000 6.65903000e+08
4210.000000 6.60782000e+08
4230.000000 6.45242000e+08
4250.000000 6.27211000e+08
4270.000000 6.09242000e+08
4290.000000 6.03288000e+08
4310.000000 5.83587000e+08
4330.000000 5.57592000e+08
4350.000000 5.22235000e+08
4370.000000 5.55658000e+08
4390.000000 5.61494000e+08
4410.000000 5.53081000e+08
4430.000000 5.47062000e+08
4450.000000 5.40634000e+08
4470.000000 5.25531000e+08
4490.000000 5.25886000e+08
4510.000000 5.22233000e+08
4530.000000 5.13152000e+08
4550.000000 5.08214000e+08
4570.000000 4.99320000e+08
4590.000000 4.91706000e+08
4610.000000 4.77965000e+08
4630.000000 4.71999000e+08
4650.000000 4.57372000e+08
4670.000000 4.59595000e+08
4690.000000 4.57688000e+08
4710.000000 4.39119000e+08
4730.000000 4.39270000e+08
4750.000000 4.32807000e+08
4770.000000 4.35874000e+08
4790.000000 4.26906000e+08
4810.000000 4.17485000e+08
4830.000000 4.12500000e+08
4850.000000 4.00697000e+08
4870.000000 3.64738000e+08
4890.000000 3.96973000e+08
4910.000000 3.91901000e+08
4930.000000 3.80436000e+08
4950.000000 3.79013000e+08
4970.000000 3.77661000e+08
4990.000000 3.70646000e+08
5010.000000 3.52113000e+08
5030.000000 3.59057000e+08
5050.000000 3.50043000e+08
5070.000000 3.50248000e+08
5090.000000 3.44723000e+08
5110.000000 3.38207000e+08
5130.000000 3.28589000e+08
5150.000000 3.27377000e+08
5170.000000 3.26681000e+08
5190.000000 3.22686000e+08
5210.000000 3.15869000e+08
5230.000000 3.13141000e+08
5250.000000 3.09735000e+08
5270.000000 3.04133000e+08
5290.000000 3.01864000e+08
5310.000000 2.97123000e+08
5330.000000 2.93492000e+08
5350.000000 2.88945000e+08
5370.000000 2.86536000e+08
5390.000000 2.82455000e+08
5410.000000 2.79418000e+08
5430.000000 2.74642000e+08
5450.000000 2.71184000e+08
5470.000000 2.67530000e+08
5490.000000 2.64422000e+08
5510.000000 2.62171000e+08
5530.000000 2.57531000e+08
5550.000000 2.55874000e+08
5570.000000 2.52048000e+08
5590.000000 2.49585000e+08
5610.000000 2.45893000e+08
5630.000000 2.43507000e+08
5650.000000 2.37503000e+08
5670.000000 2.33451000e+08
5690.000000 2.30359000e+08
5710.000000 2.29892000e+08
5730.000000 2.27532000e+08
5750.000000 2.23856000e+08
5770.000000 2.22906000e+08
5790.000000 2.19728000e+08
5810.000000 2.17214000e+08
5830.000000 2.13753000e+08
5850.000000 2.11721000e+08
5870.000000 2.04530000e+08
5890.000000 2.03936000e+08
5910.000000 2.02968000e+08
5930.000000 2.00037000e+08
5950.000000 1.97130000e+08
5970.000000 1.97493000e+08
5990.000000 1.93226000e+08
6010.000000 1.92411000e+08
6030.000000 1.89293000e+08
6050.000000 1.87323000e+08
6070.000000 1.85865000e+08
6090.000000 1.83682000e+08
6110.000000 1.81593000e+08
6130.000000 1.79798000e+08
6150.000000 1.75912000e+08
6170.000000 1.74575000e+08
6190.000000 1.73272000e+08
6210.000000 1.71630000e+08
6230.000000 1.69831000e+08
6250.000000 1.66913000e+08
6270.000000 1.65438000e+08
6290.000000 1.63855000e+08
6310.000000 1.61692000e+08
6330.000000 1.60389000e+08
6350.000000 1.57493000e+08
6370.000000 1.56385000e+08
6390.000000 1.54734000e+08
6410.000000 1.53147000e+08
6430.000000 1.51758000e+08
6450.000000 1.49895000e+08
6470.000000 1.47548000e+08
6490.000000 1.45978000e+08
6510.000000 1.44789000e+08
6530.000000 1.42896000e+08
6550.000000 1.39812000e+08
6570.000000 1.25233000e+08
6590.000000 1.36637000e+08
6610.000000 1.36837000e+08
6630.000000 1.35644000e+08
6650.000000 1.34114000e+08
6670.000000 1.31837000e+08
6690.000000 1.30537000e+08
6710.000000 1.30086000e+08
6730.000000 1.28175000e+08
6750.000000 1.27416000e+08
6770.000000 1.26073000e+08
6790.000000 1.22847000e+08
6810.000000 1.22947000e+08
6830.000000 1.21719000e+08
6850.000000 1.20728000e+08
6870.000000 1.19460000e+08
6890.000000 1.18021000e+08
6910.000000 1.16637000e+08
6930.000000 1.15674000e+08
6950.000000 1.14588000e+08
6970.000000 1.13435000e+08
6990.000000 1.12186000e+08
7010.000000 1.11002000e+08
7030.000000 1.09869000e+08
7050.000000 1.08700000e+08
7070.000000 1.05825000e+08
7090.000000 1.06555000e+08
7110.000000 1.03229000e+08
7130.000000 1.02429000e+08
7150.000000 1.03234000e+08
7170.000000 1.02308000e+08
7190.000000 1.01338000e+08
7210.000000 1.00299000e+08
7230.000000 9.71212000e+07
7250.000000 9.80052000e+07
7270.000000 9.72600000e+07
7290.000000 9.55503000e+07
7310.000000 9.53243000e+07
7330.000000 9.43000000e+07
7350.000000 9.35016000e+07
7370.000000 9.25994000e+07
7390.000000 9.16850000e+07
7410.000000 9.07859000e+07
7430.000000 8.97724000e+07
7450.000000 8.89584000e+07
7470.000000 8.74970000e+07
7490.000000 8.71513000e+07
7510.000000 8.63070000e+07
7530.000000 8.53707000e+07
7550.000000 8.47472000e+07
7570.000000 8.39515000e+07
7590.000000 8.30912000e+07
7610.000000 8.21996000e+07
7630.000000 8.14975000e+07
7650.000000 8.07500000e+07
7670.000000 7.99965000e+07
7690.000000 7.92178000e+07
7710.000000 7.84334000e+07
7730.000000 7.76561000e+07
7750.000000 7.70237000e+07
7770.000000 7.55544000e+07
7790.000000 7.55829000e+07
7810.000000 7.48257000e+07
7830.000000 7.41859000e+07
7850.000000 7.33559000e+07
7870.000000 7.26247000e+07
7890.000000 7.16458000e+07
7910.000000 7.12358000e+07
7930.000000 7.05234000e+07
7950.000000 6.97518000e+07
7970.000000 6.92658000e+07
7990.000000 6.84355000e+07
8010.000000 6.80061000e+07
8030.000000 6.74107000e+07
8050.000000 6.68785000e+07
8070.000000 6.63103000e+07
8090.000000 6.56202000e+07
8110.000000 6.47299000e+07
8130.000000 6.45600000e+07
8150.000000 6.38862000e+07
8170.000000 6.34722000e+07
8190.000000 6.25448000e+07
8210.000000 6.18827000e+07
8230.000000 6.11095000e+07
8250.000000 6.10848000e+07
8270.000000 5.98588000e+07
8290.000000 5.98938000e+07
8310.000000 5.94040000e+07
8330.000000 5.89453000e+07
8350.000000 5.81500000e+07
8370.000000 5.76089000e+07
8390.000000 5.72757000e+07
8410.000000 5.66681000e+07
8430.000000 5.61927000e+07
8450.000000 5.51304000e+07
8470.000000 5.47863000e+07
8490.000000 5.50355000e+07
8510.000000 5.34610000e+07
8530.000000 5.44532000e+07
8550.000000 5.17715000e+07
8570.000000 5.42795000e+07
8590.000000 5.16223000e+07
8610.000000 5.11236000e+07
8630.000000 5.34161000e+07
8650.000000 5.20717000e+07
8670.000000 4.78775000e+07
8690.000000 5.21422000e+07
8710.000000 5.20818000e+07
8730.000000 5.08400000e+07
8750.000000 4.60052000e+07
8770.000000 4.97503000e+07
8790.000000 5.04116000e+07
8810.000000 5.00762000e+07
8830.000000 4.94824000e+07
8850.000000 4.74620000e+07
8870.000000 4.38667000e+07
8890.000000 4.82304000e+07
8910.000000 4.79999000e+07
8930.000000 4.75111000e+07
8950.000000 4.73178000e+07
8970.000000 4.69198000e+07
8990.000000 4.59691000e+07
9010.000000 4.16847000e+07
9030.000000 4.39970000e+07
9050.000000 4.52839000e+07
9070.000000 4.46269000e+07
9090.000000 4.44586000e+07
9110.000000 4.42527000e+07
9130.000000 4.39194000e+07
9150.000000 4.35665000e+07
9170.000000 4.31025000e+07
9190.000000 4.27906000e+07
9210.000000 4.15177000e+07
9230.000000 3.71096000e+07
9250.000000 4.08966000e+07
9270.000000 4.09277000e+07
9290.000000 4.11183000e+07
9310.000000 4.06432000e+07
9330.000000 4.03151000e+07
9350.000000 4.01424000e+07
9370.000000 3.98433000e+07
9390.000000 3.95388000e+07
9410.000000 3.90828000e+07
9430.000000 3.88982000e+07
9450.000000 3.85751000e+07
9470.000000 3.81107000e+07
9490.000000 3.79465000e+07
9510.000000 3.73267000e+07
9530.000000 3.63970000e+07
9550.000000 3.29410000e+07
9570.000000 3.64221000e+07
9590.000000 3.65153000e+07
9610.000000 3.60636000e+07
9630.000000 3.56361000e+07
9650.000000 3.57123000e+07
9670.000000 3.54144000e+07
9690.000000 3.51099000e+07
9710.000000 3.47237000e+07
9730.000000 3.46030000e+07
9750.000000 3.43133000e+07
9770.000000 3.40901000e+07
9790.000000 3.38118000e+07
9810.000000 3.35073000e+07
9830.000000 3.32896000e+07
9850.000000 3.30331000e+07
9870.000000 3.27338000e+07
9890.000000 3.24167000e+07
9910.000000 3.20309000e+07
9930.000000 3.20556000e+07
9950.000000 3.17944000e+07
9970.000000 3.15070000e+07
9990.000000 3.13266000e+07
10025.000000 3.01325000e+07
10075.000000 2.91083000e+07
10125.000000 2.96413000e+07
10175.000000 2.92376000e+07
10225.000000 2.87004000e+07
10275.000000 2.81834000e+07
10325.000000 2.75737000e+07
10375.000000 2.71759000e+07
10425.000000 2.66909000e+07
10475.000000 2.62094000e+07
10525.000000 2.57144000e+07
10575.000000 2.52808000e+07
10625.000000 2.48382000e+07
10675.000000 2.43389000e+07
10725.000000 2.39730000e+07
10775.000000 2.35482000e+07
10825.000000 2.28531000e+07
10875.000000 2.27368000e+07
10925.000000 2.10109000e+07
10975.000000 2.17692000e+07
11025.000000 2.14733000e+07
11075.000000 2.12230000e+07
11125.000000 2.08622000e+07
11175.000000 2.05113000e+07
11225.000000 2.01585000e+07
11275.000000 1.97712000e+07
11325.000000 1.94340000e+07
11375.000000 1.91721000e+07
11425.000000 1.88355000e+07
11475.000000 1.85484000e+07
11525.000000 1.82454000e+07
11575.000000 1.79256000e+07
11625.000000 1.76419000e+07
11675.000000 1.73521000e+07
11725.000000 1.70887000e+07
11775.000000 1.67934000e+07
11825.000000 1.65434000e+07
11875.000000 1.62823000e+07
11925.000000 1.60268000e+07
11975.000000 1.56594000e+07
12025.000000 1.55222000e+07
12075.000000 1.52812000e+07
12125.000000 1.50386000e+07
12175.000000 1.48053000e+07
12225.000000 1.45768000e+07
12275.000000 1.43525000e+07
12325.000000 1.41279000e+07
12375.000000 1.39122000e+07
12425.000000 1.37031000e+07
12475.000000 1.34692000e+07
12525.000000 1.32515000e+07
12575.000000 1.30689000e+07
12625.000000 1.28807000e+07
12675.000000 1.26970000e+07
12725.000000 1.25092000e+07
12775.000000 1.21643000e+07
12825.000000 1.14542000e+07
12875.000000 1.19401000e+07
12925.000000 1.17832000e+07
12975.000000 1.15408000e+07
13025.000000 1.14364000e+07
13075.000000 1.12764000e+07
13125.000000 1.11134000e+07
13175.000000 1.09448000e+07
13225.000000 1.07944000e+07
13275.000000 1.06397000e+07
13325.000000 1.04802000e+07
13375.000000 1.03316000e+07
13425.000000 1.01748000e+07
13475.000000 1.00448000e+07
13525.000000 9.89677000e+06
13575.000000 9.76288000e+06
13625.000000 9.62012000e+06
13675.000000 9.48846000e+06
13725.000000 9.35406000e+06
13775.000000 9.23346000e+06
13825.000000 9.10589000e+06
13875.000000 8.97815000e+06
13925.000000 8.84113000e+06
13975.000000 8.72763000e+06
14025.000000 8.61342000e+06
14075.000000 8.50042000e+06
14125.000000 8.38238000e+06
14175.000000 8.27122000e+06
14225.000000 8.16179000e+06
14275.000000 8.05147000e+06
14325.000000 7.94341000e+06
14375.000000 7.83629000e+06
14425.000000 7.73390000e+06
14475.000000 7.63112000e+06
14525.000000 7.52903000e+06
14570.000000 7.44338000e+06
14620.000000 7.34549000e+06
14675.000000 7.24208000e+06
14725.000000 7.14763000e+06
14775.000000 7.05274000e+06
14825.000000 6.96531000e+06
14875.000000 6.87583000e+06
14925.000000 6.78806000e+06
14975.000000 6.70031000e+06
15025.000000 6.61206000e+06
15075.000000 6.51572000e+06
15125.000000 6.44406000e+06
15175.000000 6.36126000e+06
15225.000000 6.28720000e+06
15275.000000 6.19251000e+06
15325.000000 6.11383000e+06
15375.000000 6.05596000e+06
15425.000000 5.94250000e+06
15475.000000 5.91046000e+06
15525.000000 5.84181000e+06
15575.000000 5.69208000e+06
15625.000000 5.72422000e+06
15675.000000 5.60727000e+06
15725.000000 5.47096000e+06
15775.000000 5.52656000e+06
15825.000000 5.45875000e+06
15875.000000 5.19869000e+06
15925.000000 5.31049000e+06
15975.000000 5.27656000e+06
16050.000000 5.16784000e+06
16150.000000 4.94458000e+06
16250.000000 4.95039000e+06
16350.000000 4.80829000e+06
16450.000000 4.60048000e+06
16550.000000 4.61259000e+06
16650.000000 4.50625000e+06
16750.000000 4.37312000e+06
16850.000000 4.18669000e+06
16950.000000 4.20313000e+06
17050.000000 4.08684000e+06
17150.000000 4.01677000e+06
17250.000000 3.92830000e+06
17350.000000 3.71645000e+06
17450.000000 3.75068000e+06
17550.000000 3.67406000e+06
17650.000000 3.59409000e+06
17750.000000 3.51473000e+06
17850.000000 3.43230000e+06
17950.000000 3.36657000e+06
18050.000000 3.28994000e+06
18150.000000 3.12433000e+06
18250.000000 3.14018000e+06
18350.000000 3.08904000e+06
18450.000000 3.02366000e+06
18550.000000 2.95491000e+06
18650.000000 2.88161000e+06
18750.000000 2.74701000e+06
18850.000000 2.78262000e+06
18950.000000 2.72154000e+06
19050.000000 2.66179000e+06
19150.000000 2.61722000e+06
19250.000000 2.56489000e+06
19350.000000 2.51259000e+06
19450.000000 2.37608000e+06
19550.000000 2.40989000e+06
19650.000000 2.36747000e+06
19750.000000 2.32105000e+06
19850.000000 2.27583000e+06
19950.000000 2.23168000e+06
20050.000000 2.18858000e+06
20150.000000 2.14659000e+06
20250.000000 2.10550000e+06
20350.000000 2.06549000e+06
20450.000000 2.02552000e+06
20550.000000 1.98257000e+06
20650.000000 1.95078000e+06
20750.000000 1.91417000e+06
20850.000000 1.87878000e+06
20950.000000 1.84355000e+06
21050.000000 1.80967000e+06
21150.000000 1.76859000e+06
21250.000000 1.74431000e+06
21350.000000 1.71222000e+06
21450.000000 1.68082000e+06
21550.000000 1.65066000e+06
21650.000000 1.56134000e+06
21750.000000 1.59081000e+06
21850.000000 1.56327000e+06
21950.000000 1.53647000e+06
22050.000000 1.50970000e+06
22150.000000 1.48328000e+06
22250.000000 1.45627000e+06
22350.000000 1.43196000e+06
22450.000000 1.40720000e+06
22550.000000 1.38289000e+06
22650.000000 1.35918000e+06
22750.000000 1.33597000e+06
22850.000000 1.31319000e+06
22950.000000 1.29104000e+06
23050.000000 1.26895000e+06
23150.000000 1.24789000e+06
23250.000000 1.22714000e+06
23350.000000 1.20670000e+06
23450.000000 1.18670000e+06
23550.000000 1.16700000e+06
23650.000000 1.14779000e+06
23750.000000 1.12899000e+06
23850.000000 1.11061000e+06
23950.000000 1.09229000e+06
24050.000000 1.07436000e+06
24150.000000 1.05664000e+06
24250.000000 1.04057000e+06
24350.000000 1.02308000e+06
24450.000000 1.00623000e+06
24550.000000 9.91669000e+05
24650.000000 9.74587000e+05
24750.000000 9.57625000e+05
24850.000000 9.46822000e+05
24950.000000 9.25147000e+05
25050.000000 9.17715000e+05
25150.000000 9.03761000e+05
25250.000000 8.79776000e+05
25350.000000 8.75722000e+05
25450.000000 8.64549000e+05
25550.000000 8.49138000e+05
25650.000000 8.22947000e+05
25750.000000 8.24693000e+05
25850.000000 8.13532000e+05
25950.000000 8.01344000e+05
26050.000000 7.86099000e+05
26150.000000 7.56299000e+05
26250.000000 7.35677000e+05
26350.000000 7.53000000e+05
26450.000000 7.43386000e+05
26550.000000 7.31651000e+05
26650.000000 7.20389000e+05
26750.000000 6.88952000e+05
26850.000000 6.99088000e+05
26950.000000 6.90590000e+05
27050.000000 6.80603000e+05
27150.000000 6.70794000e+05
27250.000000 6.61162000e+05
27350.000000 6.51652000e+05
27450.000000 6.42263000e+05
27550.000000 6.14082000e+05
27650.000000 6.19503000e+05
27750.000000 6.15438000e+05
27850.000000 6.06800000e+05
27950.000000 5.98271000e+05
28050.000000 5.89607000e+05
28150.000000 5.81670000e+05
28250.000000 5.73594000e+05
28350.000000 5.65617000e+05
28450.000000 5.57925000e+05
28550.000000 5.49910000e+05
28650.000000 5.40570000e+05
28750.000000 5.16397000e+05
28850.000000 5.27669000e+05
28950.000000 5.20704000e+05
29050.000000 5.13822000e+05
29150.000000 5.06889000e+05
29250.000000 5.00082000e+05
29350.000000 4.93400000e+05
29450.000000 4.86797000e+05
29550.000000 4.80359000e+05
29650.000000 4.73996000e+05
29750.000000 4.67750000e+05
29850.000000 4.61577000e+05
29950.000000 4.55518000e+05
30050.000000 4.49571000e+05
30150.000000 4.43361000e+05
30250.000000 4.37923000e+05
30350.000000 4.19664000e+05
30450.000000 4.21463000e+05
30550.000000 4.21090000e+05
30650.000000 4.15780000e+05
30750.000000 4.10012000e+05
30850.000000 4.04944000e+05
30950.000000 4.00129000e+05
31050.000000 3.95055000e+05
31150.000000 3.89921000e+05
31250.000000 3.84876000e+05
31350.000000 3.80312000e+05
31450.000000 3.75555000e+05
31550.000000 3.70900000e+05
31650.000000 3.66266000e+05
31750.000000 3.61746000e+05
31850.000000 3.57280000e+05
31950.000000 3.52877000e+05
32100.000000 3.46406000e+05
32300.000000 3.38005000e+05
32500.000000 3.29853000e+05
32700.000000 3.21944000e+05
32900.000000 3.06984000e+05
33100.000000 3.05755000e+05
33300.000000 2.99263000e+05
33500.000000 2.92357000e+05
33700.000000 2.85563000e+05
33900.000000 2.78965000e+05
34100.000000 2.72556000e+05
34300.000000 2.66329000e+05
34500.000000 2.60284000e+05
34700.000000 2.54389000e+05
34900.000000 2.48664000e+05
35100.000000 2.43114000e+05
35300.000000 2.37709000e+05
35500.000000 2.32423000e+05
35700.000000 2.27263000e+05
35900.000000 2.22446000e+05
36100.000000 2.17384000e+05
36300.000000 2.12937000e+05
36500.000000 2.08002000e+05
36700.000000 2.04069000e+05
36900.000000 1.99013000e+05
37100.000000 1.95209000e+05
37300.000000 1.89498000e+05
37500.000000 1.83600000e+05
37700.000000 1.83579000e+05
37900.000000 1.79882000e+05
38100.000000 1.75234000e+05
38300.000000 1.71852000e+05
38500.000000 1.69009000e+05
38700.000000 1.65569000e+05
38900.000000 1.62058000e+05
39100.000000 1.57110000e+05
39300.000000 1.55747000e+05
39500.000000 1.52599000e+05
39700.000000 1.49612000e+05
39900.000000 1.46661000e+05
40100.000000 1.42896000e+05
40300.000000 1.39113000e+05
40500.000000 1.35188000e+05
40700.000000 1.35537000e+05
40900.000000 1.32926000e+05
41100.000000 1.30374000e+05
41300.000000 1.27756000e+05
41500.000000 1.25427000e+05
41700.000000 1.20624000e+05
41900.000000 1.20705000e+05
42100.000000 1.18494000e+05
42300.000000 1.16283000e+05
42500.000000 1.14052000e+05
42700.000000 1.12011000e+05
42900.000000 1.09714000e+05
43100.000000 1.07934000e+05
43300.000000 1.05965000e+05
43500.000000 1.04039000e+05
43700.000000 1.00098000e+05
43900.000000 1.00011000e+05
44100.000000 9.85210000e+04
44300.000000 9.67638000e+04
44500.000000 9.50456000e+04
44700.000000 9.35012000e+04
44900.000000 9.18535000e+04
45100.000000 9.02424000e+04
45300.000000 8.86450000e+04
45500.000000 8.71195000e+04
45700.000000 8.56101000e+04
45900.000000 8.41414000e+04
46100.000000 8.26507000e+04
46300.000000 8.11913000e+04
46500.000000 7.75969000e+04
46700.000000 7.64397000e+04
46900.000000 7.69127000e+04
47100.000000 7.59212000e+04
47300.000000 7.46508000e+04
47500.000000 7.33856000e+04
47700.000000 7.21821000e+04
47900.000000 7.09944000e+04
48100.000000 6.98239000e+04
48300.000000 6.86784000e+04
48500.000000 6.75574000e+04
48700.000000 6.64589000e+04
48900.000000 6.53807000e+04
49100.000000 6.43256000e+04
49300.000000 6.32871000e+04
49500.000000 6.22786000e+04
49700.000000 6.12491000e+04
49900.000000 6.03113000e+04
50100.000000 5.93519000e+04
50300.000000 5.83523000e+04
50500.000000 5.75040000e+04
50700.000000 5.66042000e+04
50900.000000 5.56004000e+04
51100.000000 5.47620000e+04
51300.000000 5.25150000e+04
51500.000000 5.31121000e+04
51700.000000 5.21946000e+04
51900.000000 5.15609000e+04
52100.000000 5.07758000e+04
52300.000000 5.00054000e+04
52500.000000 4.91986000e+04
52700.000000 4.83403000e+04
52900.000000 4.77803000e+04
53100.000000 4.70670000e+04
53300.000000 4.63656000e+04
53500.000000 4.56774000e+04
53700.000000 4.48492000e+04
53900.000000 4.42058000e+04
54100.000000 4.36890000e+04
54300.000000 4.30496000e+04
54500.000000 4.24223000e+04
54700.000000 4.18066000e+04
54900.000000 4.12014000e+04
55100.000000 4.05529000e+04
55300.000000 3.96996000e+04
55500.000000 3.94519000e+04
55700.000000 3.88886000e+04
55900.000000 3.83359000e+04
56100.000000 3.77925000e+04
56300.000000 3.72606000e+04
56500.000000 3.67365000e+04
56700.000000 3.62212000e+04
56900.000000 3.57005000e+04
57100.000000 3.47680000e+04
57300.000000 3.47001000e+04
57500.000000 3.42495000e+04
57700.000000 3.37771000e+04
57900.000000 3.33093000e+04
58100.000000 3.28571000e+04
58300.000000 3.24093000e+04
58500.000000 3.19976000e+04
58700.000000 3.15646000e+04
58900.000000 3.10639000e+04
59100.000000 2.97905000e+04
59300.000000 3.02284000e+04
59500.000000 2.93935000e+04
59700.000000 2.93353000e+04
59900.000000 2.91093000e+04
60100.000000 2.87261000e+04
60300.000000 2.83473000e+04
60500.000000 2.79739000e+04
60700.000000 2.76068000e+04
60900.000000 2.72460000e+04
61100.000000 2.68913000e+04
61300.000000 2.65417000e+04
61500.000000 2.61990000e+04
61700.000000 2.58602000e+04
61900.000000 2.55282000e+04
62100.000000 2.52009000e+04
62300.000000 2.48782000e+04
62500.000000 2.45611000e+04
62700.000000 2.42149000e+04
62900.000000 2.33565000e+04
63100.000000 2.35768000e+04
63300.000000 2.33415000e+04
63500.000000 2.30499000e+04
63700.000000 2.27615000e+04
63900.000000 2.24780000e+04
64200.000000 2.20610000e+04
64600.000000 2.15187000e+04
65000.000000 2.09943000e+04
65400.000000 2.04846000e+04
65800.000000 1.99909000e+04
66200.000000 1.95103000e+04
66600.000000 1.90464000e+04
67000.000000 1.85956000e+04
67400.000000 1.81384000e+04
67800.000000 1.74603000e+04
68200.000000 1.73128000e+04
68600.000000 1.69177000e+04
69000.000000 1.65291000e+04
69400.000000 1.61396000e+04
69800.000000 1.57835000e+04
70200.000000 1.54261000e+04
70600.000000 1.50787000e+04
71000.000000 1.47217000e+04
71400.000000 1.44123000e+04
71800.000000 1.40944000e+04
72200.000000 1.37840000e+04
72600.000000 1.34538000e+04
73000.000000 1.31859000e+04
73400.000000 1.29027000e+04
73800.000000 1.26249000e+04
74200.000000 1.23283000e+04
74600.000000 1.18648000e+04
75000.000000 1.14526000e+04
75400.000000 1.15660000e+04
75800.000000 1.13419000e+04
76200.000000 1.11057000e+04
76600.000000 1.08751000e+04
77000.000000 1.06500000e+04
77400.000000 1.04314000e+04
77800.000000 1.01545000e+04
78200.000000 1.00102000e+04
78600.000000 9.80735000e+03
79000.000000 9.60989000e+03
79400.000000 9.41770000e+03
79800.000000 9.22946000e+03
80200.000000 9.04625000e+03
80600.000000 8.86796000e+03
81000.000000 8.69331000e+03
81400.000000 8.46083000e+03
81800.000000 8.34000000e+03
82200.000000 8.19547000e+03
82600.000000 8.03732000e+03
83000.000000 7.88348000e+03
83400.000000 7.73276000e+03
83800.000000 7.58562000e+03
84200.000000 7.44198000e+03
84600.000000 7.30229000e+03
85000.000000 7.16542000e+03
85400.000000 7.03130000e+03
85800.000000 6.90090000e+03
86200.000000 6.77312000e+03
86600.000000 6.56150000e+03
87000.000000 6.52221000e+03
87400.000000 6.34231000e+03
87800.000000 6.22748000e+03
88200.000000 6.17790000e+03
88600.000000 6.06657000e+03
89000.000000 5.95795000e+03
89400.000000 5.85149000e+03
89800.000000 5.74762000e+03
90200.000000 5.64582000e+03
90600.000000 5.54651000e+03
91000.000000 5.44918000e+03
91400.000000 5.35424000e+03
91800.000000 5.26119000e+03
92200.000000 5.16999000e+03
92600.000000 5.07621000e+03
93000.000000 4.99388000e+03
93400.000000 4.90844000e+03
93800.000000 4.74892000e+03
94200.000000 4.73075000e+03
94600.000000 4.66304000e+03
95000.000000 4.58170000e+03
95400.000000 4.50321000e+03
95800.000000 4.43284000e+03
96200.000000 4.35942000e+03
96600.000000 4.28746000e+03
97000.000000 4.21653000e+03
97400.000000 4.14742000e+03
97800.000000 4.07970000e+03
98200.000000 4.01098000e+03
98600.000000 3.93975000e+03
99000.000000 3.88453000e+03
99400.000000 3.82206000e+03
99800.000000 3.76104000e+03
100200.000000 3.70105000e+03
200000.000000 2.28656000e+02
400000.000000 1.39383000e+01
600000.000000 2.71161000e+00
800000.000000 8.48760000e-01
1000000.000000 3.44768000e-01
1200000.000000 1.65123000e-01
1400000.000000 8.86064000e-02
1600000.000000 5.16752000e-02
