# Kurucz ODFNEW /NOVER, alpha: 0.0 (2003)
# teff = 14000 K (value for the effective temperature for the model. Temperatures are given in K)
# logg = 4 log(cm/s2) (value for Log(G) for the model.)
# lh = 1.25  (l/Hp where l is the  mixing length of the convective element and Hp is the pressure scale height)
# meta = 0.2  (value for the Metallicity for the model.)
# vtur = 2 km/s (Microturbulence velocity)
# alpha = 0  (Alpha)
#
# column 1: WAVELENGTH (ANGSTROM), Wavelength in Angstrom
# column 2: FLUX (ERG/CM2/S/A), Flux in erg/cm2/s/A
191.000000 6.40144000e-24
193.900000 6.49355000e-23
198.400000 3.91961000e-22
201.800000 1.34750000e-21
205.000000 4.11189000e-21
210.500000 2.53447000e-20
216.200000 1.53094000e-19
219.800000 4.57109000e-19
223.000000 1.16574000e-18
226.800000 3.45960000e-18
230.000000 8.47107000e-18
234.000000 2.49866000e-17
240.000000 1.19193000e-16
246.500000 6.01616000e-16
252.400000 2.45603000e-15
256.800000 6.75809000e-15
260.000000 1.38515000e-14
264.000000 3.32935000e-14
268.500000 8.62286000e-14
273.500000 2.39941000e-13
278.500000 6.49495000e-13
284.000000 1.86749000e-12
290.000000 5.66259000e-12
296.000000 1.64105000e-11
301.000000 3.87973000e-11
308.000000 1.23788000e-10
318.000000 5.97110000e-10
328.000000 2.62951000e-09
338.000000 1.06350000e-08
348.000000 3.98368000e-08
357.000000 1.24486000e-07
366.000000 3.63438000e-07
375.000000 1.00448000e-06
385.000000 2.95106000e-06
395.000000 8.18893000e-06
405.000000 2.16444000e-05
414.000000 4.98002000e-05
422.000000 1.01235000e-04
430.000000 2.00172000e-04
441.000000 4.92276000e-04
451.000000 1.07025000e-03
460.000000 2.08928000e-03
470.000000 4.25897000e-03
480.000000 8.41640000e-03
490.000000 1.61644000e-02
500.000000 3.01775000e-02
506.000000 7.77145000e-01
512.000000 2.03854000e+00
520.000000 2.92341000e+00
530.000000 4.52169000e+00
540.000000 6.49987000e+00
550.000000 1.03620000e+01
560.000000 1.51545000e+01
570.000000 2.21550000e+01
580.000000 2.99200000e+01
590.000000 4.52909000e+01
600.000000 6.30174000e+01
610.000000 8.83932000e+01
620.000000 1.18203000e+02
630.000000 1.60003000e+02
640.000000 2.08599000e+02
650.000000 2.78066000e+02
658.000000 3.47690000e+02
665.000000 4.10597000e+02
675.000000 5.28608000e+02
685.000000 6.80750000e+02
695.000000 8.75324000e+02
705.000000 1.09822000e+03
716.000000 1.40196000e+03
726.000000 1.75808000e+03
735.000000 2.10657000e+03
745.000000 2.61683000e+03
755.000000 3.21382000e+03
765.000000 3.90386000e+03
775.000000 4.76437000e+03
785.000000 5.77139000e+03
795.000000 6.84047000e+03
805.000000 8.19471000e+03
815.000000 9.69182000e+03
825.000000 1.14858000e+04
835.000000 1.33909000e+04
845.000000 1.58226000e+04
855.000000 1.85143000e+04
865.000000 2.16655000e+04
875.000000 2.50835000e+04
885.000000 2.93067000e+04
895.000000 3.36991000e+04
905.000000 3.78806000e+04
915.000000 3.03548000e+05
925.000000 1.70153000e+06
935.000000 2.80720000e+06
945.000000 8.67719000e+06
955.000000 3.88942000e+07
965.000000 6.07072000e+07
975.000000 1.67158000e+07
985.000000 1.27907000e+08
995.000000 1.36532000e+08
1005.000000 1.66715000e+08
1015.000000 1.29025000e+08
1025.000000 1.27051000e+07
1035.000000 6.69425000e+07
1045.000000 2.40304000e+08
1055.000000 2.97190000e+08
1065.000000 2.59656000e+08
1075.000000 3.35189000e+08
1085.000000 3.17643000e+08
1095.000000 3.72951000e+08
1105.000000 3.84651000e+08
1115.000000 5.73295000e+08
1125.000000 6.27771000e+08
1135.000000 7.67598000e+08
1145.000000 6.90025000e+08
1155.000000 8.07214000e+08
1165.000000 9.03890000e+08
1175.000000 8.26765000e+08
1185.000000 8.06243000e+08
1195.000000 1.72802000e+08
1205.000000 1.78757000e+08
1215.000000 2.10707000e+07
1225.000000 1.40487000e+08
1235.000000 7.54805000e+08
1245.000000 1.06785000e+09
1255.000000 1.15875000e+09
1265.000000 8.34739000e+08
1275.000000 1.15921000e+09
1285.000000 1.38894000e+09
1295.000000 9.36822000e+08
1305.000000 5.70771000e+08
1315.000000 1.18392000e+09
1325.000000 1.26555000e+09
1335.000000 1.03807000e+09
1345.000000 1.36979000e+09
1355.000000 1.29356000e+09
1365.000000 1.10035000e+09
1375.000000 1.23841000e+09
1385.000000 1.25653000e+09
1395.000000 1.22741000e+09
1405.000000 1.23607000e+09
1415.000000 1.13890000e+09
1425.000000 1.22090000e+09
1435.000000 1.15452000e+09
1442.000000 1.28328000e+09
1447.000000 1.33273000e+09
1455.000000 1.29699000e+09
1465.000000 1.19667000e+09
1475.000000 1.13748000e+09
1485.000000 1.17393000e+09
1495.000000 1.23414000e+09
1505.000000 1.17438000e+09
1512.000000 1.05562000e+09
1517.000000 1.16249000e+09
1525.000000 1.09261000e+09
1535.000000 9.87925000e+08
1545.000000 1.10098000e+09
1555.000000 9.94116000e+08
1565.000000 9.55057000e+08
1575.000000 9.91263000e+08
1585.000000 1.06892000e+09
1595.000000 1.09193000e+09
1605.000000 1.02807000e+09
1615.000000 1.04356000e+09
1625.000000 9.57907000e+08
1635.000000 1.00489000e+09
1645.000000 1.01994000e+09
1655.000000 9.00195000e+08
1665.000000 9.96173000e+08
1672.000000 8.40410000e+08
1677.000000 9.59664000e+08
1685.000000 1.03567000e+09
1695.000000 9.71332000e+08
1705.000000 9.04039000e+08
1715.000000 8.29920000e+08
1725.000000 8.20806000e+08
1735.000000 8.70042000e+08
1745.000000 8.59678000e+08
1755.000000 9.31321000e+08
1765.000000 8.11814000e+08
1775.000000 8.51216000e+08
1785.000000 8.78914000e+08
1795.000000 9.34029000e+08
1805.000000 9.13290000e+08
1815.000000 8.53862000e+08
1825.000000 8.51136000e+08
1835.000000 8.11240000e+08
1845.000000 7.51572000e+08
1855.000000 7.28667000e+08
1865.000000 7.47312000e+08
1875.000000 8.32258000e+08
1885.000000 7.69537000e+08
1895.000000 7.34213000e+08
1905.000000 7.67707000e+08
1915.000000 7.43869000e+08
1925.000000 7.35388000e+08
1935.000000 7.58937000e+08
1945.000000 7.64159000e+08
1955.000000 7.19142000e+08
1967.000000 7.83801000e+08
1976.000000 8.07668000e+08
1984.000000 7.55602000e+08
1995.000000 7.20315000e+08
2005.000000 7.42471000e+08
2015.000000 6.89479000e+08
2025.000000 7.47198000e+08
2035.000000 6.98972000e+08
2045.000000 7.21015000e+08
2055.000000 6.78867000e+08
2065.000000 6.88396000e+08
2074.000000 7.15549000e+08
2078.000000 6.93813000e+08
2085.000000 7.08547000e+08
2095.000000 6.64504000e+08
2105.000000 6.65220000e+08
2115.000000 6.65859000e+08
2125.000000 6.73339000e+08
2135.000000 6.07605000e+08
2145.000000 6.40707000e+08
2155.000000 6.60165000e+08
2165.000000 6.27758000e+08
2175.000000 6.16242000e+08
2185.000000 5.97720000e+08
2195.000000 6.26065000e+08
2205.000000 6.02206000e+08
2215.000000 5.67541000e+08
2225.000000 5.37993000e+08
2235.000000 5.86148000e+08
2245.000000 5.38556000e+08
2255.000000 5.19551000e+08
2265.000000 5.34315000e+08
2275.000000 5.54712000e+08
2285.000000 5.64363000e+08
2295.000000 5.39285000e+08
2305.000000 5.11188000e+08
2315.000000 4.86607000e+08
2325.000000 4.82945000e+08
2335.000000 4.55587000e+08
2345.000000 4.40886000e+08
2355.000000 4.67948000e+08
2365.000000 4.30153000e+08
2375.000000 4.41145000e+08
2385.000000 4.05981000e+08
2395.000000 4.46123000e+08
2405.000000 4.19090000e+08
2415.000000 4.28481000e+08
2425.000000 4.45403000e+08
2435.000000 4.21878000e+08
2445.000000 4.51021000e+08
2455.000000 4.34103000e+08
2465.000000 4.37439000e+08
2475.000000 4.16636000e+08
2485.000000 4.44567000e+08
2495.000000 4.29197000e+08
2505.000000 4.54691000e+08
2513.000000 4.16742000e+08
2518.000000 4.32872000e+08
2525.000000 4.04695000e+08
2535.000000 4.09798000e+08
2545.000000 3.95643000e+08
2555.000000 4.15214000e+08
2565.000000 4.07820000e+08
2575.000000 4.34795000e+08
2585.000000 4.27677000e+08
2595.000000 4.29125000e+08
2605.000000 4.08822000e+08
2615.000000 4.05872000e+08
2625.000000 4.13588000e+08
2635.000000 4.15724000e+08
2645.000000 4.37750000e+08
2655.000000 4.30012000e+08
2665.000000 4.01961000e+08
2675.000000 4.18115000e+08
2685.000000 4.10151000e+08
2695.000000 3.99893000e+08
2705.000000 4.07311000e+08
2715.000000 3.90277000e+08
2725.000000 3.91410000e+08
2735.000000 4.09243000e+08
2745.000000 3.66339000e+08
2755.000000 3.63173000e+08
2765.000000 3.72357000e+08
2775.000000 3.86870000e+08
2785.000000 3.87268000e+08
2795.000000 3.50528000e+08
2805.000000 3.70552000e+08
2815.000000 3.86488000e+08
2825.000000 3.83592000e+08
2835.000000 3.64663000e+08
2845.000000 3.53573000e+08
2855.000000 3.55024000e+08
2865.000000 3.66021000e+08
2875.000000 3.56574000e+08
2885.000000 3.60334000e+08
2895.000000 3.53651000e+08
2910.000000 3.69198000e+08
2930.000000 3.56600000e+08
2950.000000 3.52461000e+08
2970.000000 3.49836000e+08
2990.000000 3.45744000e+08
3010.000000 3.48953000e+08
3030.000000 3.43902000e+08
3050.000000 3.36827000e+08
3070.000000 3.31194000e+08
3090.000000 3.30215000e+08
3110.000000 3.21233000e+08
3130.000000 3.17268000e+08
3150.000000 3.15268000e+08
3170.000000 3.09668000e+08
3190.000000 2.99107000e+08
3210.000000 3.00481000e+08
3230.000000 2.96039000e+08
3250.000000 2.92631000e+08
3270.000000 2.90105000e+08
3290.000000 2.86822000e+08
3310.000000 2.84587000e+08
3330.000000 2.79178000e+08
3350.000000 2.73911000e+08
3370.000000 2.70616000e+08
3390.000000 2.66377000e+08
3410.000000 2.64914000e+08
3430.000000 2.61260000e+08
3450.000000 2.58040000e+08
3470.000000 2.53760000e+08
3490.000000 2.50811000e+08
3510.000000 2.48835000e+08
3530.000000 2.46305000e+08
3550.000000 2.43274000e+08
3570.000000 2.39749000e+08
3590.000000 2.36083000e+08
3610.000000 2.33558000e+08
3630.000000 2.30282000e+08
3640.000000 2.29414000e+08
3650.000000 2.28591000e+08
3670.000000 2.26076000e+08
3690.000000 2.19210000e+08
3710.000000 2.16990000e+08
3730.000000 2.14607000e+08
3750.000000 2.52200000e+08
3770.000000 2.60715000e+08
3790.000000 2.95973000e+08
3810.000000 3.24952000e+08
3830.000000 2.70228000e+08
3850.000000 3.38872000e+08
3870.000000 3.60231000e+08
3890.000000 2.45848000e+08
3910.000000 3.55067000e+08
3930.000000 3.55267000e+08
3950.000000 3.46946000e+08
3970.000000 2.31298000e+08
3990.000000 3.31151000e+08
4010.000000 3.40249000e+08
4030.000000 3.26280000e+08
4050.000000 3.33768000e+08
4070.000000 3.23514000e+08
4090.000000 2.81397000e+08
4110.000000 2.29779000e+08
4130.000000 3.02167000e+08
4150.000000 3.06065000e+08
4170.000000 3.03006000e+08
4190.000000 2.99820000e+08
4210.000000 2.96106000e+08
4230.000000 2.91144000e+08
4250.000000 2.86325000e+08
4270.000000 2.79496000e+08
4290.000000 2.77612000e+08
4310.000000 2.69789000e+08
4330.000000 2.26995000e+08
4350.000000 1.99369000e+08
4370.000000 2.56790000e+08
4390.000000 2.52305000e+08
4410.000000 2.54341000e+08
4430.000000 2.49151000e+08
4450.000000 2.47887000e+08
4470.000000 2.38057000e+08
4490.000000 2.37230000e+08
4510.000000 2.36760000e+08
4530.000000 2.32784000e+08
4550.000000 2.28522000e+08
4570.000000 2.27590000e+08
4590.000000 2.22982000e+08
4610.000000 2.21424000e+08
4630.000000 2.16124000e+08
4650.000000 2.15018000e+08
4670.000000 2.11573000e+08
4690.000000 2.08848000e+08
4710.000000 2.02900000e+08
4730.000000 2.02670000e+08
4750.000000 1.99498000e+08
4770.000000 1.98259000e+08
4790.000000 1.94997000e+08
4810.000000 1.91132000e+08
4830.000000 1.86258000e+08
4850.000000 1.61534000e+08
4870.000000 1.37610000e+08
4890.000000 1.77729000e+08
4910.000000 1.78441000e+08
4930.000000 1.74284000e+08
4950.000000 1.74861000e+08
4970.000000 1.73030000e+08
4990.000000 1.70314000e+08
5010.000000 1.65010000e+08
5030.000000 1.64698000e+08
5050.000000 1.60545000e+08
5070.000000 1.61098000e+08
5090.000000 1.58918000e+08
5110.000000 1.56292000e+08
5130.000000 1.55004000e+08
5150.000000 1.51984000e+08
5170.000000 1.50247000e+08
5190.000000 1.48728000e+08
5210.000000 1.45673000e+08
5230.000000 1.44519000e+08
5250.000000 1.43407000e+08
5270.000000 1.40733000e+08
5290.000000 1.40452000e+08
5310.000000 1.37819000e+08
5330.000000 1.36694000e+08
5350.000000 1.34963000e+08
5370.000000 1.33581000e+08
5390.000000 1.31865000e+08
5410.000000 1.29940000e+08
5430.000000 1.28371000e+08
5450.000000 1.27063000e+08
5470.000000 1.25247000e+08
5490.000000 1.24107000e+08
5510.000000 1.22465000e+08
5530.000000 1.21305000e+08
5550.000000 1.19862000e+08
5570.000000 1.18401000e+08
5590.000000 1.17048000e+08
5610.000000 1.15820000e+08
5630.000000 1.14605000e+08
5650.000000 1.12394000e+08
5670.000000 1.11320000e+08
5690.000000 1.10427000e+08
5710.000000 1.09267000e+08
5730.000000 1.08020000e+08
5750.000000 1.06762000e+08
5770.000000 1.05540000e+08
5790.000000 1.04159000e+08
5810.000000 1.03014000e+08
5830.000000 1.01900000e+08
5850.000000 1.00741000e+08
5870.000000 9.81574000e+07
5890.000000 9.81403000e+07
5910.000000 9.73121000e+07
5930.000000 9.63654000e+07
5950.000000 9.46876000e+07
5970.000000 9.40109000e+07
5990.000000 9.27541000e+07
6010.000000 9.20992000e+07
6030.000000 9.10531000e+07
6050.000000 9.00188000e+07
6070.000000 8.90094000e+07
6090.000000 8.80164000e+07
6110.000000 8.71495000e+07
6130.000000 8.61687000e+07
6150.000000 8.46490000e+07
6170.000000 8.42475000e+07
6190.000000 8.34002000e+07
6210.000000 8.24916000e+07
6230.000000 8.14659000e+07
6250.000000 8.01806000e+07
6270.000000 7.98376000e+07
6290.000000 7.89517000e+07
6310.000000 7.79846000e+07
6330.000000 7.72603000e+07
6350.000000 7.55897000e+07
6370.000000 7.50898000e+07
6390.000000 7.47810000e+07
6410.000000 7.39089000e+07
6430.000000 7.33132000e+07
6450.000000 7.23033000e+07
6470.000000 7.17660000e+07
6490.000000 7.07949000e+07
6510.000000 6.98317000e+07
6530.000000 6.85608000e+07
6550.000000 6.31165000e+07
6570.000000 5.35216000e+07
6590.000000 6.55883000e+07
6610.000000 6.63155000e+07
6630.000000 6.58723000e+07
6650.000000 6.53855000e+07
6670.000000 6.44512000e+07
6690.000000 6.38459000e+07
6710.000000 6.34156000e+07
6730.000000 6.27756000e+07
6750.000000 6.21594000e+07
6770.000000 6.15667000e+07
6790.000000 6.08891000e+07
6810.000000 6.03029000e+07
6830.000000 5.96151000e+07
6850.000000 5.90957000e+07
6870.000000 5.85286000e+07
6890.000000 5.79615000e+07
6910.000000 5.73756000e+07
6930.000000 5.66982000e+07
6950.000000 5.62709000e+07
6970.000000 5.57399000e+07
6990.000000 5.52155000e+07
7010.000000 5.46134000e+07
7030.000000 5.41239000e+07
7050.000000 5.34383000e+07
7070.000000 5.28048000e+07
7090.000000 5.25995000e+07
7110.000000 5.20051000e+07
7130.000000 5.15359000e+07
7150.000000 5.10645000e+07
7170.000000 5.05976000e+07
7190.000000 5.01328000e+07
7210.000000 4.96616000e+07
7230.000000 4.90312000e+07
7250.000000 4.86729000e+07
7270.000000 4.82715000e+07
7290.000000 4.77426000e+07
7310.000000 4.73625000e+07
7330.000000 4.69249000e+07
7350.000000 4.65137000e+07
7370.000000 4.60757000e+07
7390.000000 4.56473000e+07
7410.000000 4.52201000e+07
7430.000000 4.47081000e+07
7450.000000 4.43441000e+07
7470.000000 4.38532000e+07
7490.000000 4.35152000e+07
7510.000000 4.31161000e+07
7530.000000 4.27717000e+07
7550.000000 4.23835000e+07
7570.000000 4.20093000e+07
7590.000000 4.16097000e+07
7610.000000 4.12696000e+07
7630.000000 4.08853000e+07
7650.000000 4.04980000e+07
7670.000000 4.01462000e+07
7690.000000 3.97771000e+07
7710.000000 3.94233000e+07
7730.000000 3.90758000e+07
7750.000000 3.87295000e+07
7770.000000 3.78933000e+07
7790.000000 3.80460000e+07
7810.000000 3.77309000e+07
7830.000000 3.73928000e+07
7850.000000 3.69121000e+07
7870.000000 3.65806000e+07
7890.000000 3.61787000e+07
7910.000000 3.60725000e+07
7930.000000 3.57907000e+07
7950.000000 3.53247000e+07
7970.000000 3.51637000e+07
7990.000000 3.46013000e+07
8010.000000 3.45621000e+07
8030.000000 3.42581000e+07
8050.000000 3.39567000e+07
8070.000000 3.36746000e+07
8090.000000 3.33753000e+07
8110.000000 3.30843000e+07
8130.000000 3.28106000e+07
8150.000000 3.25409000e+07
8170.000000 3.22745000e+07
8190.000000 3.19537000e+07
8210.000000 3.16009000e+07
8230.000000 3.12589000e+07
8250.000000 3.11989000e+07
8270.000000 3.09832000e+07
8290.000000 3.06529000e+07
8310.000000 3.04712000e+07
8330.000000 3.02056000e+07
8350.000000 2.99633000e+07
8370.000000 2.97192000e+07
8390.000000 2.94877000e+07
8410.000000 2.91847000e+07
8430.000000 2.88969000e+07
8450.000000 2.84273000e+07
8470.000000 2.81467000e+07
8490.000000 2.82474000e+07
8510.000000 2.73656000e+07
8530.000000 2.80524000e+07
8550.000000 2.62331000e+07
8570.000000 2.80240000e+07
8590.000000 2.64228000e+07
8610.000000 2.59043000e+07
8630.000000 2.78856000e+07
8650.000000 2.68591000e+07
8670.000000 2.35684000e+07
8690.000000 2.71786000e+07
8710.000000 2.77928000e+07
8730.000000 2.68219000e+07
8750.000000 2.23890000e+07
8770.000000 2.56383000e+07
8790.000000 2.72210000e+07
8810.000000 2.72621000e+07
8830.000000 2.66290000e+07
8850.000000 2.43481000e+07
8870.000000 2.13856000e+07
8890.000000 2.54837000e+07
8910.000000 2.61548000e+07
8930.000000 2.60595000e+07
8950.000000 2.59789000e+07
8970.000000 2.56197000e+07
8990.000000 2.46804000e+07
9010.000000 2.06496000e+07
9030.000000 2.20759000e+07
9050.000000 2.44213000e+07
9070.000000 2.44947000e+07
9090.000000 2.44052000e+07
9110.000000 2.43799000e+07
9130.000000 2.42000000e+07
9150.000000 2.40588000e+07
9170.000000 2.37429000e+07
9190.000000 2.32583000e+07
9210.000000 2.20106000e+07
9230.000000 1.81305000e+07
9250.000000 2.12677000e+07
9270.000000 2.22098000e+07
9290.000000 2.26289000e+07
9310.000000 2.25839000e+07
9330.000000 2.24210000e+07
9350.000000 2.23196000e+07
9370.000000 2.21532000e+07
9390.000000 2.19504000e+07
9410.000000 2.15713000e+07
9430.000000 2.16311000e+07
9450.000000 2.14561000e+07
9470.000000 2.12307000e+07
9490.000000 2.10004000e+07
9510.000000 2.05585000e+07
9530.000000 1.92042000e+07
9550.000000 1.61960000e+07
9570.000000 1.92538000e+07
9590.000000 2.00445000e+07
9610.000000 2.00770000e+07
9630.000000 1.97991000e+07
9650.000000 1.99012000e+07
9670.000000 1.97206000e+07
9690.000000 1.96156000e+07
9710.000000 1.94830000e+07
9730.000000 1.93409000e+07
9750.000000 1.91839000e+07
9770.000000 1.90601000e+07
9790.000000 1.89119000e+07
9810.000000 1.87676000e+07
9830.000000 1.86094000e+07
9850.000000 1.84861000e+07
9870.000000 1.83486000e+07
9890.000000 1.81805000e+07
9910.000000 1.80673000e+07
9930.000000 1.79461000e+07
9950.000000 1.77915000e+07
9970.000000 1.76296000e+07
9990.000000 1.74492000e+07
10025.000000 1.62015000e+07
10075.000000 1.54413000e+07
10125.000000 1.65398000e+07
10175.000000 1.63969000e+07
10225.000000 1.61389000e+07
10275.000000 1.58563000e+07
10325.000000 1.55635000e+07
10375.000000 1.53036000e+07
10425.000000 1.50414000e+07
10475.000000 1.47694000e+07
10525.000000 1.45056000e+07
10575.000000 1.42683000e+07
10625.000000 1.40312000e+07
10675.000000 1.37272000e+07
10725.000000 1.35406000e+07
10775.000000 1.33201000e+07
10825.000000 1.30250000e+07
10875.000000 1.27778000e+07
10925.000000 1.12272000e+07
10975.000000 1.19314000e+07
11025.000000 1.21910000e+07
11075.000000 1.20483000e+07
11125.000000 1.18551000e+07
11175.000000 1.16587000e+07
11225.000000 1.14728000e+07
11275.000000 1.12190000e+07
11325.000000 1.10567000e+07
11375.000000 1.09245000e+07
11425.000000 1.07483000e+07
11475.000000 1.05821000e+07
11525.000000 1.04139000e+07
11575.000000 1.02494000e+07
11625.000000 1.00658000e+07
11675.000000 9.90981000e+06
11725.000000 9.76985000e+06
11775.000000 9.58081000e+06
11825.000000 9.46817000e+06
11875.000000 9.31541000e+06
11925.000000 9.18526000e+06
11975.000000 9.03148000e+06
12025.000000 8.90573000e+06
12075.000000 8.76986000e+06
12125.000000 8.63541000e+06
12175.000000 8.50668000e+06
12225.000000 8.37826000e+06
12275.000000 8.25063000e+06
12325.000000 8.12877000e+06
12375.000000 8.00885000e+06
12425.000000 7.89279000e+06
12475.000000 7.76211000e+06
12525.000000 7.66015000e+06
12575.000000 7.53932000e+06
12625.000000 7.43576000e+06
12675.000000 7.32914000e+06
12725.000000 7.20140000e+06
12775.000000 6.97178000e+06
12825.000000 6.22078000e+06
12875.000000 6.81935000e+06
12925.000000 6.80232000e+06
12975.000000 6.71912000e+06
13025.000000 6.62855000e+06
13075.000000 6.53476000e+06
13125.000000 6.44329000e+06
13175.000000 6.34413000e+06
13225.000000 6.26437000e+06
13275.000000 6.17729000e+06
13325.000000 6.09156000e+06
13375.000000 6.00735000e+06
13425.000000 5.92297000e+06
13475.000000 5.84196000e+06
13525.000000 5.76074000e+06
13575.000000 5.68322000e+06
13625.000000 5.60587000e+06
13675.000000 5.52728000e+06
13725.000000 5.45308000e+06
13775.000000 5.38359000e+06
13825.000000 5.31161000e+06
13875.000000 5.24091000e+06
13925.000000 5.17012000e+06
13975.000000 5.10213000e+06
14025.000000 5.03517000e+06
14075.000000 4.96847000e+06
14125.000000 4.90257000e+06
14175.000000 4.83974000e+06
14225.000000 4.77636000e+06
14275.000000 4.71449000e+06
14325.000000 4.65318000e+06
14375.000000 4.59297000e+06
14425.000000 4.52588000e+06
14475.000000 4.47435000e+06
14525.000000 4.41556000e+06
14570.000000 4.36828000e+06
14620.000000 4.31289000e+06
14675.000000 4.25509000e+06
14725.000000 4.20157000e+06
14775.000000 4.14677000e+06
14825.000000 4.09845000e+06
14875.000000 4.04711000e+06
14925.000000 3.99873000e+06
14975.000000 3.94821000e+06
15025.000000 3.90095000e+06
15075.000000 3.85092000e+06
15125.000000 3.80409000e+06
15175.000000 3.75681000e+06
15225.000000 3.71138000e+06
15275.000000 3.66177000e+06
15325.000000 3.61433000e+06
15375.000000 3.57636000e+06
15425.000000 3.51553000e+06
15475.000000 3.49002000e+06
15525.000000 3.44600000e+06
15575.000000 3.36723000e+06
15625.000000 3.38954000e+06
15675.000000 3.30232000e+06
15725.000000 3.23002000e+06
15775.000000 3.28133000e+06
15825.000000 3.23701000e+06
15875.000000 3.04863000e+06
15925.000000 3.13068000e+06
15975.000000 3.14816000e+06
16050.000000 3.05958000e+06
16150.000000 2.91117000e+06
16250.000000 2.97218000e+06
16350.000000 2.84926000e+06
16450.000000 2.70446000e+06
16550.000000 2.78150000e+06
16650.000000 2.72155000e+06
16750.000000 2.59691000e+06
16850.000000 2.46268000e+06
16950.000000 2.53992000e+06
17050.000000 2.48844000e+06
17150.000000 2.43530000e+06
17250.000000 2.37271000e+06
17350.000000 2.17085000e+06
17450.000000 2.25380000e+06
17550.000000 2.22990000e+06
17650.000000 2.18366000e+06
17750.000000 2.13653000e+06
17850.000000 2.09220000e+06
17950.000000 2.04920000e+06
18050.000000 1.99672000e+06
18150.000000 1.84052000e+06
18250.000000 1.88838000e+06
18350.000000 1.88251000e+06
18450.000000 1.84567000e+06
18550.000000 1.80634000e+06
18650.000000 1.76146000e+06
18750.000000 1.62624000e+06
18850.000000 1.69099000e+06
18950.000000 1.66647000e+06
19050.000000 1.63366000e+06
19150.000000 1.60185000e+06
19250.000000 1.56980000e+06
19350.000000 1.52926000e+06
19450.000000 1.40583000e+06
19550.000000 1.47014000e+06
19650.000000 1.45200000e+06
19750.000000 1.42410000e+06
19850.000000 1.39697000e+06
19950.000000 1.37051000e+06
20050.000000 1.34460000e+06
20150.000000 1.31931000e+06
20250.000000 1.29456000e+06
20350.000000 1.27049000e+06
20450.000000 1.24684000e+06
20550.000000 1.22349000e+06
20650.000000 1.20134000e+06
20750.000000 1.17937000e+06
20850.000000 1.15795000e+06
20950.000000 1.13679000e+06
21050.000000 1.11632000e+06
21150.000000 1.09577000e+06
21250.000000 1.07639000e+06
21350.000000 1.05699000e+06
21450.000000 1.03840000e+06
21550.000000 1.01458000e+06
21650.000000 9.36594000e+05
21750.000000 9.74987000e+05
21850.000000 9.67188000e+05
21950.000000 9.50889000e+05
22050.000000 9.34613000e+05
22150.000000 9.18514000e+05
22250.000000 9.02819000e+05
22350.000000 8.87443000e+05
22450.000000 8.72378000e+05
22550.000000 8.57620000e+05
22650.000000 8.43235000e+05
22750.000000 8.29069000e+05
22850.000000 8.15406000e+05
22950.000000 8.01950000e+05
23050.000000 7.88767000e+05
23150.000000 7.75851000e+05
23250.000000 7.63198000e+05
23350.000000 7.50733000e+05
23450.000000 7.38589000e+05
23550.000000 7.26692000e+05
23650.000000 7.14969000e+05
23750.000000 7.03551000e+05
23850.000000 6.92299000e+05
23950.000000 6.81210000e+05
24050.000000 6.70151000e+05
24150.000000 6.59509000e+05
24250.000000 6.49341000e+05
24350.000000 6.38999000e+05
24450.000000 6.28722000e+05
24550.000000 6.19341000e+05
24650.000000 6.09075000e+05
24750.000000 5.99686000e+05
24850.000000 5.91593000e+05
24950.000000 5.79066000e+05
25050.000000 5.73797000e+05
25150.000000 5.65211000e+05
25250.000000 5.50804000e+05
25350.000000 5.47663000e+05
25450.000000 5.41064000e+05
25550.000000 5.31055000e+05
25650.000000 5.14800000e+05
25750.000000 5.16076000e+05
25850.000000 5.10045000e+05
25950.000000 5.02289000e+05
26050.000000 4.90402000e+05
26150.000000 4.72026000e+05
26250.000000 4.49727000e+05
26350.000000 4.69228000e+05
26450.000000 4.66984000e+05
26550.000000 4.60550000e+05
26650.000000 4.51207000e+05
26750.000000 4.28213000e+05
26850.000000 4.38234000e+05
26950.000000 4.35444000e+05
27050.000000 4.29991000e+05
27150.000000 4.23921000e+05
27250.000000 4.17934000e+05
27350.000000 4.11882000e+05
27450.000000 4.04022000e+05
27550.000000 3.81855000e+05
27650.000000 3.86096000e+05
27750.000000 3.88474000e+05
27850.000000 3.84135000e+05
27950.000000 3.78845000e+05
28050.000000 3.73640000e+05
28150.000000 3.68508000e+05
28250.000000 3.63468000e+05
28350.000000 3.58499000e+05
28450.000000 3.53661000e+05
28550.000000 3.48156000e+05
28650.000000 3.38354000e+05
28750.000000 3.20727000e+05
28850.000000 3.32679000e+05
28950.000000 3.30187000e+05
29050.000000 3.26208000e+05
29150.000000 3.21845000e+05
29250.000000 3.17641000e+05
29350.000000 3.13442000e+05
29450.000000 3.09345000e+05
29550.000000 3.05322000e+05
29650.000000 3.01342000e+05
29750.000000 2.97433000e+05
29850.000000 2.93588000e+05
29950.000000 2.89799000e+05
30050.000000 2.86059000e+05
30150.000000 2.82300000e+05
30250.000000 2.77410000e+05
30350.000000 2.62330000e+05
30450.000000 2.63604000e+05
30550.000000 2.67234000e+05
30650.000000 2.64931000e+05
30750.000000 2.61593000e+05
30850.000000 2.58123000e+05
30950.000000 2.55097000e+05
31050.000000 2.51921000e+05
31150.000000 2.48796000e+05
31250.000000 2.45705000e+05
31350.000000 2.42684000e+05
31450.000000 2.39684000e+05
31550.000000 2.36755000e+05
31650.000000 2.33848000e+05
31750.000000 2.31005000e+05
31850.000000 2.28209000e+05
31950.000000 2.25439000e+05
32100.000000 2.21374000e+05
32300.000000 2.16092000e+05
32500.000000 2.10965000e+05
32700.000000 2.05785000e+05
32900.000000 1.93479000e+05
33100.000000 1.94219000e+05
33300.000000 1.91519000e+05
33500.000000 1.87222000e+05
33700.000000 1.82946000e+05
33900.000000 1.78814000e+05
34100.000000 1.74782000e+05
34300.000000 1.70857000e+05
34500.000000 1.67052000e+05
34700.000000 1.63339000e+05
34900.000000 1.59725000e+05
35100.000000 1.56222000e+05
35300.000000 1.52806000e+05
35500.000000 1.49478000e+05
35700.000000 1.46227000e+05
35900.000000 1.43117000e+05
36100.000000 1.39986000e+05
36300.000000 1.37081000e+05
36500.000000 1.34050000e+05
36700.000000 1.31379000e+05
36900.000000 1.28332000e+05
37100.000000 1.25822000e+05
37300.000000 1.21108000e+05
37500.000000 1.17363000e+05
37700.000000 1.18233000e+05
37900.000000 1.15974000e+05
38100.000000 1.13130000e+05
38300.000000 1.10924000e+05
38500.000000 1.09147000e+05
38700.000000 1.06980000e+05
38900.000000 1.04621000e+05
39100.000000 1.01594000e+05
39300.000000 1.00675000e+05
39500.000000 9.89287000e+04
39700.000000 9.70501000e+04
39900.000000 9.50289000e+04
40100.000000 9.22958000e+04
40300.000000 9.01247000e+04
40500.000000 8.66460000e+04
40700.000000 8.77570000e+04
40900.000000 8.63693000e+04
41100.000000 8.47369000e+04
41300.000000 8.31363000e+04
41500.000000 8.13197000e+04
41700.000000 7.78638000e+04
41900.000000 7.82531000e+04
42100.000000 7.71181000e+04
42300.000000 7.57042000e+04
42500.000000 7.43155000e+04
42700.000000 7.29619000e+04
42900.000000 7.16343000e+04
43100.000000 7.03403000e+04
43300.000000 6.90751000e+04
43500.000000 6.77346000e+04
43700.000000 6.47291000e+04
43900.000000 6.47544000e+04
44100.000000 6.42633000e+04
44300.000000 6.31565000e+04
44500.000000 6.20498000e+04
44700.000000 6.10187000e+04
44900.000000 5.99008000e+04
45100.000000 5.88669000e+04
45300.000000 5.78453000e+04
45500.000000 5.68574000e+04
45700.000000 5.58829000e+04
45900.000000 5.49248000e+04
46100.000000 5.39707000e+04
46300.000000 5.29343000e+04
46500.000000 5.00895000e+04
46700.000000 4.93677000e+04
46900.000000 5.01362000e+04
47100.000000 4.95924000e+04
47300.000000 4.88119000e+04
47500.000000 4.80127000e+04
47700.000000 4.72383000e+04
47900.000000 4.64720000e+04
48100.000000 4.57183000e+04
48300.000000 4.49804000e+04
48500.000000 4.42546000e+04
48700.000000 4.35456000e+04
48900.000000 4.28750000e+04
49100.000000 4.22170000e+04
49300.000000 4.15295000e+04
49500.000000 4.09163000e+04
49700.000000 4.01942000e+04
49900.000000 3.96230000e+04
50100.000000 3.89861000e+04
50300.000000 3.83312000e+04
50500.000000 3.77948000e+04
50700.000000 3.71675000e+04
50900.000000 3.65415000e+04
51100.000000 3.58232000e+04
51300.000000 3.40914000e+04
51500.000000 3.47973000e+04
51700.000000 3.43538000e+04
51900.000000 3.39092000e+04
52100.000000 3.34495000e+04
52300.000000 3.29476000e+04
52500.000000 3.23813000e+04
52700.000000 3.18620000e+04
52900.000000 3.14896000e+04
53100.000000 3.10364000e+04
53300.000000 3.05798000e+04
53500.000000 3.01265000e+04
53700.000000 2.95746000e+04
53900.000000 2.91442000e+04
54100.000000 2.88338000e+04
54300.000000 2.84199000e+04
54500.000000 2.80101000e+04
54700.000000 2.76092000e+04
54900.000000 2.72134000e+04
55100.000000 2.67308000e+04
55300.000000 2.62533000e+04
55500.000000 2.60411000e+04
55700.000000 2.57039000e+04
55900.000000 2.53431000e+04
56100.000000 2.49891000e+04
56300.000000 2.46408000e+04
56500.000000 2.42979000e+04
56700.000000 2.39615000e+04
56900.000000 2.35711000e+04
57100.000000 2.30261000e+04
57300.000000 2.29070000e+04
57500.000000 2.26716000e+04
57700.000000 2.23642000e+04
57900.000000 2.20605000e+04
58100.000000 2.17615000e+04
58300.000000 2.14651000e+04
58500.000000 2.11622000e+04
58700.000000 2.08630000e+04
58900.000000 2.04631000e+04
59100.000000 1.94620000e+04
59300.000000 1.99427000e+04
59500.000000 1.94757000e+04
59700.000000 1.93793000e+04
59900.000000 1.92585000e+04
60100.000000 1.90408000e+04
60300.000000 1.88153000e+04
60500.000000 1.85707000e+04
60700.000000 1.83309000e+04
60900.000000 1.80939000e+04
61100.000000 1.78606000e+04
61300.000000 1.76320000e+04
61500.000000 1.74059000e+04
61700.000000 1.71844000e+04
61900.000000 1.69654000e+04
62100.000000 1.67508000e+04
62300.000000 1.65386000e+04
62500.000000 1.62998000e+04
62700.000000 1.60311000e+04
62900.000000 1.54685000e+04
63100.000000 1.55996000e+04
63300.000000 1.54908000e+04
63500.000000 1.53354000e+04
63700.000000 1.51474000e+04
63900.000000 1.49605000e+04
64200.000000 1.46857000e+04
64600.000000 1.43293000e+04
65000.000000 1.39840000e+04
65400.000000 1.36479000e+04
65800.000000 1.33224000e+04
66200.000000 1.30063000e+04
66600.000000 1.27002000e+04
67000.000000 1.24029000e+04
67400.000000 1.20596000e+04
67800.000000 1.15744000e+04
68200.000000 1.15419000e+04
68600.000000 1.12956000e+04
69000.000000 1.10392000e+04
69400.000000 1.07871000e+04
69800.000000 1.05463000e+04
70200.000000 1.03103000e+04
70600.000000 1.00804000e+04
71000.000000 9.84907000e+03
71400.000000 9.64000000e+03
71800.000000 9.42912000e+03
72200.000000 9.22376000e+03
72600.000000 9.00875000e+03
73000.000000 8.82617000e+03
73400.000000 8.64003000e+03
73800.000000 8.45325000e+03
74200.000000 8.25013000e+03
74600.000000 7.86066000e+03
75000.000000 7.60022000e+03
75400.000000 7.71528000e+03
75800.000000 7.59604000e+03
76200.000000 7.44902000e+03
76600.000000 7.29567000e+03
77000.000000 7.14699000e+03
77400.000000 6.99471000e+03
77800.000000 6.81903000e+03
78200.000000 6.71556000e+03
78600.000000 6.58701000e+03
79000.000000 6.45589000e+03
79400.000000 6.32767000e+03
79800.000000 6.20286000e+03
80200.000000 6.08082000e+03
80600.000000 5.96204000e+03
81000.000000 5.84531000e+03
81400.000000 5.68964000e+03
81800.000000 5.60012000e+03
82200.000000 5.51464000e+03
82600.000000 5.40940000e+03
83000.000000 5.30670000e+03
83400.000000 5.20636000e+03
83800.000000 5.10833000e+03
84200.000000 5.01267000e+03
84600.000000 4.91927000e+03
85000.000000 4.82798000e+03
85400.000000 4.73879000e+03
85800.000000 4.65162000e+03
86200.000000 4.55922000e+03
86600.000000 4.41829000e+03
87000.000000 4.38487000e+03
87400.000000 4.24698000e+03
87800.000000 4.17094000e+03
88200.000000 4.16704000e+03
88600.000000 4.09442000e+03
89000.000000 4.02179000e+03
89400.000000 3.95077000e+03
89800.000000 3.88131000e+03
90200.000000 3.81330000e+03
90600.000000 3.74680000e+03
91000.000000 3.68172000e+03
91400.000000 3.61809000e+03
91800.000000 3.55578000e+03
92200.000000 3.49482000e+03
92600.000000 3.43389000e+03
93000.000000 3.37676000e+03
93400.000000 3.31352000e+03
93800.000000 3.19981000e+03
94200.000000 3.18649000e+03
94600.000000 3.15337000e+03
95000.000000 3.10012000e+03
95400.000000 3.04864000e+03
95800.000000 3.00090000e+03
96200.000000 2.95157000e+03
96600.000000 2.90324000e+03
97000.000000 2.85588000e+03
97400.000000 2.80948000e+03
97800.000000 2.76402000e+03
98200.000000 2.71767000e+03
98600.000000 2.67091000e+03
99000.000000 2.63303000e+03
99400.000000 2.59114000e+03
99800.000000 2.55002000e+03
100200.000000 2.50974000e+03
200000.000000 1.58113000e+02
400000.000000 9.70949000e+00
600000.000000 1.88961000e+00
800000.000000 5.90877000e-01
1000000.000000 2.39702000e-01
1200000.000000 1.14667000e-01
1400000.000000 6.14684000e-02
1600000.000000 3.58143000e-02
