# Kurucz ODFNEW /NOVER, alpha: 0.0 (2003)
# teff = 14000 K (value for the effective temperature for the model. Temperatures are given in K)
# logg = 5 log(cm/s2) (value for Log(G) for the model.)
# lh = 1.25  (l/Hp where l is the  mixing length of the convective element and Hp is the pressure scale height)
# meta = -1  (value for the Metallicity for the model.)
# vtur = 2 km/s (Microturbulence velocity)
# alpha = 0  (Alpha)
#
# column 1: WAVELENGTH (ANGSTROM), Wavelength in Angstrom
# column 2: FLUX (ERG/CM2/S/A), Flux in erg/cm2/s/A
180.200000 8.29031000e-23
181.700000 1.73183000e-22
186.100000 1.13661000e-21
191.000000 8.03595000e-21
193.900000 2.41776000e-20
198.400000 1.25836000e-19
201.800000 4.19633000e-19
205.000000 1.26309000e-18
210.500000 7.69464000e-18
216.200000 4.56259000e-17
219.800000 1.34154000e-16
223.000000 3.38533000e-16
226.800000 9.86019000e-16
230.000000 2.36506000e-15
234.000000 6.81871000e-15
240.000000 3.12385000e-14
246.500000 1.49781000e-13
252.400000 5.80472000e-13
256.800000 1.53180000e-12
260.000000 3.04064000e-12
264.000000 6.99989000e-12
268.500000 1.73231000e-11
273.500000 4.57662000e-11
278.500000 1.17081000e-10
284.000000 3.16317000e-10
290.000000 8.95460000e-10
296.000000 2.42465000e-09
301.000000 5.40638000e-09
308.000000 1.58779000e-08
318.000000 6.80746000e-08
328.000000 2.66828000e-07
338.000000 9.62335000e-07
348.000000 3.22154000e-06
357.000000 9.00315000e-06
366.000000 2.39091000e-05
375.000000 6.04374000e-05
385.000000 1.60774000e-04
395.000000 4.06030000e-04
405.000000 9.78245000e-04
414.000000 2.07874000e-03
422.000000 3.94766000e-03
430.000000 7.30965000e-03
441.000000 1.64355000e-02
451.000000 3.30924000e-02
460.000000 6.04458000e-02
470.000000 1.14743000e-01
480.000000 2.11681000e-01
490.000000 3.80432000e-01
500.000000 6.66480000e-01
506.000000 2.98752000e+00
512.000000 5.68103000e+00
520.000000 8.23190000e+00
530.000000 1.30937000e+01
540.000000 1.96543000e+01
550.000000 3.05282000e+01
560.000000 4.54106000e+01
570.000000 6.67329000e+01
580.000000 9.32965000e+01
590.000000 1.37099000e+02
600.000000 1.93419000e+02
610.000000 2.69563000e+02
620.000000 3.70340000e+02
630.000000 5.04128000e+02
640.000000 6.76577000e+02
650.000000 9.04418000e+02
658.000000 1.13063000e+03
665.000000 1.36695000e+03
675.000000 1.77870000e+03
685.000000 2.29735000e+03
695.000000 2.94809000e+03
705.000000 3.74709000e+03
716.000000 4.83559000e+03
726.000000 6.05675000e+03
735.000000 7.36757000e+03
745.000000 9.11305000e+03
755.000000 1.11983000e+04
765.000000 1.36678000e+04
775.000000 1.66034000e+04
785.000000 2.00480000e+04
795.000000 2.40597000e+04
805.000000 2.87571000e+04
815.000000 3.41772000e+04
825.000000 4.04413000e+04
835.000000 4.73559000e+04
845.000000 5.58321000e+04
855.000000 6.51240000e+04
865.000000 7.58015000e+04
875.000000 8.77383000e+04
885.000000 1.01293000e+05
895.000000 1.16416000e+05
905.000000 1.32527000e+05
915.000000 2.61502000e+05
925.000000 8.20406000e+05
935.000000 1.25814000e+06
945.000000 2.71828000e+06
955.000000 1.35437000e+07
965.000000 2.28321000e+07
975.000000 4.96599000e+06
985.000000 2.09397000e+08
995.000000 5.75050000e+08
1005.000000 5.54898000e+08
1015.000000 1.12413000e+08
1025.000000 4.11323000e+06
1035.000000 7.36068000e+07
1045.000000 6.15449000e+08
1055.000000 1.14225000e+09
1065.000000 1.20712000e+09
1075.000000 1.43742000e+09
1085.000000 1.44980000e+09
1095.000000 1.47996000e+09
1105.000000 1.41149000e+09
1115.000000 1.43589000e+09
1125.000000 1.41923000e+09
1135.000000 1.49048000e+09
1145.000000 1.37646000e+09
1155.000000 1.36654000e+09
1165.000000 1.40113000e+09
1175.000000 1.25086000e+09
1185.000000 1.00185000e+09
1195.000000 3.39077000e+08
1205.000000 7.82920000e+07
1215.000000 1.04616000e+07
1225.000000 4.95067000e+07
1235.000000 4.00559000e+08
1245.000000 8.95289000e+08
1255.000000 1.15064000e+09
1265.000000 1.09384000e+09
1275.000000 1.30616000e+09
1285.000000 1.40799000e+09
1295.000000 1.31110000e+09
1305.000000 1.11938000e+09
1315.000000 1.37252000e+09
1325.000000 1.36373000e+09
1335.000000 1.30909000e+09
1345.000000 1.39084000e+09
1355.000000 1.31858000e+09
1365.000000 1.26865000e+09
1375.000000 1.28076000e+09
1385.000000 1.28796000e+09
1395.000000 1.27056000e+09
1405.000000 1.28695000e+09
1415.000000 1.24612000e+09
1425.000000 1.25043000e+09
1435.000000 1.21021000e+09
1442.000000 1.24844000e+09
1447.000000 1.24991000e+09
1455.000000 1.23223000e+09
1465.000000 1.20035000e+09
1475.000000 1.17679000e+09
1485.000000 1.15809000e+09
1495.000000 1.15881000e+09
1505.000000 1.14969000e+09
1512.000000 1.12595000e+09
1517.000000 1.14987000e+09
1525.000000 1.10755000e+09
1535.000000 1.08112000e+09
1545.000000 1.11381000e+09
1555.000000 1.05785000e+09
1565.000000 9.95234000e+08
1575.000000 1.01831000e+09
1585.000000 1.03839000e+09
1595.000000 1.04995000e+09
1605.000000 1.00075000e+09
1615.000000 9.97091000e+08
1625.000000 9.46409000e+08
1635.000000 9.51327000e+08
1645.000000 9.44752000e+08
1655.000000 8.79632000e+08
1665.000000 9.38839000e+08
1672.000000 8.86537000e+08
1677.000000 9.01620000e+08
1685.000000 9.18436000e+08
1695.000000 8.90073000e+08
1705.000000 8.68155000e+08
1715.000000 8.54922000e+08
1725.000000 8.40607000e+08
1735.000000 8.59217000e+08
1745.000000 8.35046000e+08
1755.000000 8.49004000e+08
1765.000000 7.91764000e+08
1775.000000 8.36221000e+08
1785.000000 8.18330000e+08
1795.000000 8.26097000e+08
1805.000000 8.10055000e+08
1815.000000 7.99506000e+08
1825.000000 7.89388000e+08
1835.000000 7.71287000e+08
1845.000000 7.54217000e+08
1855.000000 7.44542000e+08
1865.000000 7.36492000e+08
1875.000000 7.49124000e+08
1885.000000 7.35726000e+08
1895.000000 7.24688000e+08
1905.000000 7.29079000e+08
1915.000000 7.11037000e+08
1925.000000 7.07522000e+08
1935.000000 6.96082000e+08
1945.000000 7.05006000e+08
1955.000000 6.90449000e+08
1967.000000 6.93053000e+08
1976.000000 6.86098000e+08
1984.000000 6.77265000e+08
1995.000000 6.58998000e+08
2005.000000 6.56667000e+08
2015.000000 6.36238000e+08
2025.000000 6.44173000e+08
2035.000000 6.38713000e+08
2045.000000 6.34365000e+08
2055.000000 6.12077000e+08
2065.000000 6.11490000e+08
2074.000000 6.11730000e+08
2078.000000 6.11829000e+08
2085.000000 6.13482000e+08
2095.000000 6.00987000e+08
2105.000000 5.98487000e+08
2115.000000 5.91729000e+08
2125.000000 5.88634000e+08
2135.000000 5.72100000e+08
2145.000000 5.78822000e+08
2155.000000 5.70851000e+08
2165.000000 5.53799000e+08
2175.000000 5.48917000e+08
2185.000000 5.44504000e+08
2195.000000 5.51720000e+08
2205.000000 5.35764000e+08
2215.000000 5.21254000e+08
2225.000000 5.09860000e+08
2235.000000 5.26643000e+08
2245.000000 5.10862000e+08
2255.000000 4.99347000e+08
2265.000000 4.97474000e+08
2275.000000 5.02995000e+08
2285.000000 5.02643000e+08
2295.000000 4.89102000e+08
2305.000000 4.82932000e+08
2315.000000 4.76154000e+08
2325.000000 4.75014000e+08
2335.000000 4.63188000e+08
2345.000000 4.42797000e+08
2355.000000 4.53303000e+08
2365.000000 4.37468000e+08
2375.000000 4.43617000e+08
2385.000000 4.22910000e+08
2395.000000 4.36757000e+08
2405.000000 4.25082000e+08
2415.000000 4.26272000e+08
2425.000000 4.28356000e+08
2435.000000 4.14399000e+08
2445.000000 4.20079000e+08
2455.000000 4.16176000e+08
2465.000000 4.07958000e+08
2475.000000 4.01869000e+08
2485.000000 4.10739000e+08
2495.000000 3.99991000e+08
2505.000000 4.07923000e+08
2513.000000 4.00044000e+08
2518.000000 4.00875000e+08
2525.000000 3.86029000e+08
2535.000000 3.81254000e+08
2545.000000 3.78839000e+08
2555.000000 3.86417000e+08
2565.000000 3.81441000e+08
2575.000000 3.86415000e+08
2585.000000 3.85833000e+08
2595.000000 3.82104000e+08
2605.000000 3.73797000e+08
2615.000000 3.70894000e+08
2625.000000 3.68642000e+08
2635.000000 3.68128000e+08
2645.000000 3.77875000e+08
2655.000000 3.74232000e+08
2665.000000 3.65812000e+08
2675.000000 3.67215000e+08
2685.000000 3.64657000e+08
2695.000000 3.59565000e+08
2705.000000 3.56813000e+08
2715.000000 3.50423000e+08
2725.000000 3.47835000e+08
2735.000000 3.50504000e+08
2745.000000 3.35216000e+08
2755.000000 3.32796000e+08
2765.000000 3.36533000e+08
2775.000000 3.39797000e+08
2785.000000 3.36778000e+08
2795.000000 3.19645000e+08
2805.000000 3.27990000e+08
2815.000000 3.32919000e+08
2825.000000 3.29504000e+08
2835.000000 3.23410000e+08
2845.000000 3.17887000e+08
2855.000000 3.16616000e+08
2865.000000 3.18440000e+08
2875.000000 3.14478000e+08
2885.000000 3.14144000e+08
2895.000000 3.12733000e+08
2910.000000 3.12217000e+08
2930.000000 3.04367000e+08
2950.000000 3.00358000e+08
2970.000000 2.97291000e+08
2990.000000 2.92784000e+08
3010.000000 2.90898000e+08
3030.000000 2.87234000e+08
3050.000000 2.82787000e+08
3070.000000 2.78871000e+08
3090.000000 2.75553000e+08
3110.000000 2.71229000e+08
3130.000000 2.67401000e+08
3150.000000 2.63944000e+08
3170.000000 2.60609000e+08
3190.000000 2.55534000e+08
3210.000000 2.53328000e+08
3230.000000 2.50046000e+08
3250.000000 2.47074000e+08
3270.000000 2.44142000e+08
3290.000000 2.41043000e+08
3310.000000 2.38060000e+08
3330.000000 2.34839000e+08
3350.000000 2.31506000e+08
3370.000000 2.28537000e+08
3390.000000 2.25714000e+08
3410.000000 2.23045000e+08
3430.000000 2.20186000e+08
3450.000000 2.17536000e+08
3470.000000 2.14717000e+08
3490.000000 2.12068000e+08
3510.000000 2.09536000e+08
3530.000000 2.06984000e+08
3550.000000 2.04431000e+08
3570.000000 2.01890000e+08
3590.000000 1.99380000e+08
3610.000000 1.96975000e+08
3630.000000 1.94539000e+08
3640.000000 1.93403000e+08
3650.000000 1.94876000e+08
3670.000000 1.93132000e+08
3690.000000 1.90073000e+08
3710.000000 1.84789000e+08
3730.000000 1.75009000e+08
3750.000000 1.88473000e+08
3770.000000 1.92530000e+08
3790.000000 2.20859000e+08
3810.000000 2.49754000e+08
3830.000000 2.07674000e+08
3850.000000 2.69588000e+08
3870.000000 2.99283000e+08
3890.000000 1.81883000e+08
3910.000000 2.96320000e+08
3930.000000 3.15728000e+08
3950.000000 2.91122000e+08
3970.000000 1.73310000e+08
3990.000000 2.75162000e+08
4010.000000 3.03022000e+08
4030.000000 2.96449000e+08
4050.000000 2.98581000e+08
4070.000000 2.85761000e+08
4090.000000 2.23250000e+08
4110.000000 1.78363000e+08
4130.000000 2.65481000e+08
4150.000000 2.75659000e+08
4170.000000 2.74928000e+08
4190.000000 2.71881000e+08
4210.000000 2.68134000e+08
4230.000000 2.64068000e+08
4250.000000 2.59878000e+08
4270.000000 2.55094000e+08
4290.000000 2.49425000e+08
4310.000000 2.37138000e+08
4330.000000 1.80762000e+08
4350.000000 1.57949000e+08
4370.000000 2.23983000e+08
4390.000000 2.29258000e+08
4410.000000 2.30379000e+08
4430.000000 2.27632000e+08
4450.000000 2.24982000e+08
4470.000000 2.17675000e+08
4490.000000 2.17254000e+08
4510.000000 2.16016000e+08
4530.000000 2.12957000e+08
4550.000000 2.09815000e+08
4570.000000 2.07135000e+08
4590.000000 2.04117000e+08
4610.000000 2.01428000e+08
4630.000000 1.98479000e+08
4650.000000 1.95905000e+08
4670.000000 1.93159000e+08
4690.000000 1.90505000e+08
4710.000000 1.86971000e+08
4730.000000 1.85225000e+08
4750.000000 1.82316000e+08
4770.000000 1.79665000e+08
4790.000000 1.76608000e+08
4810.000000 1.72553000e+08
4830.000000 1.64296000e+08
4850.000000 1.31092000e+08
4870.000000 1.10865000e+08
4890.000000 1.54301000e+08
4910.000000 1.60673000e+08
4930.000000 1.59403000e+08
4950.000000 1.59240000e+08
4970.000000 1.57504000e+08
4990.000000 1.55744000e+08
5010.000000 1.53018000e+08
5030.000000 1.51773000e+08
5050.000000 1.49126000e+08
5070.000000 1.47981000e+08
5090.000000 1.46093000e+08
5110.000000 1.44192000e+08
5130.000000 1.42434000e+08
5150.000000 1.40571000e+08
5170.000000 1.38725000e+08
5190.000000 1.37056000e+08
5210.000000 1.35313000e+08
5230.000000 1.33625000e+08
5250.000000 1.32029000e+08
5270.000000 1.30301000e+08
5290.000000 1.28816000e+08
5310.000000 1.27173000e+08
5330.000000 1.25665000e+08
5350.000000 1.24123000e+08
5370.000000 1.22619000e+08
5390.000000 1.21132000e+08
5410.000000 1.19645000e+08
5430.000000 1.18202000e+08
5450.000000 1.16793000e+08
5470.000000 1.15380000e+08
5490.000000 1.14010000e+08
5510.000000 1.12647000e+08
5530.000000 1.11330000e+08
5550.000000 1.10014000e+08
5570.000000 1.08717000e+08
5590.000000 1.07437000e+08
5610.000000 1.06183000e+08
5630.000000 1.04948000e+08
5650.000000 1.03694000e+08
5670.000000 1.02493000e+08
5690.000000 1.01327000e+08
5710.000000 1.00160000e+08
5730.000000 9.90104000e+07
5750.000000 9.78739000e+07
5770.000000 9.67541000e+07
5790.000000 9.56396000e+07
5810.000000 9.45559000e+07
5830.000000 9.34882000e+07
5850.000000 9.24274000e+07
5870.000000 9.05784000e+07
5890.000000 9.03314000e+07
5910.000000 8.93446000e+07
5930.000000 8.83520000e+07
5950.000000 8.73291000e+07
5970.000000 8.63856000e+07
5990.000000 8.54002000e+07
6010.000000 8.44948000e+07
6030.000000 8.35643000e+07
6050.000000 8.26463000e+07
6070.000000 8.17396000e+07
6090.000000 8.08481000e+07
6110.000000 7.99715000e+07
6130.000000 7.91037000e+07
6150.000000 7.82045000e+07
6170.000000 7.73995000e+07
6190.000000 7.65718000e+07
6210.000000 7.57501000e+07
6230.000000 7.49336000e+07
6250.000000 7.41076000e+07
6270.000000 7.33519000e+07
6290.000000 7.25710000e+07
6310.000000 7.17994000e+07
6330.000000 7.10446000e+07
6350.000000 7.00774000e+07
6370.000000 6.94357000e+07
6390.000000 6.88310000e+07
6410.000000 6.81014000e+07
6430.000000 6.73978000e+07
6450.000000 6.65558000e+07
6470.000000 6.57867000e+07
6490.000000 6.49266000e+07
6510.000000 6.38305000e+07
6530.000000 6.17632000e+07
6550.000000 5.43504000e+07
6570.000000 4.60717000e+07
6590.000000 5.81766000e+07
6610.000000 6.02678000e+07
6630.000000 6.03144000e+07
6650.000000 5.99394000e+07
6670.000000 5.93264000e+07
6690.000000 5.88476000e+07
6710.000000 5.83986000e+07
6730.000000 5.78142000e+07
6750.000000 5.72430000e+07
6770.000000 5.66743000e+07
6790.000000 5.61113000e+07
6810.000000 5.55564000e+07
6830.000000 5.50054000e+07
6850.000000 5.44639000e+07
6870.000000 5.39309000e+07
6890.000000 5.34032000e+07
6910.000000 5.28815000e+07
6930.000000 5.23618000e+07
6950.000000 5.18581000e+07
6970.000000 5.13577000e+07
6990.000000 5.08622000e+07
7010.000000 5.03669000e+07
7030.000000 4.98872000e+07
7050.000000 4.93968000e+07
7070.000000 4.88427000e+07
7090.000000 4.84701000e+07
7110.000000 4.80040000e+07
7130.000000 4.75520000e+07
7150.000000 4.70992000e+07
7170.000000 4.66580000e+07
7190.000000 4.62181000e+07
7210.000000 4.57837000e+07
7230.000000 4.53499000e+07
7250.000000 4.49280000e+07
7270.000000 4.45108000e+07
7290.000000 4.40748000e+07
7310.000000 4.36866000e+07
7330.000000 4.32823000e+07
7350.000000 4.28832000e+07
7370.000000 4.24878000e+07
7390.000000 4.20967000e+07
7410.000000 4.17106000e+07
7430.000000 4.13226000e+07
7450.000000 4.09490000e+07
7470.000000 4.05713000e+07
7490.000000 4.02066000e+07
7510.000000 3.98424000e+07
7530.000000 3.94849000e+07
7550.000000 3.91286000e+07
7570.000000 3.87761000e+07
7590.000000 3.84282000e+07
7610.000000 3.80840000e+07
7630.000000 3.77435000e+07
7650.000000 3.74068000e+07
7670.000000 3.70736000e+07
7690.000000 3.67447000e+07
7710.000000 3.64187000e+07
7730.000000 3.60974000e+07
7750.000000 3.57790000e+07
7770.000000 3.52980000e+07
7790.000000 3.51530000e+07
7810.000000 3.48460000e+07
7830.000000 3.45416000e+07
7850.000000 3.42326000e+07
7870.000000 3.39134000e+07
7890.000000 3.35947000e+07
7910.000000 3.33563000e+07
7930.000000 3.30685000e+07
7950.000000 3.27712000e+07
7970.000000 3.25019000e+07
7990.000000 3.21907000e+07
8010.000000 3.19474000e+07
8030.000000 3.16745000e+07
8050.000000 3.14045000e+07
8070.000000 3.11374000e+07
8090.000000 3.08731000e+07
8110.000000 3.06117000e+07
8130.000000 3.03535000e+07
8150.000000 3.00975000e+07
8170.000000 2.98448000e+07
8190.000000 2.95908000e+07
8210.000000 2.94574000e+07
8230.000000 2.92121000e+07
8250.000000 2.90031000e+07
8270.000000 2.87787000e+07
8290.000000 2.85474000e+07
8310.000000 2.83294000e+07
8330.000000 2.81045000e+07
8350.000000 2.78852000e+07
8370.000000 2.76660000e+07
8390.000000 2.74460000e+07
8410.000000 2.72160000e+07
8430.000000 2.69815000e+07
8450.000000 2.67046000e+07
8470.000000 2.64794000e+07
8490.000000 2.62785000e+07
8510.000000 2.59190000e+07
8530.000000 2.58478000e+07
8550.000000 2.51328000e+07
8570.000000 2.56035000e+07
8590.000000 2.47017000e+07
8610.000000 2.43762000e+07
8630.000000 2.52588000e+07
8650.000000 2.43743000e+07
8670.000000 2.24999000e+07
8690.000000 2.45091000e+07
8710.000000 2.50174000e+07
8730.000000 2.40058000e+07
8750.000000 2.08051000e+07
8770.000000 2.29184000e+07
8790.000000 2.45593000e+07
8810.000000 2.47745000e+07
8830.000000 2.40841000e+07
8850.000000 2.15540000e+07
8870.000000 1.93941000e+07
8890.000000 2.26709000e+07
8910.000000 2.38875000e+07
8930.000000 2.41174000e+07
8950.000000 2.39604000e+07
8970.000000 2.34065000e+07
8990.000000 2.19852000e+07
9010.000000 1.84545000e+07
9030.000000 1.94433000e+07
9050.000000 2.19637000e+07
9070.000000 2.26858000e+07
9090.000000 2.28154000e+07
9110.000000 2.27662000e+07
9130.000000 2.26019000e+07
9150.000000 2.23687000e+07
9170.000000 2.19925000e+07
9190.000000 2.12648000e+07
9210.000000 1.94991000e+07
9230.000000 1.62861000e+07
9250.000000 1.87782000e+07
9270.000000 2.04193000e+07
9290.000000 2.09666000e+07
9310.000000 2.10362000e+07
9330.000000 2.09712000e+07
9350.000000 2.08557000e+07
9370.000000 2.07153000e+07
9390.000000 2.05575000e+07
9410.000000 2.03621000e+07
9430.000000 2.02191000e+07
9450.000000 2.00214000e+07
9470.000000 1.97689000e+07
9490.000000 1.94024000e+07
9510.000000 1.86765000e+07
9530.000000 1.69116000e+07
9550.000000 1.44744000e+07
9570.000000 1.70058000e+07
9590.000000 1.82564000e+07
9610.000000 1.85978000e+07
9630.000000 1.86112000e+07
9650.000000 1.85835000e+07
9670.000000 1.84805000e+07
9690.000000 1.83698000e+07
9710.000000 1.82463000e+07
9730.000000 1.81491000e+07
9750.000000 1.80164000e+07
9770.000000 1.78847000e+07
9790.000000 1.77524000e+07
9810.000000 1.76206000e+07
9830.000000 1.74881000e+07
9850.000000 1.73601000e+07
9870.000000 1.72183000e+07
9890.000000 1.70647000e+07
9910.000000 1.69303000e+07
9930.000000 1.67846000e+07
9950.000000 1.66240000e+07
9970.000000 1.64293000e+07
9990.000000 1.61491000e+07
10025.000000 1.45514000e+07
10075.000000 1.39171000e+07
10125.000000 1.54520000e+07
10175.000000 1.53653000e+07
10225.000000 1.51469000e+07
10275.000000 1.48932000e+07
10325.000000 1.46288000e+07
10375.000000 1.43775000e+07
10425.000000 1.41283000e+07
10475.000000 1.38835000e+07
10525.000000 1.36441000e+07
10575.000000 1.34110000e+07
10625.000000 1.31830000e+07
10675.000000 1.29480000e+07
10725.000000 1.27362000e+07
10775.000000 1.24920000e+07
10825.000000 1.22113000e+07
10875.000000 1.18180000e+07
10925.000000 1.01146000e+07
10975.000000 1.07851000e+07
11025.000000 1.13604000e+07
11075.000000 1.12808000e+07
11125.000000 1.11321000e+07
11175.000000 1.09630000e+07
11225.000000 1.07855000e+07
11275.000000 1.06011000e+07
11325.000000 1.04352000e+07
11375.000000 1.02735000e+07
11425.000000 1.01099000e+07
11475.000000 9.94956000e+06
11525.000000 9.79222000e+06
11575.000000 9.63779000e+06
11625.000000 9.48538000e+06
11675.000000 9.33659000e+06
11725.000000 9.19301000e+06
11775.000000 9.04527000e+06
11825.000000 8.91021000e+06
11875.000000 8.77282000e+06
11925.000000 8.63927000e+06
11975.000000 8.50580000e+06
12025.000000 8.37816000e+06
12075.000000 8.25104000e+06
12125.000000 8.12675000e+06
12175.000000 8.00448000e+06
12225.000000 7.88469000e+06
12275.000000 7.76708000e+06
12325.000000 7.65161000e+06
12375.000000 7.53849000e+06
12425.000000 7.42743000e+06
12475.000000 7.31669000e+06
12525.000000 7.21060000e+06
12575.000000 7.10430000e+06
12625.000000 6.99449000e+06
12675.000000 6.87375000e+06
12725.000000 6.72957000e+06
12775.000000 6.39837000e+06
12825.000000 5.63924000e+06
12875.000000 6.28232000e+06
12925.000000 6.36461000e+06
12975.000000 6.30804000e+06
13025.000000 6.23705000e+06
13075.000000 6.15286000e+06
13125.000000 6.06671000e+06
13175.000000 5.98103000e+06
13225.000000 5.89884000e+06
13275.000000 5.81708000e+06
13325.000000 5.73680000e+06
13375.000000 5.65777000e+06
13425.000000 5.57996000e+06
13475.000000 5.50377000e+06
13525.000000 5.42876000e+06
13575.000000 5.35511000e+06
13625.000000 5.28260000e+06
13675.000000 5.21120000e+06
13725.000000 5.14110000e+06
13775.000000 5.07248000e+06
13825.000000 5.00471000e+06
13875.000000 4.93818000e+06
13925.000000 4.87267000e+06
13975.000000 4.80835000e+06
14025.000000 4.74501000e+06
14075.000000 4.68284000e+06
14125.000000 4.62142000e+06
14175.000000 4.56131000e+06
14225.000000 4.50194000e+06
14275.000000 4.44365000e+06
14325.000000 4.38624000e+06
14375.000000 4.32971000e+06
14425.000000 4.27350000e+06
14475.000000 4.21957000e+06
14525.000000 4.16557000e+06
14570.000000 4.11823000e+06
14620.000000 4.07301000e+06
14675.000000 4.01753000e+06
14725.000000 3.96770000e+06
14775.000000 3.91846000e+06
14825.000000 3.87047000e+06
14875.000000 3.82287000e+06
14925.000000 3.77633000e+06
14975.000000 3.72999000e+06
15025.000000 3.68468000e+06
15075.000000 3.63972000e+06
15125.000000 3.59561000e+06
15175.000000 3.55199000e+06
15225.000000 3.50871000e+06
15275.000000 3.46559000e+06
15325.000000 3.42265000e+06
15375.000000 3.38241000e+06
15425.000000 3.33772000e+06
15475.000000 3.29982000e+06
15525.000000 3.25703000e+06
15575.000000 3.20975000e+06
15625.000000 3.18817000e+06
15675.000000 3.12922000e+06
15725.000000 3.08345000e+06
15775.000000 3.08180000e+06
15825.000000 3.03769000e+06
15875.000000 2.93502000e+06
15925.000000 2.94618000e+06
15975.000000 2.95197000e+06
16050.000000 2.86859000e+06
16150.000000 2.75691000e+06
16250.000000 2.78842000e+06
16350.000000 2.66028000e+06
16450.000000 2.54144000e+06
16550.000000 2.61535000e+06
16650.000000 2.56215000e+06
16750.000000 2.41604000e+06
16850.000000 2.30080000e+06
16950.000000 2.39279000e+06
17050.000000 2.35237000e+06
17150.000000 2.30017000e+06
17250.000000 2.22863000e+06
17350.000000 2.01591000e+06
17450.000000 2.10521000e+06
17550.000000 2.10624000e+06
17650.000000 2.06890000e+06
17750.000000 2.02568000e+06
17850.000000 1.98307000e+06
17950.000000 1.93742000e+06
18050.000000 1.88120000e+06
18150.000000 1.70855000e+06
18250.000000 1.75898000e+06
18350.000000 1.77656000e+06
18450.000000 1.74529000e+06
18550.000000 1.70846000e+06
18650.000000 1.65835000e+06
18750.000000 1.50504000e+06
18850.000000 1.58751000e+06
18950.000000 1.57552000e+06
19050.000000 1.54874000e+06
19150.000000 1.51792000e+06
19250.000000 1.48328000e+06
19350.000000 1.43328000e+06
19450.000000 1.30226000e+06
19550.000000 1.37788000e+06
19650.000000 1.37199000e+06
19750.000000 1.35031000e+06
19850.000000 1.32460000e+06
19950.000000 1.29952000e+06
20050.000000 1.27497000e+06
20150.000000 1.25102000e+06
20250.000000 1.22768000e+06
20350.000000 1.20481000e+06
20450.000000 1.18252000e+06
20550.000000 1.16069000e+06
20650.000000 1.13949000e+06
20750.000000 1.11865000e+06
20850.000000 1.09833000e+06
20950.000000 1.07842000e+06
21050.000000 1.05902000e+06
21150.000000 1.04002000e+06
21250.000000 1.02141000e+06
21350.000000 1.00318000e+06
21450.000000 9.82144000e+05
21550.000000 9.53338000e+05
21650.000000 8.71250000e+05
21750.000000 9.12712000e+05
21850.000000 9.14319000e+05
21950.000000 9.01941000e+05
22050.000000 8.86960000e+05
22150.000000 8.71752000e+05
22250.000000 8.56856000e+05
22350.000000 8.42267000e+05
22450.000000 8.28053000e+05
22550.000000 8.14058000e+05
22650.000000 8.00423000e+05
22750.000000 7.86996000e+05
22850.000000 7.74495000e+05
22950.000000 7.61681000e+05
23050.000000 7.49201000e+05
23150.000000 7.36978000e+05
23250.000000 7.24937000e+05
23350.000000 7.13214000e+05
23450.000000 7.01663000e+05
23550.000000 6.90418000e+05
23650.000000 6.79338000e+05
23750.000000 6.68487000e+05
23850.000000 6.57840000e+05
23950.000000 6.47406000e+05
24050.000000 6.37155000e+05
24150.000000 6.27122000e+05
24250.000000 6.17309000e+05
24350.000000 6.07624000e+05
24450.000000 5.98082000e+05
24550.000000 5.88838000e+05
24650.000000 5.79544000e+05
24750.000000 5.70639000e+05
24850.000000 5.62035000e+05
24950.000000 5.52637000e+05
25050.000000 5.45010000e+05
25150.000000 5.36658000e+05
25250.000000 5.26838000e+05
25350.000000 5.20280000e+05
25450.000000 5.13291000e+05
25550.000000 5.04295000e+05
25650.000000 4.93912000e+05
25750.000000 4.89668000e+05
25850.000000 4.83587000e+05
25950.000000 4.75794000e+05
26050.000000 4.64559000e+05
26150.000000 4.49499000e+05
26250.000000 4.21046000e+05
26350.000000 4.39836000e+05
26450.000000 4.41579000e+05
26550.000000 4.36147000e+05
26650.000000 4.26950000e+05
26750.000000 4.12118000e+05
26850.000000 4.14766000e+05
26950.000000 4.12617000e+05
27050.000000 4.07718000e+05
27150.000000 4.02231000e+05
27250.000000 3.96509000e+05
27350.000000 3.90316000e+05
27450.000000 3.81998000e+05
27550.000000 3.64558000e+05
27650.000000 3.65060000e+05
27750.000000 3.67771000e+05
27850.000000 3.64449000e+05
27950.000000 3.60457000e+05
28050.000000 3.55579000e+05
28150.000000 3.50723000e+05
28250.000000 3.45946000e+05
28350.000000 3.41245000e+05
28450.000000 3.35676000e+05
28550.000000 3.29576000e+05
28650.000000 3.18554000e+05
28750.000000 3.05221000e+05
28850.000000 3.13918000e+05
28950.000000 3.13196000e+05
29050.000000 3.10177000e+05
29150.000000 3.06425000e+05
29250.000000 3.02396000e+05
29350.000000 2.98428000e+05
29450.000000 2.94524000e+05
29550.000000 2.90687000e+05
29650.000000 2.86909000e+05
29750.000000 2.83191000e+05
29850.000000 2.79534000e+05
29950.000000 2.75936000e+05
30050.000000 2.72166000e+05
30150.000000 2.67815000e+05
30250.000000 2.62157000e+05
30350.000000 2.48375000e+05
30450.000000 2.48258000e+05
30550.000000 2.52953000e+05
30650.000000 2.51461000e+05
30750.000000 2.49103000e+05
30850.000000 2.46018000e+05
30950.000000 2.42968000e+05
31050.000000 2.39952000e+05
31150.000000 2.36981000e+05
31250.000000 2.34055000e+05
31350.000000 2.31173000e+05
31450.000000 2.28334000e+05
31550.000000 2.25541000e+05
31650.000000 2.22791000e+05
31750.000000 2.20082000e+05
31850.000000 2.17417000e+05
31950.000000 2.14788000e+05
32100.000000 2.10917000e+05
32300.000000 2.05894000e+05
32500.000000 2.01017000e+05
32700.000000 1.95459000e+05
32900.000000 1.83055000e+05
33100.000000 1.83566000e+05
33300.000000 1.82312000e+05
33500.000000 1.78413000e+05
33700.000000 1.74408000e+05
33900.000000 1.70481000e+05
34100.000000 1.66653000e+05
34300.000000 1.62925000e+05
34500.000000 1.59301000e+05
34700.000000 1.55771000e+05
34900.000000 1.52339000e+05
35100.000000 1.49000000e+05
35300.000000 1.45753000e+05
35500.000000 1.42591000e+05
35700.000000 1.39514000e+05
35900.000000 1.36522000e+05
36100.000000 1.33597000e+05
36300.000000 1.30760000e+05
36500.000000 1.27968000e+05
36700.000000 1.25285000e+05
36900.000000 1.22544000e+05
37100.000000 1.19792000e+05
37300.000000 1.14531000e+05
37500.000000 1.11440000e+05
37700.000000 1.12537000e+05
37900.000000 1.10532000e+05
38100.000000 1.08149000e+05
38300.000000 1.06003000e+05
38500.000000 1.04084000e+05
38700.000000 1.02027000e+05
38900.000000 9.98282000e+04
39100.000000 9.75059000e+04
39300.000000 9.60087000e+04
39500.000000 9.42542000e+04
39700.000000 9.24273000e+04
39900.000000 9.05446000e+04
40100.000000 8.82474000e+04
40300.000000 8.62231000e+04
40500.000000 8.20869000e+04
40700.000000 8.33836000e+04
40900.000000 8.22796000e+04
41100.000000 8.08897000e+04
41300.000000 7.92468000e+04
41500.000000 7.74611000e+04
41700.000000 7.49607000e+04
41900.000000 7.45558000e+04
42100.000000 7.35749000e+04
42300.000000 7.23271000e+04
42500.000000 7.10055000e+04
42700.000000 6.97138000e+04
42900.000000 6.84512000e+04
43100.000000 6.72171000e+04
43300.000000 6.59828000e+04
43500.000000 6.45114000e+04
43700.000000 6.20836000e+04
43900.000000 6.16541000e+04
44100.000000 6.12744000e+04
44300.000000 6.03672000e+04
44500.000000 5.93141000e+04
44700.000000 5.83244000e+04
44900.000000 5.72585000e+04
45100.000000 5.62721000e+04
45300.000000 5.53045000e+04
45500.000000 5.43535000e+04
45700.000000 5.34188000e+04
45900.000000 5.24876000e+04
46100.000000 5.15350000e+04
46300.000000 5.03896000e+04
46500.000000 4.76276000e+04
46700.000000 4.72482000e+04
46900.000000 4.76767000e+04
47100.000000 4.73372000e+04
47300.000000 4.66532000e+04
47500.000000 4.59188000e+04
47700.000000 4.51819000e+04
47900.000000 4.44540000e+04
48100.000000 4.37383000e+04
48300.000000 4.30344000e+04
48500.000000 4.24272000e+04
48700.000000 4.17475000e+04
48900.000000 4.10821000e+04
49100.000000 4.04293000e+04
49300.000000 3.97889000e+04
49500.000000 3.91620000e+04
49700.000000 3.85470000e+04
49900.000000 3.79436000e+04
50100.000000 3.73381000e+04
50300.000000 3.67127000e+04
50500.000000 3.61255000e+04
50700.000000 3.55509000e+04
50900.000000 3.49420000e+04
51100.000000 3.41063000e+04
51300.000000 3.26528000e+04
51500.000000 3.31582000e+04
51700.000000 3.28767000e+04
51900.000000 3.24350000e+04
52100.000000 3.19977000e+04
52300.000000 3.15510000e+04
52500.000000 3.10350000e+04
52700.000000 3.05666000e+04
52900.000000 3.01676000e+04
53100.000000 2.97230000e+04
53300.000000 2.92882000e+04
53500.000000 2.88590000e+04
53700.000000 2.83779000e+04
53900.000000 2.79667000e+04
54100.000000 2.76213000e+04
54300.000000 2.72240000e+04
54500.000000 2.68331000e+04
54700.000000 2.64496000e+04
54900.000000 2.60722000e+04
55100.000000 2.56351000e+04
55300.000000 2.52492000e+04
55500.000000 2.49490000e+04
55700.000000 2.46305000e+04
55900.000000 2.42858000e+04
56100.000000 2.39465000e+04
56300.000000 2.36139000e+04
56500.000000 2.32865000e+04
56700.000000 2.29643000e+04
56900.000000 2.25844000e+04
57100.000000 2.22115000e+04
57300.000000 2.19604000e+04
57500.000000 2.17201000e+04
57700.000000 2.14374000e+04
57900.000000 2.11480000e+04
58100.000000 2.08631000e+04
58300.000000 2.05695000e+04
58500.000000 2.02695000e+04
58700.000000 1.99599000e+04
58900.000000 1.95010000e+04
59100.000000 1.86692000e+04
59300.000000 1.90235000e+04
59500.000000 1.87926000e+04
59700.000000 1.86119000e+04
59900.000000 1.84490000e+04
60100.000000 1.82346000e+04
60300.000000 1.80113000e+04
60500.000000 1.78111000e+04
60700.000000 1.75804000e+04
60900.000000 1.73544000e+04
61100.000000 1.71310000e+04
61300.000000 1.69121000e+04
61500.000000 1.66967000e+04
61700.000000 1.64837000e+04
61900.000000 1.62751000e+04
62100.000000 1.60699000e+04
62300.000000 1.58436000e+04
62500.000000 1.56179000e+04
62700.000000 1.53623000e+04
62900.000000 1.50105000e+04
63100.000000 1.49581000e+04
63300.000000 1.48477000e+04
63500.000000 1.46908000e+04
63700.000000 1.45356000e+04
63900.000000 1.43571000e+04
64200.000000 1.40943000e+04
64600.000000 1.37533000e+04
65000.000000 1.34223000e+04
65400.000000 1.31018000e+04
65800.000000 1.27899000e+04
66200.000000 1.24879000e+04
66600.000000 1.21948000e+04
67000.000000 1.18994000e+04
67400.000000 1.15562000e+04
67800.000000 1.11556000e+04
68200.000000 1.10664000e+04
68600.000000 1.08505000e+04
69000.000000 1.06040000e+04
69400.000000 1.03648000e+04
69800.000000 1.01319000e+04
70200.000000 9.90589000e+03
70600.000000 9.68663000e+03
71000.000000 9.47242000e+03
71400.000000 9.26460000e+03
71800.000000 9.06228000e+03
72200.000000 8.86530000e+03
72600.000000 8.67425000e+03
73000.000000 8.48755000e+03
73400.000000 8.30649000e+03
73800.000000 8.11985000e+03
74200.000000 7.91416000e+03
74600.000000 7.53843000e+03
75000.000000 7.33501000e+03
75400.000000 7.39191000e+03
75800.000000 7.29180000e+03
76200.000000 7.16030000e+03
76600.000000 7.01766000e+03
77000.000000 6.87441000e+03
77400.000000 6.72996000e+03
77800.000000 6.57940000e+03
78200.000000 6.46298000e+03
78600.000000 6.33761000e+03
79000.000000 6.21202000e+03
79400.000000 6.08923000e+03
79800.000000 5.96918000e+03
80200.000000 5.85251000e+03
80600.000000 5.73848000e+03
81000.000000 5.62505000e+03
81400.000000 5.49689000e+03
81800.000000 5.39637000e+03
82200.000000 5.30913000e+03
82600.000000 5.20819000e+03
83000.000000 5.10961000e+03
83400.000000 5.01337000e+03
83800.000000 4.91933000e+03
84200.000000 4.82748000e+03
84600.000000 4.73778000e+03
85000.000000 4.65012000e+03
85400.000000 4.56446000e+03
85800.000000 4.48075000e+03
86200.000000 4.38892000e+03
86600.000000 4.28447000e+03
87000.000000 4.21973000e+03
87400.000000 4.08862000e+03
87800.000000 4.01602000e+03
88200.000000 4.00767000e+03
88600.000000 3.94570000e+03
89000.000000 3.87592000e+03
89400.000000 3.80771000e+03
89800.000000 3.74097000e+03
90200.000000 3.67569000e+03
90600.000000 3.61177000e+03
91000.000000 3.54929000e+03
91400.000000 3.48812000e+03
91800.000000 3.42829000e+03
92200.000000 3.36971000e+03
92600.000000 3.31237000e+03
93000.000000 3.25623000e+03
93400.000000 3.19148000e+03
93800.000000 3.10874000e+03
94200.000000 3.07382000e+03
94600.000000 3.03832000e+03
95000.000000 2.99288000e+03
95400.000000 2.94345000e+03
95800.000000 2.89504000e+03
96200.000000 2.84760000e+03
96600.000000 2.80114000e+03
97000.000000 2.75562000e+03
97400.000000 2.71100000e+03
97800.000000 2.66728000e+03
98200.000000 2.62442000e+03
98600.000000 2.58244000e+03
99000.000000 2.54132000e+03
99400.000000 2.50100000e+03
99800.000000 2.46144000e+03
100200.000000 2.42269000e+03
200000.000000 1.54290000e+02
400000.000000 9.59459000e+00
600000.000000 1.88187000e+00
800000.000000 5.91818000e-01
1000000.000000 2.41216000e-01
1200000.000000 1.15855000e-01
1400000.000000 6.23237000e-02
1600000.000000 3.64280000e-02
