# Kurucz ODFNEW /NOVER, alpha: 0.0 (2003)
# teff = 5750 K (value for the effective temperature for the model. Temperatures are given in K)
# logg = 2 log(cm/s2) (value for Log(G) for the model.)
# lh = 1.25  (l/Hp where l is the  mixing length of the convective element and Hp is the pressure scale height)
# meta = 0.5  (value for the Metallicity for the model.)
# vtur = 2 km/s (Microturbulence velocity)
# alpha = 0  (Alpha)
#
# column 1: WAVELENGTH (ANGSTROM), Wavelength in Angstrom
# column 2: FLUX (ERG/CM2/S/A), Flux in erg/cm2/s/A
147.200000 1.15791000e-112
151.000000 1.56962000e-109
155.200000 2.99778000e-106
158.800000 1.40784000e-103
162.000000 2.64474000e-101
166.000000 1.37931000e-98
170.300000 8.24562000e-96
173.400000 6.77654000e-94
176.800000 7.12367000e-92
180.200000 6.26466000e-90
181.700000 4.27646000e-89
186.100000 9.98746000e-87
191.000000 3.20728000e-84
193.900000 8.47444000e-83
198.400000 1.12466000e-80
201.800000 3.90724000e-79
205.000000 9.88775000e-78
210.500000 2.01159000e-75
216.200000 3.71350000e-73
219.800000 8.69771000e-72
223.000000 1.31256000e-70
226.800000 2.98039000e-69
230.000000 3.81330000e-68
234.000000 8.32911000e-67
240.000000 6.98454000e-65
246.500000 6.61112000e-63
252.400000 3.34194000e-61
256.800000 5.52667000e-60
260.000000 4.00041000e-59
264.000000 4.43253000e-58
268.500000 6.06751000e-57
273.500000 1.00122000e-55
278.500000 1.49230000e-54
284.000000 2.60104000e-53
290.000000 5.17521000e-52
296.000000 9.07683000e-51
301.000000 9.04016000e-50
308.000000 1.98511000e-48
318.000000 1.28371000e-46
328.000000 6.38784000e-45
338.000000 2.50171000e-43
348.000000 7.88399000e-42
357.000000 1.48154000e-40
366.000000 2.40157000e-39
375.000000 3.38568000e-38
385.000000 5.51096000e-37
395.000000 7.74079000e-36
405.000000 9.49512000e-35
414.000000 8.14185000e-34
422.000000 5.07266000e-33
430.000000 2.94395000e-32
441.000000 2.96396000e-31
451.000000 2.18295000e-30
460.000000 1.21853000e-29
470.000000 7.59718000e-29
480.000000 4.37081000e-28
490.000000 2.33428000e-27
500.000000 1.16088000e-26
506.000000 3.91449000e-26
512.000000 1.08687000e-25
520.000000 3.51136000e-25
530.000000 1.45206000e-24
540.000000 5.59590000e-24
550.000000 2.07295000e-23
560.000000 7.26514000e-23
570.000000 2.42990000e-22
580.000000 7.69025000e-22
590.000000 2.38516000e-21
600.000000 7.02914000e-21
610.000000 1.99805000e-20
620.000000 5.46993000e-20
630.000000 1.44759000e-19
640.000000 3.70990000e-19
650.000000 9.21806000e-19
658.000000 1.86858000e-18
665.000000 3.40758000e-18
675.000000 7.88906000e-18
685.000000 1.78030000e-17
695.000000 3.91100000e-17
705.000000 8.32704000e-17
716.000000 1.88983000e-16
726.000000 3.86632000e-16
735.000000 7.22949000e-16
745.000000 1.42078000e-15
755.000000 2.73917000e-15
765.000000 5.19745000e-15
775.000000 9.65431000e-15
785.000000 1.76839000e-14
795.000000 3.14044000e-14
805.000000 5.58503000e-14
815.000000 9.79675000e-14
825.000000 1.68326000e-13
835.000000 2.85217000e-13
845.000000 4.76546000e-13
855.000000 7.86364000e-13
865.000000 1.27984000e-12
875.000000 2.04956000e-12
885.000000 3.26920000e-12
895.000000 5.13813000e-12
905.000000 7.97777000e-12
915.000000 4.40844000e-09
925.000000 1.64367000e-08
935.000000 2.57696000e-08
945.000000 4.00372000e-08
955.000000 6.38027000e-08
965.000000 9.73192000e-08
975.000000 1.46741000e-07
985.000000 2.19477000e-07
995.000000 3.25395000e-07
1005.000000 4.87535000e-07
1015.000000 7.11424000e-07
1025.000000 9.81245000e-07
1035.000000 1.48107000e-06
1045.000000 2.11271000e-06
1055.000000 2.99258000e-06
1065.000000 4.14088000e-06
1075.000000 5.78969000e-06
1085.000000 8.16230000e-06
1095.000000 1.10720000e-05
1105.000000 3.15231000e-05
1115.000000 1.08735000e-04
1125.000000 1.66117000e-04
1135.000000 2.40734000e-04
1145.000000 3.22728000e-04
1155.000000 3.73362000e-04
1165.000000 5.35578000e-04
1175.000000 6.72185000e-04
1185.000000 7.64499000e-04
1195.000000 5.91729000e-04
1205.000000 7.74254000e-04
1215.000000 3.18334000e-04
1225.000000 1.07996000e-03
1235.000000 1.87267000e-03
1245.000000 2.54738000e-03
1255.000000 3.09033000e-03
1265.000000 3.22600000e-03
1275.000000 4.16143000e-03
1285.000000 4.72547000e-03
1295.000000 6.05049000e-03
1305.000000 6.12469000e-03
1315.000000 7.97979000e-03
1325.000000 8.72092000e-03
1335.000000 1.04211000e-02
1345.000000 1.22822000e-02
1355.000000 1.46863000e-02
1365.000000 1.66859000e-02
1375.000000 1.94591000e-02
1385.000000 2.31805000e-02
1395.000000 2.72845000e-02
1405.000000 3.28823000e-02
1415.000000 3.93678000e-02
1425.000000 4.54107000e-02
1435.000000 5.46774000e-02
1442.000000 6.76599000e-02
1447.000000 6.62845000e-02
1455.000000 7.63736000e-02
1465.000000 9.46447000e-02
1475.000000 1.02212000e-01
1485.000000 1.19439000e-01
1495.000000 1.53812000e-01
1505.000000 1.89061000e-01
1512.000000 1.69583000e-01
1517.000000 2.15418000e-01
1525.000000 3.29618000e-01
1535.000000 1.71383000e+00
1545.000000 1.91393000e+00
1555.000000 3.38056000e+00
1565.000000 3.18322000e+00
1575.000000 6.61009000e+00
1585.000000 8.68290000e+00
1595.000000 1.03771000e+01
1605.000000 1.13554000e+01
1615.000000 1.22786000e+01
1625.000000 1.52411000e+01
1635.000000 1.67027000e+01
1645.000000 2.62748000e+01
1655.000000 1.28604000e+01
1665.000000 3.07325000e+01
1672.000000 1.80563000e+01
1677.000000 3.36619000e+01
1685.000000 7.08644000e+01
1695.000000 1.58020000e+02
1705.000000 1.93003000e+02
1715.000000 2.07345000e+02
1725.000000 2.62174000e+02
1735.000000 3.35852000e+02
1745.000000 4.60447000e+02
1755.000000 6.78401000e+02
1765.000000 6.74424000e+02
1775.000000 6.87688000e+02
1785.000000 8.74622000e+02
1795.000000 1.13532000e+03
1805.000000 1.06524000e+03
1815.000000 1.07086000e+03
1825.000000 1.33753000e+03
1835.000000 1.59229000e+03
1845.000000 1.17445000e+03
1855.000000 1.75488000e+03
1865.000000 2.10036000e+03
1875.000000 2.35588000e+03
1885.000000 2.63620000e+03
1895.000000 3.37648000e+03
1905.000000 3.23244000e+03
1915.000000 3.56243000e+03
1925.000000 3.73280000e+03
1935.000000 2.54237000e+03
1945.000000 5.23444000e+03
1955.000000 5.34229000e+03
1967.000000 7.15701000e+03
1976.000000 7.02230000e+03
1984.000000 7.59037000e+03
1995.000000 8.10115000e+03
2005.000000 8.53671000e+03
2015.000000 8.85720000e+03
2025.000000 7.69137000e+03
2035.000000 1.04125000e+04
2045.000000 1.21045000e+04
2055.000000 1.17282000e+04
2065.000000 1.15133000e+04
2074.000000 1.36224000e+04
2078.000000 1.68731000e+04
2085.000000 1.85270000e+04
2095.000000 2.55641000e+04
2105.000000 3.76353000e+04
2115.000000 3.91904000e+04
2125.000000 3.11528000e+04
2135.000000 3.02650000e+04
2145.000000 4.47979000e+04
2155.000000 4.80498000e+04
2165.000000 4.21560000e+04
2175.000000 4.55161000e+04
2185.000000 5.79508000e+04
2195.000000 6.36347000e+04
2205.000000 5.87988000e+04
2215.000000 4.04601000e+04
2225.000000 5.07006000e+04
2235.000000 7.91737000e+04
2245.000000 7.19819000e+04
2255.000000 5.08571000e+04
2265.000000 4.40130000e+04
2275.000000 6.75476000e+04
2285.000000 8.02707000e+04
2295.000000 7.16905000e+04
2305.000000 8.83853000e+04
2315.000000 7.03377000e+04
2325.000000 6.34498000e+04
2335.000000 3.81212000e+04
2345.000000 2.64477000e+04
2355.000000 5.54080000e+04
2365.000000 2.98280000e+04
2375.000000 4.24729000e+04
2385.000000 2.15909000e+04
2395.000000 3.07700000e+04
2405.000000 3.06788000e+04
2415.000000 4.54719000e+04
2425.000000 9.65555000e+04
2435.000000 1.08281000e+05
2445.000000 1.32019000e+05
2455.000000 1.39446000e+05
2465.000000 1.18049000e+05
2475.000000 1.04625000e+05
2485.000000 6.05191000e+04
2495.000000 8.78306000e+04
2505.000000 1.35700000e+05
2513.000000 7.37630000e+04
2518.000000 5.41565000e+04
2525.000000 5.35051000e+04
2535.000000 8.26771000e+04
2545.000000 1.11082000e+05
2555.000000 2.54978000e+05
2565.000000 1.30754000e+05
2575.000000 1.74654000e+05
2585.000000 1.16736000e+05
2595.000000 9.66491000e+04
2605.000000 7.51735000e+04
2615.000000 7.09471000e+04
2625.000000 9.97559000e+04
2635.000000 2.38900000e+05
2645.000000 5.15303000e+05
2655.000000 7.85309000e+05
2665.000000 4.05324000e+05
2675.000000 4.78033000e+05
2685.000000 5.78533000e+05
2695.000000 4.36938000e+05
2705.000000 5.80667000e+05
2715.000000 3.11499000e+05
2725.000000 2.49163000e+05
2735.000000 2.84911000e+05
2745.000000 1.30882000e+05
2755.000000 1.85694000e+05
2765.000000 2.54621000e+05
2775.000000 2.74090000e+05
2785.000000 1.68003000e+05
2795.000000 5.06596000e+04
2805.000000 6.74118000e+04
2815.000000 2.42994000e+05
2825.000000 4.04622000e+05
2835.000000 4.79887000e+05
2845.000000 4.22076000e+05
2855.000000 2.25418000e+05
2865.000000 5.69668000e+05
2875.000000 8.17393000e+05
2885.000000 7.79102000e+05
2895.000000 9.00759000e+05
2910.000000 1.29171000e+06
2930.000000 1.15754000e+06
2950.000000 1.07895000e+06
2970.000000 1.35301000e+06
2990.000000 1.34702000e+06
3010.000000 1.45966000e+06
3030.000000 1.55683000e+06
3050.000000 1.61379000e+06
3070.000000 1.54639000e+06
3090.000000 1.79970000e+06
3110.000000 1.86411000e+06
3130.000000 1.76246000e+06
3150.000000 1.80306000e+06
3170.000000 1.87797000e+06
3190.000000 1.64033000e+06
3210.000000 1.93756000e+06
3230.000000 1.37755000e+06
3250.000000 2.04288000e+06
3270.000000 2.48074000e+06
3290.000000 2.36373000e+06
3310.000000 2.37768000e+06
3330.000000 2.33025000e+06
3350.000000 2.21016000e+06
3370.000000 1.95541000e+06
3390.000000 2.15749000e+06
3410.000000 2.39176000e+06
3430.000000 2.45214000e+06
3450.000000 2.72764000e+06
3470.000000 2.66457000e+06
3490.000000 2.76786000e+06
3510.000000 2.94155000e+06
3530.000000 2.76111000e+06
3550.000000 3.13221000e+06
3570.000000 2.34023000e+06
3590.000000 2.47944000e+06
3610.000000 2.77801000e+06
3630.000000 2.99310000e+06
3640.000000 2.95990000e+06
3650.000000 3.30538000e+06
3670.000000 3.36091000e+06
3690.000000 3.39126000e+06
3710.000000 3.94490000e+06
3730.000000 3.60865000e+06
3750.000000 4.02890000e+06
3770.000000 4.33588000e+06
3790.000000 4.56746000e+06
3810.000000 4.61929000e+06
3830.000000 3.15197000e+06
3850.000000 3.39431000e+06
3870.000000 3.45239000e+06
3890.000000 4.40461000e+06
3910.000000 4.52674000e+06
3930.000000 1.50759000e+06
3950.000000 2.88297000e+06
3970.000000 1.76211000e+06
3990.000000 5.39841000e+06
4010.000000 6.57726000e+06
4030.000000 6.78029000e+06
4050.000000 6.53067000e+06
4070.000000 6.40865000e+06
4090.000000 7.47757000e+06
4110.000000 7.28944000e+06
4130.000000 7.09997000e+06
4150.000000 7.36506000e+06
4170.000000 7.03071000e+06
4190.000000 7.09185000e+06
4210.000000 7.40595000e+06
4230.000000 7.35609000e+06
4250.000000 7.64555000e+06
4270.000000 7.22862000e+06
4290.000000 6.68566000e+06
4310.000000 5.54484000e+06
4330.000000 7.75525000e+06
4350.000000 7.34545000e+06
4370.000000 8.41624000e+06
4390.000000 7.73550000e+06
4410.000000 8.12169000e+06
4430.000000 8.12185000e+06
4450.000000 8.34483000e+06
4470.000000 8.86538000e+06
4490.000000 8.91159000e+06
4510.000000 1.00527000e+07
4530.000000 8.93078000e+06
4550.000000 8.99619000e+06
4570.000000 9.78112000e+06
4590.000000 9.14603000e+06
4610.000000 9.59191000e+06
4630.000000 9.18042000e+06
4650.000000 9.48527000e+06
4670.000000 9.64552000e+06
4690.000000 9.34198000e+06
4710.000000 8.94440000e+06
4730.000000 9.55728000e+06
4750.000000 9.95350000e+06
4770.000000 1.00018000e+07
4790.000000 9.99402000e+06
4810.000000 9.65479000e+06
4830.000000 1.00409000e+07
4850.000000 9.11021000e+06
4870.000000 8.04594000e+06
4890.000000 9.61387000e+06
4910.000000 9.54493000e+06
4930.000000 9.30055000e+06
4950.000000 9.98984000e+06
4970.000000 9.77646000e+06
4990.000000 8.92467000e+06
5010.000000 8.43886000e+06
5030.000000 8.99651000e+06
5050.000000 9.19632000e+06
5070.000000 9.60345000e+06
5090.000000 9.10702000e+06
5110.000000 9.29730000e+06
5130.000000 8.77731000e+06
5150.000000 8.63228000e+06
5170.000000 8.47951000e+06
5190.000000 8.46100000e+06
5210.000000 8.85694000e+06
5230.000000 8.88712000e+06
5250.000000 9.00296000e+06
5270.000000 8.00477000e+06
5290.000000 8.99495000e+06
5310.000000 9.18372000e+06
5330.000000 8.38199000e+06
5350.000000 9.10192000e+06
5370.000000 9.32310000e+06
5390.000000 9.01686000e+06
5410.000000 8.72223000e+06
5430.000000 8.93766000e+06
5450.000000 9.45296000e+06
5470.000000 9.00145000e+06
5490.000000 8.79549000e+06
5510.000000 8.75570000e+06
5530.000000 8.98223000e+06
5550.000000 9.05251000e+06
5570.000000 8.97123000e+06
5590.000000 8.70039000e+06
5610.000000 9.12469000e+06
5630.000000 8.95016000e+06
5650.000000 8.89517000e+06
5670.000000 8.59301000e+06
5690.000000 8.86782000e+06
5710.000000 8.64612000e+06
5730.000000 9.42188000e+06
5750.000000 8.92779000e+06
5770.000000 9.09616000e+06
5790.000000 8.65259000e+06
5810.000000 8.95684000e+06
5830.000000 9.17237000e+06
5850.000000 8.95366000e+06
5870.000000 8.98612000e+06
5890.000000 8.46770000e+06
5910.000000 8.83966000e+06
5930.000000 8.79534000e+06
5950.000000 8.79750000e+06
5970.000000 8.89509000e+06
5990.000000 8.68523000e+06
6010.000000 8.48849000e+06
6030.000000 8.64539000e+06
6050.000000 8.72131000e+06
6070.000000 8.78530000e+06
6090.000000 8.33459000e+06
6110.000000 8.22592000e+06
6130.000000 7.93473000e+06
6150.000000 7.98490000e+06
6170.000000 7.79091000e+06
6190.000000 8.28525000e+06
6210.000000 8.32351000e+06
6230.000000 7.96343000e+06
6250.000000 7.57066000e+06
6270.000000 8.12999000e+06
6290.000000 8.18188000e+06
6310.000000 7.78351000e+06
6330.000000 7.88051000e+06
6350.000000 7.80329000e+06
6370.000000 7.72196000e+06
6390.000000 7.93388000e+06
6410.000000 7.73454000e+06
6430.000000 7.83092000e+06
6450.000000 7.68781000e+06
6470.000000 7.74025000e+06
6490.000000 7.55165000e+06
6510.000000 7.73165000e+06
6530.000000 7.69310000e+06
6550.000000 7.47655000e+06
6570.000000 6.59664000e+06
6590.000000 7.53006000e+06
6610.000000 7.58303000e+06
6630.000000 7.54078000e+06
6650.000000 7.51329000e+06
6670.000000 7.38574000e+06
6690.000000 7.53541000e+06
6710.000000 7.32547000e+06
6730.000000 7.45010000e+06
6750.000000 7.25214000e+06
6770.000000 7.33002000e+06
6790.000000 7.20886000e+06
6810.000000 7.21272000e+06
6830.000000 7.23604000e+06
6850.000000 7.03849000e+06
6870.000000 7.15538000e+06
6890.000000 7.15738000e+06
6910.000000 7.07080000e+06
6930.000000 7.02032000e+06
6950.000000 6.98395000e+06
6970.000000 6.97045000e+06
6990.000000 6.94296000e+06
7010.000000 6.61330000e+06
7030.000000 6.78291000e+06
7050.000000 6.83415000e+06
7070.000000 6.73946000e+06
7090.000000 6.70232000e+06
7110.000000 6.62264000e+06
7130.000000 6.56427000e+06
7150.000000 6.55199000e+06
7170.000000 6.48529000e+06
7190.000000 6.24536000e+06
7210.000000 6.45702000e+06
7230.000000 6.38336000e+06
7250.000000 6.42151000e+06
7270.000000 6.42394000e+06
7290.000000 6.16983000e+06
7310.000000 6.28755000e+06
7330.000000 6.30370000e+06
7350.000000 6.28395000e+06
7370.000000 6.30787000e+06
7390.000000 6.10587000e+06
7410.000000 6.03474000e+06
7430.000000 6.02079000e+06
7450.000000 6.05862000e+06
7470.000000 6.10785000e+06
7490.000000 6.04163000e+06
7510.000000 6.06760000e+06
7530.000000 6.06684000e+06
7550.000000 6.10533000e+06
7570.000000 6.00362000e+06
7590.000000 5.99641000e+06
7610.000000 5.94945000e+06
7630.000000 5.99544000e+06
7650.000000 5.93562000e+06
7670.000000 5.74538000e+06
7690.000000 5.86243000e+06
7710.000000 5.78231000e+06
7730.000000 5.75879000e+06
7750.000000 5.70339000e+06
7770.000000 5.72636000e+06
7790.000000 5.80427000e+06
7810.000000 5.72752000e+06
7830.000000 5.65110000e+06
7850.000000 5.58395000e+06
7870.000000 5.65104000e+06
7890.000000 5.57341000e+06
7910.000000 5.44688000e+06
7930.000000 5.37403000e+06
7950.000000 5.36264000e+06
7970.000000 5.48367000e+06
7990.000000 5.45915000e+06
8010.000000 5.39440000e+06
8030.000000 5.34086000e+06
8050.000000 5.31651000e+06
8070.000000 5.31390000e+06
8090.000000 5.20449000e+06
8110.000000 5.27966000e+06
8130.000000 5.29788000e+06
8150.000000 5.23182000e+06
8170.000000 5.22898000e+06
8190.000000 5.04649000e+06
8210.000000 5.01087000e+06
8230.000000 5.04083000e+06
8250.000000 5.04238000e+06
8270.000000 5.12328000e+06
8290.000000 5.08187000e+06
8310.000000 4.92078000e+06
8330.000000 4.91689000e+06
8350.000000 4.92940000e+06
8370.000000 4.94427000e+06
8390.000000 4.84478000e+06
8410.000000 4.90219000e+06
8430.000000 4.78296000e+06
8450.000000 4.77949000e+06
8470.000000 4.73910000e+06
8490.000000 4.60975000e+06
8510.000000 4.25394000e+06
8530.000000 4.41590000e+06
8550.000000 3.36927000e+06
8570.000000 4.75056000e+06
8590.000000 4.62089000e+06
8610.000000 4.58074000e+06
8630.000000 4.74133000e+06
8650.000000 4.51119000e+06
8670.000000 3.42740000e+06
8690.000000 4.47110000e+06
8710.000000 4.64237000e+06
8730.000000 4.63086000e+06
8750.000000 4.34627000e+06
8770.000000 4.63686000e+06
8790.000000 4.59546000e+06
8810.000000 4.50190000e+06
8830.000000 4.52439000e+06
8850.000000 4.48006000e+06
8870.000000 4.21548000e+06
8890.000000 4.48293000e+06
8910.000000 4.54112000e+06
8930.000000 4.40067000e+06
8950.000000 4.43379000e+06
8970.000000 4.40533000e+06
8990.000000 4.39508000e+06
9010.000000 4.06304000e+06
9030.000000 4.26881000e+06
9050.000000 4.42292000e+06
9070.000000 4.27686000e+06
9090.000000 4.13195000e+06
9110.000000 4.17433000e+06
9130.000000 4.31280000e+06
9150.000000 4.22939000e+06
9170.000000 4.17177000e+06
9190.000000 4.19315000e+06
9210.000000 4.02262000e+06
9230.000000 3.81775000e+06
9250.000000 3.95088000e+06
9270.000000 4.03630000e+06
9290.000000 4.06800000e+06
9310.000000 4.09084000e+06
9330.000000 4.05912000e+06
9350.000000 4.05074000e+06
9370.000000 4.02934000e+06
9390.000000 3.98195000e+06
9410.000000 3.78052000e+06
9430.000000 3.90820000e+06
9450.000000 3.83933000e+06
9470.000000 3.93130000e+06
9490.000000 3.94411000e+06
9510.000000 3.89855000e+06
9530.000000 3.84043000e+06
9550.000000 3.61444000e+06
9570.000000 3.78926000e+06
9590.000000 3.85163000e+06
9610.000000 3.78096000e+06
9630.000000 3.72103000e+06
9650.000000 3.72763000e+06
9670.000000 3.66763000e+06
9690.000000 3.69170000e+06
9710.000000 3.73429000e+06
9730.000000 3.72369000e+06
9750.000000 3.63265000e+06
9770.000000 3.67901000e+06
9790.000000 3.62256000e+06
9810.000000 3.68242000e+06
9830.000000 3.64687000e+06
9850.000000 3.62512000e+06
9870.000000 3.60306000e+06
9890.000000 3.58650000e+06
9910.000000 3.54722000e+06
9930.000000 3.59827000e+06
9950.000000 3.56948000e+06
9970.000000 3.56245000e+06
9990.000000 3.55009000e+06
10025.000000 3.48504000e+06
10075.000000 3.39179000e+06
10125.000000 3.42529000e+06
10175.000000 3.36758000e+06
10225.000000 3.36168000e+06
10275.000000 3.36005000e+06
10325.000000 3.27592000e+06
10375.000000 3.25013000e+06
10425.000000 3.23324000e+06
10475.000000 3.13591000e+06
10525.000000 3.14176000e+06
10575.000000 3.11657000e+06
10625.000000 3.08623000e+06
10675.000000 2.98420000e+06
10725.000000 2.98670000e+06
10775.000000 2.95324000e+06
10825.000000 2.89207000e+06
10875.000000 2.87031000e+06
10925.000000 2.77334000e+06
10975.000000 2.74187000e+06
11025.000000 2.76395000e+06
11075.000000 2.75176000e+06
11125.000000 2.71467000e+06
11175.000000 2.69625000e+06
11225.000000 2.68595000e+06
11275.000000 2.60060000e+06
11325.000000 2.59678000e+06
11375.000000 2.57770000e+06
11425.000000 2.52803000e+06
11475.000000 2.58229000e+06
11525.000000 2.55449000e+06
11575.000000 2.50556000e+06
11625.000000 2.44734000e+06
11675.000000 2.42296000e+06
11725.000000 2.46759000e+06
11775.000000 2.38688000e+06
11825.000000 2.37614000e+06
11875.000000 2.32967000e+06
11925.000000 2.38991000e+06
11975.000000 2.29071000e+06
12025.000000 2.31401000e+06
12075.000000 2.27171000e+06
12125.000000 2.25732000e+06
12175.000000 2.26441000e+06
12225.000000 2.23811000e+06
12275.000000 2.21721000e+06
12325.000000 2.19095000e+06
12375.000000 2.17584000e+06
12425.000000 2.15268000e+06
12475.000000 2.14219000e+06
12525.000000 2.10115000e+06
12575.000000 2.08004000e+06
12625.000000 2.07428000e+06
12675.000000 2.04529000e+06
12725.000000 2.04430000e+06
12775.000000 2.03052000e+06
12825.000000 1.87572000e+06
12875.000000 1.97229000e+06
12925.000000 1.94535000e+06
12975.000000 1.95039000e+06
13025.000000 1.91417000e+06
13075.000000 1.91781000e+06
13125.000000 1.88157000e+06
13175.000000 1.85996000e+06
13225.000000 1.86049000e+06
13275.000000 1.82104000e+06
13325.000000 1.82382000e+06
13375.000000 1.80252000e+06
13425.000000 1.79547000e+06
13475.000000 1.77950000e+06
13525.000000 1.76097000e+06
13575.000000 1.72157000e+06
13625.000000 1.71711000e+06
13675.000000 1.70047000e+06
13725.000000 1.67452000e+06
13775.000000 1.67035000e+06
13825.000000 1.66231000e+06
13875.000000 1.65624000e+06
13925.000000 1.63320000e+06
13975.000000 1.62294000e+06
14025.000000 1.59605000e+06
14075.000000 1.59068000e+06
14125.000000 1.55350000e+06
14175.000000 1.55675000e+06
14225.000000 1.52371000e+06
14275.000000 1.49697000e+06
14325.000000 1.50787000e+06
14375.000000 1.51184000e+06
14425.000000 1.43147000e+06
14475.000000 1.47376000e+06
14525.000000 1.42870000e+06
14570.000000 1.44353000e+06
14620.000000 1.41943000e+06
14675.000000 1.41787000e+06
14725.000000 1.38308000e+06
14775.000000 1.37243000e+06
14825.000000 1.36720000e+06
14875.000000 1.34874000e+06
14925.000000 1.37072000e+06
14975.000000 1.34174000e+06
15025.000000 1.32447000e+06
15075.000000 1.29932000e+06
15125.000000 1.30484000e+06
15175.000000 1.30527000e+06
15225.000000 1.28071000e+06
15275.000000 1.28137000e+06
15325.000000 1.26187000e+06
15375.000000 1.26326000e+06
15425.000000 1.22915000e+06
15475.000000 1.23629000e+06
15525.000000 1.22040000e+06
15575.000000 1.18168000e+06
15625.000000 1.22714000e+06
15675.000000 1.17659000e+06
15725.000000 1.16139000e+06
15775.000000 1.15426000e+06
15825.000000 1.16388000e+06
15875.000000 1.06825000e+06
15925.000000 1.13027000e+06
15975.000000 1.14846000e+06
16050.000000 1.12272000e+06
16150.000000 1.07502000e+06
16250.000000 1.10046000e+06
16350.000000 1.06720000e+06
16450.000000 1.01475000e+06
16550.000000 1.03618000e+06
16650.000000 1.02228000e+06
16750.000000 9.89456000e+05
16850.000000 9.38830000e+05
16950.000000 9.68814000e+05
17050.000000 9.31435000e+05
17150.000000 9.27483000e+05
17250.000000 8.90667000e+05
17350.000000 8.36364000e+05
17450.000000 8.54841000e+05
17550.000000 8.44479000e+05
17650.000000 8.29108000e+05
17750.000000 8.10286000e+05
17850.000000 7.98418000e+05
17950.000000 7.87466000e+05
18050.000000 7.64230000e+05
18150.000000 7.26007000e+05
18250.000000 7.31498000e+05
18350.000000 7.24297000e+05
18450.000000 7.06174000e+05
18550.000000 6.94848000e+05
18650.000000 6.75242000e+05
18750.000000 6.36597000e+05
18850.000000 6.53674000e+05
18950.000000 6.24615000e+05
19050.000000 6.37020000e+05
19150.000000 6.21714000e+05
19250.000000 6.11836000e+05
19350.000000 5.93615000e+05
19450.000000 5.61396000e+05
19550.000000 5.78407000e+05
19650.000000 5.66222000e+05
19750.000000 5.53375000e+05
19850.000000 5.47010000e+05
19950.000000 5.37262000e+05
20050.000000 5.30998000e+05
20150.000000 5.24627000e+05
20250.000000 5.09022000e+05
20350.000000 4.96717000e+05
20450.000000 4.97042000e+05
20550.000000 4.85312000e+05
20650.000000 4.75216000e+05
20750.000000 4.67383000e+05
20850.000000 4.58898000e+05
20950.000000 4.49738000e+05
21050.000000 4.46053000e+05
21150.000000 4.35697000e+05
21250.000000 4.28269000e+05
21350.000000 4.22936000e+05
21450.000000 4.16971000e+05
21550.000000 4.09663000e+05
21650.000000 3.85633000e+05
21750.000000 3.92065000e+05
21850.000000 3.88027000e+05
21950.000000 3.84109000e+05
22050.000000 3.73644000e+05
22150.000000 3.69778000e+05
22250.000000 3.64301000e+05
22350.000000 3.58077000e+05
22450.000000 3.52517000e+05
22550.000000 3.44145000e+05
22650.000000 3.38902000e+05
22750.000000 3.36446000e+05
22850.000000 3.28630000e+05
22950.000000 3.16438000e+05
23050.000000 3.17499000e+05
23150.000000 3.12253000e+05
23250.000000 2.99502000e+05
23350.000000 2.99975000e+05
23450.000000 2.98279000e+05
23550.000000 2.83748000e+05
23650.000000 2.86843000e+05
23750.000000 2.82215000e+05
23850.000000 2.70085000e+05
23950.000000 2.72346000e+05
24050.000000 2.68927000e+05
24150.000000 2.59075000e+05
24250.000000 2.58955000e+05
24350.000000 2.55301000e+05
24450.000000 2.49398000e+05
24550.000000 2.44907000e+05
24650.000000 2.45894000e+05
24750.000000 2.39877000e+05
24850.000000 2.34759000e+05
24950.000000 2.31713000e+05
25050.000000 2.32082000e+05
25150.000000 2.26036000e+05
25250.000000 2.23238000e+05
25350.000000 2.22395000e+05
25450.000000 2.17772000e+05
25550.000000 2.14524000e+05
25650.000000 2.08394000e+05
25750.000000 2.10716000e+05
25850.000000 2.03738000e+05
25950.000000 2.04179000e+05
26050.000000 2.01815000e+05
26150.000000 1.94936000e+05
26250.000000 1.89173000e+05
26350.000000 1.92884000e+05
26450.000000 1.90028000e+05
26550.000000 1.87653000e+05
26650.000000 1.83606000e+05
26750.000000 1.79540000e+05
26850.000000 1.81639000e+05
26950.000000 1.79048000e+05
27050.000000 1.76810000e+05
27150.000000 1.74468000e+05
27250.000000 1.72226000e+05
27350.000000 1.69926000e+05
27450.000000 1.68300000e+05
27550.000000 1.61457000e+05
27650.000000 1.62016000e+05
27750.000000 1.60728000e+05
27850.000000 1.58877000e+05
27950.000000 1.57491000e+05
28050.000000 1.55230000e+05
28150.000000 1.53250000e+05
28250.000000 1.51110000e+05
28350.000000 1.49722000e+05
28450.000000 1.46884000e+05
28550.000000 1.45413000e+05
28650.000000 1.43119000e+05
28750.000000 1.37508000e+05
28850.000000 1.39494000e+05
28950.000000 1.38087000e+05
29050.000000 1.36415000e+05
29150.000000 1.34439000e+05
29250.000000 1.32213000e+05
29350.000000 1.31218000e+05
29450.000000 1.29229000e+05
29550.000000 1.27886000e+05
29650.000000 1.26433000e+05
29750.000000 1.24776000e+05
29850.000000 1.23269000e+05
29950.000000 1.21238000e+05
30050.000000 1.19836000e+05
30150.000000 1.18574000e+05
30250.000000 1.17054000e+05
30350.000000 1.12828000e+05
30450.000000 1.13470000e+05
30550.000000 1.12692000e+05
30650.000000 1.11187000e+05
30750.000000 1.10214000e+05
30850.000000 1.08104000e+05
30950.000000 1.07131000e+05
31050.000000 1.06122000e+05
31150.000000 1.03931000e+05
31250.000000 1.03371000e+05
31350.000000 1.02122000e+05
31450.000000 1.01105000e+05
31550.000000 9.97721000e+04
31650.000000 9.85259000e+04
31750.000000 9.74690000e+04
31850.000000 9.63788000e+04
31950.000000 9.54184000e+04
32100.000000 9.35562000e+04
32300.000000 9.14479000e+04
32500.000000 8.91953000e+04
32700.000000 8.70858000e+04
32900.000000 8.36531000e+04
33100.000000 8.27827000e+04
33300.000000 8.09420000e+04
33500.000000 7.93910000e+04
33700.000000 7.73667000e+04
33900.000000 7.55845000e+04
34100.000000 7.38225000e+04
34300.000000 7.25254000e+04
34500.000000 7.12027000e+04
34700.000000 6.94801000e+04
34900.000000 6.80860000e+04
35100.000000 6.66579000e+04
35300.000000 6.50703000e+04
35500.000000 6.38011000e+04
35700.000000 6.23315000e+04
35900.000000 6.09901000e+04
36100.000000 5.98623000e+04
36300.000000 5.87070000e+04
36500.000000 5.70644000e+04
36700.000000 5.60162000e+04
36900.000000 5.42900000e+04
37100.000000 5.32109000e+04
37300.000000 5.21544000e+04
37500.000000 5.01931000e+04
37700.000000 5.03140000e+04
37900.000000 4.93018000e+04
38100.000000 4.82925000e+04
38300.000000 4.76071000e+04
38500.000000 4.67935000e+04
38700.000000 4.56998000e+04
38900.000000 4.47432000e+04
39100.000000 4.38480000e+04
39300.000000 4.32443000e+04
39500.000000 4.21531000e+04
39700.000000 4.14952000e+04
39900.000000 4.02946000e+04
40100.000000 3.96547000e+04
40300.000000 3.90255000e+04
40500.000000 3.80002000e+04
40700.000000 3.76845000e+04
40900.000000 3.69723000e+04
41100.000000 3.64394000e+04
41300.000000 3.58068000e+04
41500.000000 3.50032000e+04
41700.000000 3.41678000e+04
41900.000000 3.37801000e+04
42100.000000 3.30306000e+04
42300.000000 3.27148000e+04
42500.000000 3.19842000e+04
42700.000000 3.14931000e+04
42900.000000 3.01644000e+04
43100.000000 2.92422000e+04
43300.000000 2.91093000e+04
43500.000000 2.78369000e+04
43700.000000 2.71427000e+04
43900.000000 2.71169000e+04
44100.000000 2.56627000e+04
44300.000000 2.56849000e+04
44500.000000 2.53556000e+04
44700.000000 2.41488000e+04
44900.000000 2.42612000e+04
45100.000000 2.38464000e+04
45300.000000 2.28506000e+04
45500.000000 2.28485000e+04
45700.000000 2.25967000e+04
45900.000000 2.16634000e+04
46100.000000 2.16975000e+04
46300.000000 2.12995000e+04
46500.000000 2.07944000e+04
46700.000000 2.05804000e+04
46900.000000 2.04052000e+04
47100.000000 1.99963000e+04
47300.000000 1.99235000e+04
47500.000000 1.95290000e+04
47700.000000 1.91785000e+04
47900.000000 1.89234000e+04
48100.000000 1.85189000e+04
48300.000000 1.84999000e+04
48500.000000 1.81154000e+04
48700.000000 1.78080000e+04
48900.000000 1.75981000e+04
49100.000000 1.72909000e+04
49300.000000 1.70657000e+04
49500.000000 1.67820000e+04
49700.000000 1.65709000e+04
49900.000000 1.63355000e+04
50100.000000 1.60087000e+04
50300.000000 1.59099000e+04
50500.000000 1.55700000e+04
50700.000000 1.53843000e+04
50900.000000 1.51910000e+04
51100.000000 1.49208000e+04
51300.000000 1.46558000e+04
51500.000000 1.45294000e+04
51700.000000 1.44186000e+04
51900.000000 1.41315000e+04
52100.000000 1.38955000e+04
52300.000000 1.37030000e+04
52500.000000 1.35819000e+04
52700.000000 1.34347000e+04
52900.000000 1.31311000e+04
53100.000000 1.29947000e+04
53300.000000 1.28198000e+04
53500.000000 1.26530000e+04
53700.000000 1.24641000e+04
53900.000000 1.23225000e+04
54100.000000 1.21599000e+04
54300.000000 1.19168000e+04
54500.000000 1.18348000e+04
54700.000000 1.16446000e+04
54900.000000 1.14830000e+04
55100.000000 1.13516000e+04
55300.000000 1.12448000e+04
55500.000000 1.10105000e+04
55700.000000 1.09685000e+04
55900.000000 1.07373000e+04
56100.000000 1.06310000e+04
56300.000000 1.04611000e+04
56500.000000 1.03958000e+04
56700.000000 1.02547000e+04
56900.000000 1.00562000e+04
57100.000000 9.96451000e+03
57300.000000 9.86099000e+03
57500.000000 9.72802000e+03
57700.000000 9.59145000e+03
57900.000000 9.49181000e+03
58100.000000 9.34455000e+03
58300.000000 9.23776000e+03
58500.000000 9.13882000e+03
58700.000000 8.99039000e+03
58900.000000 8.86732000e+03
59100.000000 8.73482000e+03
59300.000000 8.67085000e+03
59500.000000 8.48475000e+03
59700.000000 8.46700000e+03
59900.000000 8.36037000e+03
60100.000000 8.25778000e+03
60300.000000 8.15844000e+03
60500.000000 8.04664000e+03
60700.000000 7.93879000e+03
60900.000000 7.84377000e+03
61100.000000 7.72681000e+03
61300.000000 7.66143000e+03
61500.000000 7.57304000e+03
61700.000000 7.48354000e+03
61900.000000 7.39869000e+03
62100.000000 7.31154000e+03
62300.000000 7.19683000e+03
62500.000000 7.11786000e+03
62700.000000 7.03515000e+03
62900.000000 6.92259000e+03
63100.000000 6.84803000e+03
63300.000000 6.80153000e+03
63500.000000 6.70755000e+03
63700.000000 6.64322000e+03
63900.000000 6.54588000e+03
64200.000000 6.44170000e+03
64600.000000 6.28165000e+03
65000.000000 6.13066000e+03
65400.000000 5.99671000e+03
65800.000000 5.86363000e+03
66200.000000 5.72078000e+03
66600.000000 5.59765000e+03
67000.000000 5.46648000e+03
67400.000000 5.33445000e+03
67800.000000 5.20629000e+03
68200.000000 5.10134000e+03
68600.000000 4.98798000e+03
69000.000000 4.87422000e+03
69400.000000 4.76305000e+03
69800.000000 4.66353000e+03
70200.000000 4.55496000e+03
70600.000000 4.45875000e+03
71000.000000 4.36344000e+03
71400.000000 4.26968000e+03
71800.000000 4.17511000e+03
72200.000000 4.08250000e+03
72600.000000 3.99569000e+03
73000.000000 3.91653000e+03
73400.000000 3.82886000e+03
73800.000000 3.75240000e+03
74200.000000 3.66654000e+03
74600.000000 3.57385000e+03
75000.000000 3.49645000e+03
75400.000000 3.44554000e+03
75800.000000 3.37786000e+03
76200.000000 3.30895000e+03
76600.000000 3.24250000e+03
77000.000000 3.17383000e+03
77400.000000 3.11275000e+03
77800.000000 3.04952000e+03
78200.000000 2.99012000e+03
78600.000000 2.93147000e+03
79000.000000 2.87325000e+03
79400.000000 2.81605000e+03
79800.000000 2.76156000e+03
80200.000000 2.70450000e+03
80600.000000 2.65215000e+03
81000.000000 2.60420000e+03
81400.000000 2.54814000e+03
81800.000000 2.50318000e+03
82200.000000 2.45780000e+03
82600.000000 2.41015000e+03
83000.000000 2.36537000e+03
83400.000000 2.31761000e+03
83800.000000 2.27531000e+03
84200.000000 2.23509000e+03
84600.000000 2.19427000e+03
85000.000000 2.15411000e+03
85400.000000 2.11399000e+03
85800.000000 2.07595000e+03
86200.000000 2.03741000e+03
86600.000000 1.99940000e+03
87000.000000 1.96602000e+03
87400.000000 1.92760000e+03
87800.000000 1.89326000e+03
88200.000000 1.86020000e+03
88600.000000 1.82784000e+03
89000.000000 1.79542000e+03
89400.000000 1.76497000e+03
89800.000000 1.73190000e+03
90200.000000 1.70310000e+03
90600.000000 1.67598000e+03
91000.000000 1.64376000e+03
91400.000000 1.61624000e+03
91800.000000 1.59034000e+03
92200.000000 1.56407000e+03
92600.000000 1.53697000e+03
93000.000000 1.51184000e+03
93400.000000 1.48544000e+03
93800.000000 1.45880000e+03
94200.000000 1.43689000e+03
94600.000000 1.41255000e+03
95000.000000 1.38924000e+03
95400.000000 1.36599000e+03
95800.000000 1.34430000e+03
96200.000000 1.32171000e+03
96600.000000 1.30089000e+03
97000.000000 1.28022000e+03
97400.000000 1.25701000e+03
97800.000000 1.23777000e+03
98200.000000 1.21896000e+03
98600.000000 1.19983000e+03
99000.000000 1.18112000e+03
99400.000000 1.16126000e+03
99800.000000 1.14354000e+03
100200.000000 1.12561000e+03
200000.000000 7.23057000e+01
400000.000000 4.50356000e+00
600000.000000 8.81934000e-01
800000.000000 2.76808000e-01
1000000.000000 1.12589000e-01
1200000.000000 5.39665000e-02
1400000.000000 2.89736000e-02
1600000.000000 1.69028000e-02
