# Kurucz ODFNEW /NOVER, alpha: 0.0 (2003)
# teff = 3500 K (value for the effective temperature for the model. Temperatures are given in K)
# logg = 4 log(cm/s2) (value for Log(G) for the model.)
# lh = 1.25  (l/Hp where l is the  mixing length of the convective element and Hp is the pressure scale height)
# meta = -2.5  (value for the Metallicity for the model.)
# vtur = 2 km/s (Microturbulence velocity)
# alpha = 0  (Alpha)
#
# column 1: WAVELENGTH (ANGSTROM), Wavelength in Angstrom
# column 2: FLUX (ERG/CM2/S/A), Flux in erg/cm2/s/A
147.200000 1.60765000e-180
151.000000 1.04954000e-175
155.200000 1.16411000e-170
158.800000 1.49751000e-166
162.000000 4.71500000e-163
166.000000 7.15753000e-159
170.300000 1.34431000e-154
173.400000 1.19281000e-151
176.800000 1.54846000e-148
180.200000 1.52968000e-145
181.700000 2.94949000e-144
186.100000 1.31511000e-140
191.000000 9.60685000e-137
193.900000 1.49631000e-134
198.400000 2.81217000e-131
201.800000 6.69696000e-129
205.000000 9.79183000e-127
210.500000 3.57972000e-123
216.200000 1.12997000e-119
219.800000 1.47410000e-117
223.000000 9.76577000e-116
226.800000 1.21760000e-113
230.000000 6.26126000e-112
234.000000 7.37070000e-110
240.000000 6.96295000e-107
246.500000 7.95467000e-104
252.400000 3.45217000e-101
256.800000 2.66108000e-99
260.000000 5.71113000e-98
264.000000 2.37267000e-96
268.500000 1.36980000e-94
273.500000 1.05813000e-92
278.500000 6.99037000e-91
284.000000 5.89831000e-89
290.000000 6.12443000e-87
296.000000 5.23971000e-85
301.000000 1.86454000e-83
308.000000 2.26886000e-81
318.000000 1.48678000e-78
328.000000 6.51251000e-76
338.000000 1.97367000e-73
348.000000 4.28201000e-71
357.000000 4.16283000e-69
366.000000 3.22238000e-67
375.000000 2.01188000e-65
385.000000 1.57745000e-63
395.000000 9.85569000e-62
405.000000 4.99711000e-60
414.000000 1.44965000e-58
422.000000 2.55421000e-57
430.000000 4.03380000e-56
441.000000 1.51627000e-54
451.000000 3.49797000e-53
460.000000 5.23041000e-52
470.000000 9.32529000e-51
480.000000 1.46833000e-49
490.000000 2.06079000e-48
500.000000 2.59024000e-47
506.000000 2.13587000e-46
512.000000 1.06323000e-45
520.000000 6.76720000e-45
530.000000 6.37530000e-44
540.000000 5.39475000e-43
550.000000 4.29048000e-42
560.000000 3.13192000e-41
570.000000 2.12622000e-40
580.000000 1.32740000e-39
590.000000 8.00233000e-39
600.000000 4.46749000e-38
610.000000 2.35150000e-37
620.000000 1.17047000e-36
630.000000 5.52385000e-36
640.000000 2.47955000e-35
650.000000 1.06064000e-34
658.000000 3.28147000e-34
665.000000 8.61266000e-34
675.000000 3.29587000e-33
685.000000 1.21050000e-32
695.000000 4.27492000e-32
705.000000 1.45401000e-31
716.000000 5.36204000e-31
726.000000 1.69397000e-30
735.000000 4.63889000e-30
745.000000 1.37897000e-29
755.000000 3.97630000e-29
765.000000 1.11360000e-28
775.000000 3.03253000e-28
785.000000 8.03865000e-28
795.000000 2.07622000e-27
805.000000 5.23070000e-27
815.000000 1.28651000e-26
825.000000 3.09238000e-26
835.000000 7.27064000e-26
845.000000 1.63713000e-25
855.000000 3.47527000e-25
865.000000 7.42860000e-25
875.000000 1.56031000e-24
885.000000 3.14356000e-24
895.000000 6.54576000e-24
905.000000 1.30577000e-23
915.000000 2.68297000e-20
925.000000 1.66296000e-19
935.000000 3.24171000e-19
945.000000 6.50547000e-19
955.000000 1.22558000e-18
965.000000 2.44536000e-18
975.000000 4.60298000e-18
985.000000 1.14445000e-17
995.000000 2.17025000e-17
1005.000000 3.94027000e-17
1015.000000 7.08206000e-17
1025.000000 1.30016000e-16
1035.000000 2.89627000e-16
1045.000000 5.07607000e-16
1055.000000 6.98812000e-16
1065.000000 1.54761000e-15
1075.000000 2.61214000e-15
1085.000000 4.65334000e-15
1095.000000 7.81061000e-15
1105.000000 1.52071000e-14
1115.000000 2.17724000e-14
1125.000000 4.37534000e-14
1135.000000 8.46323000e-14
1145.000000 1.39097000e-13
1155.000000 2.28869000e-13
1165.000000 3.52102000e-13
1175.000000 6.78570000e-13
1185.000000 1.00869000e-12
1195.000000 1.43967000e-12
1205.000000 1.89801000e-12
1215.000000 1.92118000e-12
1225.000000 4.25929000e-12
1235.000000 8.81985000e-12
1245.000000 1.51086000e-11
1255.000000 2.78847000e-11
1265.000000 5.07054000e-11
1275.000000 7.05499000e-11
1285.000000 1.38333000e-10
1295.000000 1.80147000e-10
1305.000000 4.22094000e-10
1315.000000 5.77722000e-10
1325.000000 9.66401000e-10
1335.000000 1.17816000e-09
1345.000000 1.84418000e-09
1355.000000 2.66067000e-09
1365.000000 3.90615000e-09
1375.000000 4.86856000e-09
1385.000000 6.54702000e-09
1395.000000 9.04507000e-09
1405.000000 1.27804000e-08
1415.000000 1.96942000e-08
1425.000000 2.20031000e-08
1435.000000 3.50856000e-08
1442.000000 5.59832000e-08
1447.000000 4.38802000e-08
1455.000000 6.16106000e-08
1465.000000 8.15729000e-08
1475.000000 1.01281000e-07
1485.000000 1.24959000e-07
1495.000000 2.14169000e-07
1505.000000 3.31102000e-07
1512.000000 2.20239000e-07
1517.000000 3.05520000e-07
1525.000000 5.75180000e-07
1535.000000 1.39700000e-06
1545.000000 8.57047000e-07
1555.000000 1.55370000e-06
1565.000000 1.46256000e-06
1575.000000 2.72665000e-06
1585.000000 2.98777000e-06
1595.000000 3.06149000e-06
1605.000000 3.39697000e-06
1615.000000 4.39615000e-06
1625.000000 5.04627000e-06
1635.000000 7.11216000e-06
1645.000000 1.24332000e-05
1655.000000 9.89322000e-06
1665.000000 2.15420000e-05
1672.000000 1.84781000e-05
1677.000000 3.56244000e-05
1685.000000 5.34783000e-05
1695.000000 8.20209000e-05
1705.000000 9.99756000e-05
1715.000000 1.14378000e-04
1725.000000 1.73614000e-04
1735.000000 2.07198000e-04
1745.000000 3.11675000e-04
1755.000000 2.94287000e-04
1765.000000 3.19054000e-04
1775.000000 3.07996000e-04
1785.000000 8.30863000e-04
1795.000000 5.68527000e-04
1805.000000 1.28859000e-03
1815.000000 7.33657000e-04
1825.000000 1.26741000e-03
1835.000000 1.10315000e-03
1845.000000 1.65908000e-03
1855.000000 1.07278000e-03
1865.000000 2.49082000e-03
1875.000000 2.13846000e-03
1885.000000 2.89437000e-03
1895.000000 3.72782000e-03
1905.000000 3.88987000e-03
1915.000000 5.80417000e-03
1925.000000 3.89618000e-03
1935.000000 1.54808000e-03
1945.000000 6.35686000e-03
1955.000000 1.01791000e-02
1967.000000 1.09745000e-02
1976.000000 1.25642000e-02
1984.000000 1.69355000e-02
1995.000000 1.41339000e-02
2005.000000 1.74822000e-02
2015.000000 1.97540000e-02
2025.000000 1.62061000e-02
2035.000000 2.30701000e-02
2045.000000 2.32522000e-02
2055.000000 2.67741000e-02
2065.000000 2.59968000e-02
2074.000000 1.73823000e-02
2078.000000 3.48394000e-02
2085.000000 6.76076000e-02
2095.000000 2.73048000e-01
2105.000000 5.59003000e-01
2115.000000 7.03462000e-01
2125.000000 8.64230000e-01
2135.000000 1.34634000e+00
2145.000000 6.86150000e-01
2155.000000 1.22112000e+00
2165.000000 7.86070000e-01
2175.000000 8.88821000e-01
2185.000000 8.41723000e-01
2195.000000 2.13307000e+00
2205.000000 1.32436000e+00
2215.000000 1.97808000e+00
2225.000000 1.43991000e+00
2235.000000 4.71935000e+00
2245.000000 4.89723000e+00
2255.000000 6.67026000e+00
2265.000000 1.19645000e+00
2275.000000 3.20862000e+00
2285.000000 4.55180000e+00
2295.000000 8.95077000e+00
2305.000000 1.13734000e+00
2315.000000 1.46552000e+01
2325.000000 9.48091000e+00
2335.000000 2.90191000e+01
2345.000000 1.98393000e+01
2355.000000 6.40376000e+00
2365.000000 1.26532000e+01
2375.000000 8.03534000e+00
2385.000000 2.82887000e+01
2395.000000 2.24152000e+01
2405.000000 7.10338000e+01
2415.000000 3.20983000e+01
2425.000000 3.04023000e+01
2435.000000 6.60030000e+01
2445.000000 1.07126000e+02
2455.000000 1.26632000e+02
2465.000000 4.28120000e+01
2475.000000 6.11070000e+01
2485.000000 8.78678000e+00
2495.000000 1.97714000e+01
2505.000000 4.58744000e+01
2513.000000 2.12514000e+01
2518.000000 1.29448000e+01
2525.000000 2.11356000e+01
2535.000000 1.27255000e+02
2545.000000 1.31933000e+02
2555.000000 3.21431000e+02
2565.000000 1.88633000e+02
2575.000000 2.53260000e+02
2585.000000 2.97709000e+02
2595.000000 3.11022000e+02
2605.000000 4.38356000e+02
2615.000000 3.96104000e+02
2625.000000 6.53175000e+02
2635.000000 9.63144000e+02
2645.000000 8.01166000e+02
2655.000000 1.04136000e+03
2665.000000 9.51554000e+02
2675.000000 7.77664000e+02
2685.000000 1.14306000e+03
2695.000000 8.02992000e+02
2705.000000 1.11422000e+03
2715.000000 7.59671000e+02
2725.000000 4.48948000e+02
2735.000000 6.25664000e+02
2745.000000 7.08609000e+02
2755.000000 7.48195000e+02
2765.000000 1.26911000e+03
2775.000000 1.29873000e+03
2785.000000 9.39756000e+02
2795.000000 8.08143000e+02
2805.000000 7.90995000e+02
2815.000000 7.89046000e+02
2825.000000 6.11500000e+02
2835.000000 3.59015000e+02
2845.000000 1.19991000e+02
2855.000000 2.98896000e+01
2865.000000 2.56755000e+02
2875.000000 5.73415000e+02
2885.000000 9.95502000e+02
2895.000000 1.49374000e+03
2910.000000 2.12929000e+03
2930.000000 2.66685000e+03
2950.000000 2.27155000e+03
2970.000000 2.27394000e+03
2990.000000 2.30868000e+03
3010.000000 2.15216000e+03
3030.000000 2.81678000e+03
3050.000000 3.26978000e+03
3070.000000 3.89804000e+03
3090.000000 3.10822000e+03
3110.000000 5.53637000e+03
3130.000000 6.39220000e+03
3150.000000 7.61128000e+03
3170.000000 1.09395000e+04
3190.000000 9.64249000e+03
3210.000000 1.20173000e+04
3230.000000 1.19509000e+04
3250.000000 1.69802000e+04
3270.000000 2.32607000e+04
3290.000000 2.19137000e+04
3310.000000 1.69224000e+04
3330.000000 1.52072000e+04
3350.000000 1.35438000e+04
3370.000000 8.70330000e+03
3390.000000 1.25206000e+04
3410.000000 1.53043000e+04
3430.000000 1.90685000e+04
3450.000000 1.54756000e+04
3470.000000 1.68746000e+04
3490.000000 2.31878000e+04
3510.000000 2.88238000e+04
3530.000000 3.15541000e+04
3550.000000 4.56589000e+04
3570.000000 2.21464000e+04
3590.000000 1.90485000e+04
3610.000000 2.78715000e+04
3630.000000 3.61694000e+04
3640.000000 4.08501000e+04
3650.000000 4.10281000e+04
3670.000000 5.68665000e+04
3690.000000 4.58209000e+04
3710.000000 3.39421000e+04
3730.000000 1.50384000e+04
3750.000000 2.07952000e+04
3770.000000 4.97812000e+04
3790.000000 5.65562000e+04
3810.000000 5.47053000e+04
3830.000000 2.58748000e+04
3850.000000 4.22847000e+04
3870.000000 3.88051000e+04
3890.000000 3.89523000e+04
3910.000000 5.19552000e+04
3930.000000 2.01440000e+04
3950.000000 4.11342000e+04
3970.000000 3.00291000e+04
3990.000000 8.25487000e+04
4010.000000 1.08204000e+05
4030.000000 8.36901000e+04
4050.000000 1.01143000e+05
4070.000000 9.45093000e+04
4090.000000 1.07796000e+05
4110.000000 4.48183000e+04
4130.000000 6.49060000e+04
4150.000000 5.04114000e+04
4170.000000 5.54167000e+04
4190.000000 6.48629000e+04
4210.000000 5.96974000e+04
4230.000000 3.90101000e+04
4250.000000 7.73628000e+04
4270.000000 7.69352000e+04
4290.000000 7.94333000e+04
4310.000000 9.40115000e+04
4330.000000 1.34379000e+05
4350.000000 1.41392000e+05
4370.000000 1.44131000e+05
4390.000000 1.35479000e+05
4410.000000 1.46952000e+05
4430.000000 1.64113000e+05
4450.000000 1.74668000e+05
4470.000000 1.98726000e+05
4490.000000 2.06378000e+05
4510.000000 2.25722000e+05
4530.000000 1.93276000e+05
4550.000000 2.19441000e+05
4570.000000 2.32352000e+05
4590.000000 2.34677000e+05
4610.000000 2.41473000e+05
4630.000000 2.56860000e+05
4650.000000 2.42912000e+05
4670.000000 2.65192000e+05
4690.000000 2.61514000e+05
4710.000000 2.56428000e+05
4730.000000 2.53742000e+05
4750.000000 2.48103000e+05
4770.000000 2.22482000e+05
4790.000000 2.27032000e+05
4810.000000 2.75088000e+05
4830.000000 2.70182000e+05
4850.000000 2.93680000e+05
4870.000000 2.94021000e+05
4890.000000 2.96757000e+05
4910.000000 3.01517000e+05
4930.000000 2.84226000e+05
4950.000000 2.77152000e+05
4970.000000 2.75277000e+05
4990.000000 2.43360000e+05
5010.000000 2.18832000e+05
5030.000000 2.23960000e+05
5050.000000 2.06546000e+05
5070.000000 1.94250000e+05
5090.000000 1.88277000e+05
5110.000000 1.74658000e+05
5130.000000 1.68632000e+05
5150.000000 1.51530000e+05
5170.000000 1.53432000e+05
5190.000000 1.97889000e+05
5210.000000 2.13096000e+05
5230.000000 3.57146000e+05
5250.000000 3.75738000e+05
5270.000000 3.24927000e+05
5290.000000 3.83069000e+05
5310.000000 4.03343000e+05
5330.000000 3.65512000e+05
5350.000000 3.88345000e+05
5370.000000 3.89847000e+05
5390.000000 3.91667000e+05
5410.000000 3.84940000e+05
5430.000000 3.83043000e+05
5450.000000 3.82875000e+05
5470.000000 4.15901000e+05
5490.000000 4.18838000e+05
5510.000000 4.06062000e+05
5530.000000 4.36072000e+05
5550.000000 4.40212000e+05
5570.000000 4.38270000e+05
5590.000000 4.15838000e+05
5610.000000 4.43474000e+05
5630.000000 4.66893000e+05
5650.000000 4.82169000e+05
5670.000000 4.79980000e+05
5690.000000 4.82383000e+05
5710.000000 4.79287000e+05
5730.000000 4.91380000e+05
5750.000000 4.98633000e+05
5770.000000 5.01723000e+05
5790.000000 5.01937000e+05
5810.000000 5.05597000e+05
5830.000000 5.11223000e+05
5850.000000 5.04397000e+05
5870.000000 4.97304000e+05
5890.000000 2.57190000e+05
5910.000000 4.73078000e+05
5930.000000 5.16442000e+05
5950.000000 5.22478000e+05
5970.000000 5.30378000e+05
5990.000000 5.34119000e+05
6010.000000 5.37245000e+05
6030.000000 5.41862000e+05
6050.000000 5.44357000e+05
6070.000000 5.44621000e+05
6090.000000 5.45173000e+05
6110.000000 5.41156000e+05
6130.000000 5.21560000e+05
6150.000000 5.51421000e+05
6170.000000 5.04666000e+05
6190.000000 5.58259000e+05
6210.000000 5.57248000e+05
6230.000000 5.58209000e+05
6250.000000 5.47843000e+05
6270.000000 5.58297000e+05
6290.000000 5.67797000e+05
6310.000000 5.71366000e+05
6330.000000 5.76251000e+05
6350.000000 5.83623000e+05
6370.000000 5.84439000e+05
6390.000000 5.85833000e+05
6410.000000 5.83595000e+05
6430.000000 5.81729000e+05
6450.000000 5.67605000e+05
6470.000000 5.72372000e+05
6490.000000 5.75271000e+05
6510.000000 5.94019000e+05
6530.000000 6.03938000e+05
6550.000000 6.00212000e+05
6570.000000 5.99059000e+05
6590.000000 6.07113000e+05
6610.000000 6.09696000e+05
6630.000000 6.13891000e+05
6650.000000 6.15503000e+05
6670.000000 6.13655000e+05
6690.000000 6.18350000e+05
6710.000000 6.15322000e+05
6730.000000 6.22641000e+05
6750.000000 6.19337000e+05
6770.000000 6.26048000e+05
6790.000000 6.27219000e+05
6810.000000 6.29235000e+05
6830.000000 6.32024000e+05
6850.000000 6.33598000e+05
6870.000000 6.32771000e+05
6890.000000 6.35372000e+05
6910.000000 6.36836000e+05
6930.000000 6.37731000e+05
6950.000000 6.37264000e+05
6970.000000 6.41157000e+05
6990.000000 6.40454000e+05
7010.000000 6.43467000e+05
7030.000000 6.44080000e+05
7050.000000 6.47609000e+05
7070.000000 6.45103000e+05
7090.000000 6.46018000e+05
7110.000000 6.47225000e+05
7130.000000 6.48164000e+05
7150.000000 6.34720000e+05
7170.000000 6.51204000e+05
7190.000000 6.52032000e+05
7210.000000 6.44209000e+05
7230.000000 6.56447000e+05
7250.000000 6.50702000e+05
7270.000000 6.58638000e+05
7290.000000 6.60969000e+05
7310.000000 6.60692000e+05
7330.000000 6.54939000e+05
7350.000000 6.55996000e+05
7370.000000 6.61443000e+05
7390.000000 6.62531000e+05
7410.000000 6.62390000e+05
7430.000000 6.63517000e+05
7450.000000 6.64514000e+05
7470.000000 6.65578000e+05
7490.000000 6.67522000e+05
7510.000000 6.68426000e+05
7530.000000 6.70461000e+05
7550.000000 6.70549000e+05
7570.000000 6.72138000e+05
7590.000000 6.72524000e+05
7610.000000 6.73027000e+05
7630.000000 6.74357000e+05
7650.000000 6.74119000e+05
7670.000000 6.49219000e+05
7690.000000 6.72411000e+05
7710.000000 6.58661000e+05
7730.000000 6.76315000e+05
7750.000000 6.74334000e+05
7770.000000 6.77669000e+05
7790.000000 6.78229000e+05
7810.000000 6.79206000e+05
7830.000000 6.78629000e+05
7850.000000 6.78660000e+05
7870.000000 6.80446000e+05
7890.000000 6.80511000e+05
7910.000000 6.79302000e+05
7930.000000 6.79953000e+05
7950.000000 6.78503000e+05
7970.000000 6.81626000e+05
7990.000000 6.81110000e+05
8010.000000 6.81294000e+05
8030.000000 6.81352000e+05
8050.000000 6.80063000e+05
8070.000000 6.80746000e+05
8090.000000 6.81874000e+05
8110.000000 6.82009000e+05
8130.000000 6.82647000e+05
8150.000000 6.82704000e+05
8170.000000 6.82244000e+05
8190.000000 6.55720000e+05
8210.000000 6.80587000e+05
8230.000000 6.81454000e+05
8250.000000 6.81642000e+05
8270.000000 6.82535000e+05
8290.000000 6.82535000e+05
8310.000000 6.81054000e+05
8330.000000 6.68666000e+05
8350.000000 6.80866000e+05
8370.000000 6.76702000e+05
8390.000000 6.48326000e+05
8410.000000 6.74861000e+05
8430.000000 6.50723000e+05
8450.000000 6.80041000e+05
8470.000000 6.74103000e+05
8490.000000 6.72499000e+05
8510.000000 6.52799000e+05
8530.000000 6.71643000e+05
8550.000000 6.07024000e+05
8570.000000 6.78417000e+05
8590.000000 6.78835000e+05
8610.000000 6.77769000e+05
8630.000000 6.78172000e+05
8650.000000 6.74082000e+05
8670.000000 6.12088000e+05
8690.000000 6.52626000e+05
8710.000000 6.77341000e+05
8730.000000 6.76318000e+05
8750.000000 6.75198000e+05
8770.000000 6.75011000e+05
8790.000000 6.75795000e+05
8810.000000 6.67779000e+05
8830.000000 6.62680000e+05
8850.000000 6.72820000e+05
8870.000000 6.73524000e+05
8890.000000 6.73690000e+05
8910.000000 6.73232000e+05
8930.000000 6.72157000e+05
8950.000000 6.70990000e+05
8970.000000 6.71138000e+05
8990.000000 6.70626000e+05
9010.000000 6.62919000e+05
9030.000000 6.68717000e+05
9050.000000 6.69307000e+05
9070.000000 6.68831000e+05
9090.000000 6.63840000e+05
9110.000000 6.66693000e+05
9130.000000 6.66080000e+05
9150.000000 6.66006000e+05
9170.000000 6.64986000e+05
9190.000000 6.64459000e+05
9210.000000 6.63264000e+05
9230.000000 6.62869000e+05
9250.000000 6.61811000e+05
9270.000000 6.61194000e+05
9290.000000 6.59005000e+05
9310.000000 6.60306000e+05
9330.000000 6.59642000e+05
9350.000000 6.58891000e+05
9370.000000 6.57240000e+05
9390.000000 6.57691000e+05
9410.000000 6.56897000e+05
9430.000000 6.56275000e+05
9450.000000 6.54175000e+05
9470.000000 6.54733000e+05
9490.000000 6.54110000e+05
9510.000000 6.53236000e+05
9530.000000 6.52363000e+05
9550.000000 6.46247000e+05
9570.000000 6.49842000e+05
9590.000000 6.50125000e+05
9610.000000 6.42975000e+05
9630.000000 6.47294000e+05
9650.000000 6.25640000e+05
9670.000000 6.32563000e+05
9690.000000 6.40467000e+05
9710.000000 6.34475000e+05
9730.000000 6.33222000e+05
9750.000000 6.35541000e+05
9770.000000 6.37717000e+05
9790.000000 6.24108000e+05
9810.000000 6.40983000e+05
9830.000000 6.39352000e+05
9850.000000 6.39321000e+05
9870.000000 6.38318000e+05
9890.000000 6.37395000e+05
9910.000000 6.36513000e+05
9930.000000 6.35441000e+05
9950.000000 6.34602000e+05
9970.000000 6.33802000e+05
9990.000000 6.32927000e+05
10025.000000 6.30765000e+05
10075.000000 6.28342000e+05
10125.000000 6.26415000e+05
10175.000000 6.23839000e+05
10225.000000 6.21573000e+05
10275.000000 6.19249000e+05
10325.000000 6.14432000e+05
10375.000000 6.12269000e+05
10425.000000 6.11644000e+05
10475.000000 6.07605000e+05
10525.000000 6.06709000e+05
10575.000000 6.02804000e+05
10625.000000 6.01516000e+05
10675.000000 5.97349000e+05
10725.000000 5.95133000e+05
10775.000000 5.93581000e+05
10825.000000 5.90264000e+05
10875.000000 5.88608000e+05
10925.000000 5.85852000e+05
10975.000000 5.82403000e+05
11025.000000 5.79426000e+05
11075.000000 5.76970000e+05
11125.000000 5.73865000e+05
11175.000000 5.71577000e+05
11225.000000 5.69427000e+05
11275.000000 5.65691000e+05
11325.000000 5.63762000e+05
11375.000000 5.58642000e+05
11425.000000 5.53186000e+05
11475.000000 5.56558000e+05
11525.000000 5.54179000e+05
11575.000000 5.50442000e+05
11625.000000 5.43571000e+05
11675.000000 5.43679000e+05
11725.000000 5.43957000e+05
11775.000000 5.38668000e+05
11825.000000 5.35658000e+05
11875.000000 5.29153000e+05
11925.000000 5.33546000e+05
11975.000000 5.23347000e+05
12025.000000 5.28122000e+05
12075.000000 5.25515000e+05
12125.000000 5.23547000e+05
12175.000000 5.21162000e+05
12225.000000 5.18622000e+05
12275.000000 5.16030000e+05
12325.000000 5.13563000e+05
12375.000000 5.11119000e+05
12425.000000 5.08551000e+05
12475.000000 5.06104000e+05
12525.000000 5.03369000e+05
12575.000000 5.01113000e+05
12625.000000 4.98593000e+05
12675.000000 4.96027000e+05
12725.000000 4.93719000e+05
12775.000000 4.91455000e+05
12825.000000 4.86279000e+05
12875.000000 4.85873000e+05
12925.000000 4.82391000e+05
12975.000000 4.81635000e+05
13025.000000 4.79365000e+05
13075.000000 4.76984000e+05
13125.000000 4.70251000e+05
13175.000000 4.69575000e+05
13225.000000 4.69693000e+05
13275.000000 4.65884000e+05
13325.000000 4.59593000e+05
13375.000000 4.53047000e+05
13425.000000 4.49051000e+05
13475.000000 4.49356000e+05
13525.000000 4.45401000e+05
13575.000000 4.44784000e+05
13625.000000 4.41566000e+05
13675.000000 4.42573000e+05
13725.000000 4.40894000e+05
13775.000000 4.39407000e+05
13825.000000 4.36589000e+05
13875.000000 4.32196000e+05
13925.000000 4.26844000e+05
13975.000000 4.24914000e+05
14025.000000 4.23747000e+05
14075.000000 4.21959000e+05
14125.000000 4.17429000e+05
14175.000000 4.15633000e+05
14225.000000 4.13852000e+05
14275.000000 4.10773000e+05
14325.000000 4.09820000e+05
14375.000000 4.07703000e+05
14425.000000 4.06348000e+05
14475.000000 4.03995000e+05
14525.000000 4.01754000e+05
14570.000000 3.99702000e+05
14620.000000 3.96568000e+05
14675.000000 3.93951000e+05
14725.000000 3.93660000e+05
14775.000000 3.90948000e+05
14825.000000 3.88984000e+05
14875.000000 3.86323000e+05
14925.000000 3.85988000e+05
14975.000000 3.84792000e+05
15025.000000 3.76795000e+05
15075.000000 3.79903000e+05
15125.000000 3.78433000e+05
15175.000000 3.76516000e+05
15225.000000 3.75867000e+05
15275.000000 3.71941000e+05
15325.000000 3.70994000e+05
15375.000000 3.68919000e+05
15425.000000 3.65154000e+05
15475.000000 3.65630000e+05
15525.000000 3.62419000e+05
15575.000000 3.60251000e+05
15625.000000 3.59276000e+05
15675.000000 3.57080000e+05
15725.000000 3.54066000e+05
15775.000000 3.52098000e+05
15825.000000 3.51170000e+05
15875.000000 3.48020000e+05
15925.000000 3.46254000e+05
15975.000000 3.44842000e+05
16050.000000 3.40413000e+05
16150.000000 3.36153000e+05
16250.000000 3.30587000e+05
16350.000000 3.25879000e+05
16450.000000 3.20161000e+05
16550.000000 3.14530000e+05
16650.000000 3.08657000e+05
16750.000000 3.02323000e+05
16850.000000 2.97286000e+05
16950.000000 2.91428000e+05
17050.000000 2.85661000e+05
17150.000000 2.78651000e+05
17250.000000 2.73670000e+05
17350.000000 2.67608000e+05
17450.000000 2.61964000e+05
17550.000000 2.55501000e+05
17650.000000 2.50135000e+05
17750.000000 2.44156000e+05
17850.000000 2.38626000e+05
17950.000000 2.33741000e+05
18050.000000 2.28730000e+05
18150.000000 2.24558000e+05
18250.000000 2.21052000e+05
18350.000000 2.17072000e+05
18450.000000 2.11981000e+05
18550.000000 2.06702000e+05
18650.000000 2.04166000e+05
18750.000000 2.00783000e+05
18850.000000 1.99528000e+05
18950.000000 1.96232000e+05
19050.000000 1.93907000e+05
19150.000000 1.90880000e+05
19250.000000 1.87581000e+05
19350.000000 1.83242000e+05
19450.000000 1.79560000e+05
19550.000000 1.77334000e+05
19650.000000 1.75202000e+05
19750.000000 1.69829000e+05
19850.000000 1.67807000e+05
19950.000000 1.65495000e+05
20050.000000 1.63492000e+05
20150.000000 1.60658000e+05
20250.000000 1.58340000e+05
20350.000000 1.56133000e+05
20450.000000 1.53808000e+05
20550.000000 1.52020000e+05
20650.000000 1.49403000e+05
20750.000000 1.47616000e+05
20850.000000 1.45389000e+05
20950.000000 1.43618000e+05
21050.000000 1.41653000e+05
21150.000000 1.39803000e+05
21250.000000 1.37940000e+05
21350.000000 1.36221000e+05
21450.000000 1.34422000e+05
21550.000000 1.32666000e+05
21650.000000 1.30993000e+05
21750.000000 1.29074000e+05
21850.000000 1.27462000e+05
21950.000000 1.25724000e+05
22050.000000 1.23858000e+05
22150.000000 1.22366000e+05
22250.000000 1.20622000e+05
22350.000000 1.19168000e+05
22450.000000 1.17653000e+05
22550.000000 1.16122000e+05
22650.000000 1.14615000e+05
22750.000000 1.13143000e+05
22850.000000 1.11701000e+05
22950.000000 1.09142000e+05
23050.000000 1.08062000e+05
23150.000000 1.06723000e+05
23250.000000 1.04413000e+05
23350.000000 1.03465000e+05
23450.000000 1.02352000e+05
23550.000000 1.00200000e+05
23650.000000 9.95434000e+04
23750.000000 9.86601000e+04
23850.000000 9.65430000e+04
23950.000000 9.57976000e+04
24050.000000 9.40582000e+04
24150.000000 9.23249000e+04
24250.000000 9.09115000e+04
24350.000000 8.91561000e+04
24450.000000 8.73192000e+04
24550.000000 8.57967000e+04
24650.000000 8.38186000e+04
24750.000000 8.24538000e+04
24850.000000 8.05531000e+04
24950.000000 7.95577000e+04
25050.000000 7.83654000e+04
25150.000000 7.66118000e+04
25250.000000 7.57108000e+04
25350.000000 7.46749000e+04
25450.000000 7.42347000e+04
25550.000000 7.40471000e+04
25650.000000 7.16958000e+04
25750.000000 7.24525000e+04
25850.000000 7.21467000e+04
25950.000000 7.15358000e+04
26050.000000 7.13540000e+04
26150.000000 7.18781000e+04
26250.000000 7.10691000e+04
26350.000000 7.06501000e+04
26450.000000 6.97830000e+04
26550.000000 6.99691000e+04
26650.000000 6.86706000e+04
26750.000000 6.61891000e+04
26850.000000 6.53050000e+04
26950.000000 6.35868000e+04
27050.000000 6.32205000e+04
27150.000000 6.17437000e+04
27250.000000 6.03934000e+04
27350.000000 6.04209000e+04
27450.000000 6.08065000e+04
27550.000000 5.86733000e+04
27650.000000 5.85355000e+04
27750.000000 5.84813000e+04
27850.000000 5.67798000e+04
27950.000000 5.83803000e+04
28050.000000 5.47328000e+04
28150.000000 5.54381000e+04
28250.000000 5.47442000e+04
28350.000000 5.31728000e+04
28450.000000 5.46894000e+04
28550.000000 5.18388000e+04
28650.000000 5.33135000e+04
28750.000000 5.15485000e+04
28850.000000 5.10108000e+04
28950.000000 5.09961000e+04
29050.000000 4.90296000e+04
29150.000000 5.09726000e+04
29250.000000 4.71549000e+04
29350.000000 5.03284000e+04
29450.000000 4.61604000e+04
29550.000000 4.84975000e+04
29650.000000 4.58954000e+04
29750.000000 4.76391000e+04
29850.000000 4.46948000e+04
29950.000000 4.71603000e+04
30050.000000 4.42103000e+04
30150.000000 4.62342000e+04
30250.000000 4.36770000e+04
30350.000000 4.47271000e+04
30450.000000 4.33693000e+04
30550.000000 4.37438000e+04
30650.000000 4.34267000e+04
30750.000000 4.26029000e+04
30850.000000 4.26161000e+04
30950.000000 4.14877000e+04
31050.000000 4.26159000e+04
31150.000000 4.12556000e+04
31250.000000 4.16517000e+04
31350.000000 4.05814000e+04
31450.000000 4.06475000e+04
31550.000000 4.03373000e+04
31650.000000 4.03009000e+04
31750.000000 3.96139000e+04
31850.000000 3.96107000e+04
31950.000000 3.91749000e+04
32100.000000 3.89522000e+04
32300.000000 3.82474000e+04
32500.000000 3.78245000e+04
32700.000000 3.72118000e+04
32900.000000 3.65762000e+04
33100.000000 3.62387000e+04
33300.000000 3.55873000e+04
33500.000000 3.50025000e+04
33700.000000 3.45452000e+04
33900.000000 3.38044000e+04
34100.000000 3.33572000e+04
34300.000000 3.29533000e+04
34500.000000 3.20596000e+04
34700.000000 3.17975000e+04
34900.000000 3.11588000e+04
35100.000000 3.06182000e+04
35300.000000 3.00089000e+04
35500.000000 2.96427000e+04
35700.000000 2.90248000e+04
35900.000000 2.85176000e+04
36100.000000 2.81071000e+04
36300.000000 2.75583000e+04
36500.000000 2.70940000e+04
36700.000000 2.65978000e+04
36900.000000 2.61869000e+04
37100.000000 2.56863000e+04
37300.000000 2.52278000e+04
37500.000000 2.48686000e+04
37700.000000 2.43642000e+04
37900.000000 2.40054000e+04
38100.000000 2.35296000e+04
38300.000000 2.31337000e+04
38500.000000 2.27359000e+04
38700.000000 2.23667000e+04
38900.000000 2.19267000e+04
39100.000000 2.15706000e+04
39300.000000 2.11894000e+04
39500.000000 2.08356000e+04
39700.000000 2.04484000e+04
39900.000000 2.00373000e+04
40100.000000 1.97308000e+04
40300.000000 1.93703000e+04
40500.000000 1.90134000e+04
40700.000000 1.86314000e+04
40900.000000 1.83150000e+04
41100.000000 1.80085000e+04
41300.000000 1.77046000e+04
41500.000000 1.74165000e+04
41700.000000 1.70858000e+04
41900.000000 1.68253000e+04
42100.000000 1.65295000e+04
42300.000000 1.63056000e+04
42500.000000 1.59616000e+04
42700.000000 1.57265000e+04
42900.000000 1.53610000e+04
43100.000000 1.47621000e+04
43300.000000 1.44707000e+04
43500.000000 1.40622000e+04
43700.000000 1.35716000e+04
43900.000000 1.32506000e+04
44100.000000 1.29819000e+04
44300.000000 1.25739000e+04
44500.000000 1.23398000e+04
44700.000000 1.20889000e+04
44900.000000 1.18940000e+04
45100.000000 1.15391000e+04
45300.000000 1.14237000e+04
45500.000000 1.12661000e+04
45700.000000 1.11466000e+04
45900.000000 1.09181000e+04
46100.000000 1.08225000e+04
46300.000000 1.06362000e+04
46500.000000 1.06334000e+04
46700.000000 1.05678000e+04
46900.000000 1.03275000e+04
47100.000000 1.02286000e+04
47300.000000 1.02268000e+04
47500.000000 9.93297000e+03
47700.000000 9.78958000e+03
47900.000000 9.71703000e+03
48100.000000 9.45109000e+03
48300.000000 9.44694000e+03
48500.000000 9.23450000e+03
48700.000000 9.05953000e+03
48900.000000 8.89341000e+03
49100.000000 8.91924000e+03
49300.000000 8.60227000e+03
49500.000000 8.53136000e+03
49700.000000 8.40762000e+03
49900.000000 8.32780000e+03
50100.000000 8.09965000e+03
50300.000000 8.02718000e+03
50500.000000 7.85574000e+03
50700.000000 7.83785000e+03
50900.000000 7.69233000e+03
51100.000000 7.63815000e+03
51300.000000 7.48251000e+03
51500.000000 7.42422000e+03
51700.000000 7.26513000e+03
51900.000000 7.20365000e+03
52100.000000 7.11611000e+03
52300.000000 7.01359000e+03
52500.000000 6.87100000e+03
52700.000000 6.87592000e+03
52900.000000 6.67392000e+03
53100.000000 6.73677000e+03
53300.000000 6.52479000e+03
53500.000000 6.51756000e+03
53700.000000 6.33572000e+03
53900.000000 6.42028000e+03
54100.000000 6.22783000e+03
54300.000000 6.05197000e+03
54500.000000 6.11684000e+03
54700.000000 6.01754000e+03
54900.000000 6.00928000e+03
55100.000000 5.86324000e+03
55300.000000 5.83014000e+03
55500.000000 5.68424000e+03
55700.000000 5.62661000e+03
55900.000000 5.66913000e+03
56100.000000 5.52141000e+03
56300.000000 5.47072000e+03
56500.000000 5.41459000e+03
56700.000000 5.32923000e+03
56900.000000 5.26379000e+03
57100.000000 5.22109000e+03
57300.000000 5.08924000e+03
57500.000000 5.20659000e+03
57700.000000 5.01587000e+03
57900.000000 4.98251000e+03
58100.000000 4.99760000e+03
58300.000000 4.82305000e+03
58500.000000 4.83955000e+03
58700.000000 4.79482000e+03
58900.000000 4.73527000e+03
59100.000000 4.67944000e+03
59300.000000 4.65425000e+03
59500.000000 4.59045000e+03
59700.000000 4.51567000e+03
59900.000000 4.53040000e+03
60100.000000 4.52001000e+03
60300.000000 4.36968000e+03
60500.000000 4.30132000e+03
60700.000000 4.33529000e+03
60900.000000 4.30656000e+03
61100.000000 4.20050000e+03
61300.000000 4.26096000e+03
61500.000000 4.13777000e+03
61700.000000 4.11604000e+03
61900.000000 4.07257000e+03
62100.000000 4.02684000e+03
62300.000000 4.02083000e+03
62500.000000 3.93255000e+03
62700.000000 3.89763000e+03
62900.000000 3.87279000e+03
63100.000000 3.80882000e+03
63300.000000 3.78902000e+03
63500.000000 3.68849000e+03
63700.000000 3.69034000e+03
63900.000000 3.61468000e+03
64200.000000 3.50639000e+03
64600.000000 3.29655000e+03
65000.000000 3.16364000e+03
65400.000000 3.08912000e+03
65800.000000 2.92342000e+03
66200.000000 2.81934000e+03
66600.000000 2.82465000e+03
67000.000000 2.73563000e+03
67400.000000 2.70898000e+03
67800.000000 2.60794000e+03
68200.000000 2.51353000e+03
68600.000000 2.53386000e+03
69000.000000 2.48130000e+03
69400.000000 2.40976000e+03
69800.000000 2.42158000e+03
70200.000000 2.31020000e+03
70600.000000 2.27692000e+03
71000.000000 2.23699000e+03
71400.000000 2.20985000e+03
71800.000000 2.18515000e+03
72200.000000 2.09430000e+03
72600.000000 2.06535000e+03
73000.000000 2.06667000e+03
73400.000000 1.98268000e+03
73800.000000 1.97231000e+03
74200.000000 1.91224000e+03
74600.000000 1.88319000e+03
75000.000000 1.86824000e+03
75400.000000 1.82283000e+03
75800.000000 1.75329000e+03
76200.000000 1.72948000e+03
76600.000000 1.70311000e+03
77000.000000 1.68718000e+03
77400.000000 1.61357000e+03
77800.000000 1.61227000e+03
78200.000000 1.57333000e+03
78600.000000 1.54400000e+03
79000.000000 1.47957000e+03
79400.000000 1.49799000e+03
79800.000000 1.43550000e+03
80200.000000 1.43205000e+03
80600.000000 1.39329000e+03
81000.000000 1.35809000e+03
81400.000000 1.34500000e+03
81800.000000 1.32270000e+03
82200.000000 1.28979000e+03
82600.000000 1.29483000e+03
83000.000000 1.25936000e+03
83400.000000 1.22234000e+03
83800.000000 1.19396000e+03
84200.000000 1.21622000e+03
84600.000000 1.17996000e+03
85000.000000 1.14375000e+03
85400.000000 1.14246000e+03
85800.000000 1.12497000e+03
86200.000000 1.11461000e+03
86600.000000 1.09524000e+03
87000.000000 1.08699000e+03
87400.000000 1.04885000e+03
87800.000000 1.04112000e+03
88200.000000 1.02531000e+03
88600.000000 1.01074000e+03
89000.000000 1.00548000e+03
89400.000000 9.89483000e+02
89800.000000 9.68308000e+02
90200.000000 9.61683000e+02
90600.000000 9.46051000e+02
91000.000000 9.28244000e+02
91400.000000 9.16800000e+02
91800.000000 9.01899000e+02
92200.000000 8.92628000e+02
92600.000000 8.71313000e+02
93000.000000 8.67144000e+02
93400.000000 8.53039000e+02
93800.000000 8.38885000e+02
94200.000000 8.18276000e+02
94600.000000 8.03498000e+02
95000.000000 7.94743000e+02
95400.000000 7.97571000e+02
95800.000000 7.71139000e+02
96200.000000 7.59285000e+02
96600.000000 7.48771000e+02
97000.000000 7.38004000e+02
97400.000000 7.30247000e+02
97800.000000 7.20032000e+02
98200.000000 7.04802000e+02
98600.000000 6.95763000e+02
99000.000000 6.58095000e+02
99400.000000 6.71301000e+02
99800.000000 6.57572000e+02
100200.000000 6.47717000e+02
200000.000000 4.49363000e+01
400000.000000 2.88457000e+00
600000.000000 5.68506000e-01
800000.000000 1.78664000e-01
1000000.000000 7.26334000e-02
1200000.000000 3.47742000e-02
1400000.000000 1.86433000e-02
1600000.000000 1.08594000e-02
