# Kurucz ODFNEW /NOVER, alpha: 0.0 (2003)
# teff = 11500 K (value for the effective temperature for the model. Temperatures are given in K)
# logg = 2 log(cm/s2) (value for Log(G) for the model.)
# lh = 1.25  (l/Hp where l is the  mixing length of the convective element and Hp is the pressure scale height)
# meta = 0  (value for the Metallicity for the model.)
# vtur = 2 km/s (Microturbulence velocity)
# alpha = 0  (Alpha)
#
# column 1: WAVELENGTH (ANGSTROM), Wavelength in Angstrom
# column 2: FLUX (ERG/CM2/S/A), Flux in erg/cm2/s/A
246.500000 1.31894000e-22
252.400000 7.89641000e-22
256.800000 2.79693000e-21
260.000000 6.82850000e-21
264.000000 2.02235000e-20
268.500000 6.57074000e-20
273.500000 2.32699000e-19
278.500000 7.94528000e-19
284.000000 2.91520000e-18
290.000000 1.13740000e-17
296.000000 4.18523000e-17
301.000000 1.19903000e-16
308.000000 4.94541000e-16
318.000000 3.36558000e-15
328.000000 2.04613000e-14
338.000000 1.11880000e-13
348.000000 5.57392000e-13
357.000000 2.22557000e-12
366.000000 8.19965000e-12
375.000000 2.82524000e-11
385.000000 1.05006000e-10
395.000000 3.63993000e-10
405.000000 1.19292000e-09
414.000000 3.30162000e-09
422.000000 7.85851000e-09
430.000000 1.80474000e-08
441.000000 5.45798000e-08
451.000000 1.41515000e-07
460.000000 3.22089000e-07
470.000000 7.74095000e-07
480.000000 1.79192000e-06
490.000000 4.01489000e-06
500.000000 8.68391000e-06
506.000000 5.26346000e-04
512.000000 1.41766000e-03
520.000000 2.31109000e-03
530.000000 4.21202000e-03
540.000000 7.03254000e-03
550.000000 1.29396000e-02
560.000000 2.18061000e-02
570.000000 3.64450000e-02
580.000000 5.53761000e-02
590.000000 9.49994000e-02
600.000000 1.49855000e-01
610.000000 2.35889000e-01
620.000000 3.54404000e-01
630.000000 5.34531000e-01
640.000000 7.76480000e-01
650.000000 1.14784000e+00
658.000000 1.54785000e+00
665.000000 1.96328000e+00
675.000000 2.77273000e+00
685.000000 3.89893000e+00
695.000000 5.47454000e+00
705.000000 7.49047000e+00
716.000000 1.04600000e+01
726.000000 1.41614000e+01
735.000000 1.81654000e+01
745.000000 2.43248000e+01
755.000000 3.20781000e+01
765.000000 4.16760000e+01
775.000000 5.44736000e+01
785.000000 7.03848000e+01
795.000000 8.91597000e+01
805.000000 1.13514000e+02
815.000000 1.41980000e+02
825.000000 1.78223000e+02
835.000000 2.19124000e+02
845.000000 2.73990000e+02
855.000000 3.37921000e+02
865.000000 4.16347000e+02
875.000000 5.06816000e+02
885.000000 6.22219000e+02
895.000000 7.49720000e+02
905.000000 8.77951000e+02
915.000000 2.30157000e+04
925.000000 1.70030000e+05
935.000000 3.43580000e+05
945.000000 1.73206000e+06
955.000000 4.58755000e+06
965.000000 6.74025000e+06
975.000000 1.84635000e+06
985.000000 8.26904000e+06
995.000000 7.71629000e+06
1005.000000 9.68133000e+06
1015.000000 1.13996000e+07
1025.000000 2.70270000e+06
1035.000000 4.11256000e+06
1045.000000 1.59133000e+07
1055.000000 1.92466000e+07
1065.000000 1.66014000e+07
1075.000000 2.36637000e+07
1085.000000 1.98169000e+07
1095.000000 2.70655000e+07
1105.000000 3.86070000e+07
1115.000000 7.44777000e+07
1125.000000 7.12426000e+07
1135.000000 1.06767000e+08
1145.000000 1.01666000e+08
1155.000000 1.22065000e+08
1165.000000 1.40352000e+08
1175.000000 1.26447000e+08
1185.000000 1.01194000e+08
1195.000000 5.38334000e+06
1205.000000 1.01552000e+07
1215.000000 1.40280000e+06
1225.000000 1.98090000e+07
1235.000000 1.10557000e+08
1245.000000 2.07324000e+08
1255.000000 2.22099000e+08
1265.000000 1.23117000e+08
1275.000000 2.41593000e+08
1285.000000 2.87676000e+08
1295.000000 1.76460000e+08
1305.000000 9.33315000e+07
1315.000000 2.38187000e+08
1325.000000 2.71835000e+08
1335.000000 1.72075000e+08
1345.000000 3.10230000e+08
1355.000000 3.06324000e+08
1365.000000 2.46290000e+08
1375.000000 2.91022000e+08
1385.000000 3.00032000e+08
1395.000000 2.96366000e+08
1405.000000 3.03002000e+08
1415.000000 2.74142000e+08
1425.000000 3.03591000e+08
1435.000000 2.87282000e+08
1442.000000 3.19521000e+08
1447.000000 3.42668000e+08
1455.000000 3.31721000e+08
1465.000000 3.04090000e+08
1475.000000 2.91133000e+08
1485.000000 3.18214000e+08
1495.000000 3.31822000e+08
1505.000000 3.23451000e+08
1512.000000 2.87473000e+08
1517.000000 3.18927000e+08
1525.000000 2.91939000e+08
1535.000000 2.56842000e+08
1545.000000 3.08861000e+08
1555.000000 2.76328000e+08
1565.000000 2.68824000e+08
1575.000000 2.72346000e+08
1585.000000 3.07100000e+08
1595.000000 3.18321000e+08
1605.000000 2.97768000e+08
1615.000000 3.02816000e+08
1625.000000 2.75176000e+08
1635.000000 2.94664000e+08
1645.000000 3.01520000e+08
1655.000000 2.67009000e+08
1665.000000 2.93763000e+08
1672.000000 1.92597000e+08
1677.000000 2.85260000e+08
1685.000000 3.20228000e+08
1695.000000 3.01420000e+08
1705.000000 2.77925000e+08
1715.000000 2.55365000e+08
1725.000000 2.56211000e+08
1735.000000 2.76719000e+08
1745.000000 2.75251000e+08
1755.000000 3.08170000e+08
1765.000000 2.62760000e+08
1775.000000 2.83806000e+08
1785.000000 2.88108000e+08
1795.000000 3.19855000e+08
1805.000000 3.12574000e+08
1815.000000 2.93426000e+08
1825.000000 2.91780000e+08
1835.000000 2.77499000e+08
1845.000000 2.55884000e+08
1855.000000 2.30240000e+08
1865.000000 2.43006000e+08
1875.000000 2.92457000e+08
1885.000000 2.70373000e+08
1895.000000 2.54645000e+08
1905.000000 2.68391000e+08
1915.000000 2.58907000e+08
1925.000000 2.61186000e+08
1935.000000 2.74752000e+08
1945.000000 2.78368000e+08
1955.000000 2.62989000e+08
1967.000000 2.92905000e+08
1976.000000 3.01522000e+08
1984.000000 2.81916000e+08
1995.000000 2.67211000e+08
2005.000000 2.80043000e+08
2015.000000 2.60133000e+08
2025.000000 2.81760000e+08
2035.000000 2.61977000e+08
2045.000000 2.78212000e+08
2055.000000 2.55725000e+08
2065.000000 2.59403000e+08
2074.000000 2.82187000e+08
2078.000000 2.67413000e+08
2085.000000 2.76670000e+08
2095.000000 2.60061000e+08
2105.000000 2.57409000e+08
2115.000000 2.59032000e+08
2125.000000 2.64875000e+08
2135.000000 2.29663000e+08
2145.000000 2.47669000e+08
2155.000000 2.62338000e+08
2165.000000 2.47519000e+08
2175.000000 2.41712000e+08
2185.000000 2.33894000e+08
2195.000000 2.52887000e+08
2205.000000 2.41789000e+08
2215.000000 2.21052000e+08
2225.000000 2.08682000e+08
2235.000000 2.35447000e+08
2245.000000 2.12178000e+08
2255.000000 2.02425000e+08
2265.000000 2.12509000e+08
2275.000000 2.22597000e+08
2285.000000 2.30429000e+08
2295.000000 2.18340000e+08
2305.000000 2.05949000e+08
2315.000000 1.93348000e+08
2325.000000 1.91354000e+08
2335.000000 1.76714000e+08
2345.000000 1.69031000e+08
2355.000000 1.91224000e+08
2365.000000 1.67167000e+08
2375.000000 1.76015000e+08
2385.000000 1.55011000e+08
2395.000000 1.75925000e+08
2405.000000 1.63086000e+08
2415.000000 1.70420000e+08
2425.000000 1.84046000e+08
2435.000000 1.74570000e+08
2445.000000 1.90929000e+08
2455.000000 1.83132000e+08
2465.000000 1.84154000e+08
2475.000000 1.74803000e+08
2485.000000 1.89261000e+08
2495.000000 1.82330000e+08
2505.000000 1.99831000e+08
2513.000000 1.74973000e+08
2518.000000 1.86252000e+08
2525.000000 1.70419000e+08
2535.000000 1.73726000e+08
2545.000000 1.66849000e+08
2555.000000 1.79188000e+08
2565.000000 1.74450000e+08
2575.000000 1.92262000e+08
2585.000000 1.85455000e+08
2595.000000 1.84633000e+08
2605.000000 1.74407000e+08
2615.000000 1.72812000e+08
2625.000000 1.82252000e+08
2635.000000 1.83535000e+08
2645.000000 2.02149000e+08
2655.000000 1.98166000e+08
2665.000000 1.80010000e+08
2675.000000 1.91096000e+08
2685.000000 1.86206000e+08
2695.000000 1.80298000e+08
2705.000000 1.87339000e+08
2715.000000 1.77166000e+08
2725.000000 1.79399000e+08
2735.000000 1.92328000e+08
2745.000000 1.61261000e+08
2755.000000 1.61641000e+08
2765.000000 1.67801000e+08
2775.000000 1.80179000e+08
2785.000000 1.80962000e+08
2795.000000 1.56015000e+08
2805.000000 1.69322000e+08
2815.000000 1.83686000e+08
2825.000000 1.84791000e+08
2835.000000 1.72826000e+08
2845.000000 1.67191000e+08
2855.000000 1.66831000e+08
2865.000000 1.75412000e+08
2875.000000 1.69185000e+08
2885.000000 1.72685000e+08
2895.000000 1.66415000e+08
2910.000000 1.81712000e+08
2930.000000 1.74956000e+08
2950.000000 1.73518000e+08
2970.000000 1.73884000e+08
2990.000000 1.73509000e+08
3010.000000 1.77581000e+08
3030.000000 1.74579000e+08
3050.000000 1.71321000e+08
3070.000000 1.68745000e+08
3090.000000 1.70110000e+08
3110.000000 1.64685000e+08
3130.000000 1.62668000e+08
3150.000000 1.63863000e+08
3170.000000 1.60666000e+08
3190.000000 1.54740000e+08
3210.000000 1.57246000e+08
3230.000000 1.54835000e+08
3250.000000 1.53677000e+08
3270.000000 1.53043000e+08
3290.000000 1.52079000e+08
3310.000000 1.51811000e+08
3330.000000 1.48726000e+08
3350.000000 1.46079000e+08
3370.000000 1.44832000e+08
3390.000000 1.42482000e+08
3410.000000 1.43368000e+08
3430.000000 1.41797000e+08
3450.000000 1.40408000e+08
3470.000000 1.37896000e+08
3490.000000 1.36577000e+08
3510.000000 1.36646000e+08
3530.000000 1.36275000e+08
3550.000000 1.35120000e+08
3570.000000 1.33017000e+08
3590.000000 1.31542000e+08
3610.000000 1.30256000e+08
3630.000000 1.28647000e+08
3640.000000 1.28524000e+08
3650.000000 1.28242000e+08
3670.000000 1.25419000e+08
3690.000000 1.25740000e+08
3710.000000 1.48312000e+08
3730.000000 1.72463000e+08
3750.000000 2.05471000e+08
3770.000000 2.03223000e+08
3790.000000 2.11653000e+08
3810.000000 2.23719000e+08
3830.000000 1.98066000e+08
3850.000000 2.22238000e+08
3870.000000 2.22072000e+08
3890.000000 1.90783000e+08
3910.000000 2.17483000e+08
3930.000000 2.12397000e+08
3950.000000 2.13506000e+08
3970.000000 1.78489000e+08
3990.000000 2.07536000e+08
4010.000000 2.04442000e+08
4030.000000 1.99616000e+08
4050.000000 2.00403000e+08
4070.000000 1.96323000e+08
4090.000000 1.91525000e+08
4110.000000 1.67725000e+08
4130.000000 1.86738000e+08
4150.000000 1.86679000e+08
4170.000000 1.83879000e+08
4190.000000 1.82321000e+08
4210.000000 1.80610000e+08
4230.000000 1.77716000e+08
4250.000000 1.75188000e+08
4270.000000 1.72169000e+08
4290.000000 1.71292000e+08
4310.000000 1.68306000e+08
4330.000000 1.60719000e+08
4350.000000 1.44749000e+08
4370.000000 1.62555000e+08
4390.000000 1.58819000e+08
4410.000000 1.58604000e+08
4430.000000 1.56039000e+08
4450.000000 1.54860000e+08
4470.000000 1.51420000e+08
4490.000000 1.49019000e+08
4510.000000 1.48333000e+08
4530.000000 1.46200000e+08
4550.000000 1.43300000e+08
4570.000000 1.43695000e+08
4590.000000 1.40484000e+08
4610.000000 1.40582000e+08
4630.000000 1.36900000e+08
4650.000000 1.37008000e+08
4670.000000 1.34928000e+08
4690.000000 1.33763000e+08
4710.000000 1.30579000e+08
4730.000000 1.30058000e+08
4750.000000 1.28426000e+08
4770.000000 1.27737000e+08
4790.000000 1.26073000e+08
4810.000000 1.24146000e+08
4830.000000 1.22448000e+08
4850.000000 1.17696000e+08
4870.000000 1.04121000e+08
4890.000000 1.18449000e+08
4910.000000 1.17019000e+08
4930.000000 1.14507000e+08
4950.000000 1.14323000e+08
4970.000000 1.13224000e+08
4990.000000 1.11539000e+08
5010.000000 1.08351000e+08
5030.000000 1.08232000e+08
5050.000000 1.05978000e+08
5070.000000 1.06096000e+08
5090.000000 1.04848000e+08
5110.000000 1.03291000e+08
5130.000000 1.02546000e+08
5150.000000 1.00767000e+08
5170.000000 9.95590000e+07
5190.000000 9.88002000e+07
5210.000000 9.70771000e+07
5230.000000 9.60358000e+07
5250.000000 9.55885000e+07
5270.000000 9.37914000e+07
5290.000000 9.38320000e+07
5310.000000 9.19534000e+07
5330.000000 9.16333000e+07
5350.000000 9.06270000e+07
5370.000000 8.96919000e+07
5390.000000 8.87137000e+07
5410.000000 8.75608000e+07
5430.000000 8.64749000e+07
5450.000000 8.57843000e+07
5470.000000 8.47188000e+07
5490.000000 8.39739000e+07
5510.000000 8.29137000e+07
5530.000000 8.21882000e+07
5550.000000 8.13890000e+07
5570.000000 8.04692000e+07
5590.000000 7.96352000e+07
5610.000000 7.88924000e+07
5630.000000 7.81380000e+07
5650.000000 7.67184000e+07
5670.000000 7.61219000e+07
5690.000000 7.55644000e+07
5710.000000 7.48453000e+07
5730.000000 7.40472000e+07
5750.000000 7.32596000e+07
5770.000000 7.24968000e+07
5790.000000 7.15979000e+07
5810.000000 7.09083000e+07
5830.000000 7.01644000e+07
5850.000000 6.94697000e+07
5870.000000 6.80678000e+07
5890.000000 6.78224000e+07
5910.000000 6.72951000e+07
5930.000000 6.66909000e+07
5950.000000 6.55761000e+07
5970.000000 6.51818000e+07
5990.000000 6.43305000e+07
6010.000000 6.39750000e+07
6030.000000 6.33006000e+07
6050.000000 6.26316000e+07
6070.000000 6.19824000e+07
6090.000000 6.13392000e+07
6110.000000 6.07839000e+07
6130.000000 6.01524000e+07
6150.000000 5.91402000e+07
6170.000000 5.89207000e+07
6190.000000 5.83725000e+07
6210.000000 5.77929000e+07
6230.000000 5.71128000e+07
6250.000000 5.61451000e+07
6270.000000 5.60826000e+07
6290.000000 5.54857000e+07
6310.000000 5.48005000e+07
6330.000000 5.43842000e+07
6350.000000 5.32705000e+07
6370.000000 5.29068000e+07
6390.000000 5.27459000e+07
6410.000000 5.21724000e+07
6430.000000 5.17901000e+07
6450.000000 5.10646000e+07
6470.000000 5.08079000e+07
6490.000000 5.01911000e+07
6510.000000 4.96521000e+07
6530.000000 4.91364000e+07
6550.000000 4.74968000e+07
6570.000000 4.13709000e+07
6590.000000 4.75725000e+07
6610.000000 4.74498000e+07
6630.000000 4.69959000e+07
6650.000000 4.66038000e+07
6670.000000 4.60038000e+07
6690.000000 4.55945000e+07
6710.000000 4.52770000e+07
6730.000000 4.48445000e+07
6750.000000 4.44353000e+07
6770.000000 4.40276000e+07
6790.000000 4.35823000e+07
6810.000000 4.31846000e+07
6830.000000 4.27253000e+07
6850.000000 4.23670000e+07
6870.000000 4.19841000e+07
6890.000000 4.16082000e+07
6910.000000 4.12083000e+07
6930.000000 4.07614000e+07
6950.000000 4.04694000e+07
6970.000000 4.01033000e+07
6990.000000 3.97547000e+07
7010.000000 3.93602000e+07
7030.000000 3.90238000e+07
7050.000000 3.85382000e+07
7070.000000 3.81433000e+07
7090.000000 3.79854000e+07
7110.000000 3.75924000e+07
7130.000000 3.72595000e+07
7150.000000 3.69519000e+07
7170.000000 3.66222000e+07
7190.000000 3.63014000e+07
7210.000000 3.59879000e+07
7230.000000 3.55441000e+07
7250.000000 3.53203000e+07
7270.000000 3.50286000e+07
7290.000000 3.46729000e+07
7310.000000 3.43882000e+07
7330.000000 3.41041000e+07
7350.000000 3.38323000e+07
7370.000000 3.35344000e+07
7390.000000 3.32394000e+07
7410.000000 3.29387000e+07
7430.000000 3.26095000e+07
7450.000000 3.23416000e+07
7470.000000 3.20012000e+07
7490.000000 3.17728000e+07
7510.000000 3.14669000e+07
7530.000000 3.12581000e+07
7550.000000 3.09929000e+07
7570.000000 3.07294000e+07
7590.000000 3.04546000e+07
7610.000000 3.02212000e+07
7630.000000 2.99536000e+07
7650.000000 2.96691000e+07
7670.000000 2.94377000e+07
7690.000000 2.91803000e+07
7710.000000 2.89157000e+07
7730.000000 2.86969000e+07
7750.000000 2.84517000e+07
7770.000000 2.78449000e+07
7790.000000 2.79759000e+07
7810.000000 2.77587000e+07
7830.000000 2.75212000e+07
7850.000000 2.71904000e+07
7870.000000 2.69575000e+07
7890.000000 2.66855000e+07
7910.000000 2.66079000e+07
7930.000000 2.64044000e+07
7950.000000 2.61060000e+07
7970.000000 2.59621000e+07
7990.000000 2.55885000e+07
8010.000000 2.55402000e+07
8030.000000 2.53284000e+07
8050.000000 2.51172000e+07
8070.000000 2.49154000e+07
8090.000000 2.47031000e+07
8110.000000 2.44978000e+07
8130.000000 2.43107000e+07
8150.000000 2.41133000e+07
8170.000000 2.39293000e+07
8190.000000 2.37059000e+07
8210.000000 2.34346000e+07
8230.000000 2.32141000e+07
8250.000000 2.31553000e+07
8270.000000 2.29989000e+07
8290.000000 2.27356000e+07
8310.000000 2.25838000e+07
8330.000000 2.23354000e+07
8350.000000 2.21626000e+07
8370.000000 2.18100000e+07
8390.000000 2.17152000e+07
8410.000000 2.14821000e+07
8430.000000 2.16607000e+07
8450.000000 2.13135000e+07
8470.000000 2.07697000e+07
8490.000000 2.18914000e+07
8510.000000 2.03918000e+07
8530.000000 2.19423000e+07
8550.000000 1.99222000e+07
8570.000000 2.19534000e+07
8590.000000 2.09379000e+07
8610.000000 2.04164000e+07
8630.000000 2.18844000e+07
8650.000000 2.15598000e+07
8670.000000 1.90427000e+07
8690.000000 2.14341000e+07
8710.000000 2.14455000e+07
8730.000000 2.11165000e+07
8750.000000 1.85264000e+07
8770.000000 2.06613000e+07
8790.000000 2.08063000e+07
8810.000000 2.06551000e+07
8830.000000 2.04003000e+07
8850.000000 1.98623000e+07
8870.000000 1.78125000e+07
8890.000000 1.99447000e+07
8910.000000 1.98491000e+07
8930.000000 1.96502000e+07
8950.000000 1.95884000e+07
8970.000000 1.94393000e+07
8990.000000 1.91972000e+07
9010.000000 1.71737000e+07
9030.000000 1.83003000e+07
9050.000000 1.88157000e+07
9070.000000 1.85615000e+07
9090.000000 1.84188000e+07
9110.000000 1.83753000e+07
9130.000000 1.82293000e+07
9150.000000 1.81519000e+07
9170.000000 1.79658000e+07
9190.000000 1.77623000e+07
9210.000000 1.74965000e+07
9230.000000 1.53256000e+07
9250.000000 1.71505000e+07
9270.000000 1.70559000e+07
9290.000000 1.71707000e+07
9310.000000 1.70875000e+07
9330.000000 1.69455000e+07
9350.000000 1.68524000e+07
9370.000000 1.67247000e+07
9390.000000 1.65818000e+07
9410.000000 1.63178000e+07
9430.000000 1.63512000e+07
9450.000000 1.62500000e+07
9470.000000 1.61150000e+07
9490.000000 1.60083000e+07
9510.000000 1.58535000e+07
9530.000000 1.55618000e+07
9550.000000 1.37449000e+07
9570.000000 1.54312000e+07
9590.000000 1.54382000e+07
9610.000000 1.53160000e+07
9630.000000 1.50819000e+07
9650.000000 1.51145000e+07
9670.000000 1.49735000e+07
9690.000000 1.48937000e+07
9710.000000 1.47944000e+07
9730.000000 1.46903000e+07
9750.000000 1.45786000e+07
9770.000000 1.44854000e+07
9790.000000 1.43799000e+07
9810.000000 1.42720000e+07
9830.000000 1.41645000e+07
9850.000000 1.40662000e+07
9870.000000 1.39725000e+07
9890.000000 1.38560000e+07
9910.000000 1.37737000e+07
9930.000000 1.36827000e+07
9950.000000 1.35851000e+07
9970.000000 1.34935000e+07
9990.000000 1.33992000e+07
10025.000000 1.29800000e+07
10075.000000 1.24273000e+07
10125.000000 1.27187000e+07
10175.000000 1.25539000e+07
10225.000000 1.23561000e+07
10275.000000 1.21473000e+07
10325.000000 1.19342000e+07
10375.000000 1.17404000e+07
10425.000000 1.15472000e+07
10475.000000 1.13477000e+07
10525.000000 1.11510000e+07
10575.000000 1.09788000e+07
10625.000000 1.08019000e+07
10675.000000 1.05803000e+07
10725.000000 1.04403000e+07
10775.000000 1.02781000e+07
10825.000000 1.00740000e+07
10875.000000 9.94944000e+06
10925.000000 9.22762000e+06
10975.000000 9.56159000e+06
11025.000000 9.47661000e+06
11075.000000 9.33349000e+06
11125.000000 9.18434000e+06
11175.000000 9.03869000e+06
11225.000000 8.89884000e+06
11275.000000 8.71519000e+06
11325.000000 8.59170000e+06
11375.000000 8.48896000e+06
11425.000000 8.35739000e+06
11475.000000 8.23122000e+06
11525.000000 8.10493000e+06
11575.000000 7.98135000e+06
11625.000000 7.84733000e+06
11675.000000 7.72802000e+06
11725.000000 7.62033000e+06
11775.000000 7.48184000e+06
11825.000000 7.39284000e+06
11875.000000 7.27862000e+06
11925.000000 7.17850000e+06
11975.000000 7.06562000e+06
12025.000000 6.96738000e+06
12075.000000 6.86484000e+06
12125.000000 6.76298000e+06
12175.000000 6.66511000e+06
12225.000000 6.56759000e+06
12275.000000 6.47144000e+06
12325.000000 6.37837000e+06
12375.000000 6.28733000e+06
12425.000000 6.19803000e+06
12475.000000 6.10099000e+06
12525.000000 6.02116000e+06
12575.000000 5.93145000e+06
12625.000000 5.85052000e+06
12675.000000 5.77045000e+06
12725.000000 5.68960000e+06
12775.000000 5.59344000e+06
12825.000000 5.22170000e+06
12875.000000 5.44916000e+06
12925.000000 5.37935000e+06
12975.000000 5.30373000e+06
13025.000000 5.23244000e+06
13075.000000 5.16055000e+06
13125.000000 5.09003000e+06
13175.000000 5.01458000e+06
13225.000000 4.95282000e+06
13275.000000 4.88587000e+06
13325.000000 4.81999000e+06
13375.000000 4.75517000e+06
13425.000000 4.69013000e+06
13475.000000 4.62780000e+06
13525.000000 4.56543000e+06
13575.000000 4.50569000e+06
13625.000000 4.44610000e+06
13675.000000 4.38504000e+06
13725.000000 4.32795000e+06
13775.000000 4.27415000e+06
13825.000000 4.21826000e+06
13875.000000 4.16365000e+06
13925.000000 4.10913000e+06
13975.000000 4.05624000e+06
14025.000000 4.00439000e+06
14075.000000 3.95279000e+06
14125.000000 3.90163000e+06
14175.000000 3.85278000e+06
14225.000000 3.80377000e+06
14275.000000 3.75573000e+06
14325.000000 3.70808000e+06
14375.000000 3.66100000e+06
14425.000000 3.61013000e+06
14475.000000 3.56905000e+06
14525.000000 3.52309000e+06
14570.000000 3.48628000e+06
14620.000000 3.44256000e+06
14675.000000 3.39739000e+06
14725.000000 3.35576000e+06
14775.000000 3.31341000e+06
14825.000000 3.27499000e+06
14875.000000 3.23377000e+06
14925.000000 3.19387000e+06
14975.000000 3.15410000e+06
15025.000000 3.11062000e+06
15075.000000 3.07228000e+06
15125.000000 3.03290000e+06
15175.000000 2.99724000e+06
15225.000000 2.98214000e+06
15275.000000 2.91291000e+06
15325.000000 2.88062000e+06
15375.000000 2.88248000e+06
15425.000000 2.79589000e+06
15475.000000 2.82536000e+06
15525.000000 2.80047000e+06
15575.000000 2.68313000e+06
15625.000000 2.75271000e+06
15675.000000 2.69316000e+06
15725.000000 2.59867000e+06
15775.000000 2.66745000e+06
15825.000000 2.63889000e+06
15875.000000 2.47923000e+06
15925.000000 2.57481000e+06
15975.000000 2.56152000e+06
16050.000000 2.51116000e+06
16150.000000 2.39379000e+06
16250.000000 2.40750000e+06
16350.000000 2.34376000e+06
16450.000000 2.23752000e+06
16550.000000 2.24990000e+06
16650.000000 2.20026000e+06
16750.000000 2.14171000e+06
16850.000000 2.04604000e+06
16950.000000 2.05750000e+06
17050.000000 2.01361000e+06
17150.000000 1.97111000e+06
17250.000000 1.92870000e+06
17350.000000 1.82781000e+06
17450.000000 1.84515000e+06
17550.000000 1.80865000e+06
17650.000000 1.77104000e+06
17750.000000 1.73369000e+06
17850.000000 1.69836000e+06
17950.000000 1.66393000e+06
18050.000000 1.62705000e+06
18150.000000 1.54890000e+06
18250.000000 1.55878000e+06
18350.000000 1.53233000e+06
18450.000000 1.50171000e+06
18550.000000 1.47078000e+06
18650.000000 1.44086000e+06
18750.000000 1.36874000e+06
18850.000000 1.38532000e+06
18950.000000 1.35867000e+06
19050.000000 1.33219000e+06
19150.000000 1.30661000e+06
19250.000000 1.28117000e+06
19350.000000 1.25659000e+06
19450.000000 1.19471000e+06
19550.000000 1.20904000e+06
19650.000000 1.18642000e+06
19750.000000 1.16400000e+06
19850.000000 1.14217000e+06
19950.000000 1.12090000e+06
20050.000000 1.10001000e+06
20150.000000 1.07965000e+06
20250.000000 1.05973000e+06
20350.000000 1.04034000e+06
20450.000000 1.02127000e+06
20550.000000 1.00252000e+06
20650.000000 9.84622000e+05
20750.000000 9.66930000e+05
20850.000000 9.49531000e+05
20950.000000 9.32505000e+05
21050.000000 9.16014000e+05
21150.000000 8.99456000e+05
21250.000000 8.83752000e+05
21350.000000 8.68137000e+05
21450.000000 8.53020000e+05
21550.000000 8.38389000e+05
21650.000000 7.98424000e+05
21750.000000 8.09105000e+05
21850.000000 7.95797000e+05
21950.000000 7.82151000e+05
22050.000000 7.68929000e+05
22150.000000 7.55843000e+05
22250.000000 7.43136000e+05
22350.000000 7.30664000e+05
22450.000000 7.18443000e+05
22550.000000 7.06462000e+05
22650.000000 6.94753000e+05
22750.000000 6.83257000e+05
22850.000000 6.72095000e+05
22950.000000 6.61122000e+05
23050.000000 6.50421000e+05
23150.000000 6.39900000e+05
23250.000000 6.29592000e+05
23350.000000 6.19464000e+05
23450.000000 6.09492000e+05
23550.000000 5.99708000e+05
23650.000000 5.90040000e+05
23750.000000 5.80740000e+05
23850.000000 5.71456000e+05
23950.000000 5.62320000e+05
24050.000000 5.52951000e+05
24150.000000 5.43769000e+05
24250.000000 5.37545000e+05
24350.000000 5.27026000e+05
24450.000000 5.18218000e+05
24550.000000 5.13180000e+05
24650.000000 5.03277000e+05
24750.000000 4.95750000e+05
24850.000000 4.91628000e+05
24950.000000 4.76063000e+05
25050.000000 4.77151000e+05
25150.000000 4.70183000e+05
25250.000000 4.53390000e+05
25350.000000 4.56216000e+05
25450.000000 4.50003000e+05
25550.000000 4.42973000e+05
25650.000000 4.25606000e+05
25750.000000 4.30437000e+05
25850.000000 4.25219000e+05
25950.000000 4.19083000e+05
26050.000000 4.11475000e+05
26150.000000 3.94446000e+05
26250.000000 3.86925000e+05
26350.000000 3.94682000e+05
26450.000000 3.89630000e+05
26550.000000 3.84045000e+05
26650.000000 3.78272000e+05
26750.000000 3.60907000e+05
26850.000000 3.67599000e+05
26950.000000 3.62708000e+05
27050.000000 3.57606000e+05
27150.000000 3.52600000e+05
27250.000000 3.47673000e+05
27350.000000 3.42834000e+05
27450.000000 3.38055000e+05
27550.000000 3.23495000e+05
27650.000000 3.26865000e+05
27750.000000 3.24294000e+05
27850.000000 3.19856000e+05
27950.000000 3.15498000e+05
28050.000000 3.11208000e+05
28150.000000 3.06985000e+05
28250.000000 3.02833000e+05
28350.000000 2.98741000e+05
28450.000000 2.94750000e+05
28550.000000 2.90826000e+05
28650.000000 2.86243000e+05
28750.000000 2.74009000e+05
28850.000000 2.79369000e+05
28950.000000 2.75604000e+05
29050.000000 2.72085000e+05
29150.000000 2.68492000e+05
29250.000000 2.65012000e+05
29350.000000 2.61548000e+05
29450.000000 2.58167000e+05
29550.000000 2.54835000e+05
29650.000000 2.51546000e+05
29750.000000 2.48313000e+05
29850.000000 2.45134000e+05
29950.000000 2.42005000e+05
30050.000000 2.38924000e+05
30150.000000 2.35891000e+05
30250.000000 2.32893000e+05
30350.000000 2.24122000e+05
30450.000000 2.24936000e+05
30550.000000 2.24176000e+05
30650.000000 2.21437000e+05
30750.000000 2.18676000e+05
30850.000000 2.15835000e+05
30950.000000 2.13291000e+05
31050.000000 2.10661000e+05
31150.000000 2.08068000e+05
31250.000000 2.05512000e+05
31350.000000 2.03007000e+05
31450.000000 2.00526000e+05
31550.000000 1.98095000e+05
31650.000000 1.95687000e+05
31750.000000 1.93331000e+05
31850.000000 1.91008000e+05
31950.000000 1.88715000e+05
32100.000000 1.85343000e+05
32300.000000 1.80960000e+05
32500.000000 1.76703000e+05
32700.000000 1.72572000e+05
32900.000000 1.65197000e+05
33100.000000 1.64094000e+05
33300.000000 1.60627000e+05
33500.000000 1.56979000e+05
33700.000000 1.53417000e+05
33900.000000 1.49969000e+05
34100.000000 1.46612000e+05
34300.000000 1.43344000e+05
34500.000000 1.40171000e+05
34700.000000 1.37083000e+05
34900.000000 1.34053000e+05
35100.000000 1.31151000e+05
35300.000000 1.28305000e+05
35500.000000 1.25474000e+05
35700.000000 1.22712000e+05
35900.000000 1.20399000e+05
36100.000000 1.17455000e+05
36300.000000 1.15396000e+05
36500.000000 1.12443000e+05
36700.000000 1.10662000e+05
36900.000000 1.07623000e+05
37100.000000 1.06123000e+05
37300.000000 1.03320000e+05
37500.000000 9.96923000e+04
37700.000000 9.97877000e+04
37900.000000 9.78010000e+04
38100.000000 9.50978000e+04
38300.000000 9.35320000e+04
38500.000000 9.21993000e+04
38700.000000 9.03608000e+04
38900.000000 8.84955000e+04
39100.000000 8.54560000e+04
39300.000000 8.51226000e+04
39500.000000 8.34370000e+04
39700.000000 8.18455000e+04
39900.000000 8.02556000e+04
40100.000000 7.82622000e+04
40300.000000 7.62510000e+04
40500.000000 7.44019000e+04
40700.000000 7.43002000e+04
40900.000000 7.28974000e+04
41100.000000 7.15273000e+04
41300.000000 7.01869000e+04
41500.000000 6.88799000e+04
41700.000000 6.63207000e+04
41900.000000 6.63522000e+04
42100.000000 6.51387000e+04
42300.000000 6.39473000e+04
42500.000000 6.27837000e+04
42700.000000 6.16473000e+04
42900.000000 6.05335000e+04
43100.000000 5.94477000e+04
43300.000000 5.83854000e+04
43500.000000 5.73461000e+04
43700.000000 5.53251000e+04
43900.000000 5.52287000e+04
44100.000000 5.43628000e+04
44300.000000 5.34123000e+04
44500.000000 5.24824000e+04
44700.000000 5.16254000e+04
44900.000000 5.06770000e+04
45100.000000 4.98081000e+04
45300.000000 4.89506000e+04
45500.000000 4.81227000e+04
45700.000000 4.73056000e+04
45900.000000 4.65080000e+04
46100.000000 4.57242000e+04
46300.000000 4.49434000e+04
46500.000000 4.33293000e+04
46700.000000 4.25772000e+04
46900.000000 4.27150000e+04
47100.000000 4.20490000e+04
47300.000000 4.13625000e+04
47500.000000 4.06809000e+04
47700.000000 4.00226000e+04
47900.000000 3.93722000e+04
48100.000000 3.87361000e+04
48300.000000 3.81220000e+04
48500.000000 3.74960000e+04
48700.000000 3.69138000e+04
48900.000000 3.63100000e+04
49100.000000 3.57757000e+04
49300.000000 3.51667000e+04
49500.000000 3.46986000e+04
49700.000000 3.40447000e+04
49900.000000 3.36226000e+04
50100.000000 3.30830000e+04
50300.000000 3.24646000e+04
50500.000000 3.20972000e+04
50700.000000 3.16041000e+04
50900.000000 3.09578000e+04
51100.000000 3.05789000e+04
51300.000000 2.95178000e+04
51500.000000 2.96909000e+04
51700.000000 2.90839000e+04
51900.000000 2.88350000e+04
52100.000000 2.84059000e+04
52300.000000 2.79811000e+04
52500.000000 2.75223000e+04
52700.000000 2.69557000e+04
52900.000000 2.67589000e+04
53100.000000 2.63654000e+04
53300.000000 2.59796000e+04
53500.000000 2.56014000e+04
53700.000000 2.50740000e+04
53900.000000 2.47340000e+04
54100.000000 2.45051000e+04
54300.000000 2.41537000e+04
54500.000000 2.38068000e+04
54700.000000 2.34681000e+04
54900.000000 2.31337000e+04
55100.000000 2.27762000e+04
55300.000000 2.21941000e+04
55500.000000 2.21677000e+04
55700.000000 2.18571000e+04
55900.000000 2.15514000e+04
56100.000000 2.12508000e+04
56300.000000 2.09563000e+04
56500.000000 2.06666000e+04
56700.000000 2.03816000e+04
56900.000000 2.01012000e+04
57100.000000 1.94939000e+04
57300.000000 1.95474000e+04
57500.000000 1.92908000e+04
57700.000000 1.90295000e+04
57900.000000 1.87724000e+04
58100.000000 1.85195000e+04
58300.000000 1.82707000e+04
58500.000000 1.80546000e+04
58700.000000 1.78072000e+04
58900.000000 1.75279000e+04
59100.000000 1.69359000e+04
59300.000000 1.70715000e+04
59500.000000 1.65653000e+04
59700.000000 1.65814000e+04
59900.000000 1.64498000e+04
60100.000000 1.62373000e+04
60300.000000 1.60261000e+04
60500.000000 1.58185000e+04
60700.000000 1.56142000e+04
60900.000000 1.54143000e+04
61100.000000 1.52157000e+04
61300.000000 1.50213000e+04
61500.000000 1.48301000e+04
61700.000000 1.46421000e+04
61900.000000 1.44572000e+04
62100.000000 1.42743000e+04
62300.000000 1.40945000e+04
62500.000000 1.39177000e+04
62700.000000 1.37265000e+04
62900.000000 1.32622000e+04
63100.000000 1.33723000e+04
63300.000000 1.32371000e+04
63500.000000 1.30735000e+04
63700.000000 1.29136000e+04
63900.000000 1.27554000e+04
64200.000000 1.25222000e+04
64600.000000 1.22186000e+04
65000.000000 1.19207000e+04
65400.000000 1.16406000e+04
65800.000000 1.13568000e+04
66200.000000 1.10876000e+04
66600.000000 1.08316000e+04
67000.000000 1.05810000e+04
67400.000000 1.03239000e+04
67800.000000 9.97134000e+03
68200.000000 9.85067000e+03
68600.000000 9.64167000e+03
69000.000000 9.42338000e+03
69400.000000 9.18913000e+03
69800.000000 9.00447000e+03
70200.000000 8.80353000e+03
70600.000000 8.60882000e+03
71000.000000 8.39252000e+03
71400.000000 8.23372000e+03
71800.000000 8.05455000e+03
72200.000000 7.87955000e+03
72600.000000 7.67717000e+03
73000.000000 7.54236000e+03
73400.000000 7.38277000e+03
73800.000000 7.22617000e+03
74200.000000 7.07252000e+03
74600.000000 6.82291000e+03
75000.000000 6.59608000e+03
75400.000000 6.63052000e+03
75800.000000 6.50210000e+03
76200.000000 6.36842000e+03
76600.000000 6.23775000e+03
77000.000000 6.11104000e+03
77400.000000 5.98685000e+03
77800.000000 5.81435000e+03
78200.000000 5.74886000e+03
78600.000000 5.63415000e+03
79000.000000 5.52225000e+03
79400.000000 5.41308000e+03
79800.000000 5.30660000e+03
80200.000000 5.20278000e+03
80600.000000 5.10140000e+03
81000.000000 5.00250000e+03
81400.000000 4.85908000e+03
81800.000000 4.80368000e+03
82200.000000 4.71985000e+03
82600.000000 4.63013000e+03
83000.000000 4.54246000e+03
83400.000000 4.45686000e+03
83800.000000 4.37326000e+03
84200.000000 4.29169000e+03
84600.000000 4.21194000e+03
85000.000000 4.13401000e+03
85400.000000 4.05793000e+03
85800.000000 3.98282000e+03
86200.000000 3.91086000e+03
86600.000000 3.78907000e+03
87000.000000 3.76794000e+03
87400.000000 3.67440000e+03
87800.000000 3.60923000e+03
88200.000000 3.57134000e+03
88600.000000 3.50451000e+03
89000.000000 3.44588000e+03
89400.000000 3.38523000e+03
89800.000000 3.32589000e+03
90200.000000 3.26757000e+03
90600.000000 3.20642000e+03
91000.000000 3.15541000e+03
91400.000000 3.10107000e+03
91800.000000 3.04786000e+03
92200.000000 2.99577000e+03
92600.000000 2.93673000e+03
93000.000000 2.89488000e+03
93400.000000 2.84604000e+03
93800.000000 2.75845000e+03
94200.000000 2.74679000e+03
94600.000000 2.70555000e+03
95000.000000 2.65681000e+03
95400.000000 2.61020000e+03
95800.000000 2.57363000e+03
96200.000000 2.53142000e+03
96600.000000 2.49008000e+03
97000.000000 2.44956000e+03
97400.000000 2.40991000e+03
97800.000000 2.37105000e+03
98200.000000 2.33107000e+03
98600.000000 2.28499000e+03
99000.000000 2.25899000e+03
99400.000000 2.22316000e+03
99800.000000 2.18797000e+03
100200.000000 2.15350000e+03
200000.000000 1.36583000e+02
400000.000000 8.42226000e+00
600000.000000 1.64170000e+00
800000.000000 5.13788000e-01
1000000.000000 2.08557000e-01
1200000.000000 9.98202000e-02
1400000.000000 5.35340000e-02
1600000.000000 3.12067000e-02
