# Kurucz ODFNEW /NOVER, alpha: 0.0 (2003)
# teff = 49000 K (value for the effective temperature for the model. Temperatures are given in K)
# logg = 4.5 log(cm/s2) (value for Log(G) for the model.)
# lh = 1.25  (l/Hp where l is the  mixing length of the convective element and Hp is the pressure scale height)
# meta = 0  (value for the Metallicity for the model.)
# vtur = 2 km/s (Microturbulence velocity)
# alpha = 0  (Alpha)
#
# column 1: WAVELENGTH (ANGSTROM), Wavelength in Angstrom
# column 2: FLUX (ERG/CM2/S/A), Flux in erg/cm2/s/A
147.200000 2.03023000e+03
151.000000 3.63743000e+03
155.200000 6.38439000e+03
158.800000 1.04115000e+04
162.000000 2.18209000e+04
166.000000 3.52722000e+04
170.300000 5.36983000e+04
173.400000 7.27822000e+04
176.800000 1.04657000e+05
180.200000 1.49360000e+05
181.700000 1.57744000e+05
186.100000 2.59585000e+05
191.000000 3.86591000e+05
193.900000 5.38763000e+05
198.400000 7.83156000e+05
201.800000 9.09241000e+05
205.000000 1.26416000e+06
210.500000 1.84223000e+06
216.200000 2.66735000e+06
219.800000 3.42458000e+06
223.000000 3.96335000e+06
226.800000 4.87180000e+06
230.000000 2.03954000e+08
234.000000 1.24489000e+09
240.000000 3.10769000e+09
246.500000 8.50462000e+09
252.400000 2.88648000e+10
256.800000 6.08114000e+10
260.000000 5.17479000e+10
264.000000 1.25982000e+11
268.500000 1.33986000e+11
273.500000 1.53351000e+11
278.500000 1.10932000e+11
284.000000 1.82237000e+11
290.000000 2.52897000e+11
296.000000 2.14447000e+11
301.000000 1.50624000e+11
308.000000 1.50582000e+11
318.000000 4.81585000e+10
328.000000 5.53272000e+10
338.000000 3.74606000e+10
348.000000 3.90716000e+10
357.000000 9.21598000e+10
366.000000 1.85513000e+11
375.000000 2.27157000e+11
385.000000 1.72761000e+11
395.000000 2.90156000e+11
405.000000 4.31634000e+11
414.000000 4.22808000e+11
422.000000 3.71030000e+11
430.000000 3.53197000e+11
441.000000 4.43306000e+11
451.000000 4.39497000e+11
460.000000 3.71620000e+11
470.000000 4.07359000e+11
480.000000 4.47628000e+11
490.000000 3.89486000e+11
500.000000 5.09881000e+11
506.000000 4.26410000e+11
512.000000 4.87381000e+11
520.000000 4.63709000e+11
530.000000 4.30657000e+11
540.000000 3.42273000e+11
550.000000 2.76426000e+11
560.000000 3.55995000e+11
570.000000 4.10170000e+11
580.000000 4.12891000e+11
590.000000 4.04543000e+11
600.000000 3.53644000e+11
610.000000 2.77146000e+11
620.000000 3.51062000e+11
630.000000 2.93050000e+11
640.000000 3.54186000e+11
650.000000 3.28383000e+11
658.000000 2.95553000e+11
665.000000 3.35246000e+11
675.000000 3.28264000e+11
685.000000 2.92439000e+11
695.000000 3.13722000e+11
705.000000 2.77894000e+11
716.000000 2.90188000e+11
726.000000 2.94879000e+11
735.000000 2.85296000e+11
745.000000 2.68498000e+11
755.000000 2.56971000e+11
765.000000 2.23427000e+11
775.000000 2.47555000e+11
785.000000 2.15110000e+11
795.000000 2.32866000e+11
805.000000 2.36889000e+11
815.000000 2.30328000e+11
825.000000 2.26793000e+11
835.000000 2.05605000e+11
845.000000 2.13436000e+11
855.000000 1.98923000e+11
865.000000 2.05276000e+11
875.000000 2.02456000e+11
885.000000 1.93780000e+11
895.000000 1.87898000e+11
905.000000 1.80484000e+11
915.000000 1.35622000e+11
925.000000 1.94140000e+11
935.000000 2.27966000e+11
945.000000 2.41429000e+11
955.000000 2.69891000e+11
965.000000 2.68688000e+11
975.000000 2.26392000e+11
985.000000 2.44095000e+11
995.000000 2.16614000e+11
1005.000000 2.18818000e+11
1015.000000 2.17834000e+11
1025.000000 2.08293000e+11
1035.000000 2.24925000e+11
1045.000000 2.26460000e+11
1055.000000 2.20881000e+11
1065.000000 2.10103000e+11
1075.000000 2.13567000e+11
1085.000000 1.98432000e+11
1095.000000 2.01271000e+11
1105.000000 1.97777000e+11
1115.000000 1.94046000e+11
1125.000000 1.88370000e+11
1135.000000 1.88428000e+11
1145.000000 1.86085000e+11
1155.000000 1.79098000e+11
1165.000000 1.68262000e+11
1175.000000 1.58447000e+11
1185.000000 1.64087000e+11
1195.000000 1.54148000e+11
1205.000000 1.52002000e+11
1215.000000 1.33190000e+11
1225.000000 1.44205000e+11
1235.000000 1.34536000e+11
1245.000000 1.29379000e+11
1255.000000 1.34106000e+11
1265.000000 1.32423000e+11
1275.000000 1.30006000e+11
1285.000000 1.27361000e+11
1295.000000 1.26588000e+11
1305.000000 1.21335000e+11
1315.000000 1.18529000e+11
1325.000000 1.15371000e+11
1335.000000 1.12903000e+11
1345.000000 1.10191000e+11
1355.000000 1.05456000e+11
1365.000000 9.98506000e+10
1375.000000 9.47928000e+10
1385.000000 9.68109000e+10
1395.000000 9.42276000e+10
1405.000000 8.92460000e+10
1415.000000 9.59950000e+10
1425.000000 9.15635000e+10
1435.000000 9.26042000e+10
1442.000000 8.72975000e+10
1447.000000 8.72674000e+10
1455.000000 8.51110000e+10
1465.000000 8.37565000e+10
1475.000000 8.34593000e+10
1485.000000 8.31231000e+10
1495.000000 8.05366000e+10
1505.000000 7.84254000e+10
1512.000000 7.77026000e+10
1517.000000 7.55149000e+10
1525.000000 7.61000000e+10
1535.000000 7.23712000e+10
1545.000000 6.46494000e+10
1555.000000 6.45746000e+10
1565.000000 6.83542000e+10
1575.000000 6.86128000e+10
1585.000000 6.65291000e+10
1595.000000 6.63964000e+10
1605.000000 6.40682000e+10
1615.000000 6.27703000e+10
1625.000000 6.23582000e+10
1635.000000 6.17781000e+10
1645.000000 5.83508000e+10
1655.000000 5.98168000e+10
1665.000000 5.89387000e+10
1672.000000 5.68345000e+10
1677.000000 5.84827000e+10
1685.000000 5.78013000e+10
1695.000000 5.72380000e+10
1705.000000 5.52402000e+10
1715.000000 5.28726000e+10
1725.000000 5.23170000e+10
1735.000000 5.31412000e+10
1745.000000 5.20476000e+10
1755.000000 5.10746000e+10
1765.000000 5.00802000e+10
1775.000000 4.90105000e+10
1785.000000 4.84145000e+10
1795.000000 4.71820000e+10
1805.000000 4.64155000e+10
1815.000000 4.51244000e+10
1825.000000 4.46652000e+10
1835.000000 4.39425000e+10
1845.000000 4.34409000e+10
1855.000000 4.26070000e+10
1865.000000 4.20636000e+10
1875.000000 4.12121000e+10
1885.000000 4.04261000e+10
1895.000000 4.00950000e+10
1905.000000 3.94447000e+10
1915.000000 3.87996000e+10
1925.000000 3.74338000e+10
1935.000000 3.74876000e+10
1945.000000 3.68910000e+10
1955.000000 3.61005000e+10
1967.000000 3.54754000e+10
1976.000000 3.47555000e+10
1984.000000 3.45945000e+10
1995.000000 3.38297000e+10
2005.000000 3.33928000e+10
2015.000000 3.28460000e+10
2025.000000 3.23396000e+10
2035.000000 3.16496000e+10
2045.000000 3.09823000e+10
2055.000000 2.40666000e+10
2065.000000 2.32236000e+10
2074.000000 2.37188000e+10
2078.000000 2.42810000e+10
2085.000000 2.58714000e+10
2095.000000 2.80249000e+10
2105.000000 2.79548000e+10
2115.000000 2.77593000e+10
2125.000000 2.72551000e+10
2135.000000 2.69301000e+10
2145.000000 2.64487000e+10
2155.000000 2.63466000e+10
2165.000000 2.51095000e+10
2175.000000 2.56182000e+10
2185.000000 2.46646000e+10
2195.000000 2.48970000e+10
2205.000000 2.45136000e+10
2215.000000 2.34696000e+10
2225.000000 2.38055000e+10
2235.000000 2.34406000e+10
2245.000000 2.30805000e+10
2255.000000 2.21658000e+10
2265.000000 2.23575000e+10
2275.000000 2.21184000e+10
2285.000000 2.16439000e+10
2295.000000 2.11753000e+10
2305.000000 2.05183000e+10
2315.000000 2.06282000e+10
2325.000000 2.04755000e+10
2335.000000 2.01617000e+10
2345.000000 1.97839000e+10
2355.000000 1.94342000e+10
2365.000000 1.91361000e+10
2375.000000 1.88217000e+10
2385.000000 1.79820000e+10
2395.000000 1.81980000e+10
2405.000000 1.78516000e+10
2415.000000 1.76640000e+10
2425.000000 1.75673000e+10
2435.000000 1.72594000e+10
2445.000000 1.70378000e+10
2455.000000 1.66599000e+10
2465.000000 1.65070000e+10
2475.000000 1.63856000e+10
2485.000000 1.60399000e+10
2495.000000 1.52767000e+10
2505.000000 1.56509000e+10
2513.000000 1.46416000e+10
2518.000000 1.51593000e+10
2525.000000 1.50754000e+10
2535.000000 1.50434000e+10
2545.000000 1.48906000e+10
2555.000000 1.46773000e+10
2565.000000 1.44989000e+10
2575.000000 1.42672000e+10
2585.000000 1.40691000e+10
2595.000000 1.36800000e+10
2605.000000 1.37284000e+10
2615.000000 1.34082000e+10
2625.000000 1.33658000e+10
2635.000000 1.31886000e+10
2645.000000 1.29776000e+10
2655.000000 1.28277000e+10
2665.000000 1.26653000e+10
2675.000000 1.24049000e+10
2685.000000 1.23158000e+10
2695.000000 1.21115000e+10
2705.000000 1.20273000e+10
2715.000000 1.18632000e+10
2725.000000 1.17038000e+10
2735.000000 1.12592000e+10
2745.000000 1.14108000e+10
2755.000000 1.12348000e+10
2765.000000 1.11074000e+10
2775.000000 1.09477000e+10
2785.000000 1.07522000e+10
2795.000000 1.06359000e+10
2805.000000 1.05281000e+10
2815.000000 1.03873000e+10
2825.000000 1.02360000e+10
2835.000000 1.01452000e+10
2845.000000 1.00242000e+10
2855.000000 9.88386000e+09
2865.000000 9.66903000e+09
2875.000000 9.51666000e+09
2885.000000 9.48791000e+09
2895.000000 9.36135000e+09
2910.000000 9.22104000e+09
2930.000000 9.02230000e+09
2950.000000 8.79865000e+09
2970.000000 8.57677000e+09
2990.000000 8.35074000e+09
3010.000000 8.15822000e+09
3030.000000 7.93188000e+09
3050.000000 7.76583000e+09
3070.000000 7.53387000e+09
3090.000000 7.42127000e+09
3110.000000 7.24745000e+09
3130.000000 7.07745000e+09
3150.000000 6.93357000e+09
3170.000000 6.77212000e+09
3190.000000 6.62750000e+09
3210.000000 6.37662000e+09
3230.000000 6.34340000e+09
3250.000000 6.20244000e+09
3270.000000 6.02357000e+09
3290.000000 5.92341000e+09
3310.000000 5.79084000e+09
3330.000000 5.66305000e+09
3350.000000 5.51104000e+09
3370.000000 5.41365000e+09
3390.000000 5.28243000e+09
3410.000000 5.16233000e+09
3430.000000 5.08629000e+09
3450.000000 4.95881000e+09
3470.000000 4.86489000e+09
3490.000000 4.76321000e+09
3510.000000 4.67850000e+09
3530.000000 4.57273000e+09
3550.000000 4.48369000e+09
3570.000000 4.38689000e+09
3590.000000 4.30131000e+09
3610.000000 4.21505000e+09
3630.000000 4.12213000e+09
3640.000000 4.01080000e+09
3650.000000 3.63227000e+09
3670.000000 3.56370000e+09
3690.000000 3.50774000e+09
3710.000000 3.47358000e+09
3730.000000 3.46974000e+09
3750.000000 3.48667000e+09
3770.000000 3.48927000e+09
3790.000000 3.49529000e+09
3810.000000 3.48932000e+09
3830.000000 3.33355000e+09
3850.000000 3.39889000e+09
3870.000000 3.36234000e+09
3890.000000 3.12470000e+09
3910.000000 3.24535000e+09
3930.000000 3.15923000e+09
3950.000000 3.12587000e+09
3970.000000 2.88435000e+09
3990.000000 3.01311000e+09
4010.000000 2.96462000e+09
4030.000000 2.86985000e+09
4050.000000 2.85536000e+09
4070.000000 2.80530000e+09
4090.000000 2.70699000e+09
4110.000000 2.56050000e+09
4130.000000 2.65349000e+09
4150.000000 2.61004000e+09
4170.000000 2.56340000e+09
4190.000000 2.51109000e+09
4210.000000 2.44159000e+09
4230.000000 2.43266000e+09
4250.000000 2.38979000e+09
4270.000000 2.34845000e+09
4290.000000 2.30777000e+09
4310.000000 2.26389000e+09
4330.000000 2.17712000e+09
4350.000000 2.08528000e+09
4370.000000 2.14416000e+09
4390.000000 2.10609000e+09
4410.000000 2.06766000e+09
4430.000000 2.04078000e+09
4450.000000 2.00402000e+09
4470.000000 1.97161000e+09
4490.000000 1.94194000e+09
4510.000000 1.90716000e+09
4530.000000 1.87402000e+09
4550.000000 1.81707000e+09
4570.000000 1.81556000e+09
4590.000000 1.78626000e+09
4610.000000 1.75851000e+09
4630.000000 1.72338000e+09
4650.000000 1.68291000e+09
4670.000000 1.67108000e+09
4690.000000 1.59613000e+09
4710.000000 1.62167000e+09
4730.000000 1.59767000e+09
4750.000000 1.57257000e+09
4770.000000 1.54749000e+09
4790.000000 1.52015000e+09
4810.000000 1.49923000e+09
4830.000000 1.47487000e+09
4850.000000 1.43270000e+09
4870.000000 1.35389000e+09
4890.000000 1.40695000e+09
4910.000000 1.38659000e+09
4930.000000 1.36528000e+09
4950.000000 1.34543000e+09
4970.000000 1.32468000e+09
4990.000000 1.30526000e+09
5010.000000 1.28413000e+09
5030.000000 1.26608000e+09
5050.000000 1.24608000e+09
5070.000000 1.22817000e+09
5090.000000 1.21055000e+09
5110.000000 1.19183000e+09
5130.000000 1.17350000e+09
5150.000000 1.15725000e+09
5170.000000 1.14138000e+09
5190.000000 1.12460000e+09
5210.000000 1.10739000e+09
5230.000000 1.09233000e+09
5250.000000 1.07566000e+09
5270.000000 1.06020000e+09
5290.000000 1.04596000e+09
5310.000000 1.03106000e+09
5330.000000 1.01619000e+09
5350.000000 1.00217000e+09
5370.000000 9.87767000e+08
5390.000000 9.73940000e+08
5410.000000 9.43957000e+08
5430.000000 9.47046000e+08
5450.000000 9.33931000e+08
5470.000000 9.20567000e+08
5490.000000 9.08197000e+08
5510.000000 8.95164000e+08
5530.000000 8.83453000e+08
5550.000000 8.71422000e+08
5570.000000 8.58569000e+08
5590.000000 8.45782000e+08
5610.000000 8.36398000e+08
5630.000000 8.25059000e+08
5650.000000 8.13929000e+08
5670.000000 8.02947000e+08
5690.000000 7.81267000e+08
5710.000000 7.29457000e+08
5730.000000 7.20060000e+08
5750.000000 7.10627000e+08
5770.000000 7.02077000e+08
5790.000000 6.93830000e+08
5810.000000 6.81495000e+08
5830.000000 6.79942000e+08
5850.000000 6.74453000e+08
5870.000000 6.67744000e+08
5890.000000 6.64476000e+08
5910.000000 6.60202000e+08
5930.000000 6.56517000e+08
5950.000000 6.53601000e+08
5970.000000 6.50317000e+08
5990.000000 6.47295000e+08
6010.000000 6.40563000e+08
6030.000000 6.34063000e+08
6050.000000 6.27129000e+08
6070.000000 6.18689000e+08
6090.000000 6.11940000e+08
6110.000000 6.03561000e+08
6130.000000 5.96100000e+08
6150.000000 5.89699000e+08
6170.000000 5.80172000e+08
6190.000000 5.75259000e+08
6210.000000 5.68307000e+08
6230.000000 5.58753000e+08
6250.000000 5.53996000e+08
6270.000000 5.47679000e+08
6290.000000 5.41154000e+08
6310.000000 5.30983000e+08
6330.000000 5.27934000e+08
6350.000000 5.21764000e+08
6370.000000 5.15513000e+08
6390.000000 5.08822000e+08
6410.000000 4.98976000e+08
6430.000000 4.97299000e+08
6450.000000 4.91294000e+08
6470.000000 4.85445000e+08
6490.000000 4.79837000e+08
6510.000000 4.73933000e+08
6530.000000 4.63401000e+08
6550.000000 4.59021000e+08
6570.000000 4.29821000e+08
6590.000000 4.51974000e+08
6610.000000 4.47225000e+08
6630.000000 4.42063000e+08
6650.000000 4.36963000e+08
6670.000000 4.30891000e+08
6690.000000 4.21492000e+08
6710.000000 4.21728000e+08
6730.000000 4.17254000e+08
6750.000000 4.12486000e+08
6770.000000 4.07850000e+08
6790.000000 4.03285000e+08
6810.000000 3.98727000e+08
6830.000000 3.94263000e+08
6850.000000 3.89836000e+08
6870.000000 3.85455000e+08
6890.000000 3.75808000e+08
6910.000000 3.76792000e+08
6930.000000 3.72777000e+08
6950.000000 3.68661000e+08
6970.000000 3.64594000e+08
6990.000000 3.60583000e+08
7010.000000 3.56535000e+08
7030.000000 3.52428000e+08
7050.000000 3.48658000e+08
7070.000000 3.44759000e+08
7090.000000 3.41355000e+08
7110.000000 3.37291000e+08
7130.000000 3.33653000e+08
7150.000000 3.30425000e+08
7170.000000 3.23433000e+08
7190.000000 3.21556000e+08
7210.000000 3.19789000e+08
7230.000000 3.16530000e+08
7250.000000 3.13174000e+08
7270.000000 3.09863000e+08
7290.000000 3.06535000e+08
7310.000000 3.03217000e+08
7330.000000 3.00170000e+08
7350.000000 2.97032000e+08
7370.000000 2.93868000e+08
7390.000000 2.90618000e+08
7410.000000 2.87775000e+08
7430.000000 2.84856000e+08
7450.000000 2.81727000e+08
7470.000000 2.78998000e+08
7490.000000 2.75979000e+08
7510.000000 2.73229000e+08
7530.000000 2.70497000e+08
7550.000000 2.67737000e+08
7570.000000 2.64996000e+08
7590.000000 2.58128000e+08
7610.000000 2.59414000e+08
7630.000000 2.57014000e+08
7650.000000 2.54417000e+08
7670.000000 2.51779000e+08
7690.000000 2.49146000e+08
7710.000000 2.46638000e+08
7730.000000 2.44159000e+08
7750.000000 2.41922000e+08
7770.000000 2.39568000e+08
7790.000000 2.37191000e+08
7810.000000 2.34847000e+08
7830.000000 2.32512000e+08
7850.000000 2.30045000e+08
7870.000000 2.27910000e+08
7890.000000 2.25721000e+08
7910.000000 2.23546000e+08
7930.000000 2.21377000e+08
7950.000000 2.19174000e+08
7970.000000 2.16972000e+08
7990.000000 2.15002000e+08
8010.000000 2.12926000e+08
8030.000000 2.10809000e+08
8050.000000 2.08850000e+08
8070.000000 2.06850000e+08
8090.000000 2.04873000e+08
8110.000000 2.02924000e+08
8130.000000 2.00993000e+08
8150.000000 1.99089000e+08
8170.000000 1.97082000e+08
8190.000000 1.94419000e+08
8210.000000 1.84659000e+08
8230.000000 1.81721000e+08
8250.000000 1.81063000e+08
8270.000000 1.79615000e+08
8290.000000 1.77987000e+08
8310.000000 1.76379000e+08
8330.000000 1.74675000e+08
8350.000000 1.73202000e+08
8370.000000 1.71703000e+08
8390.000000 1.70238000e+08
8410.000000 1.68864000e+08
8430.000000 1.67491000e+08
8450.000000 1.66151000e+08
8470.000000 1.64852000e+08
8490.000000 1.63664000e+08
8510.000000 1.62334000e+08
8530.000000 1.61294000e+08
8550.000000 1.59896000e+08
8570.000000 1.59022000e+08
8590.000000 1.57655000e+08
8610.000000 1.56491000e+08
8630.000000 1.55893000e+08
8650.000000 1.54644000e+08
8670.000000 1.52478000e+08
8690.000000 1.52845000e+08
8710.000000 1.52059000e+08
8730.000000 1.50874000e+08
8750.000000 1.47390000e+08
8770.000000 1.48482000e+08
8790.000000 1.48217000e+08
8810.000000 1.47341000e+08
8830.000000 1.46195000e+08
8850.000000 1.43414000e+08
8870.000000 1.39436000e+08
8890.000000 1.42131000e+08
8910.000000 1.41432000e+08
8930.000000 1.40166000e+08
8950.000000 1.39277000e+08
8970.000000 1.38034000e+08
8990.000000 1.36232000e+08
9010.000000 1.30667000e+08
9030.000000 1.31817000e+08
9050.000000 1.33006000e+08
9070.000000 1.32250000e+08
9090.000000 1.31154000e+08
9110.000000 1.29662000e+08
9130.000000 1.28927000e+08
9150.000000 1.27856000e+08
9170.000000 1.26730000e+08
9190.000000 1.25509000e+08
9210.000000 1.23495000e+08
9230.000000 1.17119000e+08
9250.000000 1.21104000e+08
9270.000000 1.21314000e+08
9290.000000 1.20500000e+08
9310.000000 1.19491000e+08
9330.000000 1.18382000e+08
9350.000000 1.14907000e+08
9370.000000 1.15876000e+08
9390.000000 1.15524000e+08
9410.000000 1.14583000e+08
9430.000000 1.13657000e+08
9450.000000 1.12708000e+08
9470.000000 1.11804000e+08
9490.000000 1.10839000e+08
9510.000000 1.09753000e+08
9530.000000 1.07696000e+08
9550.000000 1.01912000e+08
9570.000000 1.06365000e+08
9590.000000 1.06316000e+08
9610.000000 1.05576000e+08
9630.000000 1.04703000e+08
9650.000000 1.03877000e+08
9670.000000 1.03041000e+08
9690.000000 1.02215000e+08
9710.000000 1.01231000e+08
9730.000000 1.00556000e+08
9750.000000 9.96210000e+07
9770.000000 9.81874000e+07
9790.000000 9.81915000e+07
9810.000000 9.74118000e+07
9830.000000 9.66143000e+07
9850.000000 9.58768000e+07
9870.000000 9.51173000e+07
9890.000000 9.43671000e+07
9910.000000 9.36184000e+07
9930.000000 9.28901000e+07
9950.000000 9.21632000e+07
9970.000000 9.14413000e+07
9990.000000 9.07245000e+07
10025.000000 8.83003000e+07
10075.000000 8.58450000e+07
10125.000000 8.46281000e+07
10175.000000 8.44425000e+07
10225.000000 8.28367000e+07
10275.000000 8.12510000e+07
10325.000000 7.97133000e+07
10375.000000 7.82433000e+07
10425.000000 7.63403000e+07
10475.000000 7.53626000e+07
10525.000000 7.39681000e+07
10575.000000 7.26100000e+07
10625.000000 7.12809000e+07
10675.000000 6.99799000e+07
10725.000000 6.87100000e+07
10775.000000 6.74702000e+07
10825.000000 6.62054000e+07
10875.000000 6.50628000e+07
10925.000000 6.18647000e+07
10975.000000 6.23938000e+07
11025.000000 6.16649000e+07
11075.000000 6.05811000e+07
11125.000000 5.95203000e+07
11175.000000 5.85183000e+07
11225.000000 5.74988000e+07
11275.000000 5.65010000e+07
11325.000000 5.55244000e+07
11375.000000 5.45802000e+07
11425.000000 5.36475000e+07
11475.000000 5.27376000e+07
11525.000000 5.18442000e+07
11575.000000 5.09642000e+07
11625.000000 4.95511000e+07
11675.000000 4.88788000e+07
11725.000000 4.84546000e+07
11775.000000 4.76527000e+07
11825.000000 4.68572000e+07
11875.000000 4.60921000e+07
11925.000000 4.53382000e+07
11975.000000 4.45821000e+07
12025.000000 4.38734000e+07
12075.000000 4.31594000e+07
12125.000000 4.24608000e+07
12175.000000 4.17849000e+07
12225.000000 4.11161000e+07
12275.000000 4.04618000e+07
12325.000000 3.98192000e+07
12375.000000 3.91906000e+07
12425.000000 3.85732000e+07
12475.000000 3.79669000e+07
12525.000000 3.73738000e+07
12575.000000 3.67937000e+07
12625.000000 3.62216000e+07
12675.000000 3.56620000e+07
12725.000000 3.51147000e+07
12775.000000 3.44918000e+07
12825.000000 3.27896000e+07
12875.000000 3.34945000e+07
12925.000000 3.30216000e+07
12975.000000 3.25237000e+07
13025.000000 3.20347000e+07
13075.000000 3.15543000e+07
13125.000000 3.10826000e+07
13175.000000 3.06214000e+07
13225.000000 3.01684000e+07
13275.000000 2.97214000e+07
13325.000000 2.92845000e+07
13375.000000 2.88553000e+07
13425.000000 2.84338000e+07
13475.000000 2.80199000e+07
13525.000000 2.76133000e+07
13575.000000 2.72140000e+07
13625.000000 2.68239000e+07
13675.000000 2.64388000e+07
13725.000000 2.60605000e+07
13775.000000 2.56890000e+07
13825.000000 2.53241000e+07
13875.000000 2.49658000e+07
13925.000000 2.46140000e+07
13975.000000 2.42684000e+07
14025.000000 2.39290000e+07
14075.000000 2.35958000e+07
14125.000000 2.32666000e+07
14175.000000 2.29434000e+07
14225.000000 2.26279000e+07
14275.000000 2.23181000e+07
14325.000000 2.20028000e+07
14375.000000 2.17060000e+07
14425.000000 2.14146000e+07
14475.000000 2.11248000e+07
14525.000000 2.08386000e+07
14570.000000 2.05858000e+07
14620.000000 2.03148000e+07
14675.000000 2.00142000e+07
14725.000000 1.97395000e+07
14775.000000 1.92817000e+07
14825.000000 1.92255000e+07
14875.000000 1.89739000e+07
14925.000000 1.87252000e+07
14975.000000 1.84794000e+07
15025.000000 1.82365000e+07
15075.000000 1.80063000e+07
15125.000000 1.77755000e+07
15175.000000 1.75522000e+07
15225.000000 1.73331000e+07
15275.000000 1.70955000e+07
15325.000000 1.68750000e+07
15375.000000 1.66666000e+07
15425.000000 1.64400000e+07
15475.000000 1.62396000e+07
15525.000000 1.60335000e+07
15575.000000 1.58096000e+07
15625.000000 1.56515000e+07
15675.000000 1.54215000e+07
15725.000000 1.52136000e+07
15775.000000 1.50708000e+07
15825.000000 1.48740000e+07
15875.000000 1.46240000e+07
15925.000000 1.44883000e+07
15975.000000 1.43377000e+07
16050.000000 1.40519000e+07
16150.000000 1.36719000e+07
16250.000000 1.34008000e+07
16350.000000 1.30481000e+07
16450.000000 1.26792000e+07
16550.000000 1.24633000e+07
16650.000000 1.21693000e+07
16750.000000 1.18457000e+07
16850.000000 1.15008000e+07
16950.000000 1.13386000e+07
17050.000000 1.10744000e+07
17150.000000 1.08235000e+07
17250.000000 1.05768000e+07
17350.000000 1.01882000e+07
17450.000000 1.00947000e+07
17550.000000 9.87806000e+06
17650.000000 9.65797000e+06
17750.000000 9.44387000e+06
17850.000000 9.23584000e+06
17950.000000 9.03349000e+06
18050.000000 8.83642000e+06
18150.000000 8.50454000e+06
18250.000000 8.43919000e+06
18350.000000 8.27698000e+06
18450.000000 8.10040000e+06
18550.000000 7.92976000e+06
18650.000000 7.67068000e+06
18750.000000 7.42170000e+06
18850.000000 7.44070000e+06
18950.000000 7.28622000e+06
19050.000000 7.13487000e+06
19150.000000 6.98864000e+06
19250.000000 6.84556000e+06
19350.000000 6.70345000e+06
19450.000000 6.43523000e+06
19550.000000 6.43491000e+06
19650.000000 6.30851000e+06
19750.000000 6.18249000e+06
19850.000000 6.05964000e+06
19950.000000 5.93970000e+06
20050.000000 5.82296000e+06
20150.000000 5.70890000e+06
20250.000000 5.59762000e+06
20350.000000 5.48907000e+06
20450.000000 5.38300000e+06
20550.000000 5.27944000e+06
20650.000000 5.17870000e+06
20750.000000 5.07448000e+06
20850.000000 4.98346000e+06
20950.000000 4.88999000e+06
21050.000000 4.79824000e+06
21150.000000 4.70825000e+06
21250.000000 4.62108000e+06
21350.000000 4.53557000e+06
21450.000000 4.45195000e+06
21550.000000 4.36992000e+06
21650.000000 4.19068000e+06
21750.000000 4.20862000e+06
21850.000000 4.13633000e+06
21950.000000 4.06182000e+06
22050.000000 3.98903000e+06
22150.000000 3.91785000e+06
22250.000000 3.84817000e+06
22350.000000 3.78010000e+06
22450.000000 3.71346000e+06
22550.000000 3.64837000e+06
22650.000000 3.58465000e+06
22750.000000 3.52227000e+06
22850.000000 3.46438000e+06
22950.000000 3.40464000e+06
23050.000000 3.34616000e+06
23150.000000 3.28899000e+06
23250.000000 3.23302000e+06
23350.000000 3.17823000e+06
23450.000000 3.12453000e+06
23550.000000 3.07197000e+06
23650.000000 3.02058000e+06
23750.000000 2.97022000e+06
23850.000000 2.92093000e+06
23950.000000 2.87261000e+06
24050.000000 2.82533000e+06
24150.000000 2.77898000e+06
24250.000000 2.73337000e+06
24350.000000 2.68911000e+06
24450.000000 2.64554000e+06
24550.000000 2.60284000e+06
24650.000000 2.56100000e+06
24750.000000 2.51980000e+06
24850.000000 2.47980000e+06
24950.000000 2.44023000e+06
25050.000000 2.40181000e+06
25150.000000 2.36393000e+06
25250.000000 2.32586000e+06
25350.000000 2.29043000e+06
25450.000000 2.25473000e+06
25550.000000 2.21974000e+06
25650.000000 2.18197000e+06
25750.000000 2.15176000e+06
25850.000000 2.11874000e+06
25950.000000 2.08633000e+06
26050.000000 2.05307000e+06
26150.000000 2.01443000e+06
26250.000000 1.93881000e+06
26350.000000 1.96036000e+06
26450.000000 1.93334000e+06
26550.000000 1.90443000e+06
26650.000000 1.87531000e+06
26750.000000 1.83720000e+06
26850.000000 1.82015000e+06
26950.000000 1.79411000e+06
27050.000000 1.76780000e+06
27150.000000 1.74192000e+06
27250.000000 1.71652000e+06
27350.000000 1.69161000e+06
27450.000000 1.66710000e+06
27550.000000 1.62961000e+06
27650.000000 1.61459000e+06
27750.000000 1.59632000e+06
27850.000000 1.57356000e+06
27950.000000 1.55123000e+06
28050.000000 1.52923000e+06
28150.000000 1.50764000e+06
28250.000000 1.48645000e+06
28350.000000 1.46563000e+06
28450.000000 1.44515000e+06
28550.000000 1.42501000e+06
28650.000000 1.40173000e+06
28750.000000 1.36829000e+06
28850.000000 1.36616000e+06
28950.000000 1.34797000e+06
29050.000000 1.32951000e+06
29150.000000 1.31140000e+06
29250.000000 1.29356000e+06
29350.000000 1.27605000e+06
29450.000000 1.25880000e+06
29550.000000 1.24188000e+06
29650.000000 1.22525000e+06
29750.000000 1.20885000e+06
29850.000000 1.19273000e+06
29950.000000 1.17693000e+06
30050.000000 1.16135000e+06
30150.000000 1.14599000e+06
30250.000000 1.13089000e+06
30350.000000 1.10104000e+06
30450.000000 1.09378000e+06
30550.000000 1.08716000e+06
30650.000000 1.07310000e+06
30750.000000 1.05920000e+06
30850.000000 1.04553000e+06
30950.000000 1.03210000e+06
31050.000000 1.01886000e+06
31150.000000 1.00584000e+06
31250.000000 9.93052000e+05
31350.000000 9.80440000e+05
31450.000000 9.68007000e+05
31550.000000 9.55825000e+05
31650.000000 9.43777000e+05
31750.000000 9.31936000e+05
31850.000000 9.20300000e+05
31950.000000 9.08828000e+05
32100.000000 8.91945000e+05
32300.000000 8.70064000e+05
32500.000000 8.48832000e+05
32700.000000 8.28263000e+05
32900.000000 7.97654000e+05
33100.000000 7.87493000e+05
33300.000000 7.70486000e+05
33500.000000 7.52250000e+05
33700.000000 7.34524000e+05
33900.000000 7.17327000e+05
34100.000000 7.00643000e+05
34300.000000 6.84427000e+05
34500.000000 6.68665000e+05
34700.000000 6.53376000e+05
34900.000000 6.38517000e+05
35100.000000 6.24075000e+05
35300.000000 6.10010000e+05
35500.000000 5.96370000e+05
35700.000000 5.83085000e+05
35900.000000 5.70205000e+05
36100.000000 5.57632000e+05
36300.000000 5.45443000e+05
36500.000000 5.33572000e+05
36700.000000 5.22010000e+05
36900.000000 5.10750000e+05
37100.000000 4.99784000e+05
37300.000000 4.86018000e+05
37500.000000 4.73400000e+05
37700.000000 4.68682000e+05
37900.000000 4.58844000e+05
38100.000000 4.49264000e+05
38300.000000 4.39936000e+05
38500.000000 4.30853000e+05
38700.000000 4.21984000e+05
38900.000000 4.13349000e+05
39100.000000 4.04572000e+05
39300.000000 3.96733000e+05
39500.000000 3.88742000e+05
39700.000000 3.80963000e+05
39900.000000 3.73343000e+05
40100.000000 3.65552000e+05
40300.000000 3.58082000e+05
40500.000000 3.46148000e+05
40700.000000 3.44756000e+05
40900.000000 3.38059000e+05
41100.000000 3.31499000e+05
41300.000000 3.25115000e+05
41500.000000 3.18861000e+05
41700.000000 3.11347000e+05
41900.000000 3.06815000e+05
42100.000000 3.01016000e+05
42300.000000 2.95355000e+05
42500.000000 2.89808000e+05
42700.000000 2.84393000e+05
42900.000000 2.79107000e+05
43100.000000 2.73947000e+05
43300.000000 2.68910000e+05
43500.000000 2.63974000e+05
43700.000000 2.57598000e+05
43900.000000 2.54025000e+05
44100.000000 2.49847000e+05
44300.000000 2.45350000e+05
44500.000000 2.40943000e+05
44700.000000 2.36718000e+05
44900.000000 2.32502000e+05
45100.000000 2.28389000e+05
45300.000000 2.24375000e+05
45500.000000 2.20442000e+05
45700.000000 2.16587000e+05
45900.000000 2.12826000e+05
46100.000000 2.09140000e+05
46300.000000 2.05526000e+05
46500.000000 1.97821000e+05
46700.000000 1.96286000e+05
46900.000000 1.94958000e+05
47100.000000 1.91862000e+05
47300.000000 1.88627000e+05
47500.000000 1.85455000e+05
47700.000000 1.82347000e+05
47900.000000 1.79300000e+05
48100.000000 1.76331000e+05
48300.000000 1.73420000e+05
48500.000000 1.70551000e+05
48700.000000 1.67755000e+05
48900.000000 1.65015000e+05
49100.000000 1.62330000e+05
49300.000000 1.59698000e+05
49500.000000 1.57134000e+05
49700.000000 1.54606000e+05
49900.000000 1.52128000e+05
50100.000000 1.49698000e+05
50300.000000 1.47320000e+05
50500.000000 1.44988000e+05
50700.000000 1.42703000e+05
50900.000000 1.40462000e+05
51100.000000 1.38123000e+05
51300.000000 1.34168000e+05
51500.000000 1.33941000e+05
51700.000000 1.31926000e+05
51900.000000 1.29894000e+05
52100.000000 1.27901000e+05
52300.000000 1.25945000e+05
52500.000000 1.24027000e+05
52700.000000 1.22144000e+05
52900.000000 1.20297000e+05
53100.000000 1.18486000e+05
53300.000000 1.16708000e+05
53500.000000 1.14964000e+05
53700.000000 1.13249000e+05
53900.000000 1.11569000e+05
54100.000000 1.09920000e+05
54300.000000 1.08301000e+05
54500.000000 1.06711000e+05
54700.000000 1.05150000e+05
54900.000000 1.03618000e+05
55100.000000 1.02111000e+05
55300.000000 1.00632000e+05
55500.000000 9.91831000e+04
55700.000000 9.77581000e+04
55900.000000 9.63594000e+04
56100.000000 9.49841000e+04
56300.000000 9.36330000e+04
56500.000000 9.23068000e+04
56700.000000 9.10029000e+04
56900.000000 8.97220000e+04
57100.000000 8.83839000e+04
57300.000000 8.72276000e+04
57500.000000 8.60145000e+04
57700.000000 8.48207000e+04
57900.000000 8.36480000e+04
58100.000000 8.24950000e+04
58300.000000 8.13624000e+04
58500.000000 8.02633000e+04
58700.000000 7.91673000e+04
58900.000000 7.79703000e+04
59100.000000 7.55301000e+04
59300.000000 7.59385000e+04
59500.000000 7.47755000e+04
59700.000000 7.38906000e+04
59900.000000 7.29748000e+04
60100.000000 7.20018000e+04
60300.000000 7.10453000e+04
60500.000000 7.01050000e+04
60700.000000 6.91795000e+04
60900.000000 6.82698000e+04
61100.000000 6.73746000e+04
61300.000000 6.64935000e+04
61500.000000 6.56275000e+04
61700.000000 6.47752000e+04
61900.000000 6.39365000e+04
62100.000000 6.31111000e+04
62300.000000 6.22989000e+04
62500.000000 6.15006000e+04
62700.000000 6.07025000e+04
62900.000000 5.95973000e+04
63100.000000 5.91358000e+04
63300.000000 5.84299000e+04
63500.000000 5.76925000e+04
63700.000000 5.69668000e+04
63900.000000 5.62519000e+04
64200.000000 5.52009000e+04
64600.000000 5.38369000e+04
65000.000000 5.25147000e+04
65400.000000 5.12331000e+04
65800.000000 4.99900000e+04
66200.000000 4.87842000e+04
66600.000000 4.76148000e+04
67000.000000 4.64798000e+04
67400.000000 4.53600000e+04
67800.000000 4.40757000e+04
68200.000000 4.32718000e+04
68600.000000 4.22643000e+04
69000.000000 4.12859000e+04
69400.000000 4.03350000e+04
69800.000000 3.94124000e+04
70200.000000 3.85151000e+04
70600.000000 3.76430000e+04
71000.000000 3.67956000e+04
71400.000000 3.59714000e+04
71800.000000 3.51712000e+04
72200.000000 3.43923000e+04
72600.000000 3.36342000e+04
73000.000000 3.28983000e+04
73400.000000 3.21812000e+04
73800.000000 3.14840000e+04
74200.000000 3.08027000e+04
74600.000000 2.96555000e+04
75000.000000 2.89127000e+04
75400.000000 2.88433000e+04
75800.000000 2.82670000e+04
76200.000000 2.76738000e+04
76600.000000 2.70953000e+04
77000.000000 2.65325000e+04
77400.000000 2.59841000e+04
77800.000000 2.54487000e+04
78200.000000 2.49285000e+04
78600.000000 2.44211000e+04
79000.000000 2.39263000e+04
79400.000000 2.34445000e+04
79800.000000 2.29740000e+04
80200.000000 2.25158000e+04
80600.000000 2.20684000e+04
81000.000000 2.16322000e+04
81400.000000 2.11922000e+04
81800.000000 2.07912000e+04
82200.000000 2.03864000e+04
82600.000000 1.99912000e+04
83000.000000 1.96054000e+04
83400.000000 1.92293000e+04
83800.000000 1.88616000e+04
84200.000000 1.85027000e+04
84600.000000 1.81523000e+04
85000.000000 1.78103000e+04
85400.000000 1.74765000e+04
85800.000000 1.71502000e+04
86200.000000 1.68312000e+04
86600.000000 1.64821000e+04
87000.000000 1.62154000e+04
87400.000000 1.58208000e+04
87800.000000 1.55308000e+04
88200.000000 1.53438000e+04
88600.000000 1.50664000e+04
89000.000000 1.47948000e+04
89400.000000 1.45297000e+04
89800.000000 1.42702000e+04
90200.000000 1.40166000e+04
90600.000000 1.37687000e+04
91000.000000 1.35260000e+04
91400.000000 1.32889000e+04
91800.000000 1.30566000e+04
92200.000000 1.28297000e+04
92600.000000 1.26075000e+04
93000.000000 1.23900000e+04
93400.000000 1.21770000e+04
93800.000000 1.19192000e+04
94200.000000 1.17532000e+04
94600.000000 1.15656000e+04
95000.000000 1.13703000e+04
95400.000000 1.11792000e+04
95800.000000 1.09920000e+04
96200.000000 1.08088000e+04
96600.000000 1.06294000e+04
97000.000000 1.04535000e+04
97400.000000 1.02812000e+04
97800.000000 1.01126000e+04
98200.000000 9.94716000e+03
98600.000000 9.78524000e+03
99000.000000 9.62676000e+03
99400.000000 9.47127000e+03
99800.000000 9.31910000e+03
100200.000000 9.16980000e+03
200000.000000 5.61280000e+02
400000.000000 3.39716000e+01
600000.000000 6.58240000e+00
800000.000000 2.05412000e+00
1000000.000000 8.32271000e-01
1200000.000000 3.97763000e-01
1400000.000000 2.13044000e-01
1600000.000000 1.24031000e-01
