# Kurucz ODFNEW /NOVER, alpha: 0.0 (2003)
# teff = 29000 K (value for the effective temperature for the model. Temperatures are given in K)
# logg = 3.5 log(cm/s2) (value for Log(G) for the model.)
# lh = 1.25  (l/Hp where l is the  mixing length of the convective element and Hp is the pressure scale height)
# meta = 0.2  (value for the Metallicity for the model.)
# vtur = 2 km/s (Microturbulence velocity)
# alpha = 0  (Alpha)
#
# column 1: WAVELENGTH (ANGSTROM), Wavelength in Angstrom
# column 2: FLUX (ERG/CM2/S/A), Flux in erg/cm2/s/A
147.200000 1.38611000e-09
151.000000 4.52782000e-09
155.200000 1.56826000e-08
158.800000 4.32342000e-08
162.000000 1.02721000e-07
166.000000 2.89684000e-07
170.300000 8.35461000e-07
173.400000 1.74410000e-06
176.800000 3.79197000e-06
180.200000 8.00166000e-06
181.700000 1.10486000e-05
186.100000 2.75282000e-05
191.000000 7.26248000e-05
193.900000 1.26033000e-04
198.400000 2.87831000e-04
201.800000 5.24151000e-04
205.000000 9.05226000e-04
210.500000 2.23367000e-03
216.200000 5.41974000e-03
219.800000 9.30594000e-03
223.000000 1.48096000e-02
226.800000 2.57868000e-02
230.000000 7.30741000e+00
234.000000 1.58663000e+01
240.000000 2.90271000e+01
246.500000 5.65024000e+01
252.400000 1.02382000e+02
256.800000 1.50112000e+02
260.000000 2.72644000e+02
264.000000 4.50231000e+02
268.500000 7.03269000e+02
273.500000 1.04816000e+03
278.500000 1.46695000e+03
284.000000 3.54814000e+03
290.000000 5.52193000e+03
296.000000 8.00060000e+03
301.000000 1.15334000e+04
308.000000 3.33617000e+04
318.000000 7.61774000e+04
328.000000 1.21881000e+05
338.000000 2.30917000e+05
348.000000 3.84961000e+05
357.000000 1.18450000e+06
366.000000 2.65026000e+06
375.000000 3.36558000e+06
385.000000 5.27891000e+06
395.000000 1.08242000e+07
405.000000 1.40207000e+07
414.000000 1.98869000e+07
422.000000 2.35937000e+07
430.000000 2.93845000e+07
441.000000 3.83275000e+07
451.000000 4.39256000e+07
460.000000 4.89107000e+07
470.000000 6.24443000e+07
480.000000 7.67930000e+07
490.000000 8.88052000e+07
500.000000 1.09505000e+08
506.000000 2.41529000e+08
512.000000 2.18282000e+09
520.000000 2.10726000e+09
530.000000 1.90443000e+09
540.000000 1.80109000e+09
550.000000 2.27706000e+09
560.000000 3.09384000e+09
570.000000 3.38651000e+09
580.000000 3.03679000e+09
590.000000 3.33797000e+09
600.000000 2.49500000e+09
610.000000 3.37912000e+09
620.000000 4.14608000e+09
630.000000 3.98276000e+09
640.000000 3.68672000e+09
650.000000 2.90327000e+09
658.000000 2.81274000e+09
665.000000 3.77185000e+09
675.000000 4.43981000e+09
685.000000 3.31074000e+09
695.000000 4.94286000e+09
705.000000 3.67607000e+09
716.000000 5.45831000e+09
726.000000 5.25680000e+09
735.000000 5.30681000e+09
745.000000 5.07931000e+09
755.000000 5.16579000e+09
765.000000 5.35149000e+09
775.000000 5.72698000e+09
785.000000 6.00340000e+09
795.000000 6.05843000e+09
805.000000 5.73025000e+09
815.000000 5.64965000e+09
825.000000 6.19372000e+09
835.000000 4.63190000e+09
845.000000 5.86495000e+09
855.000000 5.80381000e+09
865.000000 6.05959000e+09
875.000000 6.18710000e+09
885.000000 6.42998000e+09
895.000000 6.52460000e+09
905.000000 6.30301000e+09
915.000000 8.88159000e+09
925.000000 3.11546000e+10
935.000000 4.60836000e+10
945.000000 5.20066000e+10
955.000000 5.32983000e+10
965.000000 5.55491000e+10
975.000000 1.82586000e+10
985.000000 4.02347000e+10
995.000000 4.07619000e+10
1005.000000 4.48260000e+10
1015.000000 4.75672000e+10
1025.000000 4.21327000e+10
1035.000000 4.48006000e+10
1045.000000 5.38552000e+10
1055.000000 5.05172000e+10
1065.000000 4.32389000e+10
1075.000000 4.57145000e+10
1085.000000 4.26100000e+10
1095.000000 4.51060000e+10
1105.000000 4.32443000e+10
1115.000000 4.23024000e+10
1125.000000 3.29275000e+10
1135.000000 4.09622000e+10
1145.000000 3.95314000e+10
1155.000000 3.81438000e+10
1165.000000 3.69672000e+10
1175.000000 2.15015000e+10
1185.000000 3.34280000e+10
1195.000000 3.30477000e+10
1205.000000 3.06671000e+10
1215.000000 2.75180000e+10
1225.000000 3.13158000e+10
1235.000000 3.35450000e+10
1245.000000 3.17201000e+10
1255.000000 3.19772000e+10
1265.000000 3.29639000e+10
1275.000000 3.40803000e+10
1285.000000 3.40562000e+10
1295.000000 3.07624000e+10
1305.000000 3.11444000e+10
1315.000000 3.35309000e+10
1325.000000 3.21941000e+10
1335.000000 3.10710000e+10
1345.000000 3.12812000e+10
1355.000000 3.05545000e+10
1365.000000 2.94917000e+10
1375.000000 2.84586000e+10
1385.000000 2.73146000e+10
1395.000000 1.91512000e+10
1405.000000 2.07561000e+10
1415.000000 2.58582000e+10
1425.000000 2.35578000e+10
1435.000000 2.51296000e+10
1442.000000 2.50022000e+10
1447.000000 2.48351000e+10
1455.000000 2.36338000e+10
1465.000000 2.27120000e+10
1475.000000 2.32362000e+10
1485.000000 2.31293000e+10
1495.000000 2.24400000e+10
1505.000000 2.14642000e+10
1512.000000 2.05277000e+10
1517.000000 2.09590000e+10
1525.000000 2.03071000e+10
1535.000000 1.74069000e+10
1545.000000 1.48588000e+10
1555.000000 1.48479000e+10
1565.000000 1.70628000e+10
1575.000000 1.81969000e+10
1585.000000 1.83429000e+10
1595.000000 1.81196000e+10
1605.000000 1.73110000e+10
1615.000000 1.65282000e+10
1625.000000 1.68932000e+10
1635.000000 1.73537000e+10
1645.000000 1.74399000e+10
1655.000000 1.72614000e+10
1665.000000 1.71512000e+10
1672.000000 1.57398000e+10
1677.000000 1.86039000e+10
1685.000000 1.75293000e+10
1695.000000 1.67684000e+10
1705.000000 1.66630000e+10
1715.000000 1.56828000e+10
1725.000000 1.52559000e+10
1735.000000 1.57939000e+10
1745.000000 1.55911000e+10
1755.000000 1.54678000e+10
1765.000000 1.53680000e+10
1775.000000 1.46656000e+10
1785.000000 1.49357000e+10
1795.000000 1.47089000e+10
1805.000000 1.47522000e+10
1815.000000 1.40389000e+10
1825.000000 1.40484000e+10
1835.000000 1.39594000e+10
1845.000000 1.29862000e+10
1855.000000 1.33557000e+10
1865.000000 1.34132000e+10
1875.000000 1.32480000e+10
1885.000000 1.23232000e+10
1895.000000 1.18442000e+10
1905.000000 1.23856000e+10
1915.000000 1.19833000e+10
1925.000000 1.12237000e+10
1935.000000 1.19985000e+10
1945.000000 1.22210000e+10
1955.000000 1.09489000e+10
1967.000000 1.16444000e+10
1976.000000 1.20576000e+10
1984.000000 1.14399000e+10
1995.000000 1.11759000e+10
2005.000000 1.14377000e+10
2015.000000 1.14256000e+10
2025.000000 1.15308000e+10
2035.000000 1.08228000e+10
2045.000000 1.07775000e+10
2055.000000 9.25181000e+09
2065.000000 9.06170000e+09
2074.000000 9.65936000e+09
2078.000000 9.34302000e+09
2085.000000 1.00343000e+10
2095.000000 9.84864000e+09
2105.000000 1.00537000e+10
2115.000000 1.01534000e+10
2125.000000 1.00864000e+10
2135.000000 9.96821000e+09
2145.000000 9.66014000e+09
2155.000000 9.79621000e+09
2165.000000 9.51624000e+09
2175.000000 9.53804000e+09
2185.000000 9.34520000e+09
2195.000000 9.42835000e+09
2205.000000 9.29886000e+09
2215.000000 9.09070000e+09
2225.000000 8.98862000e+09
2235.000000 8.82239000e+09
2245.000000 8.75593000e+09
2255.000000 8.56953000e+09
2265.000000 8.54911000e+09
2275.000000 8.47193000e+09
2285.000000 8.30270000e+09
2295.000000 7.24416000e+09
2305.000000 7.97914000e+09
2315.000000 7.88013000e+09
2325.000000 7.84454000e+09
2335.000000 7.69804000e+09
2345.000000 7.66746000e+09
2355.000000 7.52504000e+09
2365.000000 7.41641000e+09
2375.000000 7.25925000e+09
2385.000000 7.06406000e+09
2395.000000 7.03212000e+09
2405.000000 7.00177000e+09
2415.000000 6.91032000e+09
2425.000000 6.87266000e+09
2435.000000 6.73627000e+09
2445.000000 6.68128000e+09
2455.000000 6.60883000e+09
2465.000000 6.50882000e+09
2475.000000 6.40467000e+09
2485.000000 6.15740000e+09
2495.000000 4.35915000e+09
2505.000000 5.82749000e+09
2513.000000 5.81341000e+09
2518.000000 5.92635000e+09
2525.000000 6.01822000e+09
2535.000000 5.98080000e+09
2545.000000 5.82977000e+09
2555.000000 5.79115000e+09
2565.000000 5.73578000e+09
2575.000000 5.67285000e+09
2585.000000 5.60757000e+09
2595.000000 5.52650000e+09
2605.000000 5.49426000e+09
2615.000000 5.38240000e+09
2625.000000 5.34765000e+09
2635.000000 5.29791000e+09
2645.000000 5.20887000e+09
2655.000000 5.15806000e+09
2665.000000 5.02219000e+09
2675.000000 4.93912000e+09
2685.000000 4.96432000e+09
2695.000000 4.82869000e+09
2705.000000 4.77477000e+09
2715.000000 4.72704000e+09
2725.000000 4.70403000e+09
2735.000000 4.61762000e+09
2745.000000 4.60658000e+09
2755.000000 4.55866000e+09
2765.000000 4.48618000e+09
2775.000000 4.48394000e+09
2785.000000 4.40153000e+09
2795.000000 4.25801000e+09
2805.000000 4.28521000e+09
2815.000000 4.27308000e+09
2825.000000 4.21758000e+09
2835.000000 4.11466000e+09
2845.000000 4.12311000e+09
2855.000000 4.05791000e+09
2865.000000 4.00824000e+09
2875.000000 3.96641000e+09
2885.000000 3.92557000e+09
2895.000000 3.88096000e+09
2910.000000 3.78945000e+09
2930.000000 3.73978000e+09
2950.000000 3.63275000e+09
2970.000000 3.56046000e+09
2990.000000 3.46107000e+09
3010.000000 3.35493000e+09
3030.000000 3.29011000e+09
3050.000000 3.24601000e+09
3070.000000 3.19302000e+09
3090.000000 3.08273000e+09
3110.000000 3.06051000e+09
3130.000000 2.98045000e+09
3150.000000 2.92894000e+09
3170.000000 2.85858000e+09
3190.000000 2.80305000e+09
3210.000000 2.73799000e+09
3230.000000 2.67891000e+09
3250.000000 2.64148000e+09
3270.000000 2.56762000e+09
3290.000000 2.52376000e+09
3310.000000 2.47117000e+09
3330.000000 2.41178000e+09
3350.000000 2.35887000e+09
3370.000000 2.31377000e+09
3390.000000 2.28527000e+09
3410.000000 2.23862000e+09
3430.000000 2.19735000e+09
3450.000000 2.14333000e+09
3470.000000 2.10624000e+09
3490.000000 2.06318000e+09
3510.000000 2.02692000e+09
3530.000000 1.99495000e+09
3550.000000 1.95376000e+09
3570.000000 1.91777000e+09
3590.000000 1.87150000e+09
3610.000000 1.83495000e+09
3630.000000 1.80349000e+09
3640.000000 1.78712000e+09
3650.000000 1.71416000e+09
3670.000000 1.68902000e+09
3690.000000 1.65294000e+09
3710.000000 1.60402000e+09
3730.000000 1.57192000e+09
3750.000000 1.61917000e+09
3770.000000 1.59718000e+09
3790.000000 1.61966000e+09
3810.000000 1.64464000e+09
3830.000000 1.51594000e+09
3850.000000 1.61951000e+09
3870.000000 1.56503000e+09
3890.000000 1.44290000e+09
3910.000000 1.55210000e+09
3930.000000 1.49941000e+09
3950.000000 1.47596000e+09
3970.000000 1.33062000e+09
3990.000000 1.44029000e+09
4010.000000 1.41383000e+09
4030.000000 1.37102000e+09
4050.000000 1.36723000e+09
4070.000000 1.31548000e+09
4090.000000 1.26661000e+09
4110.000000 1.18692000e+09
4130.000000 1.25598000e+09
4150.000000 1.24117000e+09
4170.000000 1.23185000e+09
4190.000000 1.21155000e+09
4210.000000 1.19229000e+09
4230.000000 1.17500000e+09
4250.000000 1.14499000e+09
4270.000000 1.11891000e+09
4290.000000 1.10200000e+09
4310.000000 1.07437000e+09
4330.000000 1.03545000e+09
4350.000000 9.72498000e+08
4370.000000 1.02645000e+09
4390.000000 1.01299000e+09
4410.000000 9.97510000e+08
4430.000000 9.91058000e+08
4450.000000 9.72353000e+08
4470.000000 9.47004000e+08
4490.000000 9.44753000e+08
4510.000000 9.25557000e+08
4530.000000 9.15365000e+08
4550.000000 8.98073000e+08
4570.000000 8.88263000e+08
4590.000000 8.71867000e+08
4610.000000 8.56111000e+08
4630.000000 8.39785000e+08
4650.000000 8.00065000e+08
4670.000000 8.14578000e+08
4690.000000 8.01411000e+08
4710.000000 7.85551000e+08
4730.000000 7.87443000e+08
4750.000000 7.73996000e+08
4770.000000 7.68182000e+08
4790.000000 7.56066000e+08
4810.000000 7.42692000e+08
4830.000000 7.29837000e+08
4850.000000 7.09175000e+08
4870.000000 6.54343000e+08
4890.000000 6.98928000e+08
4910.000000 6.88511000e+08
4930.000000 6.71559000e+08
4950.000000 6.65897000e+08
4970.000000 6.61388000e+08
4990.000000 6.51406000e+08
5010.000000 6.30141000e+08
5030.000000 6.30441000e+08
5050.000000 6.20213000e+08
5070.000000 6.14758000e+08
5090.000000 6.05327000e+08
5110.000000 5.96226000e+08
5130.000000 5.86275000e+08
5150.000000 5.78350000e+08
5170.000000 5.70741000e+08
5190.000000 5.63554000e+08
5210.000000 5.56001000e+08
5230.000000 5.48121000e+08
5250.000000 5.39210000e+08
5270.000000 5.31341000e+08
5290.000000 5.25702000e+08
5310.000000 5.18208000e+08
5330.000000 5.11356000e+08
5350.000000 5.04421000e+08
5370.000000 4.97535000e+08
5390.000000 4.90219000e+08
5410.000000 4.81812000e+08
5430.000000 4.77771000e+08
5450.000000 4.71164000e+08
5470.000000 4.64665000e+08
5490.000000 4.58448000e+08
5510.000000 4.52521000e+08
5530.000000 4.46223000e+08
5550.000000 4.40884000e+08
5570.000000 4.34725000e+08
5590.000000 4.28473000e+08
5610.000000 4.23747000e+08
5630.000000 4.18234000e+08
5650.000000 4.12399000e+08
5670.000000 4.05827000e+08
5690.000000 3.96265000e+08
5710.000000 3.90109000e+08
5730.000000 3.85520000e+08
5750.000000 3.79629000e+08
5770.000000 3.76255000e+08
5790.000000 3.71334000e+08
5810.000000 3.66450000e+08
5830.000000 3.61645000e+08
5850.000000 3.58604000e+08
5870.000000 3.48107000e+08
5890.000000 3.49244000e+08
5910.000000 3.46280000e+08
5930.000000 3.42223000e+08
5950.000000 3.38671000e+08
5970.000000 3.36300000e+08
5990.000000 3.31212000e+08
6010.000000 3.27770000e+08
6030.000000 3.23227000e+08
6050.000000 3.19488000e+08
6070.000000 3.15934000e+08
6090.000000 3.12237000e+08
6110.000000 3.08249000e+08
6130.000000 3.04687000e+08
6150.000000 3.00208000e+08
6170.000000 2.96702000e+08
6190.000000 2.93755000e+08
6210.000000 2.90449000e+08
6230.000000 2.86831000e+08
6250.000000 2.83252000e+08
6270.000000 2.80059000e+08
6290.000000 2.76900000e+08
6310.000000 2.73151000e+08
6330.000000 2.70450000e+08
6350.000000 2.67030000e+08
6370.000000 2.64204000e+08
6390.000000 2.61058000e+08
6410.000000 2.57818000e+08
6430.000000 2.55114000e+08
6450.000000 2.51995000e+08
6470.000000 2.48496000e+08
6490.000000 2.45777000e+08
6510.000000 2.43140000e+08
6530.000000 2.40027000e+08
6550.000000 2.35455000e+08
6570.000000 2.15067000e+08
6590.000000 2.31148000e+08
6610.000000 2.29674000e+08
6630.000000 2.27331000e+08
6650.000000 2.24611000e+08
6670.000000 2.20480000e+08
6690.000000 2.17909000e+08
6710.000000 2.17056000e+08
6730.000000 2.14146000e+08
6750.000000 2.12324000e+08
6770.000000 2.10225000e+08
6790.000000 2.07060000e+08
6810.000000 2.05545000e+08
6830.000000 2.03253000e+08
6850.000000 2.01136000e+08
6870.000000 1.98850000e+08
6890.000000 1.96181000e+08
6910.000000 1.94100000e+08
6930.000000 1.92613000e+08
6950.000000 1.90523000e+08
6970.000000 1.88478000e+08
6990.000000 1.86429000e+08
7010.000000 1.84339000e+08
7030.000000 1.82118000e+08
7050.000000 1.80374000e+08
7070.000000 1.76235000e+08
7090.000000 1.76711000e+08
7110.000000 1.74108000e+08
7130.000000 1.72421000e+08
7150.000000 1.71200000e+08
7170.000000 1.69176000e+08
7190.000000 1.67573000e+08
7210.000000 1.65884000e+08
7230.000000 1.62546000e+08
7250.000000 1.62095000e+08
7270.000000 1.60755000e+08
7290.000000 1.58074000e+08
7310.000000 1.57393000e+08
7330.000000 1.55778000e+08
7350.000000 1.54220000e+08
7370.000000 1.52656000e+08
7390.000000 1.51114000e+08
7410.000000 1.49558000e+08
7430.000000 1.48051000e+08
7450.000000 1.46511000e+08
7470.000000 1.44613000e+08
7490.000000 1.43305000e+08
7510.000000 1.42095000e+08
7530.000000 1.40637000e+08
7550.000000 1.39331000e+08
7570.000000 1.37912000e+08
7590.000000 1.36244000e+08
7610.000000 1.34957000e+08
7630.000000 1.33784000e+08
7650.000000 1.32481000e+08
7670.000000 1.31246000e+08
7690.000000 1.29787000e+08
7710.000000 1.28557000e+08
7730.000000 1.27193000e+08
7750.000000 1.26148000e+08
7770.000000 1.24913000e+08
7790.000000 1.23745000e+08
7810.000000 1.22500000e+08
7830.000000 1.21353000e+08
7850.000000 1.20173000e+08
7870.000000 1.18870000e+08
7890.000000 1.17663000e+08
7910.000000 1.16689000e+08
7930.000000 1.15544000e+08
7950.000000 1.14534000e+08
7970.000000 1.13385000e+08
7990.000000 1.12352000e+08
8010.000000 1.11210000e+08
8030.000000 1.10131000e+08
8050.000000 1.09201000e+08
8070.000000 1.08180000e+08
8090.000000 1.07076000e+08
8110.000000 1.05575000e+08
8130.000000 1.05204000e+08
8150.000000 1.04087000e+08
8170.000000 1.03268000e+08
8190.000000 1.01899000e+08
8210.000000 1.00420000e+08
8230.000000 9.93093000e+07
8250.000000 9.88283000e+07
8270.000000 9.72658000e+07
8290.000000 9.69395000e+07
8310.000000 9.61571000e+07
8330.000000 9.51638000e+07
8350.000000 9.39791000e+07
8370.000000 9.33423000e+07
8390.000000 9.26890000e+07
8410.000000 9.17747000e+07
8430.000000 9.09633000e+07
8450.000000 8.98157000e+07
8470.000000 8.91505000e+07
8490.000000 8.86212000e+07
8510.000000 8.70139000e+07
8530.000000 8.72690000e+07
8550.000000 8.49854000e+07
8570.000000 8.64307000e+07
8590.000000 8.35780000e+07
8610.000000 8.29361000e+07
8630.000000 8.47120000e+07
8650.000000 8.30066000e+07
8670.000000 7.83490000e+07
8690.000000 8.26633000e+07
8710.000000 8.23784000e+07
8730.000000 8.07557000e+07
8750.000000 7.47480000e+07
8770.000000 7.89138000e+07
8790.000000 7.97350000e+07
8810.000000 7.91938000e+07
8830.000000 7.82702000e+07
8850.000000 7.54685000e+07
8870.000000 7.08191000e+07
8890.000000 7.61066000e+07
8910.000000 7.58175000e+07
8930.000000 7.51334000e+07
8950.000000 7.45581000e+07
8970.000000 7.39779000e+07
8990.000000 7.26562000e+07
9010.000000 6.69462000e+07
9030.000000 6.96069000e+07
9050.000000 7.13464000e+07
9070.000000 7.04551000e+07
9090.000000 7.01317000e+07
9110.000000 6.97379000e+07
9130.000000 6.91706000e+07
9150.000000 6.86120000e+07
9170.000000 6.79009000e+07
9190.000000 6.73603000e+07
9210.000000 6.55847000e+07
9230.000000 5.98351000e+07
9250.000000 6.46885000e+07
9270.000000 6.50936000e+07
9290.000000 6.46521000e+07
9310.000000 6.39573000e+07
9330.000000 6.34627000e+07
9350.000000 6.29114000e+07
9370.000000 6.25359000e+07
9390.000000 6.20775000e+07
9410.000000 6.15076000e+07
9430.000000 6.10351000e+07
9450.000000 6.05366000e+07
9470.000000 5.98653000e+07
9490.000000 5.95463000e+07
9510.000000 5.86254000e+07
9530.000000 5.72762000e+07
9550.000000 5.25052000e+07
9570.000000 5.70987000e+07
9590.000000 5.72049000e+07
9610.000000 5.66244000e+07
9630.000000 5.60604000e+07
9650.000000 5.59092000e+07
9670.000000 5.54767000e+07
9690.000000 5.49952000e+07
9710.000000 5.37260000e+07
9730.000000 5.40306000e+07
9750.000000 5.37299000e+07
9770.000000 5.33049000e+07
9790.000000 5.28869000e+07
9810.000000 5.24327000e+07
9830.000000 5.20675000e+07
9850.000000 5.16388000e+07
9870.000000 5.12248000e+07
9890.000000 5.07559000e+07
9910.000000 5.02137000e+07
9930.000000 5.00727000e+07
9950.000000 4.96852000e+07
9970.000000 4.92700000e+07
9990.000000 4.89219000e+07
10025.000000 4.71752000e+07
10075.000000 4.57246000e+07
10125.000000 4.61635000e+07
10175.000000 4.55872000e+07
10225.000000 4.47064000e+07
10275.000000 4.38870000e+07
10325.000000 4.29505000e+07
10375.000000 4.22856000e+07
10425.000000 4.14996000e+07
10475.000000 4.07473000e+07
10525.000000 3.99938000e+07
10575.000000 3.92763000e+07
10625.000000 3.85637000e+07
10675.000000 3.78298000e+07
10725.000000 3.71929000e+07
10775.000000 3.65273000e+07
10825.000000 3.55509000e+07
10875.000000 3.52247000e+07
10925.000000 3.28577000e+07
10975.000000 3.37100000e+07
11025.000000 3.32964000e+07
11075.000000 3.28368000e+07
11125.000000 3.22683000e+07
11175.000000 3.17208000e+07
11225.000000 3.11637000e+07
11275.000000 3.06390000e+07
11325.000000 3.00842000e+07
11375.000000 2.95961000e+07
11425.000000 2.90923000e+07
11475.000000 2.86133000e+07
11525.000000 2.81440000e+07
11575.000000 2.76593000e+07
11625.000000 2.71769000e+07
11675.000000 2.67177000e+07
11725.000000 2.63259000e+07
11775.000000 2.58911000e+07
11825.000000 2.54619000e+07
11875.000000 2.50535000e+07
11925.000000 2.46478000e+07
11975.000000 2.40798000e+07
12025.000000 2.38626000e+07
12075.000000 2.34801000e+07
12125.000000 2.30985000e+07
12175.000000 2.27389000e+07
12225.000000 2.23793000e+07
12275.000000 2.20284000e+07
12325.000000 2.16779000e+07
12375.000000 2.13395000e+07
12425.000000 2.10119000e+07
12475.000000 2.06777000e+07
12525.000000 2.03187000e+07
12575.000000 2.00409000e+07
12625.000000 1.97364000e+07
12675.000000 1.94429000e+07
12725.000000 1.91469000e+07
12775.000000 1.86596000e+07
12825.000000 1.76415000e+07
12875.000000 1.82622000e+07
12925.000000 1.80177000e+07
12975.000000 1.76658000e+07
13025.000000 1.74709000e+07
13075.000000 1.72263000e+07
13125.000000 1.69722000e+07
13175.000000 1.67221000e+07
13225.000000 1.64767000e+07
13275.000000 1.62361000e+07
13325.000000 1.59944000e+07
13375.000000 1.57569000e+07
13425.000000 1.55233000e+07
13475.000000 1.53127000e+07
13525.000000 1.50835000e+07
13575.000000 1.48772000e+07
13625.000000 1.46533000e+07
13675.000000 1.44567000e+07
13725.000000 1.42394000e+07
13775.000000 1.40538000e+07
13825.000000 1.38563000e+07
13875.000000 1.36608000e+07
13925.000000 1.34587000e+07
13975.000000 1.32810000e+07
14025.000000 1.30907000e+07
14075.000000 1.29191000e+07
14125.000000 1.27385000e+07
14175.000000 1.25655000e+07
14225.000000 1.23947000e+07
14275.000000 1.22243000e+07
14325.000000 1.20589000e+07
14375.000000 1.18949000e+07
14425.000000 1.17362000e+07
14475.000000 1.15787000e+07
14525.000000 1.14214000e+07
14570.000000 1.12853000e+07
14620.000000 1.11321000e+07
14675.000000 1.09706000e+07
14725.000000 1.08257000e+07
14775.000000 1.06770000e+07
14825.000000 1.05437000e+07
14875.000000 1.04062000e+07
14925.000000 1.02708000e+07
14975.000000 1.01371000e+07
15025.000000 1.00030000e+07
15075.000000 9.86236000e+06
15125.000000 9.74769000e+06
15175.000000 9.62156000e+06
15225.000000 9.50012000e+06
15275.000000 9.37167000e+06
15325.000000 9.25030000e+06
15375.000000 9.14227000e+06
15425.000000 9.00393000e+06
15475.000000 8.91359000e+06
15525.000000 8.80203000e+06
15575.000000 8.64248000e+06
15625.000000 8.60624000e+06
15675.000000 8.45529000e+06
15725.000000 8.30440000e+06
15775.000000 8.29847000e+06
15825.000000 8.19346000e+06
15875.000000 7.91995000e+06
15925.000000 7.97116000e+06
15975.000000 7.91469000e+06
16050.000000 7.74832000e+06
16150.000000 7.45912000e+06
16250.000000 7.41254000e+06
16350.000000 7.19869000e+06
16450.000000 6.92168000e+06
16550.000000 6.89908000e+06
16650.000000 6.73750000e+06
16750.000000 6.54168000e+06
16850.000000 6.28593000e+06
16950.000000 6.28056000e+06
17050.000000 6.11108000e+06
17150.000000 5.99762000e+06
17250.000000 5.86220000e+06
17350.000000 5.56767000e+06
17450.000000 5.59448000e+06
17550.000000 5.47782000e+06
17650.000000 5.35679000e+06
17750.000000 5.23849000e+06
17850.000000 5.12037000e+06
17950.000000 5.01285000e+06
18050.000000 4.90404000e+06
18150.000000 4.66488000e+06
18250.000000 4.68007000e+06
18350.000000 4.59564000e+06
18450.000000 4.49781000e+06
18550.000000 4.39788000e+06
18650.000000 4.28369000e+06
18750.000000 4.09828000e+06
18850.000000 4.13337000e+06
18950.000000 4.04612000e+06
19050.000000 3.95413000e+06
19150.000000 3.88407000e+06
19250.000000 3.80529000e+06
19350.000000 3.72652000e+06
19450.000000 3.53564000e+06
19550.000000 3.57427000e+06
19650.000000 3.50862000e+06
19750.000000 3.43909000e+06
19850.000000 3.37106000e+06
19950.000000 3.30488000e+06
20050.000000 3.24023000e+06
20150.000000 3.17725000e+06
20250.000000 3.11572000e+06
20350.000000 3.05570000e+06
20450.000000 2.99625000e+06
20550.000000 2.93398000e+06
20650.000000 2.88398000e+06
20750.000000 2.82895000e+06
20850.000000 2.77615000e+06
20950.000000 2.72378000e+06
21050.000000 2.67280000e+06
21150.000000 2.61457000e+06
21250.000000 2.57534000e+06
21350.000000 2.52788000e+06
21450.000000 2.48103000e+06
21550.000000 2.43534000e+06
21650.000000 2.31131000e+06
21750.000000 2.34601000e+06
21850.000000 2.30556000e+06
21950.000000 2.26545000e+06
22050.000000 2.22511000e+06
22150.000000 2.18564000e+06
22250.000000 2.14648000e+06
22350.000000 2.10921000e+06
22450.000000 2.07230000e+06
22550.000000 2.03611000e+06
22650.000000 2.00076000e+06
22750.000000 1.96618000e+06
22850.000000 1.93205000e+06
22950.000000 1.89909000e+06
23050.000000 1.86634000e+06
23150.000000 1.83492000e+06
23250.000000 1.80398000e+06
23350.000000 1.77357000e+06
23450.000000 1.74388000e+06
23550.000000 1.71470000e+06
23650.000000 1.68615000e+06
23750.000000 1.65816000e+06
23850.000000 1.63091000e+06
23950.000000 1.60392000e+06
24050.000000 1.57758000e+06
24150.000000 1.55175000e+06
24250.000000 1.52655000e+06
24350.000000 1.50178000e+06
24450.000000 1.47717000e+06
24550.000000 1.45416000e+06
24650.000000 1.43004000e+06
24750.000000 1.40541000e+06
24850.000000 1.38656000e+06
24950.000000 1.36028000e+06
25050.000000 1.34409000e+06
25150.000000 1.32372000e+06
25250.000000 1.29482000e+06
25350.000000 1.28204000e+06
25450.000000 1.26425000e+06
25550.000000 1.24266000e+06
25650.000000 1.21255000e+06
25750.000000 1.20565000e+06
25850.000000 1.18839000e+06
25950.000000 1.17030000e+06
26050.000000 1.14884000e+06
26150.000000 1.11511000e+06
26250.000000 1.07853000e+06
26350.000000 1.09912000e+06
26450.000000 1.08490000e+06
26550.000000 1.06792000e+06
26650.000000 1.05101000e+06
26750.000000 1.01469000e+06
26850.000000 1.01989000e+06
26950.000000 1.00710000e+06
27050.000000 9.92406000e+05
27150.000000 9.77954000e+05
27250.000000 9.63788000e+05
27350.000000 9.49853000e+05
27450.000000 9.35996000e+05
27550.000000 9.01567000e+05
27650.000000 9.03582000e+05
27750.000000 8.96592000e+05
27850.000000 8.83851000e+05
27950.000000 8.71365000e+05
28050.000000 8.58938000e+05
28150.000000 8.46999000e+05
28250.000000 8.35160000e+05
28350.000000 8.23513000e+05
28450.000000 8.12056000e+05
28550.000000 8.00507000e+05
28650.000000 7.86576000e+05
28750.000000 7.56592000e+05
28850.000000 7.67651000e+05
28950.000000 7.57727000e+05
29050.000000 7.47385000e+05
29150.000000 7.37256000e+05
29250.000000 7.27292000e+05
29350.000000 7.17447000e+05
29450.000000 7.07804000e+05
29550.000000 6.98363000e+05
29650.000000 6.89032000e+05
29750.000000 6.79853000e+05
29850.000000 6.70824000e+05
29950.000000 6.61900000e+05
30050.000000 6.53246000e+05
30150.000000 6.44444000e+05
30250.000000 6.36156000e+05
30350.000000 6.12462000e+05
30450.000000 6.12631000e+05
30550.000000 6.11654000e+05
30650.000000 6.03659000e+05
30750.000000 5.95635000e+05
30850.000000 5.88059000e+05
30950.000000 5.80844000e+05
31050.000000 5.73396000e+05
31150.000000 5.66071000e+05
31250.000000 5.58828000e+05
31350.000000 5.51895000e+05
31450.000000 5.44887000e+05
31550.000000 5.38108000e+05
31650.000000 5.31366000e+05
31750.000000 5.24735000e+05
31850.000000 5.18177000e+05
31950.000000 5.11765000e+05
32100.000000 5.02313000e+05
32300.000000 4.90045000e+05
32500.000000 4.78112000e+05
32700.000000 4.66574000e+05
32900.000000 4.46231000e+05
33100.000000 4.43090000e+05
33300.000000 4.33639000e+05
33500.000000 4.23508000e+05
33700.000000 4.14250000e+05
33900.000000 4.04722000e+05
34100.000000 3.95355000e+05
34300.000000 3.86275000e+05
34500.000000 3.77410000e+05
34700.000000 3.68817000e+05
34900.000000 3.60426000e+05
35100.000000 3.52325000e+05
35300.000000 3.44413000e+05
35500.000000 3.36628000e+05
35700.000000 3.29024000e+05
35900.000000 3.22036000e+05
36100.000000 3.14633000e+05
36300.000000 3.08116000e+05
36500.000000 3.00931000e+05
36700.000000 2.94947000e+05
36900.000000 2.87940000e+05
37100.000000 2.82080000e+05
37300.000000 2.73837000e+05
37500.000000 2.66088000e+05
37700.000000 2.64932000e+05
37900.000000 2.59400000e+05
38100.000000 2.53330000e+05
38300.000000 2.48249000e+05
38500.000000 2.43633000e+05
38700.000000 2.38646000e+05
38900.000000 2.33684000e+05
39100.000000 2.27562000e+05
39300.000000 2.24424000e+05
39500.000000 2.19922000e+05
39700.000000 2.15531000e+05
39900.000000 2.11249000e+05
40100.000000 2.06242000e+05
40300.000000 2.01293000e+05
40500.000000 1.95236000e+05
40700.000000 1.95139000e+05
40900.000000 1.91359000e+05
41100.000000 1.87663000e+05
41300.000000 1.83929000e+05
41500.000000 1.80504000e+05
41700.000000 1.74656000e+05
41900.000000 1.73671000e+05
42100.000000 1.70475000e+05
42300.000000 1.67277000e+05
42500.000000 1.64088000e+05
42700.000000 1.61102000e+05
42900.000000 1.57896000e+05
43100.000000 1.55207000e+05
43300.000000 1.52362000e+05
43500.000000 1.49579000e+05
43700.000000 1.44686000e+05
43900.000000 1.43793000e+05
44100.000000 1.41608000e+05
44300.000000 1.39069000e+05
44500.000000 1.36587000e+05
44700.000000 1.34270000e+05
44900.000000 1.31894000e+05
45100.000000 1.29569000e+05
45300.000000 1.27297000e+05
45500.000000 1.25074000e+05
45700.000000 1.22899000e+05
45900.000000 1.20772000e+05
46100.000000 1.18654000e+05
46300.000000 1.16606000e+05
46500.000000 1.11800000e+05
46700.000000 1.10331000e+05
46900.000000 1.10497000e+05
47100.000000 1.08924000e+05
47300.000000 1.07094000e+05
47500.000000 1.05294000e+05
47700.000000 1.03544000e+05
47900.000000 1.01827000e+05
48100.000000 1.00142000e+05
48300.000000 9.84936000e+04
48500.000000 9.68774000e+04
48700.000000 9.52955000e+04
48900.000000 9.37456000e+04
49100.000000 9.22255000e+04
49300.000000 9.07378000e+04
49500.000000 8.92788000e+04
49700.000000 8.78495000e+04
49900.000000 8.64492000e+04
50100.000000 8.50745000e+04
50300.000000 8.37277000e+04
50500.000000 8.24100000e+04
50700.000000 8.11148000e+04
50900.000000 7.98460000e+04
51100.000000 7.84922000e+04
51300.000000 7.56368000e+04
51500.000000 7.61328000e+04
51700.000000 7.49670000e+04
51900.000000 7.38617000e+04
52100.000000 7.27336000e+04
52300.000000 7.16261000e+04
52500.000000 7.05333000e+04
52700.000000 6.93913000e+04
52900.000000 6.84274000e+04
53100.000000 6.74011000e+04
53300.000000 6.63937000e+04
53500.000000 6.54046000e+04
53700.000000 6.43435000e+04
53900.000000 6.34066000e+04
54100.000000 6.25473000e+04
54300.000000 6.16300000e+04
54500.000000 6.07282000e+04
54700.000000 5.98430000e+04
54900.000000 5.89753000e+04
55100.000000 5.80802000e+04
55300.000000 5.70732000e+04
55500.000000 5.64608000e+04
55700.000000 5.56529000e+04
55900.000000 5.48600000e+04
56100.000000 5.40805000e+04
56300.000000 5.33142000e+04
56500.000000 5.25621000e+04
56700.000000 5.18229000e+04
56900.000000 5.10927000e+04
57100.000000 5.00479000e+04
57300.000000 4.96509000e+04
57500.000000 4.89939000e+04
57700.000000 4.83165000e+04
57900.000000 4.76495000e+04
58100.000000 4.69973000e+04
58300.000000 4.63540000e+04
58500.000000 4.57447000e+04
58700.000000 4.51230000e+04
58900.000000 4.44349000e+04
59100.000000 4.27896000e+04
59300.000000 4.32675000e+04
59500.000000 4.23227000e+04
59700.000000 4.20142000e+04
59900.000000 4.16071000e+04
60100.000000 4.10542000e+04
60300.000000 4.05119000e+04
60500.000000 3.99769000e+04
60700.000000 3.94521000e+04
60900.000000 3.89344000e+04
61100.000000 3.84267000e+04
61300.000000 3.79257000e+04
61500.000000 3.74334000e+04
61700.000000 3.69496000e+04
61900.000000 3.64733000e+04
62100.000000 3.60043000e+04
62300.000000 3.55435000e+04
62500.000000 3.50888000e+04
62700.000000 3.46065000e+04
62900.000000 3.36565000e+04
63100.000000 3.36999000e+04
63300.000000 3.33434000e+04
63500.000000 3.29244000e+04
63700.000000 3.25119000e+04
63900.000000 3.21057000e+04
64200.000000 3.15084000e+04
64600.000000 3.07330000e+04
65000.000000 2.99814000e+04
65400.000000 2.92520000e+04
65800.000000 2.85451000e+04
66200.000000 2.78590000e+04
66600.000000 2.71941000e+04
67000.000000 2.65481000e+04
67400.000000 2.59022000e+04
67800.000000 2.50312000e+04
68200.000000 2.47223000e+04
68600.000000 2.41490000e+04
69000.000000 2.35913000e+04
69400.000000 2.30503000e+04
69800.000000 2.25247000e+04
70200.000000 2.20134000e+04
70600.000000 2.15168000e+04
71000.000000 2.10336000e+04
71400.000000 2.05651000e+04
71800.000000 2.01086000e+04
72200.000000 1.96653000e+04
72600.000000 1.92254000e+04
73000.000000 1.88138000e+04
73400.000000 1.84052000e+04
73800.000000 1.80077000e+04
74200.000000 1.75951000e+04
74600.000000 1.69628000e+04
75000.000000 1.64455000e+04
75400.000000 1.65007000e+04
75800.000000 1.61743000e+04
76200.000000 1.58362000e+04
76600.000000 1.55069000e+04
77000.000000 1.51855000e+04
77400.000000 1.48730000e+04
77800.000000 1.45287000e+04
78200.000000 1.42708000e+04
78600.000000 1.39814000e+04
79000.000000 1.36995000e+04
79400.000000 1.34244000e+04
79800.000000 1.31559000e+04
80200.000000 1.28944000e+04
80600.000000 1.26391000e+04
81000.000000 1.23900000e+04
81400.000000 1.21031000e+04
81800.000000 1.18966000e+04
82200.000000 1.16796000e+04
82600.000000 1.14536000e+04
83000.000000 1.12335000e+04
83400.000000 1.10188000e+04
83800.000000 1.08087000e+04
84200.000000 1.06042000e+04
84600.000000 1.04036000e+04
85000.000000 1.02085000e+04
85400.000000 1.00175000e+04
85800.000000 9.83116000e+03
86200.000000 9.64887000e+03
86600.000000 9.39869000e+03
87000.000000 9.29355000e+03
87400.000000 9.05284000e+03
87800.000000 8.88746000e+03
88200.000000 8.79928000e+03
88600.000000 8.64083000e+03
89000.000000 8.48533000e+03
89400.000000 8.33415000e+03
89800.000000 8.18579000e+03
90200.000000 8.04065000e+03
90600.000000 7.89867000e+03
91000.000000 7.76023000e+03
91400.000000 7.62482000e+03
91800.000000 7.49191000e+03
92200.000000 7.36189000e+03
92600.000000 7.23473000e+03
93000.000000 7.11077000e+03
93400.000000 6.98911000e+03
93800.000000 6.79946000e+03
94200.000000 6.74056000e+03
94600.000000 6.63906000e+03
95000.000000 6.52733000e+03
95400.000000 6.41807000e+03
95800.000000 6.31122000e+03
96200.000000 6.20634000e+03
96600.000000 6.10337000e+03
97000.000000 6.00269000e+03
97400.000000 5.90424000e+03
97800.000000 5.80760000e+03
98200.000000 5.71311000e+03
98600.000000 5.61803000e+03
99000.000000 5.52967000e+03
99400.000000 5.44064000e+03
99800.000000 5.35362000e+03
100200.000000 5.26819000e+03
200000.000000 3.25183000e+02
400000.000000 1.97870000e+01
600000.000000 3.84233000e+00
800000.000000 1.20065000e+00
1000000.000000 4.86885000e-01
1200000.000000 2.32897000e-01
1400000.000000 1.24849000e-01
1600000.000000 7.27500000e-02
