# Kurucz ODFNEW /NOVER, alpha: 0.0 (2003)
# teff = 5750 K (value for the effective temperature for the model. Temperatures are given in K)
# logg = 1.5 log(cm/s2) (value for Log(G) for the model.)
# lh = 1.25  (l/Hp where l is the  mixing length of the convective element and Hp is the pressure scale height)
# meta = -1  (value for the Metallicity for the model.)
# vtur = 2 km/s (Microturbulence velocity)
# alpha = 0  (Alpha)
#
# column 1: WAVELENGTH (ANGSTROM), Wavelength in Angstrom
# column 2: FLUX (ERG/CM2/S/A), Flux in erg/cm2/s/A
147.200000 4.08411000e-99
151.000000 2.37197000e-96
155.200000 1.86276000e-93
158.800000 4.23886000e-91
162.000000 4.29642000e-89
166.000000 1.07117000e-86
170.300000 3.01037000e-84
173.400000 1.46933000e-82
176.800000 8.90679000e-81
180.200000 4.61119000e-79
181.700000 2.50732000e-78
186.100000 3.06881000e-76
191.000000 4.96964000e-74
193.900000 8.89939000e-73
198.400000 6.60516000e-71
201.800000 1.50476000e-69
205.000000 2.59287000e-68
210.500000 2.79982000e-66
216.200000 2.77326000e-64
219.800000 4.45693000e-63
223.000000 4.86160000e-62
226.800000 7.59783000e-61
230.000000 7.16498000e-60
234.000000 1.08135000e-58
240.000000 5.32974000e-57
246.500000 2.92054000e-55
252.400000 9.21041000e-54
256.800000 1.08649000e-52
260.000000 6.19597000e-52
264.000000 5.13679000e-51
268.500000 5.12653000e-50
273.500000 6.02749000e-49
278.500000 6.47940000e-48
284.000000 7.98850000e-47
290.000000 1.10591000e-45
296.000000 1.36939000e-44
301.000000 1.03159000e-43
308.000000 1.55475000e-42
318.000000 6.04561000e-41
328.000000 1.86593000e-39
338.000000 4.66180000e-38
348.000000 9.61733000e-37
357.000000 1.25949000e-35
366.000000 1.44833000e-34
375.000000 1.47252000e-33
385.000000 1.69683000e-32
395.000000 1.71710000e-31
405.000000 1.54215000e-30
414.000000 1.01176000e-29
422.000000 5.01639000e-29
430.000000 2.33678000e-28
441.000000 1.76137000e-27
451.000000 1.00944000e-26
460.000000 4.53820000e-26
470.000000 2.24639000e-25
480.000000 1.03592000e-24
490.000000 4.47478000e-24
500.000000 1.81523000e-23
506.000000 5.43768000e-23
512.000000 1.34775000e-22
520.000000 3.74779000e-22
530.000000 1.29345000e-21
540.000000 4.18795000e-21
550.000000 1.31077000e-20
560.000000 3.90580000e-20
570.000000 1.11705000e-19
580.000000 3.03982000e-19
590.000000 8.14692000e-19
600.000000 2.08572000e-18
610.000000 5.16578000e-18
620.000000 1.23946000e-17
630.000000 2.88627000e-17
640.000000 6.53500000e-17
650.000000 1.44004000e-16
658.000000 2.65890000e-16
665.000000 4.48727000e-16
675.000000 9.28625000e-16
685.000000 1.87809000e-15
695.000000 3.71484000e-15
705.000000 7.19100000e-15
716.000000 1.45414000e-14
726.000000 2.70177000e-14
735.000000 4.64530000e-14
745.000000 8.34197000e-14
755.000000 1.47275000e-13
765.000000 2.55801000e-13
775.000000 4.37348000e-13
785.000000 7.36616000e-13
795.000000 1.22081000e-12
805.000000 2.00054000e-12
815.000000 3.23231000e-12
825.000000 5.15441000e-12
835.000000 8.11895000e-12
845.000000 1.26363000e-11
855.000000 1.94414000e-11
865.000000 2.95795000e-11
875.000000 4.45103000e-11
885.000000 6.63344000e-11
895.000000 9.78478000e-11
905.000000 1.42923000e-10
915.000000 1.33449000e-06
925.000000 4.70810000e-06
935.000000 6.88453000e-06
945.000000 1.01469000e-05
955.000000 1.53418000e-05
965.000000 2.20408000e-05
975.000000 3.11477000e-05
985.000000 4.44282000e-05
995.000000 6.21283000e-05
1005.000000 8.86784000e-05
1015.000000 1.21931000e-04
1025.000000 1.65827000e-04
1035.000000 2.30629000e-04
1045.000000 3.13824000e-04
1055.000000 4.23803000e-04
1065.000000 5.66776000e-04
1075.000000 7.57485000e-04
1085.000000 1.00571000e-03
1095.000000 1.32252000e-03
1105.000000 3.97671000e-03
1115.000000 1.44146000e-02
1125.000000 2.15639000e-02
1135.000000 3.13438000e-02
1145.000000 3.91033000e-02
1155.000000 4.06883000e-02
1165.000000 4.96606000e-02
1175.000000 5.06608000e-02
1185.000000 8.51717000e-02
1195.000000 2.45057000e-02
1205.000000 2.20144000e-02
1215.000000 1.38361000e-02
1225.000000 3.23124000e-02
1235.000000 6.16757000e-02
1245.000000 1.23796000e-01
1255.000000 2.51699000e-01
1265.000000 3.61986000e-01
1275.000000 5.94332000e-01
1285.000000 9.64328000e-01
1295.000000 1.39026000e+00
1305.000000 1.56773000e+00
1315.000000 2.44766000e+00
1325.000000 3.23507000e+00
1335.000000 4.12490000e+00
1345.000000 5.30288000e+00
1355.000000 6.26704000e+00
1365.000000 7.76337000e+00
1375.000000 9.07100000e+00
1385.000000 1.06803000e+01
1395.000000 1.28613000e+01
1405.000000 1.53896000e+01
1415.000000 1.76898000e+01
1425.000000 1.99995000e+01
1435.000000 2.26306000e+01
1442.000000 2.77216000e+01
1447.000000 2.78507000e+01
1455.000000 3.25795000e+01
1465.000000 3.66193000e+01
1475.000000 4.06266000e+01
1485.000000 4.69591000e+01
1495.000000 5.82938000e+01
1505.000000 6.80051000e+01
1512.000000 6.59515000e+01
1517.000000 7.56164000e+01
1525.000000 9.03098000e+01
1535.000000 1.56831000e+02
1545.000000 1.92592000e+02
1555.000000 2.27749000e+02
1565.000000 2.22679000e+02
1575.000000 3.19350000e+02
1585.000000 3.75091000e+02
1595.000000 4.49080000e+02
1605.000000 4.70132000e+02
1615.000000 5.27823000e+02
1625.000000 5.69283000e+02
1635.000000 7.15091000e+02
1645.000000 9.02834000e+02
1655.000000 6.09707000e+02
1665.000000 1.05980000e+03
1672.000000 7.36484000e+02
1677.000000 1.18454000e+03
1685.000000 1.62608000e+03
1695.000000 1.88665000e+03
1705.000000 2.13815000e+03
1715.000000 3.24672000e+03
1725.000000 4.51373000e+03
1735.000000 6.29679000e+03
1745.000000 6.50506000e+03
1755.000000 1.00952000e+04
1765.000000 9.12744000e+03
1775.000000 1.16604000e+04
1785.000000 1.24362000e+04
1795.000000 2.12742000e+04
1805.000000 1.38723000e+04
1815.000000 1.77362000e+04
1825.000000 1.66646000e+04
1835.000000 2.31527000e+04
1845.000000 2.01035000e+04
1855.000000 2.80011000e+04
1865.000000 3.74116000e+04
1875.000000 3.76984000e+04
1885.000000 4.31351000e+04
1895.000000 5.29841000e+04
1905.000000 5.03209000e+04
1915.000000 5.46127000e+04
1925.000000 4.69414000e+04
1935.000000 2.57396000e+04
1945.000000 7.26984000e+04
1955.000000 8.24788000e+04
1967.000000 1.01575000e+05
1976.000000 9.74200000e+04
1984.000000 9.85022000e+04
1995.000000 1.09724000e+05
2005.000000 1.11753000e+05
2015.000000 1.10851000e+05
2025.000000 9.73467000e+04
2035.000000 1.39094000e+05
2045.000000 1.60933000e+05
2055.000000 1.44054000e+05
2065.000000 1.35638000e+05
2074.000000 1.82397000e+05
2078.000000 2.67710000e+05
2085.000000 2.71254000e+05
2095.000000 2.94532000e+05
2105.000000 3.06517000e+05
2115.000000 3.47487000e+05
2125.000000 3.02552000e+05
2135.000000 2.62962000e+05
2145.000000 3.53531000e+05
2155.000000 3.80767000e+05
2165.000000 3.37449000e+05
2175.000000 3.65077000e+05
2185.000000 4.16182000e+05
2195.000000 4.78721000e+05
2205.000000 4.52135000e+05
2215.000000 3.46865000e+05
2225.000000 3.75989000e+05
2235.000000 5.26817000e+05
2245.000000 4.92915000e+05
2255.000000 3.57191000e+05
2265.000000 3.51063000e+05
2275.000000 4.79004000e+05
2285.000000 5.28625000e+05
2295.000000 4.85683000e+05
2305.000000 5.72615000e+05
2315.000000 5.17178000e+05
2325.000000 4.82952000e+05
2335.000000 2.54904000e+05
2345.000000 1.62707000e+05
2355.000000 3.84736000e+05
2365.000000 1.69235000e+05
2375.000000 2.71482000e+05
2385.000000 1.13392000e+05
2395.000000 1.68759000e+05
2405.000000 1.62578000e+05
2415.000000 2.90255000e+05
2425.000000 6.18943000e+05
2435.000000 6.44400000e+05
2445.000000 7.53960000e+05
2455.000000 7.65082000e+05
2465.000000 7.27143000e+05
2475.000000 6.44956000e+05
2485.000000 5.35559000e+05
2495.000000 5.81383000e+05
2505.000000 8.73949000e+05
2513.000000 5.60581000e+05
2518.000000 5.22706000e+05
2525.000000 4.15154000e+05
2535.000000 5.02212000e+05
2545.000000 6.02346000e+05
2555.000000 7.93795000e+05
2565.000000 6.10683000e+05
2575.000000 7.32366000e+05
2585.000000 5.85428000e+05
2595.000000 4.91190000e+05
2605.000000 3.66974000e+05
2615.000000 3.42538000e+05
2625.000000 5.11218000e+05
2635.000000 9.15613000e+05
2645.000000 1.47417000e+06
2655.000000 1.67291000e+06
2665.000000 1.25836000e+06
2675.000000 1.43650000e+06
2685.000000 1.50907000e+06
2695.000000 1.26043000e+06
2705.000000 1.44945000e+06
2715.000000 1.12003000e+06
2725.000000 1.11832000e+06
2735.000000 1.20645000e+06
2745.000000 5.52668000e+05
2755.000000 7.98674000e+05
2765.000000 1.03683000e+06
2775.000000 1.23489000e+06
2785.000000 7.23420000e+05
2795.000000 1.95169000e+05
2805.000000 2.58931000e+05
2815.000000 1.07111000e+06
2825.000000 1.67660000e+06
2835.000000 1.67745000e+06
2845.000000 1.63412000e+06
2855.000000 1.19142000e+06
2865.000000 1.81080000e+06
2875.000000 1.88464000e+06
2885.000000 1.85802000e+06
2895.000000 1.84678000e+06
2910.000000 2.32548000e+06
2930.000000 2.20265000e+06
2950.000000 2.17107000e+06
2970.000000 2.42013000e+06
2990.000000 2.42630000e+06
3010.000000 2.59562000e+06
3030.000000 2.60242000e+06
3050.000000 2.72387000e+06
3070.000000 2.66507000e+06
3090.000000 2.83649000e+06
3110.000000 2.78774000e+06
3130.000000 2.77772000e+06
3150.000000 2.86937000e+06
3170.000000 2.96775000e+06
3190.000000 2.72393000e+06
3210.000000 2.99176000e+06
3230.000000 2.66508000e+06
3250.000000 3.09854000e+06
3270.000000 3.37622000e+06
3290.000000 3.38228000e+06
3310.000000 3.50490000e+06
3330.000000 3.42691000e+06
3350.000000 3.39686000e+06
3370.000000 3.20364000e+06
3390.000000 3.43813000e+06
3410.000000 3.53011000e+06
3430.000000 3.71833000e+06
3450.000000 3.73390000e+06
3470.000000 3.68660000e+06
3490.000000 3.72798000e+06
3510.000000 3.90089000e+06
3530.000000 3.80239000e+06
3550.000000 4.18804000e+06
3570.000000 3.78920000e+06
3590.000000 3.80994000e+06
3610.000000 3.91585000e+06
3630.000000 4.01606000e+06
3640.000000 3.96729000e+06
3650.000000 4.27445000e+06
3670.000000 4.22156000e+06
3690.000000 4.46035000e+06
3710.000000 5.36926000e+06
3730.000000 5.84472000e+06
3750.000000 6.72742000e+06
3770.000000 7.07980000e+06
3790.000000 7.63892000e+06
3810.000000 8.26302000e+06
3830.000000 7.15865000e+06
3850.000000 8.31359000e+06
3870.000000 8.62733000e+06
3890.000000 7.45811000e+06
3910.000000 8.16907000e+06
3930.000000 4.78324000e+06
3950.000000 7.58312000e+06
3970.000000 5.21750000e+06
3990.000000 8.73690000e+06
4010.000000 9.21177000e+06
4030.000000 9.17137000e+06
4050.000000 9.11156000e+06
4070.000000 8.99494000e+06
4090.000000 9.32404000e+06
4110.000000 8.53011000e+06
4130.000000 9.28146000e+06
4150.000000 9.52711000e+06
4170.000000 9.36164000e+06
4190.000000 9.34651000e+06
4210.000000 9.28555000e+06
4230.000000 9.11247000e+06
4250.000000 9.29200000e+06
4270.000000 9.25599000e+06
4290.000000 8.86529000e+06
4310.000000 8.19650000e+06
4330.000000 9.01069000e+06
4350.000000 8.47012000e+06
4370.000000 9.51288000e+06
4390.000000 9.21626000e+06
4410.000000 9.19600000e+06
4430.000000 9.37250000e+06
4450.000000 9.31317000e+06
4470.000000 9.38689000e+06
4490.000000 9.49518000e+06
4510.000000 9.82937000e+06
4530.000000 9.30712000e+06
4550.000000 9.33612000e+06
4570.000000 9.74342000e+06
4590.000000 9.41998000e+06
4610.000000 9.67789000e+06
4630.000000 9.54121000e+06
4650.000000 9.59730000e+06
4670.000000 9.69648000e+06
4690.000000 9.63245000e+06
4710.000000 9.37727000e+06
4730.000000 9.62935000e+06
4750.000000 9.68284000e+06
4770.000000 9.59536000e+06
4790.000000 9.55086000e+06
4810.000000 9.55823000e+06
4830.000000 9.50459000e+06
4850.000000 9.08090000e+06
4870.000000 8.09931000e+06
4890.000000 9.27640000e+06
4910.000000 9.27990000e+06
4930.000000 9.09750000e+06
4950.000000 9.28136000e+06
4970.000000 9.37580000e+06
4990.000000 8.97641000e+06
5010.000000 8.74279000e+06
5030.000000 9.08719000e+06
5050.000000 9.02348000e+06
5070.000000 9.16201000e+06
5090.000000 8.99215000e+06
5110.000000 9.00572000e+06
5130.000000 8.83429000e+06
5150.000000 8.71637000e+06
5170.000000 8.59424000e+06
5190.000000 8.56505000e+06
5210.000000 8.55910000e+06
5230.000000 8.63976000e+06
5250.000000 8.79015000e+06
5270.000000 8.31540000e+06
5290.000000 8.70793000e+06
5310.000000 8.70606000e+06
5330.000000 8.41528000e+06
5350.000000 8.67797000e+06
5370.000000 8.60457000e+06
5390.000000 8.54368000e+06
5410.000000 8.42335000e+06
5430.000000 8.44792000e+06
5450.000000 8.54241000e+06
5470.000000 8.47817000e+06
5490.000000 8.46788000e+06
5510.000000 8.43047000e+06
5530.000000 8.41789000e+06
5550.000000 8.48135000e+06
5570.000000 8.34162000e+06
5590.000000 8.27191000e+06
5610.000000 8.28558000e+06
5630.000000 8.33462000e+06
5650.000000 8.25471000e+06
5670.000000 8.15896000e+06
5690.000000 8.22051000e+06
5710.000000 8.12755000e+06
5730.000000 8.24337000e+06
5750.000000 8.15752000e+06
5770.000000 8.14927000e+06
5790.000000 8.08049000e+06
5810.000000 8.07975000e+06
5830.000000 8.07118000e+06
5850.000000 7.97129000e+06
5870.000000 7.97227000e+06
5890.000000 7.79888000e+06
5910.000000 7.90021000e+06
5930.000000 7.86833000e+06
5950.000000 7.84904000e+06
5970.000000 7.81969000e+06
5990.000000 7.76609000e+06
6010.000000 7.71323000e+06
6030.000000 7.68215000e+06
6050.000000 7.69659000e+06
6070.000000 7.66457000e+06
6090.000000 7.60049000e+06
6110.000000 7.53992000e+06
6130.000000 7.41430000e+06
6150.000000 7.39076000e+06
6170.000000 7.33986000e+06
6190.000000 7.42061000e+06
6210.000000 7.41187000e+06
6230.000000 7.31185000e+06
6250.000000 7.15152000e+06
6270.000000 7.30472000e+06
6290.000000 7.27576000e+06
6310.000000 7.16708000e+06
6330.000000 7.17394000e+06
6350.000000 7.17274000e+06
6370.000000 7.13390000e+06
6390.000000 7.10675000e+06
6410.000000 7.00956000e+06
6430.000000 7.00849000e+06
6450.000000 6.96201000e+06
6470.000000 6.95342000e+06
6490.000000 6.84113000e+06
6510.000000 6.90565000e+06
6530.000000 6.89876000e+06
6550.000000 6.71294000e+06
6570.000000 5.92173000e+06
6590.000000 6.75332000e+06
6610.000000 6.76856000e+06
6630.000000 6.76447000e+06
6650.000000 6.72742000e+06
6670.000000 6.67240000e+06
6690.000000 6.68105000e+06
6710.000000 6.62932000e+06
6730.000000 6.61875000e+06
6750.000000 6.56876000e+06
6770.000000 6.55096000e+06
6790.000000 6.51774000e+06
6810.000000 6.48926000e+06
6830.000000 6.46132000e+06
6850.000000 6.41514000e+06
6870.000000 6.40171000e+06
6890.000000 6.38261000e+06
6910.000000 6.34848000e+06
6930.000000 6.32075000e+06
6950.000000 6.28825000e+06
6970.000000 6.26671000e+06
6990.000000 6.23622000e+06
7010.000000 6.17225000e+06
7030.000000 6.16958000e+06
7050.000000 6.15130000e+06
7070.000000 6.11767000e+06
7090.000000 6.09055000e+06
7110.000000 6.04411000e+06
7130.000000 6.01514000e+06
7150.000000 5.98478000e+06
7170.000000 5.96485000e+06
7190.000000 5.90176000e+06
7210.000000 5.88784000e+06
7230.000000 5.87340000e+06
7250.000000 5.86734000e+06
7270.000000 5.84137000e+06
7290.000000 5.78214000e+06
7310.000000 5.76352000e+06
7330.000000 5.74011000e+06
7350.000000 5.72913000e+06
7370.000000 5.71660000e+06
7390.000000 5.65962000e+06
7410.000000 5.60078000e+06
7430.000000 5.59960000e+06
7450.000000 5.58240000e+06
7470.000000 5.56599000e+06
7490.000000 5.53106000e+06
7510.000000 5.50872000e+06
7530.000000 5.49657000e+06
7550.000000 5.48540000e+06
7570.000000 5.44837000e+06
7590.000000 5.42349000e+06
7610.000000 5.40113000e+06
7630.000000 5.38055000e+06
7650.000000 5.35194000e+06
7670.000000 5.29275000e+06
7690.000000 5.30533000e+06
7710.000000 5.24920000e+06
7730.000000 5.24231000e+06
7750.000000 5.21108000e+06
7770.000000 5.17792000e+06
7790.000000 5.18750000e+06
7810.000000 5.16714000e+06
7830.000000 5.12597000e+06
7850.000000 5.10221000e+06
7870.000000 5.09510000e+06
7890.000000 5.06864000e+06
7910.000000 5.04129000e+06
7930.000000 4.99265000e+06
7950.000000 4.97424000e+06
7970.000000 4.98317000e+06
7990.000000 4.95938000e+06
8010.000000 4.92443000e+06
8030.000000 4.90606000e+06
8050.000000 4.87584000e+06
8070.000000 4.86715000e+06
8090.000000 4.82878000e+06
8110.000000 4.82521000e+06
8130.000000 4.80629000e+06
8150.000000 4.78194000e+06
8170.000000 4.75945000e+06
8190.000000 4.68934000e+06
8210.000000 4.69575000e+06
8230.000000 4.66206000e+06
8250.000000 4.65072000e+06
8270.000000 4.65414000e+06
8290.000000 4.62990000e+06
8310.000000 4.59537000e+06
8330.000000 4.53548000e+06
8350.000000 4.55939000e+06
8370.000000 4.52660000e+06
8390.000000 4.48117000e+06
8410.000000 4.48620000e+06
8430.000000 4.47188000e+06
8450.000000 4.43897000e+06
8470.000000 4.38269000e+06
8490.000000 4.41585000e+06
8510.000000 4.18621000e+06
8530.000000 4.39095000e+06
8550.000000 3.83983000e+06
8570.000000 4.40966000e+06
8590.000000 4.33339000e+06
8610.000000 4.25586000e+06
8630.000000 4.36626000e+06
8650.000000 4.32197000e+06
8670.000000 3.80419000e+06
8690.000000 4.26072000e+06
8710.000000 4.30241000e+06
8730.000000 4.27169000e+06
8750.000000 4.05714000e+06
8770.000000 4.23086000e+06
8790.000000 4.22469000e+06
8810.000000 4.18136000e+06
8830.000000 4.16452000e+06
8850.000000 4.13062000e+06
8870.000000 3.94643000e+06
8890.000000 4.13019000e+06
8910.000000 4.11038000e+06
8930.000000 4.07853000e+06
8950.000000 4.07589000e+06
8970.000000 4.06373000e+06
8990.000000 4.04147000e+06
9010.000000 3.82400000e+06
9030.000000 3.96116000e+06
9050.000000 3.99919000e+06
9070.000000 3.93202000e+06
9090.000000 3.86673000e+06
9110.000000 3.91073000e+06
9130.000000 3.92507000e+06
9150.000000 3.91027000e+06
9170.000000 3.89162000e+06
9190.000000 3.87724000e+06
9210.000000 3.81459000e+06
9230.000000 3.61142000e+06
9250.000000 3.76124000e+06
9270.000000 3.78961000e+06
9290.000000 3.78977000e+06
9310.000000 3.77611000e+06
9330.000000 3.75717000e+06
9350.000000 3.73995000e+06
9370.000000 3.72181000e+06
9390.000000 3.70880000e+06
9410.000000 3.62370000e+06
9430.000000 3.66317000e+06
9450.000000 3.64797000e+06
9470.000000 3.64548000e+06
9490.000000 3.63205000e+06
9510.000000 3.61204000e+06
9530.000000 3.57761000e+06
9550.000000 3.38638000e+06
9570.000000 3.54875000e+06
9590.000000 3.55162000e+06
9610.000000 3.52090000e+06
9630.000000 3.49488000e+06
9650.000000 3.49242000e+06
9670.000000 3.46010000e+06
9690.000000 3.46577000e+06
9710.000000 3.45934000e+06
9730.000000 3.44398000e+06
9750.000000 3.41532000e+06
9770.000000 3.41268000e+06
9790.000000 3.39608000e+06
9810.000000 3.38616000e+06
9830.000000 3.37150000e+06
9850.000000 3.35312000e+06
9870.000000 3.33673000e+06
9890.000000 3.31508000e+06
9910.000000 3.30700000e+06
9930.000000 3.29714000e+06
9950.000000 3.28545000e+06
9970.000000 3.27259000e+06
9990.000000 3.25867000e+06
10025.000000 3.20777000e+06
10075.000000 3.13236000e+06
10125.000000 3.15600000e+06
10175.000000 3.12396000e+06
10225.000000 3.09579000e+06
10275.000000 3.06898000e+06
10325.000000 3.01813000e+06
10375.000000 2.99908000e+06
10425.000000 2.97312000e+06
10475.000000 2.92201000e+06
10525.000000 2.90836000e+06
10575.000000 2.87466000e+06
10625.000000 2.83875000e+06
10675.000000 2.78075000e+06
10725.000000 2.77617000e+06
10775.000000 2.74914000e+06
10825.000000 2.71255000e+06
10875.000000 2.69193000e+06
10925.000000 2.59305000e+06
10975.000000 2.63077000e+06
11025.000000 2.62628000e+06
11075.000000 2.60470000e+06
11125.000000 2.57401000e+06
11175.000000 2.54635000e+06
11225.000000 2.52736000e+06
11275.000000 2.48707000e+06
11325.000000 2.46413000e+06
11375.000000 2.44694000e+06
11425.000000 2.41313000e+06
11475.000000 2.40648000e+06
11525.000000 2.38377000e+06
11575.000000 2.35715000e+06
11625.000000 2.31821000e+06
11675.000000 2.29439000e+06
11725.000000 2.29363000e+06
11775.000000 2.24572000e+06
11825.000000 2.23345000e+06
11875.000000 2.20496000e+06
11925.000000 2.20910000e+06
11975.000000 2.16290000e+06
12025.000000 2.15824000e+06
12075.000000 2.13490000e+06
12125.000000 2.12033000e+06
12175.000000 2.10704000e+06
12225.000000 2.08701000e+06
12275.000000 2.06370000e+06
12325.000000 2.04798000e+06
12375.000000 2.02890000e+06
12425.000000 2.01141000e+06
12475.000000 1.99384000e+06
12525.000000 1.97359000e+06
12575.000000 1.95261000e+06
12625.000000 1.93545000e+06
12675.000000 1.92145000e+06
12725.000000 1.90606000e+06
12775.000000 1.88461000e+06
12825.000000 1.78091000e+06
12875.000000 1.85199000e+06
12925.000000 1.83704000e+06
12975.000000 1.82266000e+06
13025.000000 1.80641000e+06
13075.000000 1.79191000e+06
13125.000000 1.77183000e+06
13175.000000 1.75424000e+06
13225.000000 1.74533000e+06
13275.000000 1.72667000e+06
13325.000000 1.71431000e+06
13375.000000 1.69935000e+06
13425.000000 1.68640000e+06
13475.000000 1.67192000e+06
13525.000000 1.65653000e+06
13575.000000 1.63963000e+06
13625.000000 1.62859000e+06
13675.000000 1.61469000e+06
13725.000000 1.59303000e+06
13775.000000 1.58520000e+06
13825.000000 1.57235000e+06
13875.000000 1.56247000e+06
13925.000000 1.54810000e+06
13975.000000 1.53591000e+06
14025.000000 1.52116000e+06
14075.000000 1.51142000e+06
14125.000000 1.49596000e+06
14175.000000 1.48663000e+06
14225.000000 1.46919000e+06
14275.000000 1.45539000e+06
14325.000000 1.44965000e+06
14375.000000 1.43951000e+06
14425.000000 1.40638000e+06
14475.000000 1.41509000e+06
14525.000000 1.39195000e+06
14570.000000 1.38928000e+06
14620.000000 1.37771000e+06
14675.000000 1.36894000e+06
14725.000000 1.35348000e+06
14775.000000 1.34171000e+06
14825.000000 1.33276000e+06
14875.000000 1.31389000e+06
14925.000000 1.31594000e+06
14975.000000 1.30251000e+06
15025.000000 1.28245000e+06
15075.000000 1.27176000e+06
15125.000000 1.26974000e+06
15175.000000 1.25983000e+06
15225.000000 1.25193000e+06
15275.000000 1.23308000e+06
15325.000000 1.22254000e+06
15375.000000 1.22404000e+06
15425.000000 1.19198000e+06
15475.000000 1.20603000e+06
15525.000000 1.19954000e+06
15575.000000 1.15483000e+06
15625.000000 1.18898000e+06
15675.000000 1.16339000e+06
15725.000000 1.12288000e+06
15775.000000 1.15227000e+06
15825.000000 1.14967000e+06
15875.000000 1.06916000e+06
15925.000000 1.12756000e+06
15975.000000 1.12645000e+06
16050.000000 1.10669000e+06
16150.000000 1.05659000e+06
16250.000000 1.07895000e+06
16350.000000 1.04761000e+06
16450.000000 9.96068000e+05
16550.000000 1.01580000e+06
16650.000000 9.94814000e+05
16750.000000 9.64253000e+05
16850.000000 9.15822000e+05
16950.000000 9.35220000e+05
17050.000000 9.13292000e+05
17150.000000 8.95487000e+05
17250.000000 8.74664000e+05
17350.000000 8.19707000e+05
17450.000000 8.36939000e+05
17550.000000 8.24480000e+05
17650.000000 8.07098000e+05
17750.000000 7.92493000e+05
17850.000000 7.77077000e+05
17950.000000 7.63181000e+05
18050.000000 7.46804000e+05
18150.000000 7.03889000e+05
18250.000000 7.14011000e+05
18350.000000 7.04483000e+05
18450.000000 6.89917000e+05
18550.000000 6.77331000e+05
18650.000000 6.63696000e+05
18750.000000 6.20234000e+05
18850.000000 6.37537000e+05
18950.000000 6.22612000e+05
19050.000000 6.16497000e+05
19150.000000 6.04661000e+05
19250.000000 5.93516000e+05
19350.000000 5.81129000e+05
19450.000000 5.47832000e+05
19550.000000 5.60389000e+05
19650.000000 5.50992000e+05
19750.000000 5.39284000e+05
19850.000000 5.31082000e+05
19950.000000 5.21568000e+05
20050.000000 5.12930000e+05
20150.000000 5.04121000e+05
20250.000000 4.94497000e+05
20350.000000 4.84927000e+05
20450.000000 4.77836000e+05
20550.000000 4.69334000e+05
20650.000000 4.60303000e+05
20750.000000 4.52823000e+05
20850.000000 4.45145000e+05
20950.000000 4.36777000e+05
21050.000000 4.29857000e+05
21150.000000 4.22071000e+05
21250.000000 4.14887000e+05
21350.000000 4.08018000e+05
21450.000000 4.01692000e+05
21550.000000 3.94753000e+05
21650.000000 3.73802000e+05
21750.000000 3.80797000e+05
21850.000000 3.74865000e+05
21950.000000 3.69417000e+05
22050.000000 3.62331000e+05
22150.000000 3.56694000e+05
22250.000000 3.51387000e+05
22350.000000 3.45670000e+05
22450.000000 3.40116000e+05
22550.000000 3.33565000e+05
22650.000000 3.28864000e+05
22750.000000 3.23854000e+05
22850.000000 3.18550000e+05
22950.000000 3.13520000e+05
23050.000000 3.08934000e+05
23150.000000 3.03923000e+05
23250.000000 2.99272000e+05
23350.000000 2.94461000e+05
23450.000000 2.90078000e+05
23550.000000 2.85467000e+05
23650.000000 2.81138000e+05
23750.000000 2.76665000e+05
23850.000000 2.72297000e+05
23950.000000 2.68281000e+05
24050.000000 2.64048000e+05
24150.000000 2.59851000e+05
24250.000000 2.56520000e+05
24350.000000 2.51832000e+05
24450.000000 2.48024000e+05
24550.000000 2.44851000e+05
24650.000000 2.40965000e+05
24750.000000 2.37288000e+05
24850.000000 2.34107000e+05
24950.000000 2.28796000e+05
25050.000000 2.28126000e+05
25150.000000 2.24791000e+05
25250.000000 2.18369000e+05
25350.000000 2.18303000e+05
25450.000000 2.15445000e+05
25550.000000 2.11967000e+05
25650.000000 2.04872000e+05
25750.000000 2.06352000e+05
25850.000000 2.02994000e+05
25950.000000 2.00705000e+05
26050.000000 1.97396000e+05
26150.000000 1.90358000e+05
26250.000000 1.85603000e+05
26350.000000 1.89205000e+05
26450.000000 1.86781000e+05
26550.000000 1.84083000e+05
26650.000000 1.80890000e+05
26750.000000 1.74576000e+05
26850.000000 1.76737000e+05
26950.000000 1.74468000e+05
27050.000000 1.71986000e+05
27150.000000 1.69699000e+05
27250.000000 1.67386000e+05
27350.000000 1.65136000e+05
27450.000000 1.62921000e+05
27550.000000 1.56737000e+05
27650.000000 1.57887000e+05
27750.000000 1.56399000e+05
27850.000000 1.54325000e+05
27950.000000 1.52312000e+05
28050.000000 1.50280000e+05
28150.000000 1.48301000e+05
28250.000000 1.46342000e+05
28350.000000 1.44444000e+05
28450.000000 1.42462000e+05
28550.000000 1.40666000e+05
28650.000000 1.38571000e+05
28750.000000 1.33461000e+05
28850.000000 1.35212000e+05
28950.000000 1.33525000e+05
29050.000000 1.31808000e+05
29150.000000 1.30072000e+05
29250.000000 1.28391000e+05
29350.000000 1.26836000e+05
29450.000000 1.25181000e+05
29550.000000 1.23645000e+05
29650.000000 1.22088000e+05
29750.000000 1.20545000e+05
29850.000000 1.19049000e+05
29950.000000 1.17533000e+05
30050.000000 1.16068000e+05
30150.000000 1.14649000e+05
30250.000000 1.13221000e+05
30350.000000 1.09486000e+05
30450.000000 1.09809000e+05
30550.000000 1.09091000e+05
30650.000000 1.07719000e+05
30750.000000 1.06465000e+05
30850.000000 1.05087000e+05
30950.000000 1.03831000e+05
31050.000000 1.02597000e+05
31150.000000 1.01116000e+05
31250.000000 1.00131000e+05
31350.000000 9.89371000e+04
31450.000000 9.77567000e+04
31550.000000 9.65400000e+04
31650.000000 9.54834000e+04
31750.000000 9.42998000e+04
31850.000000 9.32333000e+04
31950.000000 9.21523000e+04
32100.000000 9.05107000e+04
32300.000000 8.84328000e+04
32500.000000 8.63883000e+04
32700.000000 8.44011000e+04
32900.000000 8.13003000e+04
33100.000000 8.04445000e+04
33300.000000 7.86658000e+04
33500.000000 7.69606000e+04
33700.000000 7.51973000e+04
33900.000000 7.35095000e+04
34100.000000 7.18916000e+04
34300.000000 7.03800000e+04
34500.000000 6.88764000e+04
34700.000000 6.74183000e+04
34900.000000 6.59797000e+04
35100.000000 6.45755000e+04
35300.000000 6.31747000e+04
35500.000000 6.18371000e+04
35700.000000 6.04959000e+04
35900.000000 5.93064000e+04
36100.000000 5.79862000e+04
36300.000000 5.68858000e+04
36500.000000 5.55515000e+04
36700.000000 5.45169000e+04
36900.000000 5.32082000e+04
37100.000000 5.22803000e+04
37300.000000 5.10767000e+04
37500.000000 4.95421000e+04
37700.000000 4.92140000e+04
37900.000000 4.82370000e+04
38100.000000 4.71220000e+04
38300.000000 4.62947000e+04
38500.000000 4.54566000e+04
38700.000000 4.45352000e+04
38900.000000 4.36751000e+04
39100.000000 4.25838000e+04
39300.000000 4.20174000e+04
39500.000000 4.11970000e+04
39700.000000 4.04268000e+04
39900.000000 3.96084000e+04
40100.000000 3.88090000e+04
40300.000000 3.79446000e+04
40500.000000 3.70287000e+04
40700.000000 3.67430000e+04
40900.000000 3.60557000e+04
41100.000000 3.54068000e+04
41300.000000 3.47577000e+04
41500.000000 3.41063000e+04
41700.000000 3.32253000e+04
41900.000000 3.28767000e+04
42100.000000 3.22463000e+04
42300.000000 3.17147000e+04
42500.000000 3.11353000e+04
42700.000000 3.05881000e+04
42900.000000 3.00354000e+04
43100.000000 2.94876000e+04
43300.000000 2.89606000e+04
43500.000000 2.84381000e+04
43700.000000 2.77050000e+04
43900.000000 2.74335000e+04
44100.000000 2.69393000e+04
44300.000000 2.64835000e+04
44500.000000 2.60272000e+04
44700.000000 2.55836000e+04
44900.000000 2.51525000e+04
45100.000000 2.47188000e+04
45300.000000 2.43028000e+04
45500.000000 2.39003000e+04
45700.000000 2.35040000e+04
45900.000000 2.31065000e+04
46100.000000 2.27380000e+04
46300.000000 2.23592000e+04
46500.000000 2.17805000e+04
46700.000000 2.14665000e+04
46900.000000 2.12941000e+04
47100.000000 2.09523000e+04
47300.000000 2.06189000e+04
47500.000000 2.02820000e+04
47700.000000 1.99583000e+04
47900.000000 1.96426000e+04
48100.000000 1.93249000e+04
48300.000000 1.90231000e+04
48500.000000 1.87176000e+04
48700.000000 1.84243000e+04
48900.000000 1.81322000e+04
49100.000000 1.78550000e+04
49300.000000 1.75694000e+04
49500.000000 1.73032000e+04
49700.000000 1.70269000e+04
49900.000000 1.67788000e+04
50100.000000 1.65145000e+04
50300.000000 1.62598000e+04
50500.000000 1.60146000e+04
50700.000000 1.57742000e+04
50900.000000 1.55283000e+04
51100.000000 1.53002000e+04
51300.000000 1.49607000e+04
51500.000000 1.48504000e+04
51700.000000 1.46174000e+04
51900.000000 1.44140000e+04
52100.000000 1.42009000e+04
52300.000000 1.39919000e+04
52500.000000 1.37898000e+04
52700.000000 1.35701000e+04
52900.000000 1.33906000e+04
53100.000000 1.31996000e+04
53300.000000 1.30078000e+04
53500.000000 1.28226000e+04
53700.000000 1.26198000e+04
53900.000000 1.24476000e+04
54100.000000 1.22829000e+04
54300.000000 1.21047000e+04
54500.000000 1.19378000e+04
54700.000000 1.17617000e+04
54900.000000 1.16035000e+04
55100.000000 1.14429000e+04
55300.000000 1.12526000e+04
55500.000000 1.11270000e+04
55700.000000 1.09749000e+04
55900.000000 1.08157000e+04
56100.000000 1.06741000e+04
56300.000000 1.05268000e+04
56500.000000 1.03862000e+04
56700.000000 1.02449000e+04
56900.000000 1.01045000e+04
57100.000000 9.93089000e+03
57300.000000 9.83552000e+03
57500.000000 9.70364000e+03
57700.000000 9.57346000e+03
57900.000000 9.44563000e+03
58100.000000 9.32078000e+03
58300.000000 9.19775000e+03
58500.000000 9.07838000e+03
58700.000000 8.95813000e+03
58900.000000 8.83789000e+03
59100.000000 8.66525000e+03
59300.000000 8.61150000e+03
59500.000000 8.45389000e+03
59700.000000 8.38783000e+03
59900.000000 8.28183000e+03
60100.000000 8.17455000e+03
60300.000000 8.07140000e+03
60500.000000 7.96842000e+03
60700.000000 7.86589000e+03
60900.000000 7.76535000e+03
61100.000000 7.66465000e+03
61300.000000 7.57130000e+03
61500.000000 7.47672000e+03
61700.000000 7.38290000e+03
61900.000000 7.29053000e+03
62100.000000 7.19979000e+03
62300.000000 7.10675000e+03
62500.000000 7.02161000e+03
62700.000000 6.93472000e+03
62900.000000 6.81471000e+03
63100.000000 6.76419000e+03
63300.000000 6.68353000e+03
63500.000000 6.60189000e+03
63700.000000 6.52141000e+03
63900.000000 6.44218000e+03
64200.000000 6.32654000e+03
64600.000000 6.17459000e+03
65000.000000 6.02767000e+03
65400.000000 5.88652000e+03
65800.000000 5.74826000e+03
66200.000000 5.61401000e+03
66600.000000 5.48418000e+03
67000.000000 5.35746000e+03
67400.000000 5.23419000e+03
67800.000000 5.10205000e+03
68200.000000 4.99920000e+03
68600.000000 4.88680000e+03
69000.000000 4.77721000e+03
69400.000000 4.66973000e+03
69800.000000 4.56734000e+03
70200.000000 4.46621000e+03
70600.000000 4.36873000e+03
71000.000000 4.27264000e+03
71400.000000 4.18101000e+03
71800.000000 4.09070000e+03
72200.000000 4.00272000e+03
72600.000000 3.91563000e+03
73000.000000 3.83467000e+03
73400.000000 3.75341000e+03
73800.000000 3.67492000e+03
74200.000000 3.59791000e+03
74600.000000 3.50914000e+03
75000.000000 3.42807000e+03
75400.000000 3.37940000e+03
75800.000000 3.31046000e+03
76200.000000 3.24303000e+03
76600.000000 3.17746000e+03
77000.000000 3.11328000e+03
77400.000000 3.05100000e+03
77800.000000 2.98734000e+03
78200.000000 2.93080000e+03
78600.000000 2.87293000e+03
79000.000000 2.81645000e+03
79400.000000 2.76137000e+03
79800.000000 2.70761000e+03
80200.000000 2.65507000e+03
80600.000000 2.60385000e+03
81000.000000 2.55408000e+03
81400.000000 2.50158000e+03
81800.000000 2.45752000e+03
82200.000000 2.41125000e+03
82600.000000 2.36581000e+03
83000.000000 2.32152000e+03
83400.000000 2.27801000e+03
83800.000000 2.23577000e+03
84200.000000 2.19465000e+03
84600.000000 2.15432000e+03
85000.000000 2.11490000e+03
85400.000000 2.07633000e+03
85800.000000 2.03864000e+03
86200.000000 2.00182000e+03
86600.000000 1.96247000e+03
87000.000000 1.93073000e+03
87400.000000 1.89401000e+03
87800.000000 1.86023000e+03
88200.000000 1.82969000e+03
88600.000000 1.79746000e+03
89000.000000 1.76608000e+03
89400.000000 1.73532000e+03
89800.000000 1.70508000e+03
90200.000000 1.67573000e+03
90600.000000 1.64697000e+03
91000.000000 1.61865000e+03
91400.000000 1.59103000e+03
91800.000000 1.56414000e+03
92200.000000 1.53770000e+03
92600.000000 1.51166000e+03
93000.000000 1.48645000e+03
93400.000000 1.46161000e+03
93800.000000 1.43448000e+03
94200.000000 1.41354000e+03
94600.000000 1.39020000e+03
95000.000000 1.36737000e+03
95400.000000 1.34467000e+03
95800.000000 1.32308000e+03
96200.000000 1.30160000e+03
96600.000000 1.28054000e+03
97000.000000 1.26000000e+03
97400.000000 1.23966000e+03
97800.000000 1.21989000e+03
98200.000000 1.20056000e+03
98600.000000 1.18123000e+03
99000.000000 1.16294000e+03
99400.000000 1.14460000e+03
99800.000000 1.12674000e+03
100200.000000 1.10917000e+03
200000.000000 7.23226000e+01
400000.000000 4.57302000e+00
600000.000000 9.02204000e-01
800000.000000 2.84413000e-01
1000000.000000 1.16018000e-01
1200000.000000 5.57272000e-02
1400000.000000 2.99692000e-02
1600000.000000 1.75061000e-02
