# Kurucz ODFNEW /NOVER, alpha: 0.0 (2003)
# teff = 35000 K (value for the effective temperature for the model. Temperatures are given in K)
# logg = 5 log(cm/s2) (value for Log(G) for the model.)
# lh = 1.25  (l/Hp where l is the  mixing length of the convective element and Hp is the pressure scale height)
# meta = -2  (value for the Metallicity for the model.)
# vtur = 2 km/s (Microturbulence velocity)
# alpha = 0  (Alpha)
#
# column 1: WAVELENGTH (ANGSTROM), Wavelength in Angstrom
# column 2: FLUX (ERG/CM2/S/A), Flux in erg/cm2/s/A
147.200000 2.73978000e-03
151.000000 6.96076000e-03
155.200000 1.85260000e-02
158.800000 4.11576000e-02
162.000000 8.13462000e-02
166.000000 1.83703000e-01
170.300000 4.22855000e-01
173.400000 7.51415000e-01
176.800000 1.38021000e+00
180.200000 2.47533000e+00
181.700000 3.18090000e+00
186.100000 6.48332000e+00
191.000000 1.37769000e+01
193.900000 2.11355000e+01
198.400000 3.99991000e+01
201.800000 6.35107000e+01
205.000000 9.67350000e+01
210.500000 1.93261000e+02
216.200000 3.80691000e+02
219.800000 5.73702000e+02
223.000000 8.15746000e+02
226.800000 1.22222000e+03
230.000000 5.73113000e+04
234.000000 4.05688000e+05
240.000000 1.57932000e+06
246.500000 5.33949000e+06
252.400000 1.01566000e+07
256.800000 6.66384000e+06
260.000000 2.06661000e+07
264.000000 3.40692000e+07
268.500000 5.08498000e+07
273.500000 6.47723000e+07
278.500000 6.93840000e+07
284.000000 9.65972000e+07
290.000000 1.03442000e+08
296.000000 8.08702000e+07
301.000000 3.65128000e+07
308.000000 6.29762000e+07
318.000000 1.43712000e+08
328.000000 1.66346000e+08
338.000000 1.95016000e+08
348.000000 2.33947000e+08
357.000000 2.60387000e+08
366.000000 3.10229000e+08
375.000000 3.51855000e+08
385.000000 4.22059000e+08
395.000000 4.98048000e+08
405.000000 5.80534000e+08
414.000000 6.70260000e+08
422.000000 7.45572000e+08
430.000000 8.29538000e+08
441.000000 9.70275000e+08
451.000000 1.10351000e+09
460.000000 1.22250000e+09
470.000000 1.39380000e+09
480.000000 1.56114000e+09
490.000000 1.71858000e+09
500.000000 1.93398000e+09
506.000000 6.64231000e+09
512.000000 2.10005000e+10
520.000000 2.04526000e+10
530.000000 2.08334000e+10
540.000000 1.87680000e+10
550.000000 2.00233000e+10
560.000000 2.09844000e+10
570.000000 2.09874000e+10
580.000000 1.97492000e+10
590.000000 2.05064000e+10
600.000000 2.00075000e+10
610.000000 1.99086000e+10
620.000000 2.05859000e+10
630.000000 2.04918000e+10
640.000000 2.02225000e+10
650.000000 2.02070000e+10
658.000000 1.98848000e+10
665.000000 1.99906000e+10
675.000000 2.01385000e+10
685.000000 1.94015000e+10
695.000000 2.01185000e+10
705.000000 1.95329000e+10
716.000000 2.00756000e+10
726.000000 2.00095000e+10
735.000000 2.01717000e+10
745.000000 1.99501000e+10
755.000000 1.98825000e+10
765.000000 1.97646000e+10
775.000000 1.98054000e+10
785.000000 1.99551000e+10
795.000000 1.98633000e+10
805.000000 1.97700000e+10
815.000000 1.97682000e+10
825.000000 1.98675000e+10
835.000000 1.90595000e+10
845.000000 1.97417000e+10
855.000000 1.96877000e+10
865.000000 1.97054000e+10
875.000000 1.96527000e+10
885.000000 1.96026000e+10
895.000000 1.95545000e+10
905.000000 1.93902000e+10
915.000000 1.89142000e+10
925.000000 4.32579000e+10
935.000000 6.64235000e+10
945.000000 1.04494000e+11
955.000000 1.17927000e+11
965.000000 1.46784000e+11
975.000000 9.14098000e+10
985.000000 1.46044000e+11
995.000000 1.32746000e+11
1005.000000 1.41039000e+11
1015.000000 1.35567000e+11
1025.000000 8.26662000e+10
1035.000000 1.26535000e+11
1045.000000 1.30065000e+11
1055.000000 1.27161000e+11
1065.000000 1.21300000e+11
1075.000000 1.18770000e+11
1085.000000 1.08584000e+11
1095.000000 1.14556000e+11
1105.000000 1.10542000e+11
1115.000000 1.07714000e+11
1125.000000 1.02744000e+11
1135.000000 1.03430000e+11
1145.000000 1.00574000e+11
1155.000000 9.76654000e+10
1165.000000 9.54769000e+10
1175.000000 8.48540000e+10
1185.000000 8.99364000e+10
1195.000000 8.79152000e+10
1205.000000 8.31774000e+10
1215.000000 5.35635000e+10
1225.000000 7.95120000e+10
1235.000000 8.02748000e+10
1245.000000 7.79380000e+10
1255.000000 7.72199000e+10
1265.000000 7.56178000e+10
1275.000000 7.39241000e+10
1285.000000 7.22761000e+10
1295.000000 6.95041000e+10
1305.000000 6.84430000e+10
1315.000000 6.74822000e+10
1325.000000 6.57915000e+10
1335.000000 6.37823000e+10
1345.000000 6.30518000e+10
1355.000000 6.16322000e+10
1365.000000 6.02108000e+10
1375.000000 5.88360000e+10
1385.000000 5.75751000e+10
1395.000000 5.51690000e+10
1405.000000 5.40583000e+10
1415.000000 5.38971000e+10
1425.000000 5.24031000e+10
1435.000000 5.16185000e+10
1442.000000 5.08885000e+10
1447.000000 5.03287000e+10
1455.000000 4.94156000e+10
1465.000000 4.84326000e+10
1475.000000 4.73885000e+10
1485.000000 4.65166000e+10
1495.000000 4.54851000e+10
1505.000000 4.45767000e+10
1512.000000 4.39885000e+10
1517.000000 4.34879000e+10
1525.000000 4.26813000e+10
1535.000000 4.13276000e+10
1545.000000 3.96343000e+10
1555.000000 3.90342000e+10
1565.000000 3.88554000e+10
1575.000000 3.83469000e+10
1585.000000 3.77565000e+10
1595.000000 3.69929000e+10
1605.000000 3.58533000e+10
1615.000000 3.50886000e+10
1625.000000 3.44369000e+10
1635.000000 3.33264000e+10
1645.000000 3.15205000e+10
1655.000000 3.28298000e+10
1665.000000 3.22436000e+10
1672.000000 3.16292000e+10
1677.000000 3.17128000e+10
1685.000000 3.11749000e+10
1695.000000 3.05970000e+10
1705.000000 2.99761000e+10
1715.000000 2.91754000e+10
1725.000000 2.86824000e+10
1735.000000 2.84653000e+10
1745.000000 2.79062000e+10
1755.000000 2.73347000e+10
1765.000000 2.69133000e+10
1775.000000 2.64555000e+10
1785.000000 2.59944000e+10
1795.000000 2.55033000e+10
1805.000000 2.50769000e+10
1815.000000 2.46230000e+10
1825.000000 2.41740000e+10
1835.000000 2.37826000e+10
1845.000000 2.33252000e+10
1855.000000 2.28631000e+10
1865.000000 2.24777000e+10
1875.000000 2.21261000e+10
1885.000000 2.17213000e+10
1895.000000 2.13353000e+10
1905.000000 2.10340000e+10
1915.000000 2.06290000e+10
1925.000000 2.01875000e+10
1935.000000 1.99632000e+10
1945.000000 1.96589000e+10
1955.000000 1.92710000e+10
1967.000000 1.89392000e+10
1976.000000 1.86745000e+10
1984.000000 1.84074000e+10
1995.000000 1.80450000e+10
2005.000000 1.77943000e+10
2015.000000 1.75105000e+10
2025.000000 1.72277000e+10
2035.000000 1.69424000e+10
2045.000000 1.66681000e+10
2055.000000 1.39914000e+10
2065.000000 1.35206000e+10
2074.000000 1.34367000e+10
2078.000000 1.34714000e+10
2085.000000 1.37304000e+10
2095.000000 1.44279000e+10
2105.000000 1.50138000e+10
2115.000000 1.49320000e+10
2125.000000 1.47067000e+10
2135.000000 1.44651000e+10
2145.000000 1.42462000e+10
2155.000000 1.41013000e+10
2165.000000 1.37262000e+10
2175.000000 1.37309000e+10
2185.000000 1.32954000e+10
2195.000000 1.33192000e+10
2205.000000 1.31351000e+10
2215.000000 1.26612000e+10
2225.000000 1.27357000e+10
2235.000000 1.25503000e+10
2245.000000 1.23498000e+10
2255.000000 1.19049000e+10
2265.000000 1.19924000e+10
2275.000000 1.18151000e+10
2285.000000 1.16340000e+10
2295.000000 1.13297000e+10
2305.000000 1.10487000e+10
2315.000000 1.11229000e+10
2325.000000 1.09695000e+10
2335.000000 1.08088000e+10
2345.000000 1.06524000e+10
2355.000000 1.04982000e+10
2365.000000 1.03470000e+10
2375.000000 1.01973000e+10
2385.000000 9.83445000e+09
2395.000000 9.89896000e+09
2405.000000 9.76796000e+09
2415.000000 9.62910000e+09
2425.000000 9.49347000e+09
2435.000000 9.35911000e+09
2445.000000 9.22851000e+09
2455.000000 9.09847000e+09
2465.000000 8.97334000e+09
2475.000000 8.84870000e+09
2485.000000 8.72638000e+09
2495.000000 8.40179000e+09
2505.000000 8.46512000e+09
2513.000000 8.03012000e+09
2518.000000 8.31080000e+09
2525.000000 8.25769000e+09
2535.000000 8.14577000e+09
2545.000000 8.03477000e+09
2555.000000 7.92641000e+09
2565.000000 7.82121000e+09
2575.000000 7.71626000e+09
2585.000000 7.61383000e+09
2595.000000 7.51218000e+09
2605.000000 7.43241000e+09
2615.000000 7.33436000e+09
2625.000000 7.23758000e+09
2635.000000 7.14205000e+09
2645.000000 7.04723000e+09
2655.000000 6.95149000e+09
2665.000000 6.85433000e+09
2675.000000 6.75790000e+09
2685.000000 6.68989000e+09
2695.000000 6.57757000e+09
2705.000000 6.51925000e+09
2715.000000 6.43502000e+09
2725.000000 6.32091000e+09
2735.000000 6.16196000e+09
2745.000000 6.19314000e+09
2755.000000 6.11501000e+09
2765.000000 6.00236000e+09
2775.000000 5.96260000e+09
2785.000000 5.88780000e+09
2795.000000 5.80958000e+09
2805.000000 5.74094000e+09
2815.000000 5.67122000e+09
2825.000000 5.56270000e+09
2835.000000 5.50993000e+09
2845.000000 5.46382000e+09
2855.000000 5.39695000e+09
2865.000000 5.33089000e+09
2875.000000 5.26606000e+09
2885.000000 5.20246000e+09
2895.000000 5.13962000e+09
2910.000000 5.04673000e+09
2930.000000 4.92672000e+09
2950.000000 4.78266000e+09
2970.000000 4.69668000e+09
2990.000000 4.58644000e+09
3010.000000 4.48037000e+09
3030.000000 4.37628000e+09
3050.000000 4.27574000e+09
3070.000000 4.17904000e+09
3090.000000 4.08290000e+09
3110.000000 3.99161000e+09
3130.000000 3.90346000e+09
3150.000000 3.81608000e+09
3170.000000 3.73157000e+09
3190.000000 3.62291000e+09
3210.000000 3.54069000e+09
3230.000000 3.49004000e+09
3250.000000 3.41402000e+09
3270.000000 3.34169000e+09
3290.000000 3.26767000e+09
3310.000000 3.20083000e+09
3330.000000 3.13270000e+09
3350.000000 3.06261000e+09
3370.000000 3.00219000e+09
3390.000000 2.93966000e+09
3410.000000 2.87858000e+09
3430.000000 2.81142000e+09
3450.000000 2.74654000e+09
3470.000000 2.69601000e+09
3490.000000 2.64132000e+09
3510.000000 2.58923000e+09
3530.000000 2.53987000e+09
3550.000000 2.48768000e+09
3570.000000 2.45008000e+09
3590.000000 2.38599000e+09
3610.000000 2.34737000e+09
3630.000000 2.29293000e+09
3640.000000 2.27657000e+09
3650.000000 2.19661000e+09
3670.000000 2.15981000e+09
3690.000000 2.12030000e+09
3710.000000 2.06390000e+09
3730.000000 2.02016000e+09
3750.000000 1.98691000e+09
3770.000000 1.93132000e+09
3790.000000 1.95316000e+09
3810.000000 1.99484000e+09
3830.000000 1.80158000e+09
3850.000000 1.99735000e+09
3870.000000 2.01305000e+09
3890.000000 1.68434000e+09
3910.000000 1.95934000e+09
3930.000000 1.93861000e+09
3950.000000 1.89339000e+09
3970.000000 1.55753000e+09
3990.000000 1.81387000e+09
4010.000000 1.80506000e+09
4030.000000 1.71087000e+09
4050.000000 1.75570000e+09
4070.000000 1.71732000e+09
4090.000000 1.58857000e+09
4110.000000 1.42867000e+09
4130.000000 1.61175000e+09
4150.000000 1.59422000e+09
4170.000000 1.57751000e+09
4190.000000 1.54805000e+09
4210.000000 1.51715000e+09
4230.000000 1.49800000e+09
4250.000000 1.47159000e+09
4270.000000 1.44537000e+09
4290.000000 1.41911000e+09
4310.000000 1.38677000e+09
4330.000000 1.26870000e+09
4350.000000 1.18001000e+09
4370.000000 1.31382000e+09
4390.000000 1.27407000e+09
4410.000000 1.28128000e+09
4430.000000 1.25768000e+09
4450.000000 1.23934000e+09
4470.000000 1.17362000e+09
4490.000000 1.19770000e+09
4510.000000 1.17886000e+09
4530.000000 1.15872000e+09
4550.000000 1.13216000e+09
4570.000000 1.12193000e+09
4590.000000 1.10359000e+09
4610.000000 1.08583000e+09
4630.000000 1.06818000e+09
4650.000000 1.04866000e+09
4670.000000 1.03420000e+09
4690.000000 1.00024000e+09
4710.000000 9.92426000e+08
4730.000000 9.86122000e+08
4750.000000 9.70572000e+08
4770.000000 9.55430000e+08
4790.000000 9.40506000e+08
4810.000000 9.24462000e+08
4830.000000 9.04936000e+08
4850.000000 8.40841000e+08
4870.000000 7.69823000e+08
4890.000000 8.60557000e+08
4910.000000 8.53529000e+08
4930.000000 8.25910000e+08
4950.000000 8.30996000e+08
4970.000000 8.18586000e+08
4990.000000 8.06288000e+08
5010.000000 7.86806000e+08
5030.000000 7.82378000e+08
5050.000000 7.67817000e+08
5070.000000 7.59353000e+08
5090.000000 7.48163000e+08
5110.000000 7.37167000e+08
5130.000000 7.26378000e+08
5150.000000 7.15789000e+08
5170.000000 7.05385000e+08
5190.000000 6.95176000e+08
5210.000000 6.85158000e+08
5230.000000 6.75314000e+08
5250.000000 6.65627000e+08
5270.000000 6.56135000e+08
5290.000000 6.46808000e+08
5310.000000 6.37656000e+08
5330.000000 6.28649000e+08
5350.000000 6.19812000e+08
5370.000000 6.11128000e+08
5390.000000 6.02581000e+08
5410.000000 5.89922000e+08
5430.000000 5.85955000e+08
5450.000000 5.77857000e+08
5470.000000 5.69899000e+08
5490.000000 5.62080000e+08
5510.000000 5.54384000e+08
5530.000000 5.46833000e+08
5550.000000 5.39401000e+08
5570.000000 5.32098000e+08
5590.000000 5.24897000e+08
5610.000000 5.17846000e+08
5630.000000 5.10905000e+08
5650.000000 5.04072000e+08
5670.000000 4.97358000e+08
5690.000000 4.89621000e+08
5710.000000 4.78987000e+08
5730.000000 4.72758000e+08
5750.000000 4.66603000e+08
5770.000000 4.60591000e+08
5790.000000 4.54661000e+08
5810.000000 4.48813000e+08
5830.000000 4.43068000e+08
5850.000000 4.37434000e+08
5870.000000 4.21470000e+08
5890.000000 4.25888000e+08
5910.000000 4.21673000e+08
5930.000000 4.16691000e+08
5950.000000 4.11777000e+08
5970.000000 4.06993000e+08
5990.000000 4.02306000e+08
6010.000000 3.97651000e+08
6030.000000 3.93370000e+08
6050.000000 3.88756000e+08
6070.000000 3.83908000e+08
6090.000000 3.79126000e+08
6110.000000 3.74428000e+08
6130.000000 3.69793000e+08
6150.000000 3.65230000e+08
6170.000000 3.60748000e+08
6190.000000 3.56327000e+08
6210.000000 3.51974000e+08
6230.000000 3.47689000e+08
6250.000000 3.43461000e+08
6270.000000 3.39309000e+08
6290.000000 3.35213000e+08
6310.000000 3.31180000e+08
6330.000000 3.27200000e+08
6350.000000 3.23293000e+08
6370.000000 3.19437000e+08
6390.000000 3.15641000e+08
6410.000000 3.11896000e+08
6430.000000 3.08209000e+08
6450.000000 3.04580000e+08
6470.000000 3.00999000e+08
6490.000000 2.97474000e+08
6510.000000 2.93729000e+08
6530.000000 2.88849000e+08
6550.000000 2.76990000e+08
6570.000000 2.52274000e+08
6590.000000 2.77767000e+08
6610.000000 2.76769000e+08
6630.000000 2.74177000e+08
6650.000000 2.71133000e+08
6670.000000 2.65622000e+08
6690.000000 2.62370000e+08
6710.000000 2.61963000e+08
6730.000000 2.59011000e+08
6750.000000 2.56089000e+08
6770.000000 2.53214000e+08
6790.000000 2.50368000e+08
6810.000000 2.47567000e+08
6830.000000 2.44803000e+08
6850.000000 2.42075000e+08
6870.000000 2.39391000e+08
6890.000000 2.36566000e+08
6910.000000 2.34126000e+08
6930.000000 2.31553000e+08
6950.000000 2.29013000e+08
6970.000000 2.26506000e+08
6990.000000 2.24032000e+08
7010.000000 2.21591000e+08
7030.000000 2.19181000e+08
7050.000000 2.16809000e+08
7070.000000 2.11884000e+08
7090.000000 2.12167000e+08
7110.000000 2.09887000e+08
7130.000000 2.07636000e+08
7150.000000 2.05422000e+08
7170.000000 2.03062000e+08
7190.000000 2.00986000e+08
7210.000000 1.98945000e+08
7230.000000 1.96815000e+08
7250.000000 1.94763000e+08
7270.000000 1.92717000e+08
7290.000000 1.89527000e+08
7310.000000 1.88689000e+08
7330.000000 1.86735000e+08
7350.000000 1.84793000e+08
7370.000000 1.82875000e+08
7390.000000 1.80983000e+08
7410.000000 1.79116000e+08
7430.000000 1.77272000e+08
7450.000000 1.75467000e+08
7470.000000 1.73664000e+08
7490.000000 1.71892000e+08
7510.000000 1.70109000e+08
7530.000000 1.68409000e+08
7550.000000 1.66705000e+08
7570.000000 1.65017000e+08
7590.000000 1.63115000e+08
7610.000000 1.61706000e+08
7630.000000 1.60089000e+08
7650.000000 1.58487000e+08
7670.000000 1.56900000e+08
7690.000000 1.55339000e+08
7710.000000 1.53793000e+08
7730.000000 1.52273000e+08
7750.000000 1.50767000e+08
7770.000000 1.49281000e+08
7790.000000 1.47813000e+08
7810.000000 1.46316000e+08
7830.000000 1.44925000e+08
7850.000000 1.43594000e+08
7870.000000 1.42196000e+08
7890.000000 1.40810000e+08
7910.000000 1.39449000e+08
7930.000000 1.38099000e+08
7950.000000 1.36768000e+08
7970.000000 1.35424000e+08
7990.000000 1.34151000e+08
8010.000000 1.32865000e+08
8030.000000 1.31591000e+08
8050.000000 1.30339000e+08
8070.000000 1.29098000e+08
8090.000000 1.27775000e+08
8110.000000 1.26579000e+08
8130.000000 1.25444000e+08
8150.000000 1.24159000e+08
8170.000000 1.23090000e+08
8190.000000 1.21776000e+08
8210.000000 1.20021000e+08
8230.000000 1.18843000e+08
8250.000000 1.17908000e+08
8270.000000 1.16627000e+08
8290.000000 1.15797000e+08
8310.000000 1.14765000e+08
8330.000000 1.13661000e+08
8350.000000 1.12350000e+08
8370.000000 1.11524000e+08
8390.000000 1.10596000e+08
8410.000000 1.09597000e+08
8430.000000 1.08563000e+08
8450.000000 1.07179000e+08
8470.000000 1.06632000e+08
8490.000000 1.05560000e+08
8510.000000 1.04711000e+08
8530.000000 1.03594000e+08
8550.000000 1.02708000e+08
8570.000000 1.02009000e+08
8590.000000 1.00084000e+08
8610.000000 9.98282000e+07
8630.000000 9.95532000e+07
8650.000000 9.78396000e+07
8670.000000 9.61408000e+07
8690.000000 9.69260000e+07
8710.000000 9.65907000e+07
8730.000000 9.45273000e+07
8750.000000 9.12368000e+07
8770.000000 9.22906000e+07
8790.000000 9.34509000e+07
8810.000000 9.30125000e+07
8830.000000 9.17654000e+07
8850.000000 8.78013000e+07
8870.000000 8.48632000e+07
8890.000000 8.86146000e+07
8910.000000 8.91853000e+07
8930.000000 8.87107000e+07
8950.000000 8.80983000e+07
8970.000000 8.70457000e+07
8990.000000 8.46032000e+07
9010.000000 7.88263000e+07
9030.000000 8.03024000e+07
9050.000000 8.33471000e+07
9070.000000 8.29296000e+07
9090.000000 8.29572000e+07
9110.000000 8.24934000e+07
9130.000000 8.18387000e+07
9150.000000 8.10943000e+07
9170.000000 8.01317000e+07
9190.000000 7.90294000e+07
9210.000000 7.57464000e+07
9230.000000 7.00103000e+07
9250.000000 7.43882000e+07
9270.000000 7.62947000e+07
9290.000000 7.62677000e+07
9310.000000 7.56144000e+07
9330.000000 7.53598000e+07
9350.000000 7.43828000e+07
9370.000000 7.41428000e+07
9390.000000 7.35325000e+07
9410.000000 7.29267000e+07
9430.000000 7.23254000e+07
9450.000000 7.17074000e+07
9470.000000 7.06613000e+07
9490.000000 7.02006000e+07
9510.000000 6.86518000e+07
9530.000000 6.56511000e+07
9550.000000 6.08162000e+07
9570.000000 6.56547000e+07
9590.000000 6.69746000e+07
9610.000000 6.68022000e+07
9630.000000 6.62853000e+07
9650.000000 6.61201000e+07
9670.000000 6.55890000e+07
9690.000000 6.50256000e+07
9710.000000 6.44024000e+07
9730.000000 6.40305000e+07
9750.000000 6.35184000e+07
9770.000000 6.30139000e+07
9790.000000 6.25170000e+07
9810.000000 6.20196000e+07
9830.000000 6.15297000e+07
9850.000000 6.10471000e+07
9870.000000 6.05640000e+07
9890.000000 6.00882000e+07
9910.000000 5.96119000e+07
9930.000000 5.91505000e+07
9950.000000 5.86884000e+07
9970.000000 5.81197000e+07
9990.000000 5.75172000e+07
10025.000000 5.45598000e+07
10075.000000 5.29767000e+07
10125.000000 5.43326000e+07
10175.000000 5.37927000e+07
10225.000000 5.27598000e+07
10275.000000 5.17801000e+07
10325.000000 5.06402000e+07
10375.000000 4.98628000e+07
10425.000000 4.89350000e+07
10475.000000 4.80329000e+07
10525.000000 4.71492000e+07
10575.000000 4.62833000e+07
10625.000000 4.54415000e+07
10675.000000 4.45573000e+07
10725.000000 4.38088000e+07
10775.000000 4.30203000e+07
10825.000000 4.19358000e+07
10875.000000 4.12707000e+07
10925.000000 3.78795000e+07
10975.000000 3.89739000e+07
11025.000000 3.90923000e+07
11075.000000 3.86049000e+07
11125.000000 3.79726000e+07
11175.000000 3.73138000e+07
11225.000000 3.66562000e+07
11275.000000 3.60384000e+07
11325.000000 3.54184000e+07
11375.000000 3.48136000e+07
11425.000000 3.42238000e+07
11475.000000 3.36430000e+07
11525.000000 3.30766000e+07
11575.000000 3.25215000e+07
11625.000000 3.19301000e+07
11675.000000 3.14417000e+07
11725.000000 3.09247000e+07
11775.000000 3.04154000e+07
11825.000000 2.99135000e+07
11875.000000 2.94244000e+07
11925.000000 2.89450000e+07
11975.000000 2.82073000e+07
12025.000000 2.80149000e+07
12075.000000 2.75637000e+07
12125.000000 2.71216000e+07
12175.000000 2.66884000e+07
12225.000000 2.62638000e+07
12275.000000 2.58478000e+07
12325.000000 2.54376000e+07
12375.000000 2.50381000e+07
12425.000000 2.46467000e+07
12475.000000 2.42607000e+07
12525.000000 2.38471000e+07
12575.000000 2.35147000e+07
12625.000000 2.31518000e+07
12675.000000 2.27960000e+07
12725.000000 2.24108000e+07
12775.000000 2.16919000e+07
12825.000000 2.02274000e+07
12875.000000 2.12351000e+07
12925.000000 2.10919000e+07
12975.000000 2.06774000e+07
13025.000000 2.04883000e+07
13075.000000 2.01830000e+07
13125.000000 1.98832000e+07
13175.000000 1.95891000e+07
13225.000000 1.93002000e+07
13275.000000 1.90167000e+07
13325.000000 1.87385000e+07
13375.000000 1.84651000e+07
13425.000000 1.81868000e+07
13475.000000 1.79334000e+07
13525.000000 1.76748000e+07
13575.000000 1.74207000e+07
13625.000000 1.71713000e+07
13675.000000 1.69263000e+07
13725.000000 1.66854000e+07
13775.000000 1.64492000e+07
13825.000000 1.62169000e+07
13875.000000 1.59889000e+07
13925.000000 1.57647000e+07
13975.000000 1.55444000e+07
14025.000000 1.53279000e+07
14075.000000 1.51153000e+07
14125.000000 1.49064000e+07
14175.000000 1.47011000e+07
14225.000000 1.44991000e+07
14275.000000 1.43008000e+07
14325.000000 1.41057000e+07
14375.000000 1.39140000e+07
14425.000000 1.37256000e+07
14475.000000 1.35403000e+07
14525.000000 1.33581000e+07
14570.000000 1.31968000e+07
14620.000000 1.30185000e+07
14675.000000 1.28286000e+07
14725.000000 1.26586000e+07
14775.000000 1.24828000e+07
14825.000000 1.23276000e+07
14875.000000 1.21662000e+07
14925.000000 1.20073000e+07
14975.000000 1.18510000e+07
15025.000000 1.16972000e+07
15075.000000 1.15294000e+07
15125.000000 1.13970000e+07
15175.000000 1.12503000e+07
15225.000000 1.11063000e+07
15275.000000 1.09640000e+07
15325.000000 1.08238000e+07
15375.000000 1.06864000e+07
15425.000000 1.05488000e+07
15475.000000 1.04170000e+07
15525.000000 1.02844000e+07
15575.000000 1.01509000e+07
15625.000000 1.00313000e+07
15675.000000 9.89502000e+06
15725.000000 9.76775000e+06
15775.000000 9.66338000e+06
15825.000000 9.53863000e+06
15875.000000 9.38432000e+06
15925.000000 9.29399000e+06
15975.000000 9.20283000e+06
16050.000000 9.01349000e+06
16150.000000 8.76615000e+06
16250.000000 8.61622000e+06
16350.000000 8.36190000e+06
16450.000000 8.11617000e+06
16550.000000 8.03049000e+06
16650.000000 7.84884000e+06
16750.000000 7.57991000e+06
16850.000000 7.34040000e+06
16950.000000 7.30741000e+06
17050.000000 7.11633000e+06
17150.000000 6.98913000e+06
17250.000000 6.81186000e+06
17350.000000 6.47000000e+06
17450.000000 6.48006000e+06
17550.000000 6.38123000e+06
17650.000000 6.23983000e+06
17750.000000 6.10228000e+06
17850.000000 5.96848000e+06
17950.000000 5.83821000e+06
18050.000000 5.70016000e+06
18150.000000 5.40445000e+06
18250.000000 5.40748000e+06
18350.000000 5.34960000e+06
18450.000000 5.23798000e+06
18550.000000 5.12626000e+06
18650.000000 4.97168000e+06
18750.000000 4.72709000e+06
18850.000000 4.80175000e+06
18950.000000 4.71281000e+06
19050.000000 4.60055000e+06
19150.000000 4.52027000e+06
19250.000000 4.42920000e+06
19350.000000 4.31844000e+06
19450.000000 4.07947000e+06
19550.000000 4.14262000e+06
19650.000000 4.08339000e+06
19750.000000 4.00235000e+06
19850.000000 3.92321000e+06
19950.000000 3.84602000e+06
20050.000000 3.77074000e+06
20150.000000 3.69731000e+06
20250.000000 3.62561000e+06
20350.000000 3.55567000e+06
20450.000000 3.48675000e+06
20550.000000 3.41704000e+06
20650.000000 3.35575000e+06
20750.000000 3.29225000e+06
20850.000000 3.23024000e+06
20950.000000 3.16969000e+06
21050.000000 3.11049000e+06
21150.000000 3.04501000e+06
21250.000000 2.99623000e+06
21350.000000 2.94112000e+06
21450.000000 2.88666000e+06
21550.000000 2.82278000e+06
21650.000000 2.66816000e+06
21750.000000 2.71281000e+06
21850.000000 2.68235000e+06
21950.000000 2.63553000e+06
22050.000000 2.58859000e+06
22150.000000 2.54261000e+06
22250.000000 2.49751000e+06
22350.000000 2.45372000e+06
22450.000000 2.41076000e+06
22550.000000 2.36868000e+06
22650.000000 2.32754000e+06
22750.000000 2.28733000e+06
22850.000000 2.24787000e+06
22950.000000 2.20937000e+06
23050.000000 2.17138000e+06
23150.000000 2.13480000e+06
23250.000000 2.09871000e+06
23350.000000 2.06336000e+06
23450.000000 2.02874000e+06
23550.000000 1.99490000e+06
23650.000000 1.96170000e+06
23750.000000 1.92926000e+06
23850.000000 1.89741000e+06
23950.000000 1.86623000e+06
24050.000000 1.83570000e+06
24150.000000 1.80619000e+06
24250.000000 1.77864000e+06
24350.000000 1.74983000e+06
24450.000000 1.72162000e+06
24550.000000 1.69499000e+06
24650.000000 1.66689000e+06
24750.000000 1.63776000e+06
24850.000000 1.61497000e+06
24950.000000 1.58668000e+06
25050.000000 1.56449000e+06
25150.000000 1.53962000e+06
25250.000000 1.51280000e+06
25350.000000 1.49133000e+06
25450.000000 1.46975000e+06
25550.000000 1.44470000e+06
25650.000000 1.42023000e+06
25750.000000 1.40081000e+06
25850.000000 1.38160000e+06
25950.000000 1.35916000e+06
26050.000000 1.33476000e+06
26150.000000 1.30600000e+06
26250.000000 1.24692000e+06
26350.000000 1.27008000e+06
26450.000000 1.25931000e+06
26550.000000 1.24124000e+06
26650.000000 1.22001000e+06
26750.000000 1.19679000e+06
26850.000000 1.18408000e+06
26950.000000 1.17106000e+06
27050.000000 1.15397000e+06
27150.000000 1.13721000e+06
27250.000000 1.12071000e+06
27350.000000 1.10452000e+06
27450.000000 1.08599000e+06
27550.000000 1.06084000e+06
27650.000000 1.05008000e+06
27750.000000 1.04150000e+06
27850.000000 1.02791000e+06
27950.000000 1.01339000e+06
28050.000000 9.99134000e+05
28150.000000 9.85107000e+05
28250.000000 9.71348000e+05
28350.000000 9.57804000e+05
28450.000000 9.44520000e+05
28550.000000 9.30104000e+05
28650.000000 9.11322000e+05
28750.000000 8.89771000e+05
28850.000000 8.89814000e+05
28950.000000 8.81340000e+05
29050.000000 8.69390000e+05
29150.000000 8.57628000e+05
29250.000000 8.46049000e+05
29350.000000 8.34652000e+05
29450.000000 8.23434000e+05
29550.000000 8.12434000e+05
29650.000000 8.01606000e+05
29750.000000 7.90948000e+05
29850.000000 7.80499000e+05
29950.000000 7.70172000e+05
30050.000000 7.60048000e+05
30150.000000 7.50083000e+05
30250.000000 7.37845000e+05
30350.000000 7.16468000e+05
30450.000000 7.10998000e+05
30550.000000 7.10105000e+05
30650.000000 7.02631000e+05
30750.000000 6.93606000e+05
30850.000000 6.84723000e+05
30950.000000 6.75980000e+05
31050.000000 6.67373000e+05
31150.000000 6.58902000e+05
31250.000000 6.50564000e+05
31350.000000 6.42357000e+05
31450.000000 6.34280000e+05
31550.000000 6.26329000e+05
31650.000000 6.18504000e+05
31750.000000 6.10802000e+05
31850.000000 6.03222000e+05
31950.000000 5.95724000e+05
32100.000000 5.84759000e+05
32300.000000 5.70498000e+05
32500.000000 5.56686000e+05
32700.000000 5.42921000e+05
32900.000000 5.20295000e+05
33100.000000 5.14233000e+05
33300.000000 5.05425000e+05
33500.000000 4.93970000e+05
33700.000000 4.82418000e+05
33900.000000 4.71170000e+05
34100.000000 4.60281000e+05
34300.000000 4.49710000e+05
34500.000000 4.39446000e+05
34700.000000 4.29452000e+05
34900.000000 4.19750000e+05
35100.000000 4.10301000e+05
35300.000000 4.01130000e+05
35500.000000 3.92229000e+05
35700.000000 3.83561000e+05
35900.000000 3.75119000e+05
36100.000000 3.66927000e+05
36300.000000 3.58949000e+05
36500.000000 3.51181000e+05
36700.000000 3.43615000e+05
36900.000000 3.36276000e+05
37100.000000 3.28609000e+05
37300.000000 3.18217000e+05
37500.000000 3.10492000e+05
37700.000000 3.08505000e+05
37900.000000 3.02320000e+05
38100.000000 2.96066000e+05
38300.000000 2.89952000e+05
38500.000000 2.83999000e+05
38700.000000 2.78204000e+05
38900.000000 2.72562000e+05
39100.000000 2.66824000e+05
39300.000000 2.61676000e+05
39500.000000 2.56449000e+05
39700.000000 2.51338000e+05
39900.000000 2.46363000e+05
40100.000000 2.41124000e+05
40300.000000 2.35837000e+05
40500.000000 2.27388000e+05
40700.000000 2.27376000e+05
40900.000000 2.23248000e+05
41100.000000 2.18953000e+05
41300.000000 2.14658000e+05
41500.000000 2.10542000e+05
41700.000000 2.05702000e+05
41900.000000 2.02634000e+05
42100.000000 1.98966000e+05
42300.000000 1.95246000e+05
42500.000000 1.91567000e+05
42700.000000 1.88064000e+05
42900.000000 1.84450000e+05
43100.000000 1.81207000e+05
43300.000000 1.77895000e+05
43500.000000 1.74591000e+05
43700.000000 1.70309000e+05
43900.000000 1.67813000e+05
44100.000000 1.65380000e+05
44300.000000 1.62427000e+05
44500.000000 1.59540000e+05
44700.000000 1.56788000e+05
44900.000000 1.54023000e+05
45100.000000 1.51319000e+05
45300.000000 1.48675000e+05
45500.000000 1.46088000e+05
45700.000000 1.43557000e+05
45900.000000 1.41080000e+05
46100.000000 1.38632000e+05
46300.000000 1.36002000e+05
46500.000000 1.30680000e+05
46700.000000 1.29815000e+05
46900.000000 1.28883000e+05
47100.000000 1.27287000e+05
47300.000000 1.25157000e+05
47500.000000 1.23070000e+05
47700.000000 1.21026000e+05
47900.000000 1.19025000e+05
48100.000000 1.17063000e+05
48300.000000 1.15143000e+05
48500.000000 1.13261000e+05
48700.000000 1.11420000e+05
48900.000000 1.09614000e+05
49100.000000 1.07844000e+05
49300.000000 1.06111000e+05
49500.000000 1.04411000e+05
49700.000000 1.02746000e+05
49900.000000 1.01114000e+05
50100.000000 9.95147000e+04
50300.000000 9.79462000e+04
50500.000000 9.64082000e+04
50700.000000 9.49001000e+04
50900.000000 9.34200000e+04
51100.000000 9.16384000e+04
51300.000000 8.91288000e+04
51500.000000 8.89194000e+04
51700.000000 8.77873000e+04
51900.000000 8.64477000e+04
52100.000000 8.51316000e+04
52300.000000 8.38413000e+04
52500.000000 8.25750000e+04
52700.000000 8.13309000e+04
52900.000000 8.01126000e+04
53100.000000 7.89157000e+04
53300.000000 7.77411000e+04
53500.000000 7.65884000e+04
53700.000000 7.54559000e+04
53900.000000 7.43458000e+04
54100.000000 7.32553000e+04
54300.000000 7.21851000e+04
54500.000000 7.11337000e+04
54700.000000 7.01020000e+04
54900.000000 6.90885000e+04
55100.000000 6.80927000e+04
55300.000000 6.71157000e+04
55500.000000 6.61559000e+04
55700.000000 6.52130000e+04
55900.000000 6.42878000e+04
56100.000000 6.33778000e+04
56300.000000 6.24838000e+04
56500.000000 6.16067000e+04
56700.000000 6.07428000e+04
56900.000000 5.98953000e+04
57100.000000 5.90617000e+04
57300.000000 5.82439000e+04
57500.000000 5.74395000e+04
57700.000000 5.66493000e+04
57900.000000 5.58721000e+04
58100.000000 5.51086000e+04
58300.000000 5.43576000e+04
58500.000000 5.36332000e+04
58700.000000 5.29065000e+04
58900.000000 5.19527000e+04
59100.000000 5.04530000e+04
59300.000000 5.06114000e+04
59500.000000 4.99738000e+04
59700.000000 4.93975000e+04
59900.000000 4.88004000e+04
60100.000000 4.81559000e+04
60300.000000 4.75210000e+04
60500.000000 4.68965000e+04
60700.000000 4.62833000e+04
60900.000000 4.56791000e+04
61100.000000 4.50849000e+04
61300.000000 4.45004000e+04
61500.000000 4.39256000e+04
61700.000000 4.33593000e+04
61900.000000 4.28023000e+04
62100.000000 4.22545000e+04
62300.000000 4.17157000e+04
62500.000000 4.11849000e+04
62700.000000 4.06284000e+04
62900.000000 3.99610000e+04
63100.000000 3.95851000e+04
63300.000000 3.91445000e+04
63500.000000 3.86553000e+04
63700.000000 3.81725000e+04
63900.000000 3.76978000e+04
64200.000000 3.69989000e+04
64600.000000 3.60926000e+04
65000.000000 3.52128000e+04
65400.000000 3.43606000e+04
65800.000000 3.35334000e+04
66200.000000 3.27314000e+04
66600.000000 3.19530000e+04
67000.000000 3.11975000e+04
67400.000000 3.04327000e+04
67800.000000 2.95903000e+04
68200.000000 2.90612000e+04
68600.000000 2.83902000e+04
69000.000000 2.77384000e+04
69400.000000 2.71051000e+04
69800.000000 2.64899000e+04
70200.000000 2.58915000e+04
70600.000000 2.53102000e+04
71000.000000 2.47449000e+04
71400.000000 2.41957000e+04
71800.000000 2.36616000e+04
72200.000000 2.31414000e+04
72600.000000 2.26362000e+04
73000.000000 2.21443000e+04
73400.000000 2.16658000e+04
73800.000000 2.11999000e+04
74200.000000 2.07201000e+04
74600.000000 1.99481000e+04
75000.000000 1.94808000e+04
75400.000000 1.94045000e+04
75800.000000 1.90507000e+04
76200.000000 1.86547000e+04
76600.000000 1.82677000e+04
77000.000000 1.78916000e+04
77400.000000 1.75248000e+04
77800.000000 1.71671000e+04
78200.000000 1.68188000e+04
78600.000000 1.64791000e+04
79000.000000 1.61479000e+04
79400.000000 1.58254000e+04
79800.000000 1.55104000e+04
80200.000000 1.52032000e+04
80600.000000 1.49036000e+04
81000.000000 1.46115000e+04
81400.000000 1.43262000e+04
81800.000000 1.40484000e+04
82200.000000 1.37771000e+04
82600.000000 1.35120000e+04
83000.000000 1.32536000e+04
83400.000000 1.30011000e+04
83800.000000 1.27545000e+04
84200.000000 1.25140000e+04
84600.000000 1.22791000e+04
85000.000000 1.20496000e+04
85400.000000 1.18254000e+04
85800.000000 1.16064000e+04
86200.000000 1.13920000e+04
86600.000000 1.11654000e+04
87000.000000 1.09779000e+04
87400.000000 1.07025000e+04
87800.000000 1.05090000e+04
88200.000000 1.03930000e+04
88600.000000 1.02068000e+04
89000.000000 1.00244000e+04
89400.000000 9.84628000e+03
89800.000000 9.67186000e+03
90200.000000 9.50154000e+03
90600.000000 9.33475000e+03
91000.000000 9.17143000e+03
91400.000000 9.01197000e+03
91800.000000 8.85582000e+03
92200.000000 8.70292000e+03
92600.000000 8.55321000e+03
93000.000000 8.40705000e+03
93400.000000 8.26394000e+03
93800.000000 8.09641000e+03
94200.000000 7.97770000e+03
94600.000000 7.85228000e+03
95000.000000 7.72076000e+03
95400.000000 7.59199000e+03
95800.000000 7.46592000e+03
96200.000000 7.34209000e+03
96600.000000 7.22126000e+03
97000.000000 7.10297000e+03
97400.000000 6.98677000e+03
97800.000000 6.87301000e+03
98200.000000 6.76166000e+03
98600.000000 6.65227000e+03
99000.000000 6.54558000e+03
99400.000000 6.44077000e+03
99800.000000 6.33780000e+03
100200.000000 6.23702000e+03
200000.000000 3.89463000e+02
400000.000000 2.39223000e+01
600000.000000 4.67092000e+00
800000.000000 1.46530000e+00
1000000.000000 5.96212000e-01
1200000.000000 2.86000000e-01
1400000.000000 1.53688000e-01
1600000.000000 8.97528000e-02
