# Kurucz ODFNEW /NOVER, alpha: 0.0 (2003)
# teff = 11750 K (value for the effective temperature for the model. Temperatures are given in K)
# logg = 3 log(cm/s2) (value for Log(G) for the model.)
# lh = 1.25  (l/Hp where l is the  mixing length of the convective element and Hp is the pressure scale height)
# meta = 0.5  (value for the Metallicity for the model.)
# vtur = 2 km/s (Microturbulence velocity)
# alpha = 0  (Alpha)
#
# column 1: WAVELENGTH (ANGSTROM), Wavelength in Angstrom
# column 2: FLUX (ERG/CM2/S/A), Flux in erg/cm2/s/A
240.000000 7.38677000e-23
246.500000 5.42276000e-22
252.400000 2.89334000e-21
256.800000 9.60186000e-21
260.000000 2.24249000e-20
264.000000 6.29666000e-20
268.500000 1.92879000e-19
273.500000 6.41126000e-19
278.500000 2.06199000e-18
284.000000 7.09544000e-18
290.000000 2.59088000e-17
296.000000 8.93580000e-17
301.000000 2.43246000e-16
308.000000 9.39163000e-16
318.000000 5.83811000e-15
328.000000 3.26627000e-14
338.000000 1.65196000e-13
348.000000 7.66530000e-13
357.000000 3.06145000e-12
366.000000 1.06301000e-11
375.000000 3.44568000e-11
385.000000 1.21245000e-10
395.000000 3.96299000e-10
405.000000 1.24040000e-09
414.000000 3.29459000e-09
422.000000 7.58836000e-09
430.000000 1.67843000e-08
441.000000 4.89409000e-08
451.000000 1.22622000e-07
460.000000 2.71402000e-07
470.000000 6.31589000e-07
480.000000 1.42593000e-06
490.000000 3.12539000e-06
500.000000 6.61281000e-06
506.000000 1.79142000e-04
512.000000 4.29681000e-04
520.000000 6.92589000e-04
530.000000 1.21912000e-03
540.000000 2.05819000e-03
550.000000 3.64848000e-03
560.000000 6.08978000e-03
570.000000 1.00853000e-02
580.000000 1.56112000e-02
590.000000 2.57466000e-02
600.000000 4.00087000e-02
610.000000 6.25749000e-02
620.000000 9.37394000e-02
630.000000 1.40640000e-01
640.000000 2.03679000e-01
650.000000 3.00153000e-01
658.000000 4.03569000e-01
665.000000 5.10192000e-01
675.000000 7.21088000e-01
685.000000 1.01443000e+00
695.000000 1.42276000e+00
705.000000 1.93426000e+00
716.000000 2.72515000e+00
726.000000 3.70171000e+00
735.000000 4.77612000e+00
745.000000 6.36223000e+00
755.000000 8.38484000e+00
765.000000 1.09538000e+01
775.000000 1.43422000e+01
785.000000 1.86230000e+01
795.000000 2.35190000e+01
805.000000 3.00843000e+01
815.000000 3.82733000e+01
825.000000 4.80287000e+01
835.000000 5.95818000e+01
845.000000 7.52799000e+01
855.000000 9.30711000e+01
865.000000 1.15538000e+02
875.000000 1.40516000e+02
885.000000 1.73491000e+02
895.000000 2.10581000e+02
905.000000 2.49830000e+02
915.000000 1.39600000e+04
925.000000 9.56370000e+04
935.000000 1.25823000e+05
945.000000 2.06305000e+05
955.000000 4.18604000e+05
965.000000 5.58768000e+05
975.000000 4.22452000e+05
985.000000 7.38762000e+05
995.000000 6.92860000e+05
1005.000000 8.84061000e+05
1015.000000 1.05483000e+06
1025.000000 6.78929000e+05
1035.000000 9.30231000e+05
1045.000000 1.52724000e+06
1055.000000 1.86627000e+06
1065.000000 1.79177000e+06
1075.000000 2.30134000e+06
1085.000000 2.44815000e+06
1095.000000 2.83481000e+06
1105.000000 7.34962000e+06
1115.000000 4.14721000e+07
1125.000000 4.74653000e+07
1135.000000 7.24142000e+07
1145.000000 6.60054000e+07
1155.000000 8.71573000e+07
1165.000000 1.01492000e+08
1175.000000 9.29882000e+07
1185.000000 6.92787000e+07
1195.000000 2.89269000e+06
1205.000000 8.57538000e+06
1215.000000 1.35155000e+06
1225.000000 1.02099000e+07
1235.000000 8.06774000e+07
1245.000000 1.61313000e+08
1255.000000 2.21403000e+08
1265.000000 1.16466000e+08
1275.000000 2.47920000e+08
1285.000000 3.37231000e+08
1295.000000 1.98327000e+08
1305.000000 7.13630000e+07
1315.000000 2.50801000e+08
1325.000000 3.20653000e+08
1335.000000 2.06323000e+08
1345.000000 3.69623000e+08
1355.000000 3.62464000e+08
1365.000000 2.84201000e+08
1375.000000 3.37809000e+08
1385.000000 3.37288000e+08
1395.000000 3.35025000e+08
1405.000000 3.32926000e+08
1415.000000 3.07653000e+08
1425.000000 3.59174000e+08
1435.000000 3.29360000e+08
1442.000000 3.79508000e+08
1447.000000 4.17337000e+08
1455.000000 3.98631000e+08
1465.000000 3.54977000e+08
1475.000000 3.40691000e+08
1485.000000 3.85352000e+08
1495.000000 4.17044000e+08
1505.000000 3.98264000e+08
1512.000000 3.28110000e+08
1517.000000 3.84736000e+08
1525.000000 3.42092000e+08
1535.000000 2.89203000e+08
1545.000000 3.68266000e+08
1555.000000 3.14935000e+08
1565.000000 2.93234000e+08
1575.000000 3.07185000e+08
1585.000000 3.55102000e+08
1595.000000 3.70254000e+08
1605.000000 3.44844000e+08
1615.000000 3.52604000e+08
1625.000000 3.13239000e+08
1635.000000 3.38098000e+08
1645.000000 3.46209000e+08
1655.000000 3.01463000e+08
1665.000000 3.34409000e+08
1672.000000 1.95818000e+08
1677.000000 3.21911000e+08
1685.000000 3.73979000e+08
1695.000000 3.50566000e+08
1705.000000 3.14599000e+08
1715.000000 2.82493000e+08
1725.000000 2.80519000e+08
1735.000000 3.10672000e+08
1745.000000 3.11093000e+08
1755.000000 3.60006000e+08
1765.000000 2.88204000e+08
1775.000000 3.09060000e+08
1785.000000 3.21876000e+08
1795.000000 3.73897000e+08
1805.000000 3.59208000e+08
1815.000000 3.32480000e+08
1825.000000 3.28915000e+08
1835.000000 3.12719000e+08
1845.000000 2.80188000e+08
1855.000000 2.69106000e+08
1865.000000 2.81413000e+08
1875.000000 3.32299000e+08
1885.000000 3.03400000e+08
1895.000000 2.91405000e+08
1905.000000 2.96160000e+08
1915.000000 2.94359000e+08
1925.000000 3.01190000e+08
1935.000000 3.12816000e+08
1945.000000 3.14517000e+08
1955.000000 2.99933000e+08
1967.000000 3.40042000e+08
1976.000000 3.54492000e+08
1984.000000 3.25013000e+08
1995.000000 3.07383000e+08
2005.000000 3.19590000e+08
2015.000000 2.90140000e+08
2025.000000 3.21127000e+08
2035.000000 2.97155000e+08
2045.000000 3.18687000e+08
2055.000000 2.91542000e+08
2065.000000 2.92842000e+08
2074.000000 3.23053000e+08
2078.000000 3.09753000e+08
2085.000000 3.15623000e+08
2095.000000 2.93931000e+08
2105.000000 2.87625000e+08
2115.000000 2.88449000e+08
2125.000000 2.95794000e+08
2135.000000 2.49127000e+08
2145.000000 2.73805000e+08
2155.000000 2.93059000e+08
2165.000000 2.73520000e+08
2175.000000 2.65205000e+08
2185.000000 2.56541000e+08
2195.000000 2.79363000e+08
2205.000000 2.62206000e+08
2215.000000 2.35756000e+08
2225.000000 2.21413000e+08
2235.000000 2.52032000e+08
2245.000000 2.24728000e+08
2255.000000 2.07597000e+08
2265.000000 2.22371000e+08
2275.000000 2.34534000e+08
2285.000000 2.43951000e+08
2295.000000 2.31380000e+08
2305.000000 2.13188000e+08
2315.000000 1.96666000e+08
2325.000000 1.94211000e+08
2335.000000 1.75325000e+08
2345.000000 1.64900000e+08
2355.000000 1.92752000e+08
2365.000000 1.60398000e+08
2375.000000 1.71854000e+08
2385.000000 1.48229000e+08
2395.000000 1.73205000e+08
2405.000000 1.59914000e+08
2415.000000 1.69360000e+08
2425.000000 1.86391000e+08
2435.000000 1.75536000e+08
2445.000000 1.95038000e+08
2455.000000 1.86320000e+08
2465.000000 1.87112000e+08
2475.000000 1.77841000e+08
2485.000000 1.93122000e+08
2495.000000 1.84618000e+08
2505.000000 2.08764000e+08
2513.000000 1.77061000e+08
2518.000000 1.87850000e+08
2525.000000 1.69243000e+08
2535.000000 1.75297000e+08
2545.000000 1.67361000e+08
2555.000000 1.83557000e+08
2565.000000 1.76030000e+08
2575.000000 1.96796000e+08
2585.000000 1.88894000e+08
2595.000000 1.84392000e+08
2605.000000 1.72947000e+08
2615.000000 1.71936000e+08
2625.000000 1.85548000e+08
2635.000000 1.86883000e+08
2645.000000 2.11950000e+08
2655.000000 2.07695000e+08
2665.000000 1.82455000e+08
2675.000000 1.97177000e+08
2685.000000 1.88249000e+08
2695.000000 1.84318000e+08
2705.000000 1.93544000e+08
2715.000000 1.81464000e+08
2725.000000 1.84539000e+08
2735.000000 2.00512000e+08
2745.000000 1.59596000e+08
2755.000000 1.60395000e+08
2765.000000 1.67269000e+08
2775.000000 1.84964000e+08
2785.000000 1.84736000e+08
2795.000000 1.44022000e+08
2805.000000 1.64893000e+08
2815.000000 1.89049000e+08
2825.000000 1.94520000e+08
2835.000000 1.78568000e+08
2845.000000 1.72660000e+08
2855.000000 1.69974000e+08
2865.000000 1.83444000e+08
2875.000000 1.75192000e+08
2885.000000 1.77750000e+08
2895.000000 1.68604000e+08
2910.000000 1.90836000e+08
2930.000000 1.81991000e+08
2950.000000 1.80852000e+08
2970.000000 1.83122000e+08
2990.000000 1.83470000e+08
3010.000000 1.88857000e+08
3030.000000 1.84362000e+08
3050.000000 1.80316000e+08
3070.000000 1.77502000e+08
3090.000000 1.80239000e+08
3110.000000 1.72950000e+08
3130.000000 1.70809000e+08
3150.000000 1.73252000e+08
3170.000000 1.69599000e+08
3190.000000 1.62419000e+08
3210.000000 1.65658000e+08
3230.000000 1.62418000e+08
3250.000000 1.61859000e+08
3270.000000 1.61125000e+08
3290.000000 1.60613000e+08
3310.000000 1.60449000e+08
3330.000000 1.56109000e+08
3350.000000 1.53471000e+08
3370.000000 1.52000000e+08
3390.000000 1.49523000e+08
3410.000000 1.51484000e+08
3430.000000 1.49575000e+08
3450.000000 1.47856000e+08
3470.000000 1.44952000e+08
3490.000000 1.43338000e+08
3510.000000 1.44122000e+08
3530.000000 1.43999000e+08
3550.000000 1.42973000e+08
3570.000000 1.40211000e+08
3590.000000 1.38560000e+08
3610.000000 1.37228000e+08
3630.000000 1.35517000e+08
3640.000000 1.35268000e+08
3650.000000 1.35987000e+08
3670.000000 1.33757000e+08
3690.000000 1.28490000e+08
3710.000000 1.41253000e+08
3730.000000 1.54587000e+08
3750.000000 2.00620000e+08
3770.000000 2.04214000e+08
3790.000000 2.29996000e+08
3810.000000 2.50346000e+08
3830.000000 2.08005000e+08
3850.000000 2.54872000e+08
3870.000000 2.64570000e+08
3890.000000 1.94513000e+08
3910.000000 2.58051000e+08
3930.000000 2.53992000e+08
3950.000000 2.53817000e+08
3970.000000 1.81341000e+08
3990.000000 2.45204000e+08
4010.000000 2.44662000e+08
4030.000000 2.37554000e+08
4050.000000 2.39692000e+08
4070.000000 2.32953000e+08
4090.000000 2.16256000e+08
4110.000000 1.77099000e+08
4130.000000 2.19667000e+08
4150.000000 2.21936000e+08
4170.000000 2.17863000e+08
4190.000000 2.15702000e+08
4210.000000 2.13572000e+08
4230.000000 2.10073000e+08
4250.000000 2.05665000e+08
4270.000000 2.01513000e+08
4290.000000 2.01542000e+08
4310.000000 1.96210000e+08
4330.000000 1.75102000e+08
4350.000000 1.53160000e+08
4370.000000 1.88971000e+08
4390.000000 1.84249000e+08
4410.000000 1.84916000e+08
4430.000000 1.80983000e+08
4450.000000 1.80444000e+08
4470.000000 1.76080000e+08
4490.000000 1.72558000e+08
4510.000000 1.72361000e+08
4530.000000 1.69354000e+08
4550.000000 1.65339000e+08
4570.000000 1.66628000e+08
4590.000000 1.61863000e+08
4610.000000 1.63015000e+08
4630.000000 1.57110000e+08
4650.000000 1.58455000e+08
4670.000000 1.55438000e+08
4690.000000 1.53747000e+08
4710.000000 1.49163000e+08
4730.000000 1.49655000e+08
4750.000000 1.47466000e+08
4770.000000 1.46975000e+08
4790.000000 1.44787000e+08
4810.000000 1.41919000e+08
4830.000000 1.39031000e+08
4850.000000 1.26002000e+08
4870.000000 1.06851000e+08
4890.000000 1.33991000e+08
4910.000000 1.32880000e+08
4930.000000 1.29989000e+08
4950.000000 1.29777000e+08
4970.000000 1.28707000e+08
4990.000000 1.26381000e+08
5010.000000 1.21779000e+08
5030.000000 1.21507000e+08
5050.000000 1.18815000e+08
5070.000000 1.19125000e+08
5090.000000 1.17554000e+08
5110.000000 1.15421000e+08
5130.000000 1.14890000e+08
5150.000000 1.11892000e+08
5170.000000 1.10819000e+08
5190.000000 1.10018000e+08
5210.000000 1.07628000e+08
5230.000000 1.06360000e+08
5250.000000 1.06397000e+08
5270.000000 1.03783000e+08
5290.000000 1.04750000e+08
5310.000000 1.01825000e+08
5330.000000 1.01774000e+08
5350.000000 1.00982000e+08
5370.000000 9.97356000e+07
5390.000000 9.85196000e+07
5410.000000 9.68735000e+07
5430.000000 9.59517000e+07
5450.000000 9.52753000e+07
5470.000000 9.39756000e+07
5490.000000 9.31496000e+07
5510.000000 9.18269000e+07
5530.000000 9.12033000e+07
5550.000000 9.02218000e+07
5570.000000 8.91355000e+07
5590.000000 8.82541000e+07
5610.000000 8.76523000e+07
5630.000000 8.67050000e+07
5650.000000 8.47126000e+07
5670.000000 8.41641000e+07
5690.000000 8.36608000e+07
5710.000000 8.28389000e+07
5730.000000 8.19151000e+07
5750.000000 8.09634000e+07
5770.000000 8.00806000e+07
5790.000000 7.88934000e+07
5810.000000 7.81536000e+07
5830.000000 7.73357000e+07
5850.000000 7.65788000e+07
5870.000000 7.50706000e+07
5890.000000 7.44444000e+07
5910.000000 7.40115000e+07
5930.000000 7.34295000e+07
5950.000000 7.18757000e+07
5970.000000 7.15271000e+07
5990.000000 7.05725000e+07
6010.000000 7.02204000e+07
6030.000000 6.94736000e+07
6050.000000 6.86249000e+07
6070.000000 6.79025000e+07
6090.000000 6.71637000e+07
6110.000000 6.65874000e+07
6130.000000 6.58108000e+07
6150.000000 6.42519000e+07
6170.000000 6.43922000e+07
6190.000000 6.38155000e+07
6210.000000 6.31629000e+07
6230.000000 6.23018000e+07
6250.000000 6.09489000e+07
6270.000000 6.12028000e+07
6290.000000 6.05057000e+07
6310.000000 5.96146000e+07
6330.000000 5.92093000e+07
6350.000000 5.76411000e+07
6370.000000 5.73744000e+07
6390.000000 5.73147000e+07
6410.000000 5.66376000e+07
6430.000000 5.62558000e+07
6450.000000 5.52020000e+07
6470.000000 5.51925000e+07
6490.000000 5.42562000e+07
6510.000000 5.36469000e+07
6530.000000 5.29230000e+07
6550.000000 4.95717000e+07
6570.000000 4.16415000e+07
6590.000000 5.10390000e+07
6610.000000 5.12272000e+07
6630.000000 5.07772000e+07
6650.000000 5.04237000e+07
6670.000000 4.97331000e+07
6690.000000 4.92863000e+07
6710.000000 4.89327000e+07
6730.000000 4.83961000e+07
6750.000000 4.79609000e+07
6770.000000 4.75440000e+07
6790.000000 4.70053000e+07
6810.000000 4.65687000e+07
6830.000000 4.59984000e+07
6850.000000 4.56419000e+07
6870.000000 4.52177000e+07
6890.000000 4.48159000e+07
6910.000000 4.43525000e+07
6930.000000 4.38090000e+07
6950.000000 4.35509000e+07
6970.000000 4.31354000e+07
6990.000000 4.27825000e+07
7010.000000 4.22605000e+07
7030.000000 4.19548000e+07
7050.000000 4.13889000e+07
7070.000000 4.10224000e+07
7090.000000 4.08085000e+07
7110.000000 4.02566000e+07
7130.000000 3.99362000e+07
7150.000000 3.96283000e+07
7170.000000 3.92588000e+07
7190.000000 3.89270000e+07
7210.000000 3.85882000e+07
7230.000000 3.80730000e+07
7250.000000 3.77887000e+07
7270.000000 3.75198000e+07
7290.000000 3.71455000e+07
7310.000000 3.67916000e+07
7330.000000 3.64922000e+07
7350.000000 3.62263000e+07
7370.000000 3.58947000e+07
7390.000000 3.55620000e+07
7410.000000 3.52118000e+07
7430.000000 3.47591000e+07
7450.000000 3.45069000e+07
7470.000000 3.40725000e+07
7490.000000 3.38767000e+07
7510.000000 3.35295000e+07
7530.000000 3.33596000e+07
7550.000000 3.30708000e+07
7570.000000 3.27845000e+07
7590.000000 3.24648000e+07
7610.000000 3.22501000e+07
7630.000000 3.19376000e+07
7650.000000 3.15919000e+07
7670.000000 3.13544000e+07
7690.000000 3.10653000e+07
7710.000000 3.07726000e+07
7730.000000 3.05461000e+07
7750.000000 3.02782000e+07
7770.000000 2.94755000e+07
7790.000000 2.97539000e+07
7810.000000 2.95455000e+07
7830.000000 2.92651000e+07
7850.000000 2.88392000e+07
7870.000000 2.85900000e+07
7890.000000 2.82583000e+07
7910.000000 2.82408000e+07
7930.000000 2.80506000e+07
7950.000000 2.75997000e+07
7970.000000 2.75693000e+07
7990.000000 2.69771000e+07
8010.000000 2.71079000e+07
8030.000000 2.68644000e+07
8050.000000 2.66351000e+07
8070.000000 2.64171000e+07
8090.000000 2.61853000e+07
8110.000000 2.59487000e+07
8130.000000 2.57613000e+07
8150.000000 2.55556000e+07
8170.000000 2.53601000e+07
8190.000000 2.50494000e+07
8210.000000 2.47453000e+07
8230.000000 2.44377000e+07
8250.000000 2.45037000e+07
8270.000000 2.43996000e+07
8290.000000 2.40617000e+07
8310.000000 2.39722000e+07
8330.000000 2.37079000e+07
8350.000000 2.35285000e+07
8370.000000 2.32915000e+07
8390.000000 2.30735000e+07
8410.000000 2.27711000e+07
8430.000000 2.26886000e+07
8450.000000 2.22912000e+07
8470.000000 2.17354000e+07
8490.000000 2.27239000e+07
8510.000000 2.10915000e+07
8530.000000 2.28929000e+07
8550.000000 2.02319000e+07
8570.000000 2.30326000e+07
8590.000000 2.14066000e+07
8610.000000 2.08031000e+07
8630.000000 2.30792000e+07
8650.000000 2.24182000e+07
8670.000000 1.88102000e+07
8690.000000 2.26114000e+07
8710.000000 2.30490000e+07
8730.000000 2.24126000e+07
8750.000000 1.82262000e+07
8770.000000 2.15905000e+07
8790.000000 2.24534000e+07
8810.000000 2.23307000e+07
8830.000000 2.18286000e+07
8850.000000 2.05405000e+07
8870.000000 1.75980000e+07
8890.000000 2.12632000e+07
8910.000000 2.13975000e+07
8930.000000 2.12097000e+07
8950.000000 2.12105000e+07
8970.000000 2.09938000e+07
8990.000000 2.05313000e+07
9010.000000 1.71686000e+07
9030.000000 1.86621000e+07
9050.000000 2.01809000e+07
9070.000000 1.98909000e+07
9090.000000 1.97871000e+07
9110.000000 1.98006000e+07
9130.000000 1.96945000e+07
9150.000000 1.96405000e+07
9170.000000 1.93560000e+07
9190.000000 1.90091000e+07
9210.000000 1.83786000e+07
9230.000000 1.49524000e+07
9250.000000 1.78589000e+07
9270.000000 1.81217000e+07
9290.000000 1.84628000e+07
9310.000000 1.84388000e+07
9330.000000 1.82438000e+07
9350.000000 1.81874000e+07
9370.000000 1.80506000e+07
9390.000000 1.78443000e+07
9410.000000 1.74661000e+07
9430.000000 1.76124000e+07
9450.000000 1.75273000e+07
9470.000000 1.73605000e+07
9490.000000 1.72038000e+07
9510.000000 1.69636000e+07
9530.000000 1.62413000e+07
9550.000000 1.34425000e+07
9570.000000 1.62140000e+07
9590.000000 1.65302000e+07
9610.000000 1.64325000e+07
9630.000000 1.61052000e+07
9650.000000 1.62630000e+07
9670.000000 1.60653000e+07
9690.000000 1.60087000e+07
9710.000000 1.59308000e+07
9730.000000 1.58037000e+07
9750.000000 1.56692000e+07
9770.000000 1.55838000e+07
9790.000000 1.54569000e+07
9810.000000 1.53282000e+07
9830.000000 1.51875000e+07
9850.000000 1.50890000e+07
9870.000000 1.49892000e+07
9890.000000 1.48335000e+07
9910.000000 1.47745000e+07
9930.000000 1.46749000e+07
9950.000000 1.45623000e+07
9970.000000 1.44513000e+07
9990.000000 1.43346000e+07
10025.000000 1.35284000e+07
10075.000000 1.28215000e+07
10125.000000 1.34889000e+07
10175.000000 1.34069000e+07
10225.000000 1.32224000e+07
10275.000000 1.29948000e+07
10325.000000 1.27587000e+07
10375.000000 1.25429000e+07
10425.000000 1.23379000e+07
10475.000000 1.20989000e+07
10525.000000 1.18754000e+07
10575.000000 1.17037000e+07
10625.000000 1.15207000e+07
10675.000000 1.12312000e+07
10725.000000 1.11071000e+07
10775.000000 1.09374000e+07
10825.000000 1.07286000e+07
10875.000000 1.05544000e+07
10925.000000 9.38702000e+06
10975.000000 9.98914000e+06
11025.000000 1.00646000e+07
11075.000000 9.92044000e+06
11125.000000 9.75720000e+06
11175.000000 9.59738000e+06
11225.000000 9.44809000e+06
11275.000000 9.19645000e+06
11325.000000 9.07342000e+06
11375.000000 8.99820000e+06
11425.000000 8.85352000e+06
11475.000000 8.72475000e+06
11525.000000 8.58936000e+06
11575.000000 8.45346000e+06
11625.000000 8.28583000e+06
11675.000000 8.15559000e+06
11725.000000 8.05988000e+06
11775.000000 7.88207000e+06
11825.000000 7.80936000e+06
11875.000000 7.67909000e+06
11925.000000 7.58860000e+06
11975.000000 7.46100000e+06
12025.000000 7.35844000e+06
12075.000000 7.24621000e+06
12125.000000 7.13455000e+06
12175.000000 7.03210000e+06
12225.000000 6.92579000e+06
12275.000000 6.81923000e+06
12325.000000 6.72136000e+06
12375.000000 6.62509000e+06
12425.000000 6.53259000e+06
12475.000000 6.41448000e+06
12525.000000 6.34176000e+06
12575.000000 6.23377000e+06
12625.000000 6.15448000e+06
12675.000000 6.07272000e+06
12725.000000 5.98368000e+06
12775.000000 5.84067000e+06
12825.000000 5.24437000e+06
12875.000000 5.69825000e+06
12925.000000 5.65289000e+06
12975.000000 5.57450000e+06
13025.000000 5.49825000e+06
13075.000000 5.42102000e+06
13125.000000 5.34590000e+06
13175.000000 5.25614000e+06
13225.000000 5.19924000e+06
13275.000000 5.12786000e+06
13325.000000 5.05741000e+06
13375.000000 4.98829000e+06
13425.000000 4.91651000e+06
13475.000000 4.84959000e+06
13525.000000 4.78147000e+06
13575.000000 4.71891000e+06
13625.000000 4.65573000e+06
13675.000000 4.58730000e+06
13725.000000 4.52674000e+06
13775.000000 4.47468000e+06
13825.000000 4.41556000e+06
13875.000000 4.35836000e+06
13925.000000 4.29817000e+06
13975.000000 4.24297000e+06
14025.000000 4.18864000e+06
14075.000000 4.13383000e+06
14125.000000 4.07818000e+06
14175.000000 4.02790000e+06
14225.000000 3.97561000e+06
14275.000000 3.92507000e+06
14325.000000 3.87385000e+06
14375.000000 3.82380000e+06
14425.000000 3.76022000e+06
14475.000000 3.72548000e+06
14525.000000 3.67309000e+06
14570.000000 3.63908000e+06
14620.000000 3.59308000e+06
14675.000000 3.54730000e+06
14725.000000 3.50241000e+06
14775.000000 3.45389000e+06
14825.000000 3.41778000e+06
14875.000000 3.37338000e+06
14925.000000 3.33594000e+06
14975.000000 3.29119000e+06
15025.000000 3.25146000e+06
15075.000000 3.20722000e+06
15125.000000 3.16711000e+06
15175.000000 3.12746000e+06
15225.000000 3.09850000e+06
15275.000000 3.04192000e+06
15325.000000 3.00398000e+06
15375.000000 2.99037000e+06
15425.000000 2.90958000e+06
15475.000000 2.92526000e+06
15525.000000 2.89723000e+06
15575.000000 2.77522000e+06
15625.000000 2.86196000e+06
15675.000000 2.77243000e+06
15725.000000 2.67424000e+06
15775.000000 2.77433000e+06
15825.000000 2.74269000e+06
15875.000000 2.51780000e+06
15925.000000 2.65725000e+06
15975.000000 2.66692000e+06
16050.000000 2.59935000e+06
16150.000000 2.45330000e+06
16250.000000 2.51821000e+06
16350.000000 2.42620000e+06
16450.000000 2.29015000e+06
16550.000000 2.35223000e+06
16650.000000 2.30001000e+06
16750.000000 2.21288000e+06
16850.000000 2.08983000e+06
16950.000000 2.14680000e+06
17050.000000 2.10148000e+06
17150.000000 2.05668000e+06
17250.000000 2.00872000e+06
17350.000000 1.85097000e+06
17450.000000 1.91320000e+06
17550.000000 1.88339000e+06
17650.000000 1.84409000e+06
17750.000000 1.80436000e+06
17850.000000 1.76764000e+06
17950.000000 1.73280000e+06
18050.000000 1.69018000e+06
18150.000000 1.57131000e+06
18250.000000 1.60889000e+06
18350.000000 1.59341000e+06
18450.000000 1.56169000e+06
18550.000000 1.52749000e+06
18650.000000 1.49491000e+06
18750.000000 1.38888000e+06
18850.000000 1.43526000e+06
18950.000000 1.41039000e+06
19050.000000 1.38327000e+06
19150.000000 1.35643000e+06
19250.000000 1.32956000e+06
19350.000000 1.30107000e+06
19450.000000 1.20577000e+06
19550.000000 1.25142000e+06
19650.000000 1.23062000e+06
19750.000000 1.20689000e+06
19850.000000 1.18414000e+06
19950.000000 1.16180000e+06
20050.000000 1.14002000e+06
20150.000000 1.11871000e+06
20250.000000 1.09786000e+06
20350.000000 1.07745000e+06
20450.000000 1.05766000e+06
20550.000000 1.03812000e+06
20650.000000 1.01908000e+06
20750.000000 1.00062000e+06
20850.000000 9.82548000e+05
20950.000000 9.64693000e+05
21050.000000 9.47472000e+05
21150.000000 9.29775000e+05
21250.000000 9.13453000e+05
21350.000000 8.96816000e+05
21450.000000 8.81432000e+05
21550.000000 8.64753000e+05
21650.000000 8.03897000e+05
21750.000000 8.32757000e+05
21850.000000 8.21916000e+05
21950.000000 8.07720000e+05
22050.000000 7.93979000e+05
22150.000000 7.80299000e+05
22250.000000 7.67137000e+05
22350.000000 7.54172000e+05
22450.000000 7.41495000e+05
22550.000000 7.28947000e+05
22650.000000 7.16819000e+05
22750.000000 7.04832000e+05
22850.000000 6.93395000e+05
22950.000000 6.81944000e+05
23050.000000 6.70870000e+05
23150.000000 6.59913000e+05
23250.000000 6.49238000e+05
23350.000000 6.38707000e+05
23450.000000 6.28434000e+05
23550.000000 6.18327000e+05
23650.000000 6.08374000e+05
23750.000000 5.98666000e+05
23850.000000 5.89073000e+05
23950.000000 5.79633000e+05
24050.000000 5.69807000e+05
24150.000000 5.60564000e+05
24250.000000 5.52875000e+05
24350.000000 5.43330000e+05
24450.000000 5.34212000e+05
24550.000000 5.27588000e+05
24650.000000 5.17847000e+05
24750.000000 5.09987000e+05
24850.000000 5.05287000e+05
24950.000000 4.89413000e+05
25050.000000 4.90329000e+05
25150.000000 4.83221000e+05
25250.000000 4.64629000e+05
25350.000000 4.68263000e+05
25450.000000 4.62782000e+05
25550.000000 4.54388000e+05
25650.000000 4.33811000e+05
25750.000000 4.41834000e+05
25850.000000 4.36472000e+05
25950.000000 4.30121000e+05
26050.000000 4.20591000e+05
26150.000000 3.99663000e+05
26250.000000 3.87712000e+05
26350.000000 4.03809000e+05
26450.000000 4.00551000e+05
26550.000000 3.95241000e+05
26650.000000 3.87544000e+05
26750.000000 3.63392000e+05
26850.000000 3.76592000e+05
26950.000000 3.73123000e+05
27050.000000 3.67883000e+05
27150.000000 3.62709000e+05
27250.000000 3.57602000e+05
27350.000000 3.52564000e+05
27450.000000 3.46985000e+05
27550.000000 3.26235000e+05
27650.000000 3.32232000e+05
27750.000000 3.33251000e+05
27850.000000 3.28788000e+05
27950.000000 3.24279000e+05
28050.000000 3.19836000e+05
28150.000000 3.15438000e+05
28250.000000 3.11127000e+05
28350.000000 3.06911000e+05
28450.000000 3.02774000e+05
28550.000000 2.98688000e+05
28650.000000 2.91765000e+05
28750.000000 2.74935000e+05
28850.000000 2.86122000e+05
28950.000000 2.82805000e+05
29050.000000 2.79366000e+05
29150.000000 2.75559000e+05
29250.000000 2.72040000e+05
29350.000000 2.68436000e+05
29450.000000 2.64956000e+05
29550.000000 2.61540000e+05
29650.000000 2.58133000e+05
29750.000000 2.54800000e+05
29850.000000 2.51519000e+05
29950.000000 2.48284000e+05
30050.000000 2.45086000e+05
30150.000000 2.41950000e+05
30250.000000 2.38513000e+05
30350.000000 2.25709000e+05
30450.000000 2.27609000e+05
30550.000000 2.29577000e+05
30650.000000 2.27035000e+05
30750.000000 2.24182000e+05
30850.000000 2.21049000e+05
30950.000000 2.18620000e+05
31050.000000 2.15909000e+05
31150.000000 2.13224000e+05
31250.000000 2.10596000e+05
31350.000000 2.08021000e+05
31450.000000 2.05443000e+05
31550.000000 2.02962000e+05
31650.000000 2.00455000e+05
31750.000000 1.98036000e+05
31850.000000 1.95662000e+05
31950.000000 1.93284000e+05
32100.000000 1.89814000e+05
32300.000000 1.85308000e+05
32500.000000 1.80923000e+05
32700.000000 1.76652000e+05
32900.000000 1.66683000e+05
33100.000000 1.67192000e+05
33300.000000 1.64289000e+05
33500.000000 1.60575000e+05
33700.000000 1.56880000e+05
33900.000000 1.53362000e+05
34100.000000 1.49916000e+05
34300.000000 1.46565000e+05
34500.000000 1.43327000e+05
34700.000000 1.40146000e+05
34900.000000 1.37044000e+05
35100.000000 1.34050000e+05
35300.000000 1.31132000e+05
35500.000000 1.28257000e+05
35700.000000 1.25438000e+05
35900.000000 1.22921000e+05
36100.000000 1.20045000e+05
36300.000000 1.17786000e+05
36500.000000 1.14909000e+05
36700.000000 1.12939000e+05
36900.000000 1.09914000e+05
37100.000000 1.08247000e+05
37300.000000 1.04636000e+05
37500.000000 1.00876000e+05
37700.000000 1.01770000e+05
37900.000000 9.97917000e+04
38100.000000 9.69456000e+04
38300.000000 9.52090000e+04
38500.000000 9.39276000e+04
38700.000000 9.20562000e+04
38900.000000 9.00540000e+04
39100.000000 8.67596000e+04
39300.000000 8.67300000e+04
39500.000000 8.51369000e+04
39700.000000 8.35331000e+04
39900.000000 8.18861000e+04
40100.000000 7.93798000e+04
40300.000000 7.72972000e+04
40500.000000 7.49669000e+04
40700.000000 7.57079000e+04
40900.000000 7.43568000e+04
41100.000000 7.29569000e+04
41300.000000 7.15828000e+04
41500.000000 7.01617000e+04
41700.000000 6.67865000e+04
41900.000000 6.75410000e+04
42100.000000 6.64098000e+04
42300.000000 6.51958000e+04
42500.000000 6.40039000e+04
42700.000000 6.28395000e+04
42900.000000 6.17003000e+04
43100.000000 6.05875000e+04
43300.000000 5.95006000e+04
43500.000000 5.84252000e+04
43700.000000 5.57137000e+04
43900.000000 5.59970000e+04
44100.000000 5.53817000e+04
44300.000000 5.44106000e+04
44500.000000 5.34603000e+04
44700.000000 5.25946000e+04
44900.000000 5.16132000e+04
45100.000000 5.07249000e+04
45300.000000 4.98374000e+04
45500.000000 4.89998000e+04
45700.000000 4.81624000e+04
45900.000000 4.73431000e+04
46100.000000 4.65379000e+04
46300.000000 4.57009000e+04
46500.000000 4.34478000e+04
46700.000000 4.26532000e+04
46900.000000 4.33590000e+04
47100.000000 4.27792000e+04
47300.000000 4.20899000e+04
47500.000000 4.13872000e+04
47700.000000 4.07246000e+04
47900.000000 4.00667000e+04
48100.000000 3.94167000e+04
48300.000000 3.87825000e+04
48500.000000 3.81542000e+04
48700.000000 3.75476000e+04
48900.000000 3.69418000e+04
49100.000000 3.63601000e+04
49300.000000 3.57743000e+04
49500.000000 3.52291000e+04
49700.000000 3.46426000e+04
49900.000000 3.41340000e+04
50100.000000 3.35948000e+04
50300.000000 3.30304000e+04
50500.000000 3.25743000e+04
50700.000000 3.20672000e+04
50900.000000 3.14900000e+04
51100.000000 3.09987000e+04
51300.000000 2.95306000e+04
51500.000000 3.00929000e+04
51700.000000 2.95815000e+04
51900.000000 2.92686000e+04
52100.000000 2.88750000e+04
52300.000000 2.84425000e+04
52500.000000 2.79296000e+04
52700.000000 2.74087000e+04
52900.000000 2.71803000e+04
53100.000000 2.67969000e+04
53300.000000 2.64026000e+04
53500.000000 2.60147000e+04
53700.000000 2.54568000e+04
53900.000000 2.50945000e+04
54100.000000 2.48990000e+04
54300.000000 2.45396000e+04
54500.000000 2.41860000e+04
54700.000000 2.38408000e+04
54900.000000 2.34999000e+04
55100.000000 2.30802000e+04
55300.000000 2.25169000e+04
55500.000000 2.24955000e+04
55700.000000 2.21971000e+04
55900.000000 2.18854000e+04
56100.000000 2.15788000e+04
56300.000000 2.12808000e+04
56500.000000 2.09852000e+04
56700.000000 2.06945000e+04
56900.000000 2.03782000e+04
57100.000000 1.97123000e+04
57300.000000 1.98009000e+04
57500.000000 1.95825000e+04
57700.000000 1.93169000e+04
57900.000000 1.90544000e+04
58100.000000 1.87974000e+04
58300.000000 1.85356000e+04
58500.000000 1.82858000e+04
58700.000000 1.80357000e+04
58900.000000 1.77364000e+04
59100.000000 1.69047000e+04
59300.000000 1.72794000e+04
59500.000000 1.67026000e+04
59700.000000 1.67452000e+04
59900.000000 1.66514000e+04
60100.000000 1.64438000e+04
60300.000000 1.62510000e+04
60500.000000 1.60511000e+04
60700.000000 1.58432000e+04
60900.000000 1.56398000e+04
61100.000000 1.54377000e+04
61300.000000 1.52409000e+04
61500.000000 1.50453000e+04
61700.000000 1.48549000e+04
61900.000000 1.46666000e+04
62100.000000 1.44805000e+04
62300.000000 1.42964000e+04
62500.000000 1.40970000e+04
62700.000000 1.38798000e+04
62900.000000 1.32918000e+04
63100.000000 1.35114000e+04
63300.000000 1.34017000e+04
63500.000000 1.32576000e+04
63700.000000 1.30956000e+04
63900.000000 1.29344000e+04
64200.000000 1.26977000e+04
64600.000000 1.23902000e+04
65000.000000 1.20901000e+04
65400.000000 1.18018000e+04
65800.000000 1.15195000e+04
66200.000000 1.12397000e+04
66600.000000 1.09786000e+04
67000.000000 1.07195000e+04
67400.000000 1.04400000e+04
67800.000000 1.00123000e+04
68200.000000 9.97621000e+03
68600.000000 9.76735000e+03
69000.000000 9.54682000e+03
69400.000000 9.31037000e+03
69800.000000 9.12046000e+03
70200.000000 8.91667000e+03
70600.000000 8.71766000e+03
71000.000000 8.50089000e+03
71400.000000 8.33718000e+03
71800.000000 8.15539000e+03
72200.000000 7.97783000e+03
72600.000000 7.77580000e+03
73000.000000 7.63215000e+03
73400.000000 7.47437000e+03
73800.000000 7.31471000e+03
74200.000000 7.14163000e+03
74600.000000 6.83577000e+03
75000.000000 6.58878000e+03
75400.000000 6.69016000e+03
75800.000000 6.57646000e+03
76200.000000 6.44453000e+03
76600.000000 6.31210000e+03
77000.000000 6.18341000e+03
77400.000000 6.05250000e+03
77800.000000 5.87553000e+03
78200.000000 5.81108000e+03
78600.000000 5.70013000e+03
79000.000000 5.58659000e+03
79400.000000 5.47589000e+03
79800.000000 5.36795000e+03
80200.000000 5.26264000e+03
80600.000000 5.15985000e+03
81000.000000 5.05958000e+03
81400.000000 4.90229000e+03
81800.000000 4.84607000e+03
82200.000000 4.77299000e+03
82600.000000 4.68203000e+03
83000.000000 4.59321000e+03
83400.000000 4.50620000e+03
83800.000000 4.42138000e+03
84200.000000 4.33877000e+03
84600.000000 4.25815000e+03
85000.000000 4.17922000e+03
85400.000000 4.10209000e+03
85800.000000 4.02668000e+03
86200.000000 3.94959000e+03
86600.000000 3.80660000e+03
87000.000000 3.79970000e+03
87400.000000 3.68806000e+03
87800.000000 3.62311000e+03
88200.000000 3.60906000e+03
88600.000000 3.54415000e+03
89000.000000 3.48198000e+03
89400.000000 3.42058000e+03
89800.000000 3.36046000e+03
90200.000000 3.30160000e+03
90600.000000 3.24139000e+03
91000.000000 3.18785000e+03
91400.000000 3.13277000e+03
91800.000000 3.07893000e+03
92200.000000 3.02617000e+03
92600.000000 2.96590000e+03
93000.000000 2.92402000e+03
93400.000000 2.87212000e+03
93800.000000 2.76479000e+03
94200.000000 2.76415000e+03
94600.000000 2.73241000e+03
95000.000000 2.68198000e+03
95400.000000 2.63602000e+03
95800.000000 2.59887000e+03
96200.000000 2.55618000e+03
96600.000000 2.51434000e+03
97000.000000 2.47319000e+03
97400.000000 2.43322000e+03
97800.000000 2.39390000e+03
98200.000000 2.35178000e+03
98600.000000 2.30766000e+03
99000.000000 2.28052000e+03
99400.000000 2.24424000e+03
99800.000000 2.20866000e+03
100200.000000 2.17380000e+03
200000.000000 1.37148000e+02
400000.000000 8.42320000e+00
600000.000000 1.63909000e+00
800000.000000 5.12440000e-01
1000000.000000 2.07857000e-01
1200000.000000 9.94252000e-02
1400000.000000 5.32957000e-02
1600000.000000 3.10522000e-02
