# Kurucz ODFNEW /NOVER, alpha: 0.0 (2003)
# teff = 10500 K (value for the effective temperature for the model. Temperatures are given in K)
# logg = 2 log(cm/s2) (value for Log(G) for the model.)
# lh = 1.25  (l/Hp where l is the  mixing length of the convective element and Hp is the pressure scale height)
# meta = -2  (value for the Metallicity for the model.)
# vtur = 2 km/s (Microturbulence velocity)
# alpha = 0  (Alpha)
#
# column 1: WAVELENGTH (ANGSTROM), Wavelength in Angstrom
# column 2: FLUX (ERG/CM2/S/A), Flux in erg/cm2/s/A
234.000000 1.59571000e-23
240.000000 2.64567000e-22
246.500000 2.21584000e-21
252.400000 1.36604000e-20
256.800000 5.01213000e-20
260.000000 1.25419000e-19
264.000000 3.82421000e-19
268.500000 1.28640000e-18
273.500000 4.72011000e-18
278.500000 1.65249000e-17
284.000000 6.22246000e-17
290.000000 2.49130000e-16
296.000000 9.41093000e-16
301.000000 2.73521000e-15
308.000000 1.14702000e-14
318.000000 7.94222000e-14
328.000000 4.86845000e-13
338.000000 2.67203000e-12
348.000000 1.32545000e-11
357.000000 5.17109000e-11
366.000000 1.88252000e-10
375.000000 6.42550000e-10
385.000000 2.34313000e-09
395.000000 7.97838000e-09
405.000000 2.55012000e-08
414.000000 6.90218000e-08
422.000000 1.61084000e-07
430.000000 3.63669000e-07
441.000000 1.05915000e-06
451.000000 2.66876000e-06
460.000000 5.91230000e-06
470.000000 1.37773000e-05
480.000000 3.09265000e-05
490.000000 6.70393000e-05
500.000000 1.40610000e-04
506.000000 3.86829000e-04
512.000000 7.25280000e-04
520.000000 1.22012000e-03
530.000000 2.32851000e-03
540.000000 4.17555000e-03
550.000000 7.60408000e-03
560.000000 1.32816000e-02
570.000000 2.27244000e-02
580.000000 3.71164000e-02
590.000000 6.25505000e-02
600.000000 1.01386000e-01
610.000000 1.61211000e-01
620.000000 2.52224000e-01
630.000000 3.88651000e-01
640.000000 5.89900000e-01
650.000000 8.83794000e-01
658.000000 1.20929000e+00
665.000000 1.58018000e+00
675.000000 2.29151000e+00
685.000000 3.28473000e+00
695.000000 4.65631000e+00
705.000000 6.52816000e+00
716.000000 9.35474000e+00
726.000000 1.28420000e+01
735.000000 1.69409000e+01
745.000000 2.28505000e+01
755.000000 3.05494000e+01
765.000000 4.04993000e+01
775.000000 5.32706000e+01
785.000000 6.95228000e+01
795.000000 9.00598000e+01
805.000000 1.15840000e+02
815.000000 1.47969000e+02
825.000000 1.87777000e+02
835.000000 2.36469000e+02
845.000000 2.96714000e+02
855.000000 3.69600000e+02
865.000000 4.57866000e+02
875.000000 5.63993000e+02
885.000000 6.91194000e+02
895.000000 8.42606000e+02
905.000000 1.02050000e+03
915.000000 4.77062000e+03
925.000000 2.17582000e+04
935.000000 4.31576000e+04
945.000000 1.03102000e+06
955.000000 1.58846000e+07
965.000000 2.30498000e+07
975.000000 3.51269000e+06
985.000000 6.97875000e+07
995.000000 8.77529000e+07
1005.000000 8.94020000e+07
1015.000000 4.02793000e+07
1025.000000 3.90777000e+05
1035.000000 2.92257000e+07
1045.000000 1.07124000e+08
1055.000000 1.34432000e+08
1065.000000 1.28029000e+08
1075.000000 1.43158000e+08
1085.000000 1.43971000e+08
1095.000000 1.46940000e+08
1105.000000 1.41331000e+08
1115.000000 1.42513000e+08
1125.000000 1.45209000e+08
1135.000000 1.51440000e+08
1145.000000 1.46200000e+08
1155.000000 1.42638000e+08
1165.000000 1.45987000e+08
1175.000000 1.33728000e+08
1185.000000 9.78562000e+07
1195.000000 1.03005000e+07
1205.000000 1.00963000e+06
1215.000000 2.65202000e+05
1225.000000 7.95447000e+05
1235.000000 1.13410000e+07
1245.000000 1.00342000e+08
1255.000000 1.33772000e+08
1265.000000 1.30431000e+08
1275.000000 1.60008000e+08
1285.000000 1.77018000e+08
1295.000000 1.71056000e+08
1305.000000 1.56445000e+08
1315.000000 1.86353000e+08
1325.000000 1.88463000e+08
1335.000000 1.82593000e+08
1345.000000 1.98104000e+08
1355.000000 1.92813000e+08
1365.000000 1.84652000e+08
1375.000000 1.89207000e+08
1385.000000 1.95346000e+08
1395.000000 1.96067000e+08
1405.000000 1.98935000e+08
1415.000000 1.91561000e+08
1425.000000 1.93167000e+08
1435.000000 1.88582000e+08
1442.000000 1.95959000e+08
1447.000000 1.97648000e+08
1455.000000 1.98043000e+08
1465.000000 1.94840000e+08
1475.000000 1.93990000e+08
1485.000000 1.95230000e+08
1495.000000 1.94330000e+08
1505.000000 1.95714000e+08
1512.000000 1.94335000e+08
1517.000000 1.97623000e+08
1525.000000 1.92299000e+08
1535.000000 1.89770000e+08
1545.000000 1.95607000e+08
1555.000000 1.88472000e+08
1565.000000 1.79272000e+08
1575.000000 1.81635000e+08
1585.000000 1.88543000e+08
1595.000000 1.92953000e+08
1605.000000 1.85131000e+08
1615.000000 1.85243000e+08
1625.000000 1.77178000e+08
1635.000000 1.78949000e+08
1645.000000 1.79021000e+08
1655.000000 1.68076000e+08
1665.000000 1.80454000e+08
1672.000000 1.68071000e+08
1677.000000 1.73527000e+08
1685.000000 1.77788000e+08
1695.000000 1.73493000e+08
1705.000000 1.70583000e+08
1715.000000 1.70995000e+08
1725.000000 1.68828000e+08
1735.000000 1.73608000e+08
1745.000000 1.70449000e+08
1755.000000 1.74481000e+08
1765.000000 1.64407000e+08
1775.000000 1.73118000e+08
1785.000000 1.69670000e+08
1795.000000 1.72988000e+08
1805.000000 1.70105000e+08
1815.000000 1.68728000e+08
1825.000000 1.66680000e+08
1835.000000 1.65070000e+08
1845.000000 1.62865000e+08
1855.000000 1.61135000e+08
1865.000000 1.60116000e+08
1875.000000 1.63428000e+08
1885.000000 1.62112000e+08
1895.000000 1.60017000e+08
1905.000000 1.61539000e+08
1915.000000 1.58038000e+08
1925.000000 1.58362000e+08
1935.000000 1.56810000e+08
1945.000000 1.59633000e+08
1955.000000 1.57482000e+08
1967.000000 1.58303000e+08
1976.000000 1.56565000e+08
1984.000000 1.55955000e+08
1995.000000 1.52764000e+08
2005.000000 1.51975000e+08
2015.000000 1.47696000e+08
2025.000000 1.49447000e+08
2035.000000 1.49501000e+08
2045.000000 1.49322000e+08
2055.000000 1.44660000e+08
2065.000000 1.44588000e+08
2074.000000 1.46462000e+08
2078.000000 1.46213000e+08
2085.000000 1.46984000e+08
2095.000000 1.44588000e+08
2105.000000 1.44748000e+08
2115.000000 1.43534000e+08
2125.000000 1.43204000e+08
2135.000000 1.38246000e+08
2145.000000 1.41488000e+08
2155.000000 1.40340000e+08
2165.000000 1.36466000e+08
2175.000000 1.35676000e+08
2185.000000 1.34966000e+08
2195.000000 1.38337000e+08
2205.000000 1.34915000e+08
2215.000000 1.31204000e+08
2225.000000 1.28597000e+08
2235.000000 1.34018000e+08
2245.000000 1.29814000e+08
2255.000000 1.26917000e+08
2265.000000 1.26261000e+08
2275.000000 1.29521000e+08
2285.000000 1.29782000e+08
2295.000000 1.26372000e+08
2305.000000 1.25711000e+08
2315.000000 1.24444000e+08
2325.000000 1.24979000e+08
2335.000000 1.22418000e+08
2345.000000 1.16499000e+08
2355.000000 1.20782000e+08
2365.000000 1.16288000e+08
2375.000000 1.18750000e+08
2385.000000 1.12299000e+08
2395.000000 1.16972000e+08
2405.000000 1.14549000e+08
2415.000000 1.15094000e+08
2425.000000 1.16562000e+08
2435.000000 1.13364000e+08
2445.000000 1.15287000e+08
2455.000000 1.14356000e+08
2465.000000 1.12314000e+08
2475.000000 1.10763000e+08
2485.000000 1.13869000e+08
2495.000000 1.11209000e+08
2505.000000 1.13961000e+08
2513.000000 1.11835000e+08
2518.000000 1.12615000e+08
2525.000000 1.08298000e+08
2535.000000 1.06988000e+08
2545.000000 1.06423000e+08
2555.000000 1.09244000e+08
2565.000000 1.07999000e+08
2575.000000 1.10133000e+08
2585.000000 1.10128000e+08
2595.000000 1.09360000e+08
2605.000000 1.07273000e+08
2615.000000 1.06470000e+08
2625.000000 1.06360000e+08
2635.000000 1.06754000e+08
2645.000000 1.10461000e+08
2655.000000 1.09619000e+08
2665.000000 1.07159000e+08
2675.000000 1.07949000e+08
2685.000000 1.07936000e+08
2695.000000 1.06374000e+08
2705.000000 1.06027000e+08
2715.000000 1.04245000e+08
2725.000000 1.03842000e+08
2735.000000 1.05139000e+08
2745.000000 1.00109000e+08
2755.000000 9.97957000e+07
2765.000000 1.01381000e+08
2775.000000 1.03118000e+08
2785.000000 1.02655000e+08
2795.000000 9.78760000e+07
2805.000000 1.00488000e+08
2815.000000 1.02404000e+08
2825.000000 1.01492000e+08
2835.000000 9.99006000e+07
2845.000000 9.85665000e+07
2855.000000 9.80760000e+07
2865.000000 9.84849000e+07
2875.000000 9.77964000e+07
2885.000000 9.83734000e+07
2895.000000 9.81399000e+07
2910.000000 9.85945000e+07
2930.000000 9.65729000e+07
2950.000000 9.57051000e+07
2970.000000 9.52618000e+07
2990.000000 9.44046000e+07
3010.000000 9.44059000e+07
3030.000000 9.37505000e+07
3050.000000 9.27842000e+07
3070.000000 9.19549000e+07
3090.000000 9.13524000e+07
3110.000000 9.04344000e+07
3130.000000 8.94170000e+07
3150.000000 8.88774000e+07
3170.000000 8.81606000e+07
3190.000000 8.68254000e+07
3210.000000 8.64926000e+07
3230.000000 8.57751000e+07
3250.000000 8.52577000e+07
3270.000000 8.46900000e+07
3290.000000 8.40220000e+07
3310.000000 8.34017000e+07
3330.000000 8.26407000e+07
3350.000000 8.17677000e+07
3370.000000 8.11118000e+07
3390.000000 8.05018000e+07
3410.000000 7.99717000e+07
3430.000000 7.92884000e+07
3450.000000 7.87421000e+07
3470.000000 7.80497000e+07
3490.000000 7.74299000e+07
3510.000000 7.68742000e+07
3530.000000 7.62837000e+07
3550.000000 7.56777000e+07
3570.000000 7.50598000e+07
3590.000000 7.44596000e+07
3610.000000 7.38652000e+07
3630.000000 7.32622000e+07
3640.000000 7.29825000e+07
3650.000000 7.34654000e+07
3670.000000 7.20627000e+07
3690.000000 7.34473000e+07
3710.000000 9.08261000e+07
3730.000000 1.14043000e+08
3750.000000 1.45562000e+08
3770.000000 1.45519000e+08
3790.000000 1.53327000e+08
3810.000000 1.64189000e+08
3830.000000 1.42644000e+08
3850.000000 1.66892000e+08
3870.000000 1.67667000e+08
3890.000000 1.35293000e+08
3910.000000 1.64037000e+08
3930.000000 1.61706000e+08
3950.000000 1.60058000e+08
3970.000000 1.27772000e+08
3990.000000 1.55589000e+08
4010.000000 1.54437000e+08
4030.000000 1.51614000e+08
4050.000000 1.50772000e+08
4070.000000 1.48694000e+08
4090.000000 1.41883000e+08
4110.000000 1.20795000e+08
4130.000000 1.42465000e+08
4150.000000 1.41203000e+08
4170.000000 1.39576000e+08
4190.000000 1.37914000e+08
4210.000000 1.36201000e+08
4230.000000 1.34478000e+08
4250.000000 1.32803000e+08
4270.000000 1.31130000e+08
4290.000000 1.29527000e+08
4310.000000 1.27723000e+08
4330.000000 1.19281000e+08
4350.000000 1.06099000e+08
4370.000000 1.23025000e+08
4390.000000 1.21365000e+08
4410.000000 1.20261000e+08
4430.000000 1.18736000e+08
4450.000000 1.17359000e+08
4470.000000 1.15256000e+08
4490.000000 1.13992000e+08
4510.000000 1.13092000e+08
4530.000000 1.11731000e+08
4550.000000 1.10265000e+08
4570.000000 1.09110000e+08
4590.000000 1.07722000e+08
4610.000000 1.06543000e+08
4630.000000 1.05194000e+08
4650.000000 1.04024000e+08
4670.000000 1.02786000e+08
4690.000000 1.01584000e+08
4710.000000 1.00173000e+08
4730.000000 9.91982000e+07
4750.000000 9.80323000e+07
4770.000000 9.69040000e+07
4790.000000 9.57746000e+07
4810.000000 9.46525000e+07
4830.000000 9.33697000e+07
4850.000000 8.82273000e+07
4870.000000 7.62977000e+07
4890.000000 9.00337000e+07
4910.000000 8.93205000e+07
4930.000000 8.80238000e+07
4950.000000 8.72954000e+07
4970.000000 8.63060000e+07
4990.000000 8.53205000e+07
5010.000000 8.41124000e+07
5030.000000 8.33942000e+07
5050.000000 8.22903000e+07
5070.000000 8.15324000e+07
5090.000000 8.06196000e+07
5110.000000 7.97113000e+07
5130.000000 7.88290000e+07
5150.000000 7.79481000e+07
5170.000000 7.70389000e+07
5190.000000 7.62183000e+07
5210.000000 7.53803000e+07
5230.000000 7.45308000e+07
5250.000000 7.37358000e+07
5270.000000 7.28923000e+07
5290.000000 7.21322000e+07
5310.000000 7.13159000e+07
5330.000000 7.05695000e+07
5350.000000 6.98073000e+07
5370.000000 6.90505000e+07
5390.000000 6.83069000e+07
5410.000000 6.75686000e+07
5430.000000 6.68405000e+07
5450.000000 6.61301000e+07
5470.000000 6.54208000e+07
5490.000000 6.47250000e+07
5510.000000 6.40351000e+07
5530.000000 6.33572000e+07
5550.000000 6.26910000e+07
5570.000000 6.20291000e+07
5590.000000 6.13763000e+07
5610.000000 6.07311000e+07
5630.000000 6.00960000e+07
5650.000000 5.94636000e+07
5670.000000 5.88456000e+07
5690.000000 5.82372000e+07
5710.000000 5.76335000e+07
5730.000000 5.70368000e+07
5750.000000 5.64482000e+07
5770.000000 5.58674000e+07
5790.000000 5.52933000e+07
5810.000000 5.47281000e+07
5830.000000 5.41681000e+07
5850.000000 5.36167000e+07
5870.000000 5.28114000e+07
5890.000000 5.25315000e+07
5910.000000 5.20029000e+07
5930.000000 5.14781000e+07
5950.000000 5.09538000e+07
5970.000000 5.04471000e+07
5990.000000 4.99354000e+07
6010.000000 4.94430000e+07
6030.000000 4.89498000e+07
6050.000000 4.84630000e+07
6070.000000 4.79826000e+07
6090.000000 4.75075000e+07
6110.000000 4.70396000e+07
6130.000000 4.65767000e+07
6150.000000 4.61109000e+07
6170.000000 4.56670000e+07
6190.000000 4.52210000e+07
6210.000000 4.47797000e+07
6230.000000 4.43442000e+07
6250.000000 4.39046000e+07
6270.000000 4.34889000e+07
6290.000000 4.30690000e+07
6310.000000 4.26516000e+07
6330.000000 4.22443000e+07
6350.000000 4.17834000e+07
6370.000000 4.14100000e+07
6390.000000 4.10432000e+07
6410.000000 4.06509000e+07
6430.000000 4.02663000e+07
6450.000000 3.98802000e+07
6470.000000 3.95080000e+07
6490.000000 3.91343000e+07
6510.000000 3.87582000e+07
6530.000000 3.82553000e+07
6550.000000 3.66697000e+07
6570.000000 3.12591000e+07
6590.000000 3.70370000e+07
6610.000000 3.69434000e+07
6630.000000 3.66446000e+07
6650.000000 3.63061000e+07
6670.000000 3.59405000e+07
6690.000000 3.56114000e+07
6710.000000 3.53116000e+07
6730.000000 3.49881000e+07
6750.000000 3.46678000e+07
6770.000000 3.43515000e+07
6790.000000 3.40383000e+07
6810.000000 3.37290000e+07
6830.000000 3.34227000e+07
6850.000000 3.31202000e+07
6870.000000 3.28215000e+07
6890.000000 3.25257000e+07
6910.000000 3.22335000e+07
6930.000000 3.19442000e+07
6950.000000 3.16585000e+07
6970.000000 3.13762000e+07
6990.000000 3.10967000e+07
7010.000000 3.08198000e+07
7030.000000 3.05472000e+07
7050.000000 3.02748000e+07
7070.000000 2.99734000e+07
7090.000000 2.97453000e+07
7110.000000 2.94835000e+07
7130.000000 2.92250000e+07
7150.000000 2.89689000e+07
7170.000000 2.87159000e+07
7190.000000 2.84660000e+07
7210.000000 2.82184000e+07
7230.000000 2.79731000e+07
7250.000000 2.77316000e+07
7270.000000 2.74915000e+07
7290.000000 2.72466000e+07
7310.000000 2.70202000e+07
7330.000000 2.67888000e+07
7350.000000 2.65595000e+07
7370.000000 2.63323000e+07
7390.000000 2.61079000e+07
7410.000000 2.58855000e+07
7430.000000 2.56658000e+07
7450.000000 2.54481000e+07
7470.000000 2.52324000e+07
7490.000000 2.50199000e+07
7510.000000 2.48093000e+07
7530.000000 2.46013000e+07
7550.000000 2.43951000e+07
7570.000000 2.41908000e+07
7590.000000 2.39889000e+07
7610.000000 2.37895000e+07
7630.000000 2.35918000e+07
7650.000000 2.33959000e+07
7670.000000 2.32023000e+07
7690.000000 2.30104000e+07
7710.000000 2.28202000e+07
7730.000000 2.26336000e+07
7750.000000 2.24473000e+07
7770.000000 2.22252000e+07
7790.000000 2.20814000e+07
7810.000000 2.19017000e+07
7830.000000 2.17236000e+07
7850.000000 2.15458000e+07
7870.000000 2.13683000e+07
7890.000000 2.11899000e+07
7910.000000 2.10281000e+07
7930.000000 2.08587000e+07
7950.000000 2.06907000e+07
7970.000000 2.05253000e+07
7990.000000 2.03578000e+07
8010.000000 2.01987000e+07
8030.000000 2.00374000e+07
8050.000000 1.98781000e+07
8070.000000 1.97201000e+07
8090.000000 1.95634000e+07
8110.000000 1.94086000e+07
8130.000000 1.92557000e+07
8150.000000 1.91040000e+07
8170.000000 1.89536000e+07
8190.000000 1.88050000e+07
8210.000000 1.87062000e+07
8230.000000 1.85676000e+07
8250.000000 1.84361000e+07
8270.000000 1.83003000e+07
8290.000000 1.81512000e+07
8310.000000 1.79816000e+07
8330.000000 1.77857000e+07
8350.000000 1.76471000e+07
8370.000000 1.73149000e+07
8390.000000 1.72523000e+07
8410.000000 1.70808000e+07
8430.000000 1.73238000e+07
8450.000000 1.72377000e+07
8470.000000 1.65141000e+07
8490.000000 1.77274000e+07
8510.000000 1.63317000e+07
8530.000000 1.78287000e+07
8550.000000 1.59370000e+07
8570.000000 1.79391000e+07
8590.000000 1.69806000e+07
8610.000000 1.65201000e+07
8630.000000 1.80810000e+07
8650.000000 1.78142000e+07
8670.000000 1.52954000e+07
8690.000000 1.78023000e+07
8710.000000 1.77832000e+07
8730.000000 1.75303000e+07
8750.000000 1.48630000e+07
8770.000000 1.70636000e+07
8790.000000 1.72606000e+07
8810.000000 1.71585000e+07
8830.000000 1.69842000e+07
8850.000000 1.63977000e+07
8870.000000 1.43343000e+07
8890.000000 1.65312000e+07
8910.000000 1.65088000e+07
8930.000000 1.63905000e+07
8950.000000 1.62713000e+07
8970.000000 1.61459000e+07
8990.000000 1.59366000e+07
9010.000000 1.39155000e+07
9030.000000 1.50053000e+07
9050.000000 1.56216000e+07
9070.000000 1.55418000e+07
9090.000000 1.54306000e+07
9110.000000 1.53216000e+07
9130.000000 1.52071000e+07
9150.000000 1.50962000e+07
9170.000000 1.49825000e+07
9190.000000 1.48544000e+07
9210.000000 1.45923000e+07
9230.000000 1.24110000e+07
9250.000000 1.42850000e+07
9270.000000 1.43975000e+07
9290.000000 1.43347000e+07
9310.000000 1.42297000e+07
9330.000000 1.41272000e+07
9350.000000 1.40246000e+07
9370.000000 1.39227000e+07
9390.000000 1.38212000e+07
9410.000000 1.37166000e+07
9430.000000 1.36224000e+07
9450.000000 1.35243000e+07
9470.000000 1.34248000e+07
9490.000000 1.33302000e+07
9510.000000 1.32076000e+07
9530.000000 1.29058000e+07
9550.000000 1.11004000e+07
9570.000000 1.28027000e+07
9590.000000 1.28448000e+07
9610.000000 1.27677000e+07
9630.000000 1.26725000e+07
9650.000000 1.25885000e+07
9670.000000 1.24986000e+07
9690.000000 1.24113000e+07
9710.000000 1.23235000e+07
9730.000000 1.22371000e+07
9750.000000 1.21508000e+07
9770.000000 1.20656000e+07
9790.000000 1.19814000e+07
9810.000000 1.18974000e+07
9830.000000 1.18143000e+07
9850.000000 1.17322000e+07
9870.000000 1.16507000e+07
9890.000000 1.15693000e+07
9910.000000 1.14897000e+07
9930.000000 1.14102000e+07
9950.000000 1.13313000e+07
9970.000000 1.12533000e+07
9990.000000 1.11754000e+07
10025.000000 1.07793000e+07
10075.000000 1.03300000e+07
10125.000000 1.06685000e+07
10175.000000 1.04896000e+07
10225.000000 1.03134000e+07
10275.000000 1.01409000e+07
10325.000000 9.97079000e+06
10375.000000 9.80632000e+06
10425.000000 9.64419000e+06
10475.000000 9.48539000e+06
10525.000000 9.32985000e+06
10575.000000 9.17749000e+06
10625.000000 9.02824000e+06
10675.000000 8.88039000e+06
10725.000000 8.73850000e+06
10775.000000 8.59821000e+06
10825.000000 8.44824000e+06
10875.000000 8.32263000e+06
10925.000000 7.65859000e+06
10975.000000 7.98744000e+06
11025.000000 7.93623000e+06
11075.000000 7.81221000e+06
11125.000000 7.69009000e+06
11175.000000 7.57045000e+06
11225.000000 7.45293000e+06
11275.000000 7.33630000e+06
11325.000000 7.22408000e+06
11375.000000 7.11383000e+06
11425.000000 7.00523000e+06
11475.000000 6.89854000e+06
11525.000000 6.79400000e+06
11575.000000 6.69129000e+06
11625.000000 6.59064000e+06
11675.000000 6.49175000e+06
11725.000000 6.39485000e+06
11775.000000 6.29908000e+06
11825.000000 6.20632000e+06
11875.000000 6.11463000e+06
11925.000000 6.02478000e+06
11975.000000 5.93570000e+06
12025.000000 5.84970000e+06
12075.000000 5.76441000e+06
12125.000000 5.68083000e+06
12175.000000 5.59869000e+06
12225.000000 5.51820000e+06
12275.000000 5.43908000e+06
12325.000000 5.36131000e+06
12375.000000 5.28487000e+06
12425.000000 5.20996000e+06
12475.000000 5.13609000e+06
12525.000000 5.06370000e+06
12575.000000 4.99254000e+06
12625.000000 4.92282000e+06
12675.000000 4.85405000e+06
12725.000000 4.78666000e+06
12775.000000 4.70587000e+06
12825.000000 4.34928000e+06
12875.000000 4.58373000e+06
12925.000000 4.52827000e+06
12975.000000 4.46636000e+06
13025.000000 4.40549000e+06
13075.000000 4.34585000e+06
13125.000000 4.28700000e+06
13175.000000 4.22913000e+06
13225.000000 4.17244000e+06
13275.000000 4.11649000e+06
13325.000000 4.06167000e+06
13375.000000 4.00757000e+06
13425.000000 3.95457000e+06
13475.000000 3.90225000e+06
13525.000000 3.85079000e+06
13575.000000 3.80040000e+06
13625.000000 3.75064000e+06
13675.000000 3.70171000e+06
13725.000000 3.65359000e+06
13775.000000 3.60627000e+06
13825.000000 3.55973000e+06
13875.000000 3.51396000e+06
13925.000000 3.46876000e+06
13975.000000 3.42450000e+06
14025.000000 3.38079000e+06
14075.000000 3.33798000e+06
14125.000000 3.29570000e+06
14175.000000 3.25393000e+06
14225.000000 3.21303000e+06
14275.000000 3.17282000e+06
14325.000000 3.13308000e+06
14375.000000 3.09401000e+06
14425.000000 3.05558000e+06
14475.000000 3.01778000e+06
14525.000000 2.98043000e+06
14570.000000 2.94750000e+06
14620.000000 2.91468000e+06
14675.000000 2.87626000e+06
14725.000000 2.84199000e+06
14775.000000 2.80795000e+06
14825.000000 2.77430000e+06
14875.000000 2.74001000e+06
14925.000000 2.70562000e+06
14975.000000 2.67263000e+06
15025.000000 2.63418000e+06
15075.000000 2.60281000e+06
15125.000000 2.56883000e+06
15175.000000 2.53933000e+06
15225.000000 2.53113000e+06
15275.000000 2.46534000e+06
15325.000000 2.44014000e+06
15375.000000 2.44900000e+06
15425.000000 2.36712000e+06
15475.000000 2.40345000e+06
15525.000000 2.38455000e+06
15575.000000 2.27050000e+06
15625.000000 2.34950000e+06
15675.000000 2.29206000e+06
15725.000000 2.20392000e+06
15775.000000 2.28066000e+06
15825.000000 2.25664000e+06
15875.000000 2.09864000e+06
15925.000000 2.20120000e+06
15975.000000 2.19335000e+06
16050.000000 2.15052000e+06
16150.000000 2.04035000e+06
16250.000000 2.06510000e+06
16350.000000 2.00736000e+06
16450.000000 1.90897000e+06
16550.000000 1.93081000e+06
16650.000000 1.88839000e+06
16750.000000 1.83583000e+06
16850.000000 1.74829000e+06
16950.000000 1.76811000e+06
17050.000000 1.73006000e+06
17150.000000 1.69317000e+06
17250.000000 1.65726000e+06
17350.000000 1.56175000e+06
17450.000000 1.58621000e+06
17550.000000 1.55497000e+06
17650.000000 1.52265000e+06
17750.000000 1.49107000e+06
17850.000000 1.46046000e+06
17950.000000 1.43056000e+06
18050.000000 1.40122000e+06
18150.000000 1.32498000e+06
18250.000000 1.34138000e+06
18350.000000 1.31830000e+06
18450.000000 1.29198000e+06
18550.000000 1.26627000e+06
18650.000000 1.24092000e+06
18750.000000 1.17264000e+06
18850.000000 1.19225000e+06
18950.000000 1.16984000e+06
19050.000000 1.14710000e+06
19150.000000 1.12498000e+06
19250.000000 1.10336000e+06
19350.000000 1.08182000e+06
19450.000000 1.02353000e+06
19550.000000 1.04117000e+06
19650.000000 1.02202000e+06
19750.000000 1.00291000e+06
19850.000000 9.84126000e+05
19950.000000 9.65860000e+05
20050.000000 9.48003000e+05
20150.000000 9.30544000e+05
20250.000000 9.13521000e+05
20350.000000 8.96860000e+05
20450.000000 8.80588000e+05
20550.000000 8.64653000e+05
20650.000000 8.49125000e+05
20750.000000 8.33917000e+05
20850.000000 8.19056000e+05
20950.000000 8.04517000e+05
21050.000000 7.90311000e+05
21150.000000 7.76404000e+05
21250.000000 7.62807000e+05
21350.000000 7.49512000e+05
21450.000000 7.36498000e+05
21550.000000 7.23626000e+05
21650.000000 6.86359000e+05
21750.000000 6.98259000e+05
21850.000000 6.87203000e+05
21950.000000 6.75529000e+05
22050.000000 6.64108000e+05
22150.000000 6.52919000e+05
22250.000000 6.41972000e+05
22350.000000 6.31248000e+05
22450.000000 6.20748000e+05
22550.000000 6.10462000e+05
22650.000000 6.00391000e+05
22750.000000 5.90524000e+05
22850.000000 5.81189000e+05
22950.000000 5.71793000e+05
23050.000000 5.62581000e+05
23150.000000 5.53556000e+05
23250.000000 5.44700000e+05
23350.000000 5.36002000e+05
23450.000000 5.27419000e+05
23550.000000 5.18982000e+05
23650.000000 5.10649000e+05
23750.000000 5.02638000e+05
23850.000000 4.94630000e+05
23950.000000 4.86758000e+05
24050.000000 4.78758000e+05
24150.000000 4.70713000e+05
24250.000000 4.65660000e+05
24350.000000 4.56220000e+05
24450.000000 4.48551000e+05
24550.000000 4.44691000e+05
24650.000000 4.35852000e+05
24750.000000 4.29422000e+05
24850.000000 4.26540000e+05
24950.000000 4.11683000e+05
25050.000000 4.14101000e+05
25150.000000 4.08164000e+05
25250.000000 3.92085000e+05
25350.000000 3.96121000e+05
25450.000000 3.90868000e+05
25550.000000 3.84807000e+05
25650.000000 3.68150000e+05
25750.000000 3.74058000e+05
25850.000000 3.69016000e+05
25950.000000 3.63732000e+05
26050.000000 3.57303000e+05
26150.000000 3.41453000e+05
26250.000000 3.35155000e+05
26350.000000 3.43071000e+05
26450.000000 3.38991000e+05
26550.000000 3.34160000e+05
26650.000000 3.29020000e+05
26750.000000 3.12555000e+05
26850.000000 3.19758000e+05
26950.000000 3.15673000e+05
27050.000000 3.11253000e+05
27150.000000 3.06909000e+05
27250.000000 3.02642000e+05
27350.000000 2.98448000e+05
27450.000000 2.94318000e+05
27550.000000 2.80725000e+05
27650.000000 2.84360000e+05
27750.000000 2.82377000e+05
27850.000000 2.78537000e+05
27950.000000 2.74753000e+05
28050.000000 2.71036000e+05
28150.000000 2.67383000e+05
28250.000000 2.63789000e+05
28350.000000 2.60258000e+05
28450.000000 2.56784000e+05
28550.000000 2.53366000e+05
28650.000000 2.49140000e+05
28750.000000 2.37953000e+05
28850.000000 2.43353000e+05
28950.000000 2.40259000e+05
29050.000000 2.37117000e+05
29150.000000 2.34025000e+05
29250.000000 2.30984000e+05
29350.000000 2.27991000e+05
29450.000000 2.25047000e+05
29550.000000 2.22150000e+05
29650.000000 2.19300000e+05
29750.000000 2.16496000e+05
29850.000000 2.13737000e+05
29950.000000 2.11022000e+05
30050.000000 2.08348000e+05
30150.000000 2.05717000e+05
30250.000000 2.03124000e+05
30350.000000 1.95186000e+05
30450.000000 1.95731000e+05
30550.000000 1.95594000e+05
30650.000000 1.93168000e+05
30750.000000 1.90775000e+05
30850.000000 1.88416000e+05
30950.000000 1.86095000e+05
31050.000000 1.83812000e+05
31150.000000 1.81562000e+05
31250.000000 1.79345000e+05
31350.000000 1.77164000e+05
31450.000000 1.75014000e+05
31550.000000 1.72896000e+05
31650.000000 1.70813000e+05
31750.000000 1.68759000e+05
31850.000000 1.66739000e+05
31950.000000 1.64745000e+05
32100.000000 1.61812000e+05
32300.000000 1.58002000e+05
32500.000000 1.54305000e+05
32700.000000 1.50714000e+05
32900.000000 1.44147000e+05
33100.000000 1.43270000e+05
33300.000000 1.40311000e+05
33500.000000 1.37147000e+05
33700.000000 1.34061000e+05
33900.000000 1.31061000e+05
34100.000000 1.28141000e+05
34300.000000 1.25300000e+05
34500.000000 1.22535000e+05
34700.000000 1.19853000e+05
34900.000000 1.17224000e+05
35100.000000 1.14694000e+05
35300.000000 1.12222000e+05
35500.000000 1.09747000e+05
35700.000000 1.07335000e+05
35900.000000 1.05362000e+05
36100.000000 1.02753000e+05
36300.000000 1.01015000e+05
36500.000000 9.83781000e+04
36700.000000 9.69060000e+04
36900.000000 9.41678000e+04
37100.000000 9.29500000e+04
37300.000000 9.04233000e+04
37500.000000 8.73048000e+04
37700.000000 8.74359000e+04
37900.000000 8.57103000e+04
38100.000000 8.33076000e+04
38300.000000 8.19005000e+04
38500.000000 8.08180000e+04
38700.000000 7.92629000e+04
38900.000000 7.76010000e+04
39100.000000 7.48649000e+04
39300.000000 7.46707000e+04
39500.000000 7.32332000e+04
39700.000000 7.18159000e+04
39900.000000 7.04328000e+04
40100.000000 6.86192000e+04
40300.000000 6.69052000e+04
40500.000000 6.53365000e+04
40700.000000 6.52122000e+04
40900.000000 6.39972000e+04
41100.000000 6.27983000e+04
41300.000000 6.16283000e+04
41500.000000 6.04845000e+04
41700.000000 5.82094000e+04
41900.000000 5.82666000e+04
42100.000000 5.72148000e+04
42300.000000 5.61718000e+04
42500.000000 5.51542000e+04
42700.000000 5.41594000e+04
42900.000000 5.31868000e+04
43100.000000 5.22360000e+04
43300.000000 5.13065000e+04
43500.000000 5.03978000e+04
43700.000000 4.86435000e+04
43900.000000 4.85160000e+04
44100.000000 4.77883000e+04
44300.000000 4.69566000e+04
44500.000000 4.61435000e+04
44700.000000 4.54054000e+04
44900.000000 4.45682000e+04
45100.000000 4.38052000e+04
45300.000000 4.30613000e+04
45500.000000 4.23324000e+04
45700.000000 4.16181000e+04
45900.000000 4.09183000e+04
46100.000000 4.02307000e+04
46300.000000 3.95430000e+04
46500.000000 3.81669000e+04
46700.000000 3.74900000e+04
46900.000000 3.75871000e+04
47100.000000 3.70122000e+04
47300.000000 3.64119000e+04
47500.000000 3.58204000e+04
47700.000000 3.52392000e+04
47900.000000 3.46680000e+04
48100.000000 3.41100000e+04
48300.000000 3.35730000e+04
48500.000000 3.30228000e+04
48700.000000 3.25122000e+04
48900.000000 3.19837000e+04
49100.000000 3.14956000e+04
49300.000000 3.09770000e+04
49500.000000 3.05273000e+04
49700.000000 2.99969000e+04
49900.000000 2.96163000e+04
50100.000000 2.91476000e+04
50300.000000 2.86111000e+04
50500.000000 2.82963000e+04
50700.000000 2.78492000e+04
50900.000000 2.72876000e+04
51100.000000 2.69475000e+04
51300.000000 2.60635000e+04
51500.000000 2.61527000e+04
51700.000000 2.56435000e+04
51900.000000 2.54266000e+04
52100.000000 2.50569000e+04
52300.000000 2.46852000e+04
52500.000000 2.42761000e+04
52700.000000 2.37815000e+04
52900.000000 2.36115000e+04
53100.000000 2.32656000e+04
53300.000000 2.29269000e+04
53500.000000 2.25939000e+04
53700.000000 2.21307000e+04
53900.000000 2.18280000e+04
54100.000000 2.16321000e+04
54300.000000 2.13223000e+04
54500.000000 2.10190000e+04
54700.000000 2.07195000e+04
54900.000000 2.04263000e+04
55100.000000 2.01046000e+04
55300.000000 1.96046000e+04
55500.000000 1.95773000e+04
55700.000000 1.93046000e+04
55900.000000 1.90365000e+04
56100.000000 1.87718000e+04
56300.000000 1.85127000e+04
56500.000000 1.82579000e+04
56700.000000 1.80075000e+04
56900.000000 1.77578000e+04
57100.000000 1.72442000e+04
57300.000000 1.72686000e+04
57500.000000 1.70484000e+04
57700.000000 1.68184000e+04
57900.000000 1.65923000e+04
58100.000000 1.63700000e+04
58300.000000 1.61503000e+04
58500.000000 1.59630000e+04
58700.000000 1.57265000e+04
58900.000000 1.54939000e+04
59100.000000 1.50171000e+04
59300.000000 1.50928000e+04
59500.000000 1.46818000e+04
59700.000000 1.46597000e+04
59900.000000 1.45431000e+04
60100.000000 1.43630000e+04
60300.000000 1.41778000e+04
60500.000000 1.39946000e+04
60700.000000 1.38157000e+04
60900.000000 1.36387000e+04
61100.000000 1.34648000e+04
61300.000000 1.32929000e+04
61500.000000 1.31249000e+04
61700.000000 1.29588000e+04
61900.000000 1.27956000e+04
62100.000000 1.26351000e+04
62300.000000 1.24765000e+04
62500.000000 1.23206000e+04
62700.000000 1.21482000e+04
62900.000000 1.17749000e+04
63100.000000 1.18347000e+04
63300.000000 1.17215000e+04
63500.000000 1.15777000e+04
63700.000000 1.14364000e+04
63900.000000 1.12967000e+04
64200.000000 1.10908000e+04
64600.000000 1.08239000e+04
65000.000000 1.05636000e+04
65400.000000 1.03141000e+04
65800.000000 1.00638000e+04
66200.000000 9.82734000e+03
66600.000000 9.60008000e+03
67000.000000 9.37921000e+03
67400.000000 9.15129000e+03
67800.000000 8.85759000e+03
68200.000000 8.73536000e+03
68600.000000 8.55133000e+03
69000.000000 8.35831000e+03
69400.000000 8.15274000e+03
69800.000000 7.98842000e+03
70200.000000 7.81126000e+03
70600.000000 7.63835000e+03
71000.000000 7.44992000e+03
71400.000000 7.30800000e+03
71800.000000 7.14934000e+03
72200.000000 6.99497000e+03
72600.000000 6.81968000e+03
73000.000000 6.69616000e+03
73400.000000 6.55631000e+03
73800.000000 6.41765000e+03
74200.000000 6.28172000e+03
74600.000000 6.07807000e+03
75000.000000 5.89841000e+03
75400.000000 5.89139000e+03
75800.000000 5.77791000e+03
76200.000000 5.65973000e+03
76600.000000 5.54446000e+03
77000.000000 5.43217000e+03
77400.000000 5.32266000e+03
77800.000000 5.17663000e+03
78200.000000 5.11180000e+03
78600.000000 5.01039000e+03
79000.000000 4.91137000e+03
79400.000000 4.81480000e+03
79800.000000 4.72062000e+03
80200.000000 4.62873000e+03
80600.000000 4.53900000e+03
81000.000000 4.45151000e+03
81400.000000 4.33315000e+03
81800.000000 4.27568000e+03
82200.000000 4.20127000e+03
82600.000000 4.12175000e+03
83000.000000 4.04417000e+03
83400.000000 3.96837000e+03
83800.000000 3.89431000e+03
84200.000000 3.82201000e+03
84600.000000 3.75137000e+03
85000.000000 3.68230000e+03
85400.000000 3.61493000e+03
85800.000000 3.54896000e+03
86200.000000 3.48457000e+03
86600.000000 3.38675000e+03
87000.000000 3.35861000e+03
87400.000000 3.28079000e+03
87800.000000 3.22291000e+03
88200.000000 3.18358000e+03
88600.000000 3.12548000e+03
89000.000000 3.07234000e+03
89400.000000 3.01855000e+03
89800.000000 2.96589000e+03
90200.000000 2.91436000e+03
90600.000000 2.86119000e+03
91000.000000 2.81471000e+03
91400.000000 2.76645000e+03
91800.000000 2.71924000e+03
92200.000000 2.67301000e+03
92600.000000 2.62259000e+03
93000.000000 2.58353000e+03
93400.000000 2.54016000e+03
93800.000000 2.47225000e+03
94200.000000 2.45275000e+03
94600.000000 2.41546000e+03
95000.000000 2.37279000e+03
95400.000000 2.33253000e+03
95800.000000 2.29831000e+03
96200.000000 2.26084000e+03
96600.000000 2.22411000e+03
97000.000000 2.18815000e+03
97400.000000 2.15290000e+03
97800.000000 2.11839000e+03
98200.000000 2.08307000e+03
98600.000000 2.04451000e+03
99000.000000 2.01883000e+03
99400.000000 1.98695000e+03
99800.000000 1.95569000e+03
100200.000000 1.92506000e+03
200000.000000 1.24161000e+02
400000.000000 7.79288000e+00
600000.000000 1.53266000e+00
800000.000000 4.82202000e-01
1000000.000000 1.96419000e-01
1200000.000000 9.42556000e-02
1400000.000000 5.06547000e-02
1600000.000000 2.95806000e-02
