# Kurucz ODFNEW /NOVER, alpha: 0.0 (2003)
# teff = 48000 K (value for the effective temperature for the model. Temperatures are given in K)
# logg = 5 log(cm/s2) (value for Log(G) for the model.)
# lh = 1.25  (l/Hp where l is the  mixing length of the convective element and Hp is the pressure scale height)
# meta = -2.5  (value for the Metallicity for the model.)
# vtur = 2 km/s (Microturbulence velocity)
# alpha = 0  (Alpha)
#
# column 1: WAVELENGTH (ANGSTROM), Wavelength in Angstrom
# column 2: FLUX (ERG/CM2/S/A), Flux in erg/cm2/s/A
147.200000 7.23107000e+03
151.000000 1.28086000e+04
155.200000 2.32853000e+04
158.800000 3.78635000e+04
162.000000 5.72831000e+04
166.000000 9.38474000e+04
170.300000 1.55123000e+05
173.400000 2.19340000e+05
176.800000 3.16152000e+05
180.200000 4.48903000e+05
181.700000 5.20839000e+05
186.100000 7.98357000e+05
191.000000 1.25077000e+06
193.900000 1.61364000e+06
198.400000 2.35584000e+06
201.800000 3.09833000e+06
205.000000 3.97330000e+06
210.500000 5.97560000e+06
216.200000 8.90434000e+06
219.800000 1.13209000e+07
223.000000 1.39112000e+07
226.800000 1.76162000e+07
230.000000 1.68161000e+08
234.000000 8.02638000e+08
240.000000 9.09056000e+09
246.500000 6.90934000e+10
252.400000 1.44073000e+11
256.800000 8.94719000e+10
260.000000 2.22315000e+11
264.000000 2.74974000e+11
268.500000 3.05711000e+11
273.500000 3.40275000e+11
278.500000 3.50393000e+11
284.000000 3.66589000e+11
290.000000 3.86280000e+11
296.000000 3.39919000e+11
301.000000 1.54815000e+11
308.000000 2.09257000e+11
318.000000 3.47898000e+11
328.000000 3.61168000e+11
338.000000 3.48093000e+11
348.000000 3.45827000e+11
357.000000 3.55125000e+11
366.000000 3.57673000e+11
375.000000 3.49042000e+11
385.000000 3.16964000e+11
395.000000 3.35284000e+11
405.000000 3.37742000e+11
414.000000 3.31701000e+11
422.000000 3.19223000e+11
430.000000 3.16746000e+11
441.000000 3.16677000e+11
451.000000 3.09346000e+11
460.000000 2.98108000e+11
470.000000 2.90878000e+11
480.000000 2.88875000e+11
490.000000 2.76028000e+11
500.000000 2.77363000e+11
506.000000 2.70162000e+11
512.000000 2.95570000e+11
520.000000 2.89318000e+11
530.000000 2.85397000e+11
540.000000 2.70377000e+11
550.000000 2.64196000e+11
560.000000 2.67074000e+11
570.000000 2.63769000e+11
580.000000 2.55031000e+11
590.000000 2.52769000e+11
600.000000 2.44131000e+11
610.000000 2.35382000e+11
620.000000 2.34593000e+11
630.000000 2.28449000e+11
640.000000 2.26681000e+11
650.000000 2.20215000e+11
658.000000 2.13135000e+11
665.000000 2.14414000e+11
675.000000 2.11010000e+11
685.000000 2.03104000e+11
695.000000 2.02628000e+11
705.000000 1.93896000e+11
716.000000 1.93951000e+11
726.000000 1.90518000e+11
735.000000 1.87094000e+11
745.000000 1.82804000e+11
755.000000 1.78602000e+11
765.000000 1.73306000e+11
775.000000 1.71886000e+11
785.000000 1.67235000e+11
795.000000 1.64121000e+11
805.000000 1.62063000e+11
815.000000 1.58961000e+11
825.000000 1.56304000e+11
835.000000 1.50070000e+11
845.000000 1.50043000e+11
855.000000 1.46280000e+11
865.000000 1.44519000e+11
875.000000 1.41869000e+11
885.000000 1.39032000e+11
895.000000 1.36272000e+11
905.000000 1.32504000e+11
915.000000 1.01465000e+11
925.000000 1.56882000e+11
935.000000 1.92251000e+11
945.000000 2.34485000e+11
955.000000 2.49139000e+11
965.000000 2.78967000e+11
975.000000 2.22794000e+11
985.000000 2.67959000e+11
995.000000 2.45796000e+11
1005.000000 2.56349000e+11
1015.000000 2.47852000e+11
1025.000000 1.95144000e+11
1035.000000 2.34139000e+11
1045.000000 2.30762000e+11
1055.000000 2.24750000e+11
1065.000000 2.17682000e+11
1075.000000 2.12527000e+11
1085.000000 1.96342000e+11
1095.000000 2.01774000e+11
1105.000000 1.96096000e+11
1115.000000 1.90937000e+11
1125.000000 1.84628000e+11
1135.000000 1.81714000e+11
1145.000000 1.77080000e+11
1155.000000 1.72174000e+11
1165.000000 1.67391000e+11
1175.000000 1.58998000e+11
1185.000000 1.59669000e+11
1195.000000 1.55380000e+11
1205.000000 1.50941000e+11
1215.000000 1.21872000e+11
1225.000000 1.43266000e+11
1235.000000 1.39824000e+11
1245.000000 1.36444000e+11
1255.000000 1.34350000e+11
1265.000000 1.31147000e+11
1275.000000 1.28018000e+11
1285.000000 1.24981000e+11
1295.000000 1.22034000e+11
1305.000000 1.19127000e+11
1315.000000 1.16364000e+11
1325.000000 1.13586000e+11
1335.000000 1.11045000e+11
1345.000000 1.08559000e+11
1355.000000 1.05965000e+11
1365.000000 1.03413000e+11
1375.000000 1.00651000e+11
1385.000000 9.88357000e+10
1395.000000 9.61712000e+10
1405.000000 9.37651000e+10
1415.000000 9.24727000e+10
1425.000000 9.04188000e+10
1435.000000 8.85098000e+10
1442.000000 8.69460000e+10
1447.000000 8.60565000e+10
1455.000000 8.45451000e+10
1465.000000 8.27454000e+10
1475.000000 8.10800000e+10
1485.000000 7.94604000e+10
1495.000000 7.77487000e+10
1505.000000 7.61384000e+10
1512.000000 7.50313000e+10
1517.000000 7.42085000e+10
1525.000000 7.29849000e+10
1535.000000 7.14071000e+10
1545.000000 6.88506000e+10
1555.000000 6.75644000e+10
1565.000000 6.70744000e+10
1575.000000 6.57516000e+10
1585.000000 6.44042000e+10
1595.000000 6.31149000e+10
1605.000000 6.17927000e+10
1615.000000 6.05676000e+10
1625.000000 5.93051000e+10
1635.000000 5.69387000e+10
1645.000000 5.37941000e+10
1655.000000 5.59615000e+10
1665.000000 5.48972000e+10
1672.000000 5.40881000e+10
1677.000000 5.36308000e+10
1685.000000 5.28016000e+10
1695.000000 5.17923000e+10
1705.000000 5.07939000e+10
1715.000000 4.94809000e+10
1725.000000 4.88240000e+10
1735.000000 4.79762000e+10
1745.000000 4.70691000e+10
1755.000000 4.61808000e+10
1765.000000 4.53349000e+10
1775.000000 4.44979000e+10
1785.000000 4.36791000e+10
1795.000000 4.28734000e+10
1805.000000 4.20921000e+10
1815.000000 4.13276000e+10
1825.000000 4.05785000e+10
1835.000000 3.98488000e+10
1845.000000 3.91324000e+10
1855.000000 3.84314000e+10
1865.000000 3.77474000e+10
1875.000000 3.70790000e+10
1885.000000 3.64248000e+10
1895.000000 3.57896000e+10
1905.000000 3.51646000e+10
1915.000000 3.45518000e+10
1925.000000 3.39406000e+10
1935.000000 3.33673000e+10
1945.000000 3.27951000e+10
1955.000000 3.22337000e+10
1967.000000 3.15758000e+10
1976.000000 3.10939000e+10
1984.000000 3.06733000e+10
1995.000000 3.01060000e+10
2005.000000 2.96021000e+10
2015.000000 2.91086000e+10
2025.000000 2.86243000e+10
2035.000000 2.81508000e+10
2045.000000 2.76843000e+10
2055.000000 2.12753000e+10
2065.000000 2.03568000e+10
2074.000000 2.04704000e+10
2078.000000 2.07694000e+10
2085.000000 2.16797000e+10
2095.000000 2.37650000e+10
2105.000000 2.49324000e+10
2115.000000 2.47578000e+10
2125.000000 2.43793000e+10
2135.000000 2.39316000e+10
2145.000000 2.35977000e+10
2155.000000 2.35787000e+10
2165.000000 2.26517000e+10
2175.000000 2.30388000e+10
2185.000000 2.19115000e+10
2195.000000 2.23292000e+10
2205.000000 2.20403000e+10
2215.000000 2.08582000e+10
2225.000000 2.13605000e+10
2235.000000 2.10574000e+10
2245.000000 2.06968000e+10
2255.000000 1.96261000e+10
2265.000000 2.01038000e+10
2275.000000 1.98030000e+10
2285.000000 1.95024000e+10
2295.000000 1.91504000e+10
2305.000000 1.82181000e+10
2315.000000 1.86079000e+10
2325.000000 1.83625000e+10
2335.000000 1.80908000e+10
2345.000000 1.78231000e+10
2355.000000 1.75614000e+10
2365.000000 1.73034000e+10
2375.000000 1.70491000e+10
2385.000000 1.62018000e+10
2395.000000 1.65429000e+10
2405.000000 1.63184000e+10
2415.000000 1.60840000e+10
2425.000000 1.58543000e+10
2435.000000 1.56271000e+10
2445.000000 1.54044000e+10
2455.000000 1.51848000e+10
2465.000000 1.49713000e+10
2475.000000 1.47601000e+10
2485.000000 1.45525000e+10
2495.000000 1.42255000e+10
2505.000000 1.40689000e+10
2513.000000 1.30023000e+10
2518.000000 1.38581000e+10
2525.000000 1.37536000e+10
2535.000000 1.35691000e+10
2545.000000 1.33824000e+10
2555.000000 1.31993000e+10
2565.000000 1.30187000e+10
2575.000000 1.28417000e+10
2585.000000 1.26675000e+10
2595.000000 1.24946000e+10
2605.000000 1.23294000e+10
2615.000000 1.21637000e+10
2625.000000 1.20012000e+10
2635.000000 1.18408000e+10
2645.000000 1.16836000e+10
2655.000000 1.15290000e+10
2665.000000 1.13763000e+10
2675.000000 1.12251000e+10
2685.000000 1.10794000e+10
2695.000000 1.09325000e+10
2705.000000 1.07921000e+10
2715.000000 1.06520000e+10
2725.000000 1.05049000e+10
2735.000000 1.00420000e+10
2745.000000 1.02444000e+10
2755.000000 1.01131000e+10
2765.000000 9.97996000e+09
2775.000000 9.85679000e+09
2785.000000 9.73125000e+09
2795.000000 9.60821000e+09
2805.000000 9.48668000e+09
2815.000000 9.36757000e+09
2825.000000 9.24661000e+09
2835.000000 9.13275000e+09
2845.000000 9.02025000e+09
2855.000000 8.90818000e+09
2865.000000 8.79791000e+09
2875.000000 8.68896000e+09
2885.000000 8.58221000e+09
2895.000000 8.47672000e+09
2910.000000 8.32149000e+09
2930.000000 8.12051000e+09
2950.000000 7.92203000e+09
2970.000000 7.73583000e+09
2990.000000 7.55136000e+09
3010.000000 7.37359000e+09
3030.000000 7.20024000e+09
3050.000000 7.03201000e+09
3070.000000 6.86874000e+09
3090.000000 6.71106000e+09
3110.000000 6.55686000e+09
3130.000000 6.40758000e+09
3150.000000 6.26231000e+09
3170.000000 6.12130000e+09
3190.000000 5.97667000e+09
3210.000000 5.75362000e+09
3230.000000 5.72123000e+09
3250.000000 5.59503000e+09
3270.000000 5.47149000e+09
3290.000000 5.35296000e+09
3310.000000 5.23689000e+09
3330.000000 5.12389000e+09
3350.000000 5.01355000e+09
3370.000000 4.90711000e+09
3390.000000 4.80283000e+09
3410.000000 4.70130000e+09
3430.000000 4.60373000e+09
3450.000000 4.50683000e+09
3470.000000 4.41372000e+09
3490.000000 4.32246000e+09
3510.000000 4.23328000e+09
3530.000000 4.14614000e+09
3550.000000 4.06129000e+09
3570.000000 3.98015000e+09
3590.000000 3.89822000e+09
3610.000000 3.82103000e+09
3630.000000 3.74331000e+09
3640.000000 3.63633000e+09
3650.000000 3.31980000e+09
3670.000000 3.25854000e+09
3690.000000 3.20201000e+09
3710.000000 3.16101000e+09
3730.000000 3.13939000e+09
3750.000000 3.13894000e+09
3770.000000 3.13700000e+09
3790.000000 3.14936000e+09
3810.000000 3.16154000e+09
3830.000000 3.00636000e+09
3850.000000 3.08246000e+09
3870.000000 3.06779000e+09
3890.000000 2.80479000e+09
3910.000000 2.96295000e+09
3930.000000 2.90068000e+09
3950.000000 2.86124000e+09
3970.000000 2.59608000e+09
3990.000000 2.75186000e+09
4010.000000 2.71768000e+09
4030.000000 2.62119000e+09
4050.000000 2.62752000e+09
4070.000000 2.57629000e+09
4090.000000 2.46625000e+09
4110.000000 2.32009000e+09
4130.000000 2.43527000e+09
4150.000000 2.39829000e+09
4170.000000 2.35736000e+09
4190.000000 2.30165000e+09
4210.000000 2.23945000e+09
4230.000000 2.23517000e+09
4250.000000 2.19603000e+09
4270.000000 2.15795000e+09
4290.000000 2.12047000e+09
4310.000000 2.08015000e+09
4330.000000 1.98009000e+09
4350.000000 1.89540000e+09
4370.000000 1.97351000e+09
4390.000000 1.94207000e+09
4410.000000 1.91254000e+09
4430.000000 1.88022000e+09
4450.000000 1.84892000e+09
4470.000000 1.80724000e+09
4490.000000 1.78792000e+09
4510.000000 1.75836000e+09
4530.000000 1.72515000e+09
4550.000000 1.66804000e+09
4570.000000 1.67329000e+09
4590.000000 1.64608000e+09
4610.000000 1.61942000e+09
4630.000000 1.59328000e+09
4650.000000 1.56751000e+09
4670.000000 1.54059000e+09
4690.000000 1.46745000e+09
4710.000000 1.49200000e+09
4730.000000 1.47032000e+09
4750.000000 1.44716000e+09
4770.000000 1.42445000e+09
4790.000000 1.40219000e+09
4810.000000 1.38034000e+09
4830.000000 1.35656000e+09
4850.000000 1.30389000e+09
4870.000000 1.23554000e+09
4890.000000 1.29284000e+09
4910.000000 1.27737000e+09
4930.000000 1.25433000e+09
4950.000000 1.23891000e+09
4970.000000 1.22021000e+09
4990.000000 1.20187000e+09
5010.000000 1.18230000e+09
5030.000000 1.16620000e+09
5050.000000 1.14857000e+09
5070.000000 1.13183000e+09
5090.000000 1.11513000e+09
5110.000000 1.09873000e+09
5130.000000 1.08264000e+09
5150.000000 1.06683000e+09
5170.000000 1.05131000e+09
5190.000000 1.03607000e+09
5210.000000 1.02111000e+09
5230.000000 1.00642000e+09
5250.000000 9.91996000e+08
5270.000000 9.77821000e+08
5290.000000 9.63898000e+08
5310.000000 9.50224000e+08
5330.000000 9.36794000e+08
5350.000000 9.23591000e+08
5370.000000 9.10636000e+08
5390.000000 8.97887000e+08
5410.000000 8.67486000e+08
5430.000000 8.72671000e+08
5450.000000 8.60989000e+08
5470.000000 8.49114000e+08
5490.000000 8.37451000e+08
5510.000000 8.25973000e+08
5530.000000 8.14700000e+08
5550.000000 8.03616000e+08
5570.000000 7.92707000e+08
5590.000000 7.81981000e+08
5610.000000 7.71460000e+08
5630.000000 7.61104000e+08
5650.000000 7.50922000e+08
5670.000000 7.40911000e+08
5690.000000 7.22854000e+08
5710.000000 6.77150000e+08
5730.000000 6.68507000e+08
5750.000000 6.60013000e+08
5770.000000 6.51700000e+08
5790.000000 6.43666000e+08
5810.000000 6.35961000e+08
5830.000000 6.29022000e+08
5850.000000 6.22637000e+08
5870.000000 6.14323000e+08
5890.000000 6.11353000e+08
5910.000000 6.06510000e+08
5930.000000 6.02030000e+08
5950.000000 5.98053000e+08
5970.000000 5.94401000e+08
5990.000000 5.91552000e+08
6010.000000 5.87068000e+08
6030.000000 5.82808000e+08
6050.000000 5.78271000e+08
6070.000000 5.71052000e+08
6090.000000 5.64463000e+08
6110.000000 5.57807000e+08
6130.000000 5.51235000e+08
6150.000000 5.45106000e+08
6170.000000 5.36729000e+08
6190.000000 5.31585000e+08
6210.000000 5.25275000e+08
6230.000000 5.17045000e+08
6250.000000 5.12043000e+08
6270.000000 5.06348000e+08
6290.000000 5.00219000e+08
6310.000000 4.91651000e+08
6330.000000 4.87919000e+08
6350.000000 4.82412000e+08
6370.000000 4.76648000e+08
6390.000000 4.70625000e+08
6410.000000 4.62154000e+08
6430.000000 4.59821000e+08
6450.000000 4.54439000e+08
6470.000000 4.49087000e+08
6490.000000 4.43819000e+08
6510.000000 4.38145000e+08
6530.000000 4.28883000e+08
6550.000000 4.21974000e+08
6570.000000 3.97834000e+08
6590.000000 4.17222000e+08
6610.000000 4.13762000e+08
6630.000000 4.09007000e+08
6650.000000 4.04327000e+08
6670.000000 3.98239000e+08
6690.000000 3.89969000e+08
6710.000000 3.90643000e+08
6730.000000 3.86229000e+08
6750.000000 3.81860000e+08
6770.000000 3.77552000e+08
6790.000000 3.73313000e+08
6810.000000 3.69125000e+08
6830.000000 3.64996000e+08
6850.000000 3.60933000e+08
6870.000000 3.56911000e+08
6890.000000 3.48009000e+08
6910.000000 3.48688000e+08
6930.000000 3.45211000e+08
6950.000000 3.41418000e+08
6970.000000 3.37670000e+08
6990.000000 3.33982000e+08
7010.000000 3.30339000e+08
7030.000000 3.26747000e+08
7050.000000 3.23205000e+08
7070.000000 3.18930000e+08
7090.000000 3.16256000e+08
7110.000000 3.12855000e+08
7130.000000 3.09502000e+08
7150.000000 3.06188000e+08
7170.000000 2.99829000e+08
7190.000000 2.97682000e+08
7210.000000 2.96512000e+08
7230.000000 2.93381000e+08
7250.000000 2.90281000e+08
7270.000000 2.87225000e+08
7290.000000 2.83993000e+08
7310.000000 2.81228000e+08
7330.000000 2.78293000e+08
7350.000000 2.75393000e+08
7370.000000 2.72534000e+08
7390.000000 2.69709000e+08
7410.000000 2.66917000e+08
7430.000000 2.64165000e+08
7450.000000 2.61452000e+08
7470.000000 2.58764000e+08
7490.000000 2.56115000e+08
7510.000000 2.53504000e+08
7530.000000 2.50923000e+08
7550.000000 2.48373000e+08
7570.000000 2.45852000e+08
7590.000000 2.39294000e+08
7610.000000 2.40569000e+08
7630.000000 2.38500000e+08
7650.000000 2.36109000e+08
7670.000000 2.33746000e+08
7690.000000 2.31417000e+08
7710.000000 2.29108000e+08
7730.000000 2.26834000e+08
7750.000000 2.24592000e+08
7770.000000 2.22370000e+08
7790.000000 2.20181000e+08
7810.000000 2.18017000e+08
7830.000000 2.15878000e+08
7850.000000 2.13771000e+08
7870.000000 2.11688000e+08
7890.000000 2.09624000e+08
7910.000000 2.07590000e+08
7930.000000 2.05580000e+08
7950.000000 2.03593000e+08
7970.000000 2.01629000e+08
7990.000000 1.99689000e+08
8010.000000 1.97771000e+08
8030.000000 1.95881000e+08
8050.000000 1.94008000e+08
8070.000000 1.92163000e+08
8090.000000 1.90333000e+08
8110.000000 1.88531000e+08
8130.000000 1.86743000e+08
8150.000000 1.84983000e+08
8170.000000 1.83243000e+08
8190.000000 1.80799000e+08
8210.000000 1.73106000e+08
8230.000000 1.70519000e+08
8250.000000 1.69694000e+08
8270.000000 1.68406000e+08
8290.000000 1.66892000e+08
8310.000000 1.65386000e+08
8330.000000 1.63887000e+08
8350.000000 1.62406000e+08
8370.000000 1.60964000e+08
8390.000000 1.59545000e+08
8410.000000 1.58158000e+08
8430.000000 1.56794000e+08
8450.000000 1.55430000e+08
8470.000000 1.54150000e+08
8490.000000 1.52923000e+08
8510.000000 1.51685000e+08
8530.000000 1.50498000e+08
8550.000000 1.49249000e+08
8570.000000 1.48189000e+08
8590.000000 1.46918000e+08
8610.000000 1.45829000e+08
8630.000000 1.44942000e+08
8650.000000 1.43728000e+08
8670.000000 1.42279000e+08
8690.000000 1.41800000e+08
8710.000000 1.40931000e+08
8730.000000 1.39717000e+08
8750.000000 1.37598000e+08
8770.000000 1.37525000e+08
8790.000000 1.37148000e+08
8810.000000 1.36347000e+08
8830.000000 1.35319000e+08
8850.000000 1.32991000e+08
8870.000000 1.30520000e+08
8890.000000 1.31759000e+08
8910.000000 1.31334000e+08
8930.000000 1.30444000e+08
8950.000000 1.29476000e+08
8970.000000 1.28235000e+08
8990.000000 1.26415000e+08
9010.000000 1.22305000e+08
9030.000000 1.22567000e+08
9050.000000 1.23558000e+08
9070.000000 1.22876000e+08
9090.000000 1.22072000e+08
9110.000000 1.20910000e+08
9130.000000 1.20168000e+08
9150.000000 1.19153000e+08
9170.000000 1.18011000e+08
9190.000000 1.16668000e+08
9210.000000 1.14492000e+08
9230.000000 1.09836000e+08
9250.000000 1.12311000e+08
9270.000000 1.12752000e+08
9290.000000 1.12206000e+08
9310.000000 1.11355000e+08
9330.000000 1.10233000e+08
9350.000000 1.07103000e+08
9370.000000 1.08204000e+08
9390.000000 1.07714000e+08
9410.000000 1.06869000e+08
9430.000000 1.05993000e+08
9450.000000 1.05123000e+08
9470.000000 1.04221000e+08
9490.000000 1.03322000e+08
9510.000000 1.02018000e+08
9530.000000 9.98145000e+07
9550.000000 9.55305000e+07
9570.000000 9.86692000e+07
9590.000000 9.89012000e+07
9610.000000 9.84247000e+07
9630.000000 9.76669000e+07
9650.000000 9.69065000e+07
9670.000000 9.61314000e+07
9690.000000 9.53618000e+07
9710.000000 9.45898000e+07
9730.000000 9.38472000e+07
9750.000000 9.29593000e+07
9770.000000 9.18766000e+07
9790.000000 9.16273000e+07
9810.000000 9.09057000e+07
9830.000000 9.01892000e+07
9850.000000 8.94777000e+07
9870.000000 8.87752000e+07
9890.000000 8.80775000e+07
9910.000000 8.73886000e+07
9930.000000 8.67046000e+07
9950.000000 8.60291000e+07
9970.000000 8.53584000e+07
9990.000000 8.46470000e+07
10025.000000 8.21490000e+07
10075.000000 8.00404000e+07
10125.000000 7.91415000e+07
10175.000000 7.88569000e+07
10225.000000 7.73669000e+07
10275.000000 7.59128000e+07
10325.000000 7.44620000e+07
10375.000000 7.31020000e+07
10425.000000 7.13972000e+07
10475.000000 7.04220000e+07
10525.000000 6.91287000e+07
10575.000000 6.78635000e+07
10625.000000 6.66256000e+07
10675.000000 6.54145000e+07
10725.000000 6.42361000e+07
10775.000000 6.30832000e+07
10825.000000 6.18524000e+07
10875.000000 6.07816000e+07
10925.000000 5.78308000e+07
10975.000000 5.81433000e+07
11025.000000 5.76698000e+07
11075.000000 5.66742000e+07
11125.000000 5.56850000e+07
11175.000000 5.47474000e+07
11225.000000 5.38033000e+07
11275.000000 5.28767000e+07
11325.000000 5.19702000e+07
11375.000000 5.10863000e+07
11425.000000 5.02188000e+07
11475.000000 4.93673000e+07
11525.000000 4.85371000e+07
11575.000000 4.77222000e+07
11625.000000 4.64233000e+07
11675.000000 4.57916000e+07
11725.000000 4.53800000e+07
11775.000000 4.46313000e+07
11825.000000 4.38990000e+07
11875.000000 4.31802000e+07
11925.000000 4.24771000e+07
11975.000000 4.17553000e+07
12025.000000 4.11118000e+07
12075.000000 4.04491000e+07
12125.000000 3.98009000e+07
12175.000000 3.91646000e+07
12225.000000 3.85424000e+07
12275.000000 3.79316000e+07
12325.000000 3.73343000e+07
12375.000000 3.67454000e+07
12425.000000 3.61696000e+07
12475.000000 3.56067000e+07
12525.000000 3.50492000e+07
12575.000000 3.45114000e+07
12625.000000 3.39785000e+07
12675.000000 3.34554000e+07
12725.000000 3.29441000e+07
12775.000000 3.22735000e+07
12825.000000 3.08038000e+07
12875.000000 3.13832000e+07
12925.000000 3.09920000e+07
12975.000000 3.05187000e+07
13025.000000 3.00694000e+07
13075.000000 2.96217000e+07
13125.000000 2.91821000e+07
13175.000000 2.87505000e+07
13225.000000 2.83268000e+07
13275.000000 2.79107000e+07
13325.000000 2.75022000e+07
13375.000000 2.71011000e+07
13425.000000 2.67073000e+07
13475.000000 2.63207000e+07
13525.000000 2.59411000e+07
13575.000000 2.55684000e+07
13625.000000 2.52025000e+07
13675.000000 2.48432000e+07
13725.000000 2.44886000e+07
13775.000000 2.41424000e+07
13825.000000 2.38025000e+07
13875.000000 2.34669000e+07
13925.000000 2.31374000e+07
13975.000000 2.28140000e+07
14025.000000 2.24964000e+07
14075.000000 2.21848000e+07
14125.000000 2.18788000e+07
14175.000000 2.15766000e+07
14225.000000 2.12800000e+07
14275.000000 2.09888000e+07
14325.000000 2.07030000e+07
14375.000000 2.04225000e+07
14425.000000 2.01454000e+07
14475.000000 1.98734000e+07
14525.000000 1.96065000e+07
14570.000000 1.93684000e+07
14620.000000 1.91516000e+07
14675.000000 1.88421000e+07
14725.000000 1.85736000e+07
14775.000000 1.81668000e+07
14825.000000 1.80993000e+07
14875.000000 1.78944000e+07
14925.000000 1.76597000e+07
14975.000000 1.74295000e+07
15025.000000 1.72018000e+07
15075.000000 1.69719000e+07
15125.000000 1.67594000e+07
15175.000000 1.65428000e+07
15225.000000 1.63303000e+07
15275.000000 1.61206000e+07
15325.000000 1.59147000e+07
15375.000000 1.57120000e+07
15425.000000 1.55125000e+07
15475.000000 1.53163000e+07
15525.000000 1.51221000e+07
15575.000000 1.49179000e+07
15625.000000 1.47459000e+07
15675.000000 1.45458000e+07
15725.000000 1.43570000e+07
15775.000000 1.42015000e+07
15825.000000 1.40205000e+07
15875.000000 1.38106000e+07
15925.000000 1.36634000e+07
15975.000000 1.35144000e+07
16050.000000 1.32497000e+07
16150.000000 1.29091000e+07
16250.000000 1.26360000e+07
16350.000000 1.23070000e+07
16450.000000 1.19869000e+07
16550.000000 1.17576000e+07
16650.000000 1.14818000e+07
16750.000000 1.11761000e+07
16850.000000 1.08778000e+07
16950.000000 1.07015000e+07
17050.000000 1.04492000e+07
17150.000000 1.02181000e+07
17250.000000 9.98433000e+06
17350.000000 9.64681000e+06
17450.000000 9.52617000e+06
17550.000000 9.32997000e+06
17650.000000 9.12321000e+06
17750.000000 8.92217000e+06
17850.000000 8.72648000e+06
17950.000000 8.53621000e+06
18050.000000 8.35089000e+06
18150.000000 8.05796000e+06
18250.000000 7.97035000e+06
18350.000000 7.82509000e+06
18450.000000 7.65904000e+06
18550.000000 7.49851000e+06
18650.000000 7.26235000e+06
18750.000000 7.03485000e+06
18850.000000 7.03569000e+06
18950.000000 6.89281000e+06
19050.000000 6.74890000e+06
19150.000000 6.61275000e+06
19250.000000 6.47814000e+06
19350.000000 6.34033000e+06
19450.000000 6.10391000e+06
19550.000000 6.08736000e+06
19650.000000 5.97249000e+06
19750.000000 5.85392000e+06
19850.000000 5.73829000e+06
19950.000000 5.62544000e+06
20050.000000 5.51530000e+06
20150.000000 5.40790000e+06
20250.000000 5.30308000e+06
20350.000000 5.20079000e+06
20450.000000 5.10095000e+06
20550.000000 5.00290000e+06
20650.000000 4.90836000e+06
20750.000000 4.81549000e+06
20850.000000 4.72469000e+06
20950.000000 4.63617000e+06
21050.000000 4.54963000e+06
21150.000000 4.46401000e+06
21250.000000 4.38255000e+06
21350.000000 4.30184000e+06
21450.000000 4.22293000e+06
21550.000000 4.14311000e+06
21650.000000 3.98444000e+06
21750.000000 3.98970000e+06
21850.000000 3.92509000e+06
21950.000000 3.85485000e+06
22050.000000 3.78610000e+06
22150.000000 3.71890000e+06
22250.000000 3.65313000e+06
22350.000000 3.58884000e+06
22450.000000 3.52599000e+06
22550.000000 3.46441000e+06
22650.000000 3.40422000e+06
22750.000000 3.34532000e+06
22850.000000 3.29020000e+06
22950.000000 3.23376000e+06
23050.000000 3.17847000e+06
23150.000000 3.12449000e+06
23250.000000 3.07154000e+06
23350.000000 3.01972000e+06
23450.000000 2.96902000e+06
23550.000000 2.91940000e+06
23650.000000 2.87079000e+06
23750.000000 2.82315000e+06
23850.000000 2.77655000e+06
23950.000000 2.73088000e+06
24050.000000 2.68614000e+06
24150.000000 2.64230000e+06
24250.000000 2.59935000e+06
24350.000000 2.55727000e+06
24450.000000 2.51610000e+06
24550.000000 2.47570000e+06
24650.000000 2.43606000e+06
24750.000000 2.39698000e+06
24850.000000 2.35925000e+06
24950.000000 2.32198000e+06
25050.000000 2.28540000e+06
25150.000000 2.24958000e+06
25250.000000 2.21442000e+06
25350.000000 2.17998000e+06
25450.000000 2.14625000e+06
25550.000000 2.11309000e+06
25650.000000 2.08056000e+06
25750.000000 2.04869000e+06
25850.000000 2.01742000e+06
25950.000000 1.98675000e+06
26050.000000 1.95592000e+06
26150.000000 1.92044000e+06
26250.000000 1.85144000e+06
26350.000000 1.86563000e+06
26450.000000 1.84180000e+06
26550.000000 1.81432000e+06
26650.000000 1.78737000e+06
26750.000000 1.75555000e+06
26850.000000 1.73492000e+06
26950.000000 1.70983000e+06
27050.000000 1.68490000e+06
27150.000000 1.66035000e+06
27250.000000 1.63631000e+06
27350.000000 1.61269000e+06
27450.000000 1.58941000e+06
27550.000000 1.55908000e+06
27650.000000 1.54078000e+06
27750.000000 1.52225000e+06
27850.000000 1.50071000e+06
27950.000000 1.47947000e+06
28050.000000 1.45860000e+06
28150.000000 1.43813000e+06
28250.000000 1.41801000e+06
28350.000000 1.39822000e+06
28450.000000 1.37882000e+06
28550.000000 1.35971000e+06
28650.000000 1.33761000e+06
28750.000000 1.31173000e+06
28850.000000 1.30351000e+06
28950.000000 1.28657000e+06
29050.000000 1.26906000e+06
29150.000000 1.25186000e+06
29250.000000 1.23490000e+06
29350.000000 1.21828000e+06
29450.000000 1.20190000e+06
29550.000000 1.18584000e+06
29650.000000 1.17001000e+06
29750.000000 1.15446000e+06
29850.000000 1.13912000e+06
29950.000000 1.12410000e+06
30050.000000 1.10928000e+06
30150.000000 1.09473000e+06
30250.000000 1.07997000e+06
30350.000000 1.05609000e+06
30450.000000 1.04596000e+06
30550.000000 1.03880000e+06
30650.000000 1.02541000e+06
30750.000000 1.01222000e+06
30850.000000 9.99218000e+05
30950.000000 9.86439000e+05
31050.000000 9.73844000e+05
31150.000000 9.61467000e+05
31250.000000 9.49305000e+05
31350.000000 9.37317000e+05
31450.000000 9.25500000e+05
31550.000000 9.13890000e+05
31650.000000 9.02445000e+05
31750.000000 8.91201000e+05
31850.000000 8.80118000e+05
31950.000000 8.69192000e+05
32100.000000 8.53154000e+05
32300.000000 8.32330000e+05
32500.000000 8.12095000e+05
32700.000000 7.92503000e+05
32900.000000 7.65425000e+05
33100.000000 7.53383000e+05
33300.000000 7.37430000e+05
33500.000000 7.20058000e+05
33700.000000 7.03210000e+05
33900.000000 6.86807000e+05
34100.000000 6.70902000e+05
34300.000000 6.55448000e+05
34500.000000 6.40464000e+05
34700.000000 6.25875000e+05
34900.000000 6.11701000e+05
35100.000000 5.97931000e+05
35300.000000 5.84554000e+05
35500.000000 5.71529000e+05
35700.000000 5.58876000e+05
35900.000000 5.46587000e+05
36100.000000 5.34592000e+05
36300.000000 5.22971000e+05
36500.000000 5.11628000e+05
36700.000000 5.00613000e+05
36900.000000 4.89861000e+05
37100.000000 4.79366000e+05
37300.000000 4.66359000e+05
37500.000000 4.55076000e+05
37700.000000 4.49704000e+05
37900.000000 4.40328000e+05
38100.000000 4.31175000e+05
38300.000000 4.22267000e+05
38500.000000 4.13595000e+05
38700.000000 4.05131000e+05
38900.000000 3.96893000e+05
39100.000000 3.88851000e+05
39300.000000 3.81000000e+05
39500.000000 3.73361000e+05
39700.000000 3.65928000e+05
39900.000000 3.58648000e+05
40100.000000 3.51495000e+05
40300.000000 3.44350000e+05
40500.000000 3.33010000e+05
40700.000000 3.31315000e+05
40900.000000 3.24907000e+05
41100.000000 3.18653000e+05
41300.000000 3.12526000e+05
41500.000000 3.06546000e+05
41700.000000 3.00124000e+05
41900.000000 2.95034000e+05
42100.000000 2.89475000e+05
42300.000000 2.84049000e+05
42500.000000 2.78754000e+05
42700.000000 2.73566000e+05
42900.000000 2.68503000e+05
43100.000000 2.63583000e+05
43300.000000 2.58743000e+05
43500.000000 2.54020000e+05
43700.000000 2.48524000e+05
43900.000000 2.44623000e+05
44100.000000 2.40491000e+05
44300.000000 2.36194000e+05
44500.000000 2.31964000e+05
44700.000000 2.27894000e+05
44900.000000 2.23869000e+05
45100.000000 2.19924000e+05
45300.000000 2.16078000e+05
45500.000000 2.12308000e+05
45700.000000 2.08614000e+05
45900.000000 2.05012000e+05
46100.000000 2.01464000e+05
46300.000000 1.97970000e+05
46500.000000 1.91026000e+05
46700.000000 1.89704000e+05
46900.000000 1.87833000e+05
47100.000000 1.84900000e+05
47300.000000 1.81807000e+05
47500.000000 1.78760000e+05
47700.000000 1.75790000e+05
47900.000000 1.72864000e+05
48100.000000 1.70013000e+05
48300.000000 1.67219000e+05
48500.000000 1.64465000e+05
48700.000000 1.61783000e+05
48900.000000 1.59155000e+05
49100.000000 1.56579000e+05
49300.000000 1.54054000e+05
49500.000000 1.51579000e+05
49700.000000 1.49155000e+05
49900.000000 1.46777000e+05
50100.000000 1.44447000e+05
50300.000000 1.42163000e+05
50500.000000 1.39924000e+05
50700.000000 1.37729000e+05
50900.000000 1.35576000e+05
51100.000000 1.33312000e+05
51300.000000 1.30034000e+05
51500.000000 1.29278000e+05
51700.000000 1.27374000e+05
51900.000000 1.25421000e+05
52100.000000 1.23507000e+05
52300.000000 1.21627000e+05
52500.000000 1.19783000e+05
52700.000000 1.17974000e+05
52900.000000 1.16198000e+05
53100.000000 1.14457000e+05
53300.000000 1.12747000e+05
53500.000000 1.11070000e+05
53700.000000 1.09423000e+05
53900.000000 1.07806000e+05
54100.000000 1.06220000e+05
54300.000000 1.04662000e+05
54500.000000 1.03133000e+05
54700.000000 1.01631000e+05
54900.000000 1.00157000e+05
55100.000000 9.87087000e+04
55300.000000 9.72865000e+04
55500.000000 9.58906000e+04
55700.000000 9.45196000e+04
55900.000000 9.31730000e+04
56100.000000 9.18502000e+04
56300.000000 9.05499000e+04
56500.000000 8.92727000e+04
56700.000000 8.80183000e+04
56900.000000 8.67850000e+04
57100.000000 8.55738000e+04
57300.000000 8.43843000e+04
57500.000000 8.32149000e+04
57700.000000 8.20653000e+04
57900.000000 8.09364000e+04
58100.000000 7.98254000e+04
58300.000000 7.87345000e+04
58500.000000 7.76719000e+04
58700.000000 7.66166000e+04
58900.000000 7.54271000e+04
59100.000000 7.34053000e+04
59300.000000 7.34649000e+04
59500.000000 7.24919000e+04
59700.000000 7.16022000e+04
59900.000000 7.06502000e+04
60100.000000 6.97135000e+04
60300.000000 6.87918000e+04
60500.000000 6.78849000e+04
60700.000000 6.69925000e+04
60900.000000 6.61154000e+04
61100.000000 6.52524000e+04
61300.000000 6.44032000e+04
61500.000000 6.35686000e+04
61700.000000 6.27465000e+04
61900.000000 6.19376000e+04
62100.000000 6.11417000e+04
62300.000000 6.03586000e+04
62500.000000 5.95881000e+04
62700.000000 5.88291000e+04
62900.000000 5.79071000e+04
63100.000000 5.73381000e+04
63300.000000 5.66266000e+04
63500.000000 5.59154000e+04
63700.000000 5.52149000e+04
63900.000000 5.45256000e+04
64200.000000 5.35109000e+04
64600.000000 5.21948000e+04
65000.000000 5.09187000e+04
65400.000000 4.96812000e+04
65800.000000 4.84812000e+04
66200.000000 4.73177000e+04
66600.000000 4.61879000e+04
67000.000000 4.50917000e+04
67400.000000 4.40108000e+04
67800.000000 4.28488000e+04
68200.000000 4.19921000e+04
68600.000000 4.10195000e+04
69000.000000 4.00737000e+04
69400.000000 3.91555000e+04
69800.000000 3.82626000e+04
70200.000000 3.73959000e+04
70600.000000 3.65524000e+04
71000.000000 3.57336000e+04
71400.000000 3.49368000e+04
71800.000000 3.41620000e+04
72200.000000 3.34095000e+04
72600.000000 3.26764000e+04
73000.000000 3.19637000e+04
73400.000000 3.12708000e+04
73800.000000 3.05959000e+04
74200.000000 2.99323000e+04
74600.000000 2.88391000e+04
75000.000000 2.81928000e+04
75400.000000 2.80296000e+04
75800.000000 2.74821000e+04
76200.000000 2.69076000e+04
76600.000000 2.63486000e+04
77000.000000 2.58030000e+04
77400.000000 2.52716000e+04
77800.000000 2.47541000e+04
78200.000000 2.42496000e+04
78600.000000 2.37583000e+04
79000.000000 2.32792000e+04
79400.000000 2.28116000e+04
79800.000000 2.23557000e+04
80200.000000 2.19119000e+04
80600.000000 2.14781000e+04
81000.000000 2.10552000e+04
81400.000000 2.06429000e+04
81800.000000 2.02405000e+04
82200.000000 1.98478000e+04
82600.000000 1.94649000e+04
83000.000000 1.90908000e+04
83400.000000 1.87255000e+04
83800.000000 1.83691000e+04
84200.000000 1.80212000e+04
84600.000000 1.76812000e+04
85000.000000 1.73494000e+04
85400.000000 1.70255000e+04
85800.000000 1.67085000e+04
86200.000000 1.63992000e+04
86600.000000 1.60868000e+04
87000.000000 1.58018000e+04
87400.000000 1.54331000e+04
87800.000000 1.51526000e+04
88200.000000 1.49554000e+04
88600.000000 1.46863000e+04
89000.000000 1.44228000e+04
89400.000000 1.41654000e+04
89800.000000 1.39133000e+04
90200.000000 1.36670000e+04
90600.000000 1.34264000e+04
91000.000000 1.31903000e+04
91400.000000 1.29601000e+04
91800.000000 1.27348000e+04
92200.000000 1.25142000e+04
92600.000000 1.22982000e+04
93000.000000 1.20868000e+04
93400.000000 1.18803000e+04
93800.000000 1.16516000e+04
94200.000000 1.14726000e+04
94600.000000 1.12861000e+04
95000.000000 1.10961000e+04
95400.000000 1.09101000e+04
95800.000000 1.07285000e+04
96200.000000 1.05503000e+04
96600.000000 1.03755000e+04
97000.000000 1.02048000e+04
97400.000000 1.00374000e+04
97800.000000 9.87311000e+03
98200.000000 9.71237000e+03
98600.000000 9.55506000e+03
99000.000000 9.40075000e+03
99400.000000 9.24936000e+03
99800.000000 9.10123000e+03
100200.000000 8.95629000e+03
200000.000000 5.53755000e+02
400000.000000 3.38750000e+01
600000.000000 6.61139000e+00
800000.000000 2.07519000e+00
1000000.000000 8.45004000e-01
1200000.000000 4.05638000e-01
1400000.000000 2.18157000e-01
1600000.000000 1.27474000e-01
