# Kurucz ODFNEW /NOVER, alpha: 0.0 (2003)
# teff = 7000 K (value for the effective temperature for the model. Temperatures are given in K)
# logg = 1.5 log(cm/s2) (value for Log(G) for the model.)
# lh = 1.25  (l/Hp where l is the  mixing length of the convective element and Hp is the pressure scale height)
# meta = -2  (value for the Metallicity for the model.)
# vtur = 2 km/s (Microturbulence velocity)
# alpha = 0  (Alpha)
#
# column 1: WAVELENGTH (ANGSTROM), Wavelength in Angstrom
# column 2: FLUX (ERG/CM2/S/A), Flux in erg/cm2/s/A
375.000000 1.24103000e-23
385.000000 1.42683000e-22
395.000000 1.06600000e-21
405.000000 7.11543000e-21
414.000000 3.61880000e-20
422.000000 1.44617000e-19
430.000000 5.47918000e-19
441.000000 3.15283000e-18
451.000000 1.43305000e-17
460.000000 5.28116000e-17
470.000000 4.55930000e-18
480.000000 1.59830000e-17
490.000000 5.30732000e-17
500.000000 1.67253000e-16
506.000000 1.37930000e-14
512.000000 3.83952000e-14
520.000000 9.39107000e-14
530.000000 2.80716000e-13
540.000000 7.78535000e-13
550.000000 3.93878000e-14
560.000000 9.60083000e-14
570.000000 2.26188000e-13
580.000000 5.10220000e-13
590.000000 1.14177000e-12
600.000000 2.45429000e-12
610.000000 5.13267000e-12
620.000000 1.04571000e-11
630.000000 2.07813000e-11
640.000000 4.03577000e-11
650.000000 7.66361000e-11
658.000000 1.26036000e-10
665.000000 1.92682000e-10
675.000000 3.47397000e-10
685.000000 6.14457000e-10
695.000000 1.06727000e-09
705.000000 1.82155000e-09
716.000000 3.21750000e-09
726.000000 5.30697000e-09
735.000000 8.22044000e-09
745.000000 1.31849000e-08
755.000000 2.08527000e-08
765.000000 3.25376000e-08
775.000000 5.01181000e-08
785.000000 7.62415000e-08
795.000000 1.14582000e-07
805.000000 1.70295000e-07
815.000000 2.50293000e-07
825.000000 3.64007000e-07
835.000000 5.24101000e-07
845.000000 7.47207000e-07
855.000000 1.05517000e-06
865.000000 1.47656000e-06
875.000000 2.04788000e-06
885.000000 2.81687000e-06
895.000000 3.84276000e-06
905.000000 5.20000000e-06
915.000000 3.34700000e-02
925.000000 1.67278000e-01
935.000000 2.24062000e-01
945.000000 3.32082000e-01
955.000000 4.84530000e-01
965.000000 5.72482000e-01
975.000000 4.99651000e-01
985.000000 1.06015000e+00
995.000000 1.28366000e+00
1005.000000 1.59248000e+00
1015.000000 1.47682000e+00
1025.000000 1.69926000e+00
1035.000000 2.54223000e+00
1045.000000 4.00214000e+00
1055.000000 5.18507000e+00
1065.000000 6.32142000e+00
1075.000000 7.87151000e+00
1085.000000 9.62893000e+00
1095.000000 1.13639000e+01
1105.000000 2.57115000e+01
1115.000000 5.24568000e+01
1125.000000 6.04166000e+01
1135.000000 7.02355000e+01
1145.000000 7.25341000e+01
1155.000000 6.55706000e+01
1165.000000 6.50965000e+01
1175.000000 5.49176000e+01
1185.000000 1.63210000e+02
1195.000000 2.79825000e+01
1205.000000 1.65883000e+01
1215.000000 5.52707000e+00
1225.000000 1.97550000e+01
1235.000000 5.03557000e+01
1245.000000 6.36881000e+01
1255.000000 1.04803000e+02
1265.000000 1.55692000e+02
1275.000000 2.16294000e+02
1285.000000 3.11244000e+02
1295.000000 4.28773000e+02
1305.000000 5.64444000e+02
1315.000000 7.58306000e+02
1325.000000 9.99662000e+02
1335.000000 1.31169000e+03
1345.000000 1.65775000e+03
1355.000000 1.97678000e+03
1365.000000 2.41579000e+03
1375.000000 2.91281000e+03
1385.000000 3.47815000e+03
1395.000000 4.17843000e+03
1405.000000 5.16307000e+03
1415.000000 6.64113000e+03
1425.000000 8.17919000e+03
1435.000000 9.69455000e+03
1442.000000 1.35398000e+04
1447.000000 1.35858000e+04
1455.000000 1.80657000e+04
1465.000000 1.93400000e+04
1475.000000 2.39445000e+04
1485.000000 3.03727000e+04
1495.000000 3.82945000e+04
1505.000000 4.85668000e+04
1512.000000 5.16182000e+04
1517.000000 4.13008000e+04
1525.000000 4.71166000e+04
1535.000000 6.50516000e+04
1545.000000 7.13995000e+04
1555.000000 6.92923000e+04
1565.000000 5.62227000e+04
1575.000000 6.14461000e+04
1585.000000 6.28956000e+04
1595.000000 6.53154000e+04
1605.000000 6.94369000e+04
1615.000000 1.10632000e+05
1625.000000 2.01916000e+05
1635.000000 3.72991000e+05
1645.000000 6.86557000e+05
1655.000000 5.68844000e+05
1665.000000 1.17379000e+06
1672.000000 8.21287000e+05
1677.000000 1.39422000e+06
1685.000000 1.67093000e+06
1695.000000 1.72825000e+06
1705.000000 1.77205000e+06
1715.000000 2.05373000e+06
1725.000000 2.11266000e+06
1735.000000 2.37309000e+06
1745.000000 2.34572000e+06
1755.000000 2.65323000e+06
1765.000000 2.32322000e+06
1775.000000 2.64400000e+06
1785.000000 2.73033000e+06
1795.000000 3.10221000e+06
1805.000000 2.92200000e+06
1815.000000 3.06292000e+06
1825.000000 2.87075000e+06
1835.000000 3.05257000e+06
1845.000000 2.82943000e+06
1855.000000 3.01852000e+06
1865.000000 3.14946000e+06
1875.000000 3.25676000e+06
1885.000000 3.34624000e+06
1895.000000 3.45244000e+06
1905.000000 3.30594000e+06
1915.000000 3.59920000e+06
1925.000000 3.75019000e+06
1935.000000 3.48826000e+06
1945.000000 3.96704000e+06
1955.000000 3.99417000e+06
1967.000000 4.19962000e+06
1976.000000 4.10974000e+06
1984.000000 4.12222000e+06
1995.000000 4.09213000e+06
2005.000000 4.00811000e+06
2015.000000 4.05509000e+06
2025.000000 3.86181000e+06
2035.000000 4.24086000e+06
2045.000000 4.47758000e+06
2055.000000 4.35516000e+06
2065.000000 4.31246000e+06
2074.000000 4.74534000e+06
2078.000000 4.80517000e+06
2085.000000 4.76811000e+06
2095.000000 4.65849000e+06
2105.000000 4.60184000e+06
2115.000000 4.69317000e+06
2125.000000 4.81671000e+06
2135.000000 4.15564000e+06
2145.000000 4.70676000e+06
2155.000000 4.75549000e+06
2165.000000 4.58315000e+06
2175.000000 4.60266000e+06
2185.000000 4.79136000e+06
2195.000000 5.16104000e+06
2205.000000 5.01198000e+06
2215.000000 4.66275000e+06
2225.000000 4.78508000e+06
2235.000000 5.36410000e+06
2245.000000 4.91181000e+06
2255.000000 4.78707000e+06
2265.000000 4.73388000e+06
2275.000000 5.17313000e+06
2285.000000 5.31641000e+06
2295.000000 5.03136000e+06
2305.000000 5.20059000e+06
2315.000000 5.23919000e+06
2325.000000 5.23214000e+06
2335.000000 4.98690000e+06
2345.000000 4.43544000e+06
2355.000000 5.37798000e+06
2365.000000 4.66693000e+06
2375.000000 5.20323000e+06
2385.000000 4.26976000e+06
2395.000000 4.86344000e+06
2405.000000 4.74095000e+06
2415.000000 4.92261000e+06
2425.000000 5.54099000e+06
2435.000000 5.43851000e+06
2445.000000 5.70568000e+06
2455.000000 5.60691000e+06
2465.000000 5.60367000e+06
2475.000000 5.39089000e+06
2485.000000 5.60583000e+06
2495.000000 5.52649000e+06
2505.000000 6.12370000e+06
2513.000000 5.57234000e+06
2518.000000 5.66349000e+06
2525.000000 5.33036000e+06
2535.000000 5.24477000e+06
2545.000000 5.33939000e+06
2555.000000 5.73841000e+06
2565.000000 5.75582000e+06
2575.000000 6.15039000e+06
2585.000000 6.15590000e+06
2595.000000 6.05707000e+06
2605.000000 5.84023000e+06
2615.000000 5.72403000e+06
2625.000000 6.22613000e+06
2635.000000 6.37430000e+06
2645.000000 7.17270000e+06
2655.000000 7.18343000e+06
2665.000000 6.75460000e+06
2675.000000 6.99060000e+06
2685.000000 7.11526000e+06
2695.000000 6.78660000e+06
2705.000000 6.91621000e+06
2715.000000 6.62055000e+06
2725.000000 6.71055000e+06
2735.000000 7.13347000e+06
2745.000000 6.07915000e+06
2755.000000 6.42423000e+06
2765.000000 6.77551000e+06
2775.000000 7.22675000e+06
2785.000000 7.14289000e+06
2795.000000 5.05825000e+06
2805.000000 5.73759000e+06
2815.000000 7.61329000e+06
2825.000000 7.61991000e+06
2835.000000 7.46594000e+06
2845.000000 7.36328000e+06
2855.000000 7.08578000e+06
2865.000000 7.45085000e+06
2875.000000 7.37313000e+06
2885.000000 7.59820000e+06
2895.000000 7.46939000e+06
2910.000000 8.03277000e+06
2930.000000 7.90285000e+06
2950.000000 7.89649000e+06
2970.000000 8.05401000e+06
2990.000000 8.16407000e+06
3010.000000 8.28962000e+06
3030.000000 8.36233000e+06
3050.000000 8.39597000e+06
3070.000000 8.39686000e+06
3090.000000 8.58009000e+06
3110.000000 8.50164000e+06
3130.000000 8.52524000e+06
3150.000000 8.71385000e+06
3170.000000 8.75870000e+06
3190.000000 8.53482000e+06
3210.000000 8.73043000e+06
3230.000000 8.62120000e+06
3250.000000 8.81395000e+06
3270.000000 8.93230000e+06
3290.000000 9.08820000e+06
3310.000000 9.16920000e+06
3330.000000 9.07366000e+06
3350.000000 8.99350000e+06
3370.000000 9.06255000e+06
3390.000000 9.09001000e+06
3410.000000 9.28370000e+06
3430.000000 9.34963000e+06
3450.000000 9.33808000e+06
3470.000000 9.30052000e+06
3490.000000 9.33991000e+06
3510.000000 9.49063000e+06
3530.000000 9.56479000e+06
3550.000000 9.64535000e+06
3570.000000 9.50950000e+06
3590.000000 9.53158000e+06
3610.000000 9.59074000e+06
3630.000000 9.66861000e+06
3640.000000 9.62864000e+06
3650.000000 9.77927000e+06
3670.000000 9.72360000e+06
3690.000000 1.05213000e+07
3710.000000 1.36923000e+07
3730.000000 1.79241000e+07
3750.000000 2.48471000e+07
3770.000000 2.60712000e+07
3790.000000 3.07356000e+07
3810.000000 3.48127000e+07
3830.000000 2.81348000e+07
3850.000000 3.71354000e+07
3870.000000 3.97434000e+07
3890.000000 2.59566000e+07
3910.000000 3.91414000e+07
3930.000000 3.70951000e+07
3950.000000 3.90770000e+07
3970.000000 2.45290000e+07
3990.000000 3.80608000e+07
4010.000000 3.95048000e+07
4030.000000 3.91693000e+07
4050.000000 3.87765000e+07
4070.000000 3.76959000e+07
4090.000000 3.31415000e+07
4110.000000 2.63990000e+07
4130.000000 3.66638000e+07
4150.000000 3.69697000e+07
4170.000000 3.65552000e+07
4190.000000 3.62243000e+07
4210.000000 3.57598000e+07
4230.000000 3.52582000e+07
4250.000000 3.49980000e+07
4270.000000 3.46110000e+07
4290.000000 3.42277000e+07
4310.000000 3.29353000e+07
4330.000000 2.83518000e+07
4350.000000 2.46574000e+07
4370.000000 3.26940000e+07
4390.000000 3.25023000e+07
4410.000000 3.21675000e+07
4430.000000 3.23691000e+07
4450.000000 3.19438000e+07
4470.000000 3.16661000e+07
4490.000000 3.13715000e+07
4510.000000 3.10698000e+07
4530.000000 3.06602000e+07
4550.000000 3.01311000e+07
4570.000000 3.02269000e+07
4590.000000 2.98818000e+07
4610.000000 2.99173000e+07
4630.000000 2.94345000e+07
4650.000000 2.93578000e+07
4670.000000 2.90844000e+07
4690.000000 2.87872000e+07
4710.000000 2.82834000e+07
4730.000000 2.83091000e+07
4750.000000 2.80829000e+07
4770.000000 2.78065000e+07
4790.000000 2.75091000e+07
4810.000000 2.71880000e+07
4830.000000 2.66404000e+07
4850.000000 2.33509000e+07
4870.000000 1.94346000e+07
4890.000000 2.56866000e+07
4910.000000 2.59637000e+07
4930.000000 2.55675000e+07
4950.000000 2.56119000e+07
4970.000000 2.54718000e+07
4990.000000 2.51924000e+07
5010.000000 2.47875000e+07
5030.000000 2.47829000e+07
5050.000000 2.45500000e+07
5070.000000 2.43831000e+07
5090.000000 2.41642000e+07
5110.000000 2.39653000e+07
5130.000000 2.37259000e+07
5150.000000 2.35022000e+07
5170.000000 2.29993000e+07
5190.000000 2.28616000e+07
5210.000000 2.28668000e+07
5230.000000 2.25697000e+07
5250.000000 2.25880000e+07
5270.000000 2.21755000e+07
5290.000000 2.22033000e+07
5310.000000 2.19442000e+07
5330.000000 2.17307000e+07
5350.000000 2.16778000e+07
5370.000000 2.14435000e+07
5390.000000 2.12898000e+07
5410.000000 2.10877000e+07
5430.000000 2.09224000e+07
5450.000000 2.07754000e+07
5470.000000 2.06326000e+07
5490.000000 2.04826000e+07
5510.000000 2.03155000e+07
5530.000000 2.01233000e+07
5550.000000 2.00078000e+07
5570.000000 1.98304000e+07
5590.000000 1.96659000e+07
5610.000000 1.95187000e+07
5630.000000 1.93803000e+07
5650.000000 1.92174000e+07
5670.000000 1.90633000e+07
5690.000000 1.89272000e+07
5710.000000 1.87775000e+07
5730.000000 1.86386000e+07
5750.000000 1.84909000e+07
5770.000000 1.83494000e+07
5790.000000 1.82060000e+07
5810.000000 1.80664000e+07
5830.000000 1.79282000e+07
5850.000000 1.77860000e+07
5870.000000 1.76519000e+07
5890.000000 1.73997000e+07
5910.000000 1.73836000e+07
5930.000000 1.72515000e+07
5950.000000 1.71208000e+07
5970.000000 1.69915000e+07
5990.000000 1.68604000e+07
6010.000000 1.67327000e+07
6030.000000 1.66074000e+07
6050.000000 1.64844000e+07
6070.000000 1.63637000e+07
6090.000000 1.62401000e+07
6110.000000 1.61158000e+07
6130.000000 1.59858000e+07
6150.000000 1.58481000e+07
6170.000000 1.57475000e+07
6190.000000 1.56459000e+07
6210.000000 1.55326000e+07
6230.000000 1.54126000e+07
6250.000000 1.52698000e+07
6270.000000 1.51926000e+07
6290.000000 1.50819000e+07
6310.000000 1.49647000e+07
6330.000000 1.48599000e+07
6350.000000 1.47468000e+07
6370.000000 1.46414000e+07
6390.000000 1.45397000e+07
6410.000000 1.44262000e+07
6430.000000 1.43266000e+07
6450.000000 1.42008000e+07
6470.000000 1.41221000e+07
6490.000000 1.39824000e+07
6510.000000 1.38620000e+07
6530.000000 1.36606000e+07
6550.000000 1.26605000e+07
6570.000000 1.03179000e+07
6590.000000 1.32100000e+07
6610.000000 1.33526000e+07
6630.000000 1.33090000e+07
6650.000000 1.32487000e+07
6670.000000 1.31549000e+07
6690.000000 1.30655000e+07
6710.000000 1.29735000e+07
6730.000000 1.28832000e+07
6750.000000 1.27912000e+07
6770.000000 1.27043000e+07
6790.000000 1.26156000e+07
6810.000000 1.25286000e+07
6830.000000 1.24400000e+07
6850.000000 1.23547000e+07
6870.000000 1.22701000e+07
6890.000000 1.21862000e+07
6910.000000 1.21024000e+07
6930.000000 1.20185000e+07
6950.000000 1.19362000e+07
6970.000000 1.18546000e+07
6990.000000 1.17737000e+07
7010.000000 1.16905000e+07
7030.000000 1.16127000e+07
7050.000000 1.15348000e+07
7070.000000 1.14568000e+07
7090.000000 1.13788000e+07
7110.000000 1.12902000e+07
7130.000000 1.12233000e+07
7150.000000 1.11481000e+07
7170.000000 1.10735000e+07
7190.000000 1.09981000e+07
7210.000000 1.09234000e+07
7230.000000 1.08508000e+07
7250.000000 1.07803000e+07
7270.000000 1.07089000e+07
7290.000000 1.06347000e+07
7310.000000 1.05632000e+07
7330.000000 1.04937000e+07
7350.000000 1.04262000e+07
7370.000000 1.03586000e+07
7390.000000 1.02881000e+07
7410.000000 1.02175000e+07
7430.000000 1.01517000e+07
7450.000000 1.00850000e+07
7470.000000 1.00156000e+07
7490.000000 9.95074000e+06
7510.000000 9.88713000e+06
7530.000000 9.82471000e+06
7550.000000 9.76215000e+06
7570.000000 9.69749000e+06
7590.000000 9.63468000e+06
7610.000000 9.57239000e+06
7630.000000 9.50998000e+06
7650.000000 9.44809000e+06
7670.000000 9.38543000e+06
7690.000000 9.32648000e+06
7710.000000 9.26295000e+06
7730.000000 9.20688000e+06
7750.000000 9.14688000e+06
7770.000000 9.04868000e+06
7790.000000 9.03146000e+06
7810.000000 8.97353000e+06
7830.000000 8.91484000e+06
7850.000000 8.85725000e+06
7870.000000 8.80073000e+06
7890.000000 8.74346000e+06
7910.000000 8.69027000e+06
7930.000000 8.63391000e+06
7950.000000 8.57920000e+06
7970.000000 8.52789000e+06
7990.000000 8.47168000e+06
8010.000000 8.41944000e+06
8030.000000 8.36704000e+06
8050.000000 8.31447000e+06
8070.000000 8.26232000e+06
8090.000000 8.21000000e+06
8110.000000 8.15982000e+06
8130.000000 8.10890000e+06
8150.000000 8.05837000e+06
8170.000000 8.00768000e+06
8190.000000 7.94896000e+06
8210.000000 7.91922000e+06
8230.000000 7.87188000e+06
8250.000000 7.82213000e+06
8270.000000 7.78380000e+06
8290.000000 7.73203000e+06
8310.000000 7.66867000e+06
8330.000000 7.58683000e+06
8350.000000 7.56998000e+06
8370.000000 7.43114000e+06
8390.000000 7.41823000e+06
8410.000000 7.35476000e+06
8430.000000 7.45667000e+06
8450.000000 7.40084000e+06
8470.000000 7.12857000e+06
8490.000000 7.61036000e+06
8510.000000 6.98265000e+06
8530.000000 7.66497000e+06
8550.000000 6.77471000e+06
8570.000000 7.73824000e+06
8590.000000 7.34026000e+06
8610.000000 7.11817000e+06
8630.000000 7.82474000e+06
8650.000000 7.67632000e+06
8670.000000 6.54888000e+06
8690.000000 7.73403000e+06
8710.000000 7.81723000e+06
8730.000000 7.67073000e+06
8750.000000 6.48528000e+06
8770.000000 7.44712000e+06
8790.000000 7.65462000e+06
8810.000000 7.62282000e+06
8830.000000 7.54581000e+06
8850.000000 7.18707000e+06
8870.000000 6.30764000e+06
8890.000000 7.34086000e+06
8910.000000 7.38956000e+06
8930.000000 7.35650000e+06
8950.000000 7.32977000e+06
8970.000000 7.27090000e+06
8990.000000 7.14722000e+06
9010.000000 6.17301000e+06
9030.000000 6.67285000e+06
9050.000000 7.05691000e+06
9070.000000 7.01895000e+06
9090.000000 6.95390000e+06
9110.000000 6.97651000e+06
9130.000000 6.95773000e+06
9150.000000 6.91655000e+06
9170.000000 6.85998000e+06
9190.000000 6.79358000e+06
9210.000000 6.60111000e+06
9230.000000 5.60100000e+06
9250.000000 6.46048000e+06
9270.000000 6.61063000e+06
9290.000000 6.61799000e+06
9310.000000 6.59393000e+06
9330.000000 6.55487000e+06
9350.000000 6.51652000e+06
9370.000000 6.47843000e+06
9390.000000 6.43890000e+06
9410.000000 6.35923000e+06
9430.000000 6.36151000e+06
9450.000000 6.32576000e+06
9470.000000 6.28898000e+06
9490.000000 6.23824000e+06
9510.000000 6.17246000e+06
9530.000000 5.96655000e+06
9550.000000 5.12330000e+06
9570.000000 5.94886000e+06
9590.000000 6.03754000e+06
9610.000000 6.02019000e+06
9630.000000 5.98343000e+06
9650.000000 5.96715000e+06
9670.000000 5.91107000e+06
9690.000000 5.89833000e+06
9710.000000 5.86646000e+06
9730.000000 5.83282000e+06
9750.000000 5.79782000e+06
9770.000000 5.76621000e+06
9790.000000 5.73324000e+06
9810.000000 5.70010000e+06
9830.000000 5.66797000e+06
9850.000000 5.63371000e+06
9870.000000 5.60239000e+06
9890.000000 5.56589000e+06
9910.000000 5.53885000e+06
9930.000000 5.50662000e+06
9950.000000 5.47690000e+06
9970.000000 5.44661000e+06
9990.000000 5.40482000e+06
10025.000000 5.17859000e+06
10075.000000 4.96550000e+06
10125.000000 5.20506000e+06
10175.000000 5.14165000e+06
10225.000000 5.07131000e+06
10275.000000 5.00209000e+06
10325.000000 4.93150000e+06
10375.000000 4.86589000e+06
10425.000000 4.79956000e+06
10475.000000 4.72776000e+06
10525.000000 4.66968000e+06
10575.000000 4.60710000e+06
10625.000000 4.54382000e+06
10675.000000 4.45474000e+06
10725.000000 4.41265000e+06
10775.000000 4.36335000e+06
10825.000000 4.30353000e+06
10875.000000 4.23824000e+06
10925.000000 3.85265000e+06
10975.000000 4.06034000e+06
11025.000000 4.08279000e+06
11075.000000 4.03372000e+06
11125.000000 3.98080000e+06
11175.000000 3.92927000e+06
11225.000000 3.87910000e+06
11275.000000 3.82521000e+06
11325.000000 3.77359000e+06
11375.000000 3.73059000e+06
11425.000000 3.68214000e+06
11475.000000 3.63724000e+06
11525.000000 3.59129000e+06
11575.000000 3.54571000e+06
11625.000000 3.49771000e+06
11675.000000 3.44874000e+06
11725.000000 3.41391000e+06
11775.000000 3.35591000e+06
11825.000000 3.32193000e+06
11875.000000 3.28199000e+06
11925.000000 3.24737000e+06
11975.000000 3.19956000e+06
12025.000000 3.16675000e+06
12075.000000 3.12715000e+06
12125.000000 3.08937000e+06
12175.000000 3.05261000e+06
12225.000000 3.01534000e+06
12275.000000 2.97807000e+06
12325.000000 2.94255000e+06
12375.000000 2.90701000e+06
12425.000000 2.87243000e+06
12475.000000 2.83784000e+06
12525.000000 2.80370000e+06
12575.000000 2.76882000e+06
12625.000000 2.73582000e+06
12675.000000 2.70490000e+06
12725.000000 2.67182000e+06
12775.000000 2.61840000e+06
12825.000000 2.37150000e+06
12875.000000 2.56402000e+06
12925.000000 2.54873000e+06
12975.000000 2.51950000e+06
13025.000000 2.49020000e+06
13075.000000 2.46128000e+06
13125.000000 2.43250000e+06
13175.000000 2.40409000e+06
13225.000000 2.37668000e+06
13275.000000 2.34941000e+06
13325.000000 2.32247000e+06
13375.000000 2.29587000e+06
13425.000000 2.26961000e+06
13475.000000 2.24367000e+06
13525.000000 2.21784000e+06
13575.000000 2.19274000e+06
13625.000000 2.16816000e+06
13675.000000 2.14367000e+06
13725.000000 2.11708000e+06
13775.000000 2.09518000e+06
13825.000000 2.07178000e+06
13875.000000 2.04885000e+06
13925.000000 2.02581000e+06
13975.000000 2.00324000e+06
14025.000000 1.98094000e+06
14075.000000 1.95909000e+06
14125.000000 1.93731000e+06
14175.000000 1.91598000e+06
14225.000000 1.89472000e+06
14275.000000 1.87370000e+06
14325.000000 1.85330000e+06
14375.000000 1.83296000e+06
14425.000000 1.80769000e+06
14475.000000 1.79310000e+06
14525.000000 1.77046000e+06
14570.000000 1.75597000e+06
14620.000000 1.73781000e+06
14675.000000 1.71850000e+06
14725.000000 1.70026000e+06
14775.000000 1.68163000e+06
14825.000000 1.66401000e+06
14875.000000 1.64408000e+06
14925.000000 1.62746000e+06
14975.000000 1.61053000e+06
15025.000000 1.58510000e+06
15075.000000 1.57082000e+06
15125.000000 1.55205000e+06
15175.000000 1.53531000e+06
15225.000000 1.53643000e+06
15275.000000 1.49175000e+06
15325.000000 1.47714000e+06
15375.000000 1.49275000e+06
15425.000000 1.43174000e+06
15475.000000 1.46924000e+06
15525.000000 1.46037000e+06
15575.000000 1.37339000e+06
15625.000000 1.44936000e+06
15675.000000 1.40532000e+06
15725.000000 1.33706000e+06
15775.000000 1.41404000e+06
15825.000000 1.40089000e+06
15875.000000 1.26754000e+06
15925.000000 1.36376000e+06
15975.000000 1.37044000e+06
16050.000000 1.33935000e+06
16150.000000 1.25818000e+06
16250.000000 1.30201000e+06
16350.000000 1.25694000e+06
16450.000000 1.18177000e+06
16550.000000 1.22089000e+06
16650.000000 1.19515000e+06
16750.000000 1.15262000e+06
16850.000000 1.08501000e+06
16950.000000 1.12071000e+06
17050.000000 1.09726000e+06
17150.000000 1.07451000e+06
17250.000000 1.05071000e+06
17350.000000 9.68135000e+05
17450.000000 1.00434000e+06
17550.000000 9.88405000e+05
17650.000000 9.68264000e+05
17750.000000 9.49038000e+05
17850.000000 9.29886000e+05
17950.000000 9.11498000e+05
18050.000000 8.92604000e+05
18150.000000 8.27765000e+05
18250.000000 8.51317000e+05
18350.000000 8.41437000e+05
18450.000000 8.25058000e+05
18550.000000 8.08972000e+05
18650.000000 7.91720000e+05
18750.000000 7.29225000e+05
18850.000000 7.60589000e+05
18950.000000 7.48271000e+05
19050.000000 7.34602000e+05
19150.000000 7.20735000e+05
19250.000000 7.07166000e+05
19350.000000 6.92450000e+05
19450.000000 6.43015000e+05
19550.000000 6.66960000e+05
19650.000000 6.56121000e+05
19750.000000 6.43959000e+05
19850.000000 6.32353000e+05
19950.000000 6.20852000e+05
20050.000000 6.09633000e+05
20150.000000 5.98660000e+05
20250.000000 5.87911000e+05
20350.000000 5.77399000e+05
20450.000000 5.67172000e+05
20550.000000 5.57142000e+05
20650.000000 5.47280000e+05
20750.000000 5.37722000e+05
20850.000000 5.28338000e+05
20950.000000 5.19135000e+05
21050.000000 5.10150000e+05
21150.000000 5.01287000e+05
21250.000000 4.92642000e+05
21350.000000 4.84294000e+05
21450.000000 4.76113000e+05
21550.000000 4.67356000e+05
21650.000000 4.36132000e+05
21750.000000 4.50861000e+05
21850.000000 4.44826000e+05
21950.000000 4.37451000e+05
22050.000000 4.30160000e+05
22150.000000 4.22976000e+05
22250.000000 4.16131000e+05
22350.000000 4.09316000e+05
22450.000000 4.02635000e+05
22550.000000 3.96012000e+05
22650.000000 3.89667000e+05
22750.000000 3.83388000e+05
22850.000000 3.77384000e+05
22950.000000 3.71399000e+05
23050.000000 3.65581000e+05
23150.000000 3.59836000e+05
23250.000000 3.54196000e+05
23350.000000 3.48633000e+05
23450.000000 3.43145000e+05
23550.000000 3.37798000e+05
23650.000000 3.32422000e+05
23750.000000 3.27364000e+05
23850.000000 3.22207000e+05
23950.000000 3.17132000e+05
24050.000000 3.11947000e+05
24150.000000 3.06682000e+05
24250.000000 3.03952000e+05
24350.000000 2.97312000e+05
24450.000000 2.92226000e+05
24550.000000 2.90544000e+05
24650.000000 2.84353000e+05
24750.000000 2.80277000e+05
24850.000000 2.79087000e+05
24950.000000 2.67849000e+05
25050.000000 2.71196000e+05
25150.000000 2.67430000e+05
25250.000000 2.54945000e+05
25350.000000 2.59633000e+05
25450.000000 2.56468000e+05
25550.000000 2.52375000e+05
25650.000000 2.39269000e+05
25750.000000 2.45556000e+05
25850.000000 2.42425000e+05
25950.000000 2.39061000e+05
26050.000000 2.34486000e+05
26150.000000 2.21948000e+05
26250.000000 2.17023000e+05
26350.000000 2.25189000e+05
26450.000000 2.23226000e+05
26550.000000 2.20105000e+05
26650.000000 2.16392000e+05
26750.000000 2.03385000e+05
26850.000000 2.10448000e+05
26950.000000 2.08126000e+05
27050.000000 2.05247000e+05
27150.000000 2.02434000e+05
27250.000000 1.99657000e+05
27350.000000 1.96931000e+05
27450.000000 1.94114000e+05
27550.000000 1.83217000e+05
27650.000000 1.87132000e+05
27750.000000 1.86476000e+05
27850.000000 1.83973000e+05
27950.000000 1.81511000e+05
28050.000000 1.79090000e+05
28150.000000 1.76712000e+05
28250.000000 1.74368000e+05
28350.000000 1.72066000e+05
28450.000000 1.69793000e+05
28550.000000 1.67570000e+05
28650.000000 1.64461000e+05
28750.000000 1.55648000e+05
28850.000000 1.60917000e+05
28950.000000 1.59016000e+05
29050.000000 1.56963000e+05
29150.000000 1.54935000e+05
29250.000000 1.52957000e+05
29350.000000 1.51003000e+05
29450.000000 1.49080000e+05
29550.000000 1.47188000e+05
29650.000000 1.45323000e+05
29750.000000 1.43488000e+05
29850.000000 1.41682000e+05
29950.000000 1.39906000e+05
30050.000000 1.38155000e+05
30150.000000 1.36432000e+05
30250.000000 1.34683000e+05
30350.000000 1.28320000e+05
30450.000000 1.29462000e+05
30550.000000 1.29806000e+05
30650.000000 1.28215000e+05
30750.000000 1.26645000e+05
30850.000000 1.25093000e+05
30950.000000 1.23574000e+05
31050.000000 1.22076000e+05
31150.000000 1.20587000e+05
31250.000000 1.19145000e+05
31350.000000 1.17716000e+05
31450.000000 1.16302000e+05
31550.000000 1.14918000e+05
31650.000000 1.13554000e+05
31750.000000 1.12197000e+05
31850.000000 1.10877000e+05
31950.000000 1.09568000e+05
32100.000000 1.07640000e+05
32300.000000 1.05137000e+05
32500.000000 1.02702000e+05
32700.000000 1.00340000e+05
32900.000000 9.54310000e+04
33100.000000 9.53265000e+04
33300.000000 9.34409000e+04
33500.000000 9.13651000e+04
33700.000000 8.93218000e+04
33900.000000 8.73531000e+04
34100.000000 8.54276000e+04
34300.000000 8.35632000e+04
34500.000000 8.17426000e+04
34700.000000 7.99802000e+04
34900.000000 7.82403000e+04
35100.000000 7.65745000e+04
35300.000000 7.49383000e+04
35500.000000 7.32952000e+04
35700.000000 7.16930000e+04
35900.000000 7.04404000e+04
36100.000000 6.86560000e+04
36300.000000 6.75671000e+04
36500.000000 6.57484000e+04
36700.000000 6.48520000e+04
36900.000000 6.29418000e+04
37100.000000 6.22294000e+04
37300.000000 6.04808000e+04
37500.000000 5.82032000e+04
37700.000000 5.85813000e+04
37900.000000 5.74401000e+04
38100.000000 5.57408000e+04
38300.000000 5.48931000e+04
38500.000000 5.41514000e+04
38700.000000 5.31605000e+04
38900.000000 5.20551000e+04
39100.000000 5.01095000e+04
39300.000000 5.01130000e+04
39500.000000 4.91650000e+04
39700.000000 4.82239000e+04
39900.000000 4.72968000e+04
40100.000000 4.60811000e+04
40300.000000 4.48362000e+04
40500.000000 4.37054000e+04
40700.000000 4.38182000e+04
40900.000000 4.30169000e+04
41100.000000 4.22201000e+04
41300.000000 4.14411000e+04
41500.000000 4.06752000e+04
41700.000000 3.90510000e+04
41900.000000 3.91941000e+04
42100.000000 3.84953000e+04
42300.000000 3.78037000e+04
42500.000000 3.71234000e+04
42700.000000 3.64603000e+04
42900.000000 3.58120000e+04
43100.000000 3.51762000e+04
43300.000000 3.45546000e+04
43500.000000 3.39490000e+04
43700.000000 3.26900000e+04
43900.000000 3.26958000e+04
44100.000000 3.22043000e+04
44300.000000 3.16493000e+04
44500.000000 3.11048000e+04
44700.000000 3.06102000e+04
44900.000000 3.00485000e+04
45100.000000 2.95400000e+04
45300.000000 2.90429000e+04
45500.000000 2.85552000e+04
45700.000000 2.80767000e+04
45900.000000 2.76073000e+04
46100.000000 2.71484000e+04
46300.000000 2.66894000e+04
46500.000000 2.56972000e+04
46700.000000 2.52617000e+04
46900.000000 2.53807000e+04
47100.000000 2.49940000e+04
47300.000000 2.45912000e+04
47500.000000 2.41942000e+04
47700.000000 2.38046000e+04
47900.000000 2.34207000e+04
48100.000000 2.30472000e+04
48300.000000 2.26904000e+04
48500.000000 2.23163000e+04
48700.000000 2.19793000e+04
48900.000000 2.16187000e+04
49100.000000 2.12976000e+04
49300.000000 2.09407000e+04
49500.000000 2.06719000e+04
49700.000000 2.02832000e+04
49900.000000 2.00422000e+04
50100.000000 1.97279000e+04
50300.000000 1.93510000e+04
50500.000000 1.91478000e+04
50700.000000 1.88563000e+04
50900.000000 1.84612000e+04
51100.000000 1.82463000e+04
51300.000000 1.76219000e+04
51500.000000 1.77239000e+04
51700.000000 1.73559000e+04
51900.000000 1.72238000e+04
52100.000000 1.69697000e+04
52300.000000 1.67203000e+04
52500.000000 1.64524000e+04
52700.000000 1.61026000e+04
52900.000000 1.59972000e+04
53100.000000 1.57647000e+04
53300.000000 1.55365000e+04
53500.000000 1.53127000e+04
53700.000000 1.49963000e+04
53900.000000 1.47997000e+04
54100.000000 1.46647000e+04
54300.000000 1.44572000e+04
54500.000000 1.42524000e+04
54700.000000 1.40501000e+04
54900.000000 1.38529000e+04
55100.000000 1.36434000e+04
55300.000000 1.32911000e+04
55500.000000 1.32811000e+04
55700.000000 1.30972000e+04
55900.000000 1.29157000e+04
56100.000000 1.27388000e+04
56300.000000 1.25640000e+04
56500.000000 1.23926000e+04
56700.000000 1.22233000e+04
56900.000000 1.20573000e+04
57100.000000 1.17003000e+04
57300.000000 1.17289000e+04
57500.000000 1.15756000e+04
57700.000000 1.14208000e+04
57900.000000 1.12690000e+04
58100.000000 1.11186000e+04
58300.000000 1.09708000e+04
58500.000000 1.08425000e+04
58700.000000 1.06988000e+04
58900.000000 1.05333000e+04
59100.000000 1.01995000e+04
59300.000000 1.02604000e+04
59500.000000 9.96847000e+03
59700.000000 9.97621000e+03
59900.000000 9.88964000e+03
60100.000000 9.76229000e+03
60300.000000 9.63693000e+03
60500.000000 9.51362000e+03
60700.000000 9.39224000e+03
60900.000000 9.27275000e+03
61100.000000 9.15463000e+03
61300.000000 9.03944000e+03
61500.000000 8.92557000e+03
61700.000000 8.81347000e+03
61900.000000 8.70312000e+03
62100.000000 8.59459000e+03
62300.000000 8.48709000e+03
62500.000000 8.38232000e+03
62700.000000 8.27124000e+03
62900.000000 8.01334000e+03
63100.000000 8.06272000e+03
63300.000000 7.97726000e+03
63500.000000 7.87981000e+03
63700.000000 7.78389000e+03
63900.000000 7.68939000e+03
64200.000000 7.55033000e+03
64600.000000 7.36847000e+03
65000.000000 7.19165000e+03
65400.000000 7.02459000e+03
65800.000000 6.85513000e+03
66200.000000 6.69483000e+03
66600.000000 6.54152000e+03
67000.000000 6.39232000e+03
67400.000000 6.23846000e+03
67800.000000 6.04189000e+03
68200.000000 5.95616000e+03
68600.000000 5.83047000e+03
69000.000000 5.69968000e+03
69400.000000 5.56096000e+03
69800.000000 5.44885000e+03
70200.000000 5.32868000e+03
70600.000000 5.21170000e+03
71000.000000 5.08432000e+03
71400.000000 4.98738000e+03
71800.000000 4.87972000e+03
72200.000000 4.77492000e+03
72600.000000 4.65640000e+03
73000.000000 4.57363000e+03
73400.000000 4.47707000e+03
73800.000000 4.38295000e+03
74200.000000 4.29134000e+03
74600.000000 4.15386000e+03
75000.000000 4.02823000e+03
75400.000000 4.02814000e+03
75800.000000 3.94824000e+03
76200.000000 3.86783000e+03
76600.000000 3.78953000e+03
77000.000000 3.71316000e+03
77400.000000 3.63866000e+03
77800.000000 3.54277000e+03
78200.000000 3.49528000e+03
78600.000000 3.42626000e+03
79000.000000 3.35887000e+03
79400.000000 3.29315000e+03
79800.000000 3.22904000e+03
80200.000000 3.16651000e+03
80600.000000 3.10541000e+03
81000.000000 3.04582000e+03
81400.000000 2.96678000e+03
81800.000000 2.92815000e+03
82200.000000 2.87547000e+03
82600.000000 2.82129000e+03
83000.000000 2.76841000e+03
83400.000000 2.71678000e+03
83800.000000 2.66634000e+03
84200.000000 2.61710000e+03
84600.000000 2.56894000e+03
85000.000000 2.52187000e+03
85400.000000 2.47594000e+03
85800.000000 2.43080000e+03
86200.000000 2.38710000e+03
86600.000000 2.32350000e+03
87000.000000 2.30169000e+03
87400.000000 2.24999000e+03
87800.000000 2.21043000e+03
88200.000000 2.18185000e+03
88600.000000 2.14199000e+03
89000.000000 2.10595000e+03
89400.000000 2.06923000e+03
89800.000000 2.03332000e+03
90200.000000 1.99815000e+03
90600.000000 1.96195000e+03
91000.000000 1.93014000e+03
91400.000000 1.89718000e+03
91800.000000 1.86495000e+03
92200.000000 1.83343000e+03
92600.000000 1.79930000e+03
93000.000000 1.77227000e+03
93400.000000 1.74270000e+03
93800.000000 1.69837000e+03
94200.000000 1.68440000e+03
94600.000000 1.65751000e+03
95000.000000 1.62885000e+03
95400.000000 1.60081000e+03
95800.000000 1.57746000e+03
96200.000000 1.55183000e+03
96600.000000 1.52677000e+03
97000.000000 1.50215000e+03
97400.000000 1.47809000e+03
97800.000000 1.45448000e+03
98200.000000 1.43101000e+03
98600.000000 1.40431000e+03
99000.000000 1.38642000e+03
99400.000000 1.36460000e+03
99800.000000 1.34325000e+03
100200.000000 1.32230000e+03
200000.000000 8.61156000e+01
400000.000000 5.44068000e+00
600000.000000 1.07326000e+00
800000.000000 3.38356000e-01
1000000.000000 1.38026000e-01
1200000.000000 6.62965000e-02
1400000.000000 3.56509000e-02
1600000.000000 2.08261000e-02
