# Kurucz ODFNEW /NOVER, alpha: 0.0 (2003)
# teff = 5250 K (value for the effective temperature for the model. Temperatures are given in K)
# logg = 0 log(cm/s2) (value for Log(G) for the model.)
# lh = 1.25  (l/Hp where l is the  mixing length of the convective element and Hp is the pressure scale height)
# meta = 0.2  (value for the Metallicity for the model.)
# vtur = 2 km/s (Microturbulence velocity)
# alpha = 0  (Alpha)
#
# column 1: WAVELENGTH (ANGSTROM), Wavelength in Angstrom
# column 2: FLUX (ERG/CM2/S/A), Flux in erg/cm2/s/A
147.200000 5.18276000e-148
151.000000 5.27415000e-144
155.200000 8.33896000e-140
158.800000 2.19383000e-136
162.000000 1.78819000e-133
166.000000 5.39501000e-130
170.300000 1.94222000e-126
173.400000 5.51245000e-124
176.800000 2.14673000e-121
180.200000 6.65842000e-119
181.700000 7.80847000e-118
186.100000 8.48373000e-115
191.000000 1.38925000e-111
193.900000 9.26172000e-110
198.400000 4.90013000e-107
201.800000 4.64704000e-105
205.000000 2.93593000e-103
210.500000 2.69797000e-100
216.200000 2.19280000e-97
219.800000 1.25912000e-95
223.000000 4.11593000e-94
226.800000 2.27525000e-92
230.000000 6.02034000e-91
234.000000 3.17168000e-89
240.000000 9.43328000e-87
246.500000 3.28423000e-84
252.400000 5.11147000e-82
256.800000 1.89107000e-80
260.000000 2.41714000e-79
264.000000 5.34776000e-78
268.500000 1.55516000e-76
273.500000 5.75905000e-75
278.500000 1.87150000e-73
284.000000 7.45089000e-72
290.000000 3.52307000e-70
296.000000 1.41811000e-68
301.000000 2.75263000e-67
308.000000 1.48338000e-65
318.000000 3.23177000e-63
328.000000 5.03408000e-61
338.000000 5.77078000e-59
348.000000 5.00713000e-57
357.000000 2.23092000e-55
366.000000 8.22046000e-54
375.000000 2.53339000e-52
385.000000 9.42198000e-51
395.000000 2.90108000e-49
405.000000 7.50542000e-48
414.000000 1.22185000e-46
422.000000 1.31554000e-45
430.000000 1.29306000e-44
441.000000 2.60424000e-43
451.000000 3.49908000e-42
460.000000 3.28196000e-41
470.000000 3.55855000e-40
480.000000 3.48001000e-39
490.000000 3.09197000e-38
500.000000 2.50676000e-37
506.000000 1.12859000e-36
512.000000 4.12651000e-36
520.000000 1.91026000e-35
530.000000 1.21927000e-34
540.000000 7.14765000e-34
550.000000 3.96145000e-33
560.000000 2.04907000e-32
570.000000 9.97875000e-32
580.000000 4.54225000e-31
590.000000 1.99956000e-30
600.000000 8.27350000e-30
610.000000 3.26168000e-29
620.000000 1.22672000e-28
630.000000 4.41454000e-28
640.000000 1.52403000e-27
650.000000 5.05442000e-27
658.000000 1.28281000e-26
665.000000 2.84013000e-26
675.000000 8.58840000e-26
685.000000 2.51091000e-25
695.000000 7.10063000e-25
705.000000 1.94070000e-24
716.000000 5.70029000e-24
726.000000 1.46953000e-23
735.000000 3.36684000e-23
745.000000 8.24898000e-23
755.000000 1.97087000e-22
765.000000 4.59974000e-22
775.000000 1.04766000e-21
785.000000 2.33597000e-21
795.000000 5.05799000e-21
805.000000 1.08503000e-20
815.000000 2.27804000e-20
825.000000 4.68144000e-20
835.000000 9.44383000e-20
845.000000 1.87155000e-19
855.000000 3.64621000e-19
865.000000 6.98502000e-19
875.000000 1.31492000e-18
885.000000 2.44534000e-18
895.000000 4.47382000e-18
905.000000 8.06563000e-18
915.000000 4.71978000e-14
925.000000 1.60237000e-13
935.000000 2.11194000e-13
945.000000 3.67877000e-13
955.000000 5.76066000e-13
965.000000 9.24605000e-13
975.000000 1.30092000e-12
985.000000 1.85929000e-12
995.000000 2.65831000e-12
1005.000000 4.35242000e-12
1015.000000 6.41690000e-12
1025.000000 9.28749000e-12
1035.000000 1.43915000e-11
1045.000000 2.13468000e-11
1055.000000 3.10654000e-11
1065.000000 4.53547000e-11
1075.000000 6.72758000e-11
1085.000000 9.87630000e-11
1095.000000 1.39971000e-10
1105.000000 1.99536000e-10
1115.000000 3.00884000e-10
1125.000000 4.45631000e-10
1135.000000 6.53693000e-10
1145.000000 9.46375000e-10
1155.000000 1.36428000e-09
1165.000000 1.98437000e-09
1175.000000 2.82528000e-09
1185.000000 4.01110000e-09
1195.000000 5.52157000e-09
1205.000000 7.71140000e-09
1215.000000 7.11976000e-09
1225.000000 1.51721000e-08
1235.000000 2.12175000e-08
1245.000000 2.92216000e-08
1255.000000 4.01312000e-08
1265.000000 5.49430000e-08
1275.000000 7.48557000e-08
1285.000000 9.87189000e-08
1295.000000 1.32572000e-07
1305.000000 1.77151000e-07
1315.000000 2.44570000e-07
1325.000000 3.25095000e-07
1335.000000 4.17563000e-07
1345.000000 5.52487000e-07
1355.000000 7.46329000e-07
1365.000000 9.11138000e-07
1375.000000 1.17756000e-06
1385.000000 1.39432000e-06
1395.000000 1.77868000e-06
1405.000000 2.52600000e-06
1415.000000 2.96458000e-06
1425.000000 3.72198000e-06
1435.000000 4.79651000e-06
1442.000000 6.20634000e-06
1447.000000 6.23406000e-06
1455.000000 7.57721000e-06
1465.000000 1.05382000e-05
1475.000000 1.19386000e-05
1485.000000 1.47892000e-05
1495.000000 2.06533000e-05
1505.000000 2.67949000e-05
1512.000000 2.35136000e-05
1517.000000 2.98825000e-05
1525.000000 3.94544000e-05
1535.000000 1.66986000e-03
1545.000000 3.10629000e-03
1555.000000 6.55094000e-03
1565.000000 5.70749000e-03
1575.000000 3.36055000e-02
1585.000000 4.90799000e-02
1595.000000 6.26277000e-02
1605.000000 6.52250000e-02
1615.000000 6.61877000e-02
1625.000000 8.59068000e-02
1635.000000 1.16475000e-01
1645.000000 2.28917000e-01
1655.000000 8.65562000e-02
1665.000000 2.83937000e-01
1672.000000 1.31467000e-01
1677.000000 3.62727000e-01
1685.000000 1.29490000e+00
1695.000000 4.54484000e+00
1705.000000 5.66541000e+00
1715.000000 7.08610000e+00
1725.000000 9.38220000e+00
1735.000000 1.40356000e+01
1745.000000 1.98644000e+01
1755.000000 3.39201000e+01
1765.000000 3.75747000e+01
1775.000000 3.35737000e+01
1785.000000 4.44441000e+01
1795.000000 6.40248000e+01
1805.000000 5.47572000e+01
1815.000000 5.68990000e+01
1825.000000 7.60545000e+01
1835.000000 1.01590000e+02
1845.000000 6.41564000e+01
1855.000000 1.13730000e+02
1865.000000 1.50054000e+02
1875.000000 1.72461000e+02
1885.000000 2.08296000e+02
1895.000000 2.73276000e+02
1905.000000 2.60947000e+02
1915.000000 2.80686000e+02
1925.000000 3.15983000e+02
1935.000000 2.12169000e+02
1945.000000 4.83919000e+02
1955.000000 4.94664000e+02
1967.000000 7.28963000e+02
1976.000000 7.12188000e+02
1984.000000 7.92382000e+02
1995.000000 8.67031000e+02
2005.000000 9.46972000e+02
2015.000000 9.62555000e+02
2025.000000 8.13060000e+02
2035.000000 1.20472000e+03
2045.000000 1.44196000e+03
2055.000000 1.30637000e+03
2065.000000 1.28067000e+03
2074.000000 1.72299000e+03
2078.000000 2.15948000e+03
2085.000000 2.29648000e+03
2095.000000 2.48714000e+03
2105.000000 2.54697000e+03
2115.000000 2.06336000e+03
2125.000000 1.22572000e+03
2135.000000 2.19142000e+03
2145.000000 3.53113000e+03
2155.000000 4.10831000e+03
2165.000000 3.83913000e+03
2175.000000 4.37984000e+03
2185.000000 5.64854000e+03
2195.000000 6.88462000e+03
2205.000000 6.31239000e+03
2215.000000 4.52454000e+03
2225.000000 6.01177000e+03
2235.000000 9.41215000e+03
2245.000000 8.42778000e+03
2255.000000 5.47718000e+03
2265.000000 4.60867000e+03
2275.000000 7.94057000e+03
2285.000000 9.01341000e+03
2295.000000 8.93861000e+03
2305.000000 1.06467000e+04
2315.000000 8.83685000e+03
2325.000000 7.27516000e+03
2335.000000 3.71476000e+03
2345.000000 2.51994000e+03
2355.000000 5.95442000e+03
2365.000000 2.80882000e+03
2375.000000 4.22071000e+03
2385.000000 1.88529000e+03
2395.000000 2.89698000e+03
2405.000000 2.86415000e+03
2415.000000 5.55816000e+03
2425.000000 1.50490000e+04
2435.000000 1.78840000e+04
2445.000000 2.24543000e+04
2455.000000 2.32256000e+04
2465.000000 2.06468000e+04
2475.000000 1.74742000e+04
2485.000000 8.00773000e+03
2495.000000 1.48864000e+04
2505.000000 2.31350000e+04
2513.000000 1.19966000e+04
2518.000000 7.20622000e+03
2525.000000 8.31678000e+03
2535.000000 1.62054000e+04
2545.000000 1.99939000e+04
2555.000000 3.11603000e+04
2565.000000 1.90746000e+04
2575.000000 2.29084000e+04
2585.000000 1.46780000e+04
2595.000000 1.15530000e+04
2605.000000 8.35786000e+03
2615.000000 8.06763000e+03
2625.000000 1.17229000e+04
2635.000000 2.70457000e+04
2645.000000 6.23411000e+04
2655.000000 9.24050000e+04
2665.000000 6.24379000e+04
2675.000000 7.17329000e+04
2685.000000 8.57478000e+04
2695.000000 6.55838000e+04
2705.000000 7.92277000e+04
2715.000000 4.42561000e+04
2725.000000 3.97209000e+04
2735.000000 4.28174000e+04
2745.000000 2.03403000e+04
2755.000000 2.98112000e+04
2765.000000 3.99400000e+04
2775.000000 3.99335000e+04
2785.000000 2.35600000e+04
2795.000000 5.31432000e+03
2805.000000 7.53409000e+03
2815.000000 3.42860000e+04
2825.000000 5.68921000e+04
2835.000000 6.94425000e+04
2845.000000 6.71353000e+04
2855.000000 3.61795000e+04
2865.000000 8.86217000e+04
2875.000000 1.20672000e+05
2885.000000 1.22720000e+05
2895.000000 1.47549000e+05
2910.000000 2.10566000e+05
2930.000000 2.00465000e+05
2950.000000 1.92406000e+05
2970.000000 2.52989000e+05
2990.000000 2.62873000e+05
3010.000000 2.93126000e+05
3030.000000 3.21104000e+05
3050.000000 3.55209000e+05
3070.000000 3.02366000e+05
3090.000000 3.91656000e+05
3110.000000 4.30282000e+05
3130.000000 4.08419000e+05
3150.000000 4.37306000e+05
3170.000000 4.45677000e+05
3190.000000 4.03159000e+05
3210.000000 4.92734000e+05
3230.000000 3.08966000e+05
3250.000000 4.85103000e+05
3270.000000 6.55064000e+05
3290.000000 6.59062000e+05
3310.000000 6.72921000e+05
3330.000000 6.04695000e+05
3350.000000 5.51843000e+05
3370.000000 5.34863000e+05
3390.000000 5.89512000e+05
3410.000000 7.42145000e+05
3430.000000 8.18181000e+05
3450.000000 8.63859000e+05
3470.000000 8.36158000e+05
3490.000000 8.57779000e+05
3510.000000 9.57992000e+05
3530.000000 9.04327000e+05
3550.000000 1.03263000e+06
3570.000000 7.52489000e+05
3590.000000 8.22350000e+05
3610.000000 9.22101000e+05
3630.000000 1.05195000e+06
3640.000000 1.05976000e+06
3650.000000 1.15472000e+06
3670.000000 1.23022000e+06
3690.000000 1.28814000e+06
3710.000000 1.51608000e+06
3730.000000 1.45364000e+06
3750.000000 1.53834000e+06
3770.000000 1.61131000e+06
3790.000000 1.74251000e+06
3810.000000 1.72940000e+06
3830.000000 1.14173000e+06
3850.000000 1.13384000e+06
3870.000000 1.11598000e+06
3890.000000 1.40483000e+06
3910.000000 1.00451000e+06
3930.000000 3.16411000e+05
3950.000000 5.70702000e+05
3970.000000 3.81488000e+05
3990.000000 1.31703000e+06
4010.000000 2.25664000e+06
4030.000000 2.67291000e+06
4050.000000 2.63693000e+06
4070.000000 2.59903000e+06
4090.000000 3.27384000e+06
4110.000000 3.33461000e+06
4130.000000 3.10383000e+06
4150.000000 3.24483000e+06
4170.000000 3.00536000e+06
4190.000000 3.08081000e+06
4210.000000 3.28329000e+06
4230.000000 3.39928000e+06
4250.000000 3.47790000e+06
4270.000000 3.43011000e+06
4290.000000 3.18777000e+06
4310.000000 2.55857000e+06
4330.000000 3.85271000e+06
4350.000000 3.79527000e+06
4370.000000 4.09932000e+06
4390.000000 3.82181000e+06
4410.000000 3.96796000e+06
4430.000000 4.10210000e+06
4450.000000 4.20438000e+06
4470.000000 4.52489000e+06
4490.000000 4.67920000e+06
4510.000000 5.24863000e+06
4530.000000 4.68725000e+06
4550.000000 4.61720000e+06
4570.000000 5.12163000e+06
4590.000000 4.82211000e+06
4610.000000 5.23061000e+06
4630.000000 5.05372000e+06
4650.000000 5.26036000e+06
4670.000000 5.30125000e+06
4690.000000 5.18763000e+06
4710.000000 4.96603000e+06
4730.000000 5.34189000e+06
4750.000000 5.63696000e+06
4770.000000 5.73798000e+06
4790.000000 5.72349000e+06
4810.000000 5.55875000e+06
4830.000000 5.75504000e+06
4850.000000 5.43012000e+06
4870.000000 4.84221000e+06
4890.000000 5.67959000e+06
4910.000000 5.66904000e+06
4930.000000 5.39947000e+06
4950.000000 5.86177000e+06
4970.000000 5.78831000e+06
4990.000000 5.27343000e+06
5010.000000 4.97461000e+06
5030.000000 5.33299000e+06
5050.000000 5.55511000e+06
5070.000000 5.73780000e+06
5090.000000 5.46378000e+06
5110.000000 5.54892000e+06
5130.000000 5.19453000e+06
5150.000000 5.17585000e+06
5170.000000 5.04892000e+06
5190.000000 5.10784000e+06
5210.000000 5.35933000e+06
5230.000000 5.37543000e+06
5250.000000 5.47479000e+06
5270.000000 4.89358000e+06
5290.000000 5.53097000e+06
5310.000000 5.57931000e+06
5330.000000 5.21753000e+06
5350.000000 5.68269000e+06
5370.000000 5.86410000e+06
5390.000000 5.61539000e+06
5410.000000 5.46325000e+06
5430.000000 5.56657000e+06
5450.000000 5.93597000e+06
5470.000000 5.64246000e+06
5490.000000 5.56055000e+06
5510.000000 5.55476000e+06
5530.000000 5.69155000e+06
5550.000000 5.77621000e+06
5570.000000 5.78010000e+06
5590.000000 5.57931000e+06
5610.000000 5.86914000e+06
5630.000000 5.75644000e+06
5650.000000 5.77099000e+06
5670.000000 5.56887000e+06
5690.000000 5.75832000e+06
5710.000000 5.53099000e+06
5730.000000 6.07579000e+06
5750.000000 5.76480000e+06
5770.000000 5.90245000e+06
5790.000000 5.63620000e+06
5810.000000 5.81041000e+06
5830.000000 5.98054000e+06
5850.000000 5.85528000e+06
5870.000000 5.88302000e+06
5890.000000 5.54646000e+06
5910.000000 5.81843000e+06
5930.000000 5.80539000e+06
5950.000000 5.79016000e+06
5970.000000 5.89888000e+06
5990.000000 5.76044000e+06
6010.000000 5.64237000e+06
6030.000000 5.73493000e+06
6050.000000 5.80216000e+06
6070.000000 5.87728000e+06
6090.000000 5.54823000e+06
6110.000000 5.46605000e+06
6130.000000 5.30623000e+06
6150.000000 5.34628000e+06
6170.000000 5.21133000e+06
6190.000000 5.56381000e+06
6210.000000 5.60658000e+06
6230.000000 5.32604000e+06
6250.000000 5.04473000e+06
6270.000000 5.44842000e+06
6290.000000 5.50172000e+06
6310.000000 5.20850000e+06
6330.000000 5.35258000e+06
6350.000000 5.34769000e+06
6370.000000 5.27935000e+06
6390.000000 5.37054000e+06
6410.000000 5.27702000e+06
6430.000000 5.32662000e+06
6450.000000 5.27163000e+06
6470.000000 5.31406000e+06
6490.000000 5.13753000e+06
6510.000000 5.28247000e+06
6530.000000 5.30741000e+06
6550.000000 5.18504000e+06
6570.000000 4.58709000e+06
6590.000000 5.19281000e+06
6610.000000 5.21007000e+06
6630.000000 5.22856000e+06
6650.000000 5.18864000e+06
6670.000000 5.11836000e+06
6690.000000 5.23755000e+06
6710.000000 5.09342000e+06
6730.000000 5.19527000e+06
6750.000000 5.05382000e+06
6770.000000 5.12650000e+06
6790.000000 5.02158000e+06
6810.000000 5.04834000e+06
6830.000000 5.05346000e+06
6850.000000 4.92869000e+06
6870.000000 5.01171000e+06
6890.000000 5.04178000e+06
6910.000000 4.98305000e+06
6930.000000 4.94703000e+06
6950.000000 4.87672000e+06
6970.000000 4.91337000e+06
6990.000000 4.87550000e+06
7010.000000 4.67231000e+06
7030.000000 4.77817000e+06
7050.000000 4.83334000e+06
7070.000000 4.74973000e+06
7090.000000 4.75475000e+06
7110.000000 4.68541000e+06
7130.000000 4.64575000e+06
7150.000000 4.64257000e+06
7170.000000 4.63187000e+06
7190.000000 4.41987000e+06
7210.000000 4.57533000e+06
7230.000000 4.55791000e+06
7250.000000 4.59407000e+06
7270.000000 4.57924000e+06
7290.000000 4.40762000e+06
7310.000000 4.45108000e+06
7330.000000 4.49175000e+06
7350.000000 4.47354000e+06
7370.000000 4.52815000e+06
7390.000000 4.39234000e+06
7410.000000 4.33106000e+06
7430.000000 4.32484000e+06
7450.000000 4.36260000e+06
7470.000000 4.39889000e+06
7490.000000 4.34769000e+06
7510.000000 4.36511000e+06
7530.000000 4.37597000e+06
7550.000000 4.42195000e+06
7570.000000 4.34425000e+06
7590.000000 4.34656000e+06
7610.000000 4.33051000e+06
7630.000000 4.36025000e+06
7650.000000 4.30549000e+06
7670.000000 4.18579000e+06
7690.000000 4.27973000e+06
7710.000000 4.19742000e+06
7730.000000 4.19647000e+06
7750.000000 4.16863000e+06
7770.000000 4.18694000e+06
7790.000000 4.23916000e+06
7810.000000 4.20296000e+06
7830.000000 4.14164000e+06
7850.000000 4.08969000e+06
7870.000000 4.13912000e+06
7890.000000 4.05880000e+06
7910.000000 3.95382000e+06
7930.000000 3.92384000e+06
7950.000000 3.89488000e+06
7970.000000 4.01527000e+06
7990.000000 3.99047000e+06
8010.000000 3.95565000e+06
8030.000000 3.92353000e+06
8050.000000 3.90981000e+06
8070.000000 3.89919000e+06
8090.000000 3.81351000e+06
8110.000000 3.85681000e+06
8130.000000 3.87269000e+06
8150.000000 3.83765000e+06
8170.000000 3.83881000e+06
8190.000000 3.71489000e+06
8210.000000 3.70279000e+06
8230.000000 3.72041000e+06
8250.000000 3.72121000e+06
8270.000000 3.78289000e+06
8290.000000 3.75715000e+06
8310.000000 3.63150000e+06
8330.000000 3.61430000e+06
8350.000000 3.65412000e+06
8370.000000 3.64324000e+06
8390.000000 3.58388000e+06
8410.000000 3.64047000e+06
8430.000000 3.56283000e+06
8450.000000 3.56783000e+06
8470.000000 3.53435000e+06
8490.000000 3.23005000e+06
8510.000000 2.94522000e+06
8530.000000 2.89544000e+06
8550.000000 2.03705000e+06
8570.000000 3.41132000e+06
8590.000000 3.46739000e+06
8610.000000 3.47158000e+06
8630.000000 3.52500000e+06
8650.000000 3.10905000e+06
8670.000000 2.16599000e+06
8690.000000 3.29022000e+06
8710.000000 3.49010000e+06
8730.000000 3.50398000e+06
8750.000000 3.38297000e+06
8770.000000 3.53665000e+06
8790.000000 3.49288000e+06
8810.000000 3.42481000e+06
8830.000000 3.43381000e+06
8850.000000 3.43812000e+06
8870.000000 3.29718000e+06
8890.000000 3.43018000e+06
8910.000000 3.46472000e+06
8930.000000 3.36669000e+06
8950.000000 3.37706000e+06
8970.000000 3.37119000e+06
8990.000000 3.36516000e+06
9010.000000 3.18359000e+06
9030.000000 3.29914000e+06
9050.000000 3.39400000e+06
9070.000000 3.27904000e+06
9090.000000 3.16655000e+06
9110.000000 3.19965000e+06
9130.000000 3.30432000e+06
9150.000000 3.20557000e+06
9170.000000 3.14805000e+06
9190.000000 3.16345000e+06
9210.000000 3.05202000e+06
9230.000000 2.97814000e+06
9250.000000 3.01128000e+06
9270.000000 3.08138000e+06
9290.000000 3.08454000e+06
9310.000000 3.11411000e+06
9330.000000 3.09978000e+06
9350.000000 3.08386000e+06
9370.000000 3.06809000e+06
9390.000000 3.03239000e+06
9410.000000 2.88699000e+06
9430.000000 2.97181000e+06
9450.000000 2.92811000e+06
9470.000000 3.00024000e+06
9490.000000 3.00275000e+06
9510.000000 2.99263000e+06
9530.000000 2.96225000e+06
9550.000000 2.86472000e+06
9570.000000 2.92984000e+06
9590.000000 2.96359000e+06
9610.000000 2.91497000e+06
9630.000000 2.87330000e+06
9650.000000 2.86933000e+06
9670.000000 2.82532000e+06
9690.000000 2.84649000e+06
9710.000000 2.88265000e+06
9730.000000 2.87351000e+06
9750.000000 2.80126000e+06
9770.000000 2.84660000e+06
9790.000000 2.79886000e+06
9810.000000 2.85213000e+06
9830.000000 2.83640000e+06
9850.000000 2.80956000e+06
9870.000000 2.80383000e+06
9890.000000 2.79080000e+06
9910.000000 2.76440000e+06
9930.000000 2.79820000e+06
9950.000000 2.77848000e+06
9970.000000 2.78072000e+06
9990.000000 2.77402000e+06
10025.000000 2.73523000e+06
10075.000000 2.68191000e+06
10125.000000 2.67867000e+06
10175.000000 2.63745000e+06
10225.000000 2.63745000e+06
10275.000000 2.63829000e+06
10325.000000 2.56986000e+06
10375.000000 2.55771000e+06
10425.000000 2.54918000e+06
10475.000000 2.47186000e+06
10525.000000 2.48210000e+06
10575.000000 2.46549000e+06
10625.000000 2.44080000e+06
10675.000000 2.36754000e+06
10725.000000 2.37247000e+06
10775.000000 2.34583000e+06
10825.000000 2.30451000e+06
10875.000000 2.28569000e+06
10925.000000 2.22984000e+06
10975.000000 2.15903000e+06
11025.000000 2.16106000e+06
11075.000000 2.16349000e+06
11125.000000 2.13715000e+06
11175.000000 2.13424000e+06
11225.000000 2.13019000e+06
11275.000000 2.07328000e+06
11325.000000 2.07355000e+06
11375.000000 2.05222000e+06
11425.000000 2.02313000e+06
11475.000000 2.06184000e+06
11525.000000 2.04631000e+06
11575.000000 2.00938000e+06
11625.000000 1.96203000e+06
11675.000000 1.94686000e+06
11725.000000 1.98622000e+06
11775.000000 1.92222000e+06
11825.000000 1.91516000e+06
11875.000000 1.87663000e+06
11925.000000 1.92829000e+06
11975.000000 1.85059000e+06
12025.000000 1.87220000e+06
12075.000000 1.84218000e+06
12125.000000 1.83109000e+06
12175.000000 1.83502000e+06
12225.000000 1.81548000e+06
12275.000000 1.79934000e+06
12325.000000 1.78254000e+06
12375.000000 1.76834000e+06
12425.000000 1.75357000e+06
12475.000000 1.74489000e+06
12525.000000 1.71435000e+06
12575.000000 1.69676000e+06
12625.000000 1.69219000e+06
12675.000000 1.67380000e+06
12725.000000 1.67352000e+06
12775.000000 1.66577000e+06
12825.000000 1.57613000e+06
12875.000000 1.62252000e+06
12925.000000 1.59617000e+06
12975.000000 1.59967000e+06
13025.000000 1.57808000e+06
13075.000000 1.57598000e+06
13125.000000 1.54947000e+06
13175.000000 1.53244000e+06
13225.000000 1.53235000e+06
13275.000000 1.50255000e+06
13325.000000 1.50352000e+06
13375.000000 1.48935000e+06
13425.000000 1.48344000e+06
13475.000000 1.47206000e+06
13525.000000 1.45728000e+06
13575.000000 1.42624000e+06
13625.000000 1.42314000e+06
13675.000000 1.41191000e+06
13725.000000 1.38804000e+06
13775.000000 1.38674000e+06
13825.000000 1.38061000e+06
13875.000000 1.37379000e+06
13925.000000 1.35817000e+06
13975.000000 1.34982000e+06
14025.000000 1.32809000e+06
14075.000000 1.32118000e+06
14125.000000 1.29007000e+06
14175.000000 1.28697000e+06
14225.000000 1.26336000e+06
14275.000000 1.24493000e+06
14325.000000 1.25410000e+06
14375.000000 1.25684000e+06
14425.000000 1.19520000e+06
14475.000000 1.23158000e+06
14525.000000 1.19258000e+06
14570.000000 1.20324000e+06
14620.000000 1.18456000e+06
14675.000000 1.18295000e+06
14725.000000 1.15652000e+06
14775.000000 1.15036000e+06
14825.000000 1.14469000e+06
14875.000000 1.13193000e+06
14925.000000 1.14667000e+06
14975.000000 1.12629000e+06
15025.000000 1.10881000e+06
15075.000000 1.09200000e+06
15125.000000 1.09652000e+06
15175.000000 1.09647000e+06
15225.000000 1.08674000e+06
15275.000000 1.07767000e+06
15325.000000 1.06649000e+06
15375.000000 1.07562000e+06
15425.000000 1.04280000e+06
15475.000000 1.05671000e+06
15525.000000 1.04670000e+06
15575.000000 1.01449000e+06
15625.000000 1.04695000e+06
15675.000000 1.01773000e+06
15725.000000 9.99841000e+05
15775.000000 9.92105000e+05
15825.000000 1.00089000e+06
15875.000000 9.37131000e+05
15925.000000 9.81614000e+05
15975.000000 9.87421000e+05
16050.000000 9.69148000e+05
16150.000000 9.39142000e+05
16250.000000 9.45310000e+05
16350.000000 9.24283000e+05
16450.000000 8.86086000e+05
16550.000000 8.92080000e+05
16650.000000 8.77591000e+05
16750.000000 8.58698000e+05
16850.000000 8.22861000e+05
16950.000000 8.34659000e+05
17050.000000 8.03035000e+05
17150.000000 7.99115000e+05
17250.000000 7.71544000e+05
17350.000000 7.39949000e+05
17450.000000 7.41303000e+05
17550.000000 7.30617000e+05
17650.000000 7.16750000e+05
17750.000000 7.01941000e+05
17850.000000 6.90811000e+05
17950.000000 6.82714000e+05
18050.000000 6.63319000e+05
18150.000000 6.42741000e+05
18250.000000 6.38951000e+05
18350.000000 6.30093000e+05
18450.000000 6.14826000e+05
18550.000000 6.04657000e+05
18650.000000 5.90424000e+05
18750.000000 5.65015000e+05
18850.000000 5.70996000e+05
18950.000000 5.46542000e+05
19050.000000 5.55249000e+05
19150.000000 5.42850000e+05
19250.000000 5.34154000e+05
19350.000000 5.20065000e+05
19450.000000 5.00620000e+05
19550.000000 5.05496000e+05
19650.000000 4.95086000e+05
19750.000000 4.83556000e+05
19850.000000 4.77778000e+05
19950.000000 4.69300000e+05
20050.000000 4.64115000e+05
20150.000000 4.58406000e+05
20250.000000 4.45658000e+05
20350.000000 4.35421000e+05
20450.000000 4.34732000e+05
20550.000000 4.25337000e+05
20650.000000 4.16315000e+05
20750.000000 4.09565000e+05
20850.000000 4.02994000e+05
20950.000000 3.94650000e+05
21050.000000 3.90883000e+05
21150.000000 3.82412000e+05
21250.000000 3.76285000e+05
21350.000000 3.71049000e+05
21450.000000 3.66091000e+05
21550.000000 3.60446000e+05
21650.000000 3.45615000e+05
21750.000000 3.46004000e+05
21850.000000 3.41353000e+05
21950.000000 3.37749000e+05
22050.000000 3.28842000e+05
22150.000000 3.25281000e+05
22250.000000 3.20446000e+05
22350.000000 3.15285000e+05
22450.000000 3.10681000e+05
22550.000000 3.02908000e+05
22650.000000 2.98910000e+05
22750.000000 2.96470000e+05
22850.000000 2.90331000e+05
22950.000000 2.67994000e+05
23050.000000 2.74643000e+05
23150.000000 2.72058000e+05
23250.000000 2.49700000e+05
23350.000000 2.57985000e+05
23450.000000 2.58345000e+05
23550.000000 2.35703000e+05
23650.000000 2.45130000e+05
23750.000000 2.44640000e+05
23850.000000 2.24770000e+05
23950.000000 2.32007000e+05
24050.000000 2.31762000e+05
24150.000000 2.17263000e+05
24250.000000 2.21363000e+05
24350.000000 2.20234000e+05
24450.000000 2.11177000e+05
24550.000000 2.09522000e+05
24650.000000 2.12761000e+05
24750.000000 2.06224000e+05
24850.000000 2.00602000e+05
24950.000000 2.00692000e+05
25050.000000 2.02088000e+05
25150.000000 1.93129000e+05
25250.000000 1.93788000e+05
25350.000000 1.93839000e+05
25450.000000 1.89295000e+05
25550.000000 1.86823000e+05
25650.000000 1.83228000e+05
25750.000000 1.84540000e+05
25850.000000 1.77731000e+05
25950.000000 1.78809000e+05
26050.000000 1.77272000e+05
26150.000000 1.72520000e+05
26250.000000 1.69048000e+05
26350.000000 1.70149000e+05
26450.000000 1.68122000e+05
26550.000000 1.65303000e+05
26650.000000 1.61932000e+05
26750.000000 1.60877000e+05
26850.000000 1.60814000e+05
26950.000000 1.58166000e+05
27050.000000 1.56478000e+05
27150.000000 1.54740000e+05
27250.000000 1.52987000e+05
27350.000000 1.50592000e+05
27450.000000 1.49536000e+05
27550.000000 1.45450000e+05
27650.000000 1.44868000e+05
27750.000000 1.43185000e+05
27850.000000 1.41668000e+05
27950.000000 1.40444000e+05
28050.000000 1.38482000e+05
28150.000000 1.36639000e+05
28250.000000 1.34927000e+05
28350.000000 1.33696000e+05
28450.000000 1.31371000e+05
28550.000000 1.30036000e+05
28650.000000 1.28336000e+05
28750.000000 1.24733000e+05
28850.000000 1.25037000e+05
28950.000000 1.23663000e+05
29050.000000 1.22130000e+05
29150.000000 1.20438000e+05
29250.000000 1.18568000e+05
29350.000000 1.17700000e+05
29450.000000 1.15868000e+05
29550.000000 1.14727000e+05
29650.000000 1.13427000e+05
29750.000000 1.11981000e+05
29850.000000 1.10682000e+05
29950.000000 1.08957000e+05
30050.000000 1.07703000e+05
30150.000000 1.06534000e+05
30250.000000 1.05255000e+05
30350.000000 1.02378000e+05
30450.000000 1.02524000e+05
30550.000000 1.01333000e+05
30650.000000 1.00007000e+05
30750.000000 9.91066000e+04
30850.000000 9.73053000e+04
30950.000000 9.63668000e+04
31050.000000 9.54462000e+04
31150.000000 9.35143000e+04
31250.000000 9.30402000e+04
31350.000000 9.18612000e+04
31450.000000 9.09732000e+04
31550.000000 8.98184000e+04
31650.000000 8.88756000e+04
31750.000000 8.77523000e+04
31850.000000 8.68196000e+04
31950.000000 8.59412000e+04
32100.000000 8.43173000e+04
32300.000000 8.24205000e+04
32500.000000 8.04997000e+04
32700.000000 7.86055000e+04
32900.000000 7.59995000e+04
33100.000000 7.48363000e+04
33300.000000 7.30873000e+04
33500.000000 7.16869000e+04
33700.000000 6.99030000e+04
33900.000000 6.82546000e+04
34100.000000 6.67403000e+04
34300.000000 6.55480000e+04
34500.000000 6.43122000e+04
34700.000000 6.28409000e+04
34900.000000 6.16062000e+04
35100.000000 6.03129000e+04
35300.000000 5.88786000e+04
35500.000000 5.77418000e+04
35700.000000 5.64020000e+04
35900.000000 5.52842000e+04
36100.000000 5.41906000e+04
36300.000000 5.32091000e+04
36500.000000 5.17708000e+04
36700.000000 5.08193000e+04
36900.000000 4.93070000e+04
37100.000000 4.84375000e+04
37300.000000 4.74943000e+04
37500.000000 4.58558000e+04
37700.000000 4.57576000e+04
37900.000000 4.48642000e+04
38100.000000 4.39013000e+04
38300.000000 4.32873000e+04
38500.000000 4.25083000e+04
38700.000000 4.15318000e+04
38900.000000 4.07175000e+04
39100.000000 3.98782000e+04
39300.000000 3.93099000e+04
39500.000000 3.84009000e+04
39700.000000 3.77712000e+04
39900.000000 3.67191000e+04
40100.000000 3.61546000e+04
40300.000000 3.55438000e+04
40500.000000 3.46952000e+04
40700.000000 3.43232000e+04
40900.000000 3.36618000e+04
41100.000000 3.31744000e+04
41300.000000 3.25910000e+04
41500.000000 3.18949000e+04
41700.000000 3.12062000e+04
41900.000000 3.07695000e+04
42100.000000 3.00931000e+04
42300.000000 2.97861000e+04
42500.000000 2.91414000e+04
42700.000000 2.86913000e+04
42900.000000 2.70775000e+04
43100.000000 2.59750000e+04
43300.000000 2.61958000e+04
43500.000000 2.46594000e+04
43700.000000 2.41107000e+04
43900.000000 2.40791000e+04
44100.000000 2.23193000e+04
44300.000000 2.24810000e+04
44500.000000 2.20987000e+04
44700.000000 2.07230000e+04
44900.000000 2.10620000e+04
45100.000000 2.06237000e+04
45300.000000 1.94855000e+04
45500.000000 1.97040000e+04
45700.000000 1.94923000e+04
45900.000000 1.83446000e+04
46100.000000 1.86627000e+04
46300.000000 1.82118000e+04
46500.000000 1.78813000e+04
46700.000000 1.77457000e+04
46900.000000 1.75399000e+04
47100.000000 1.71110000e+04
47300.000000 1.72158000e+04
47500.000000 1.68341000e+04
47700.000000 1.65640000e+04
47900.000000 1.63383000e+04
48100.000000 1.59437000e+04
48300.000000 1.60990000e+04
48500.000000 1.57338000e+04
48700.000000 1.54343000e+04
48900.000000 1.53179000e+04
49100.000000 1.49960000e+04
49300.000000 1.48265000e+04
49500.000000 1.46147000e+04
49700.000000 1.44509000e+04
49900.000000 1.42147000e+04
50100.000000 1.39155000e+04
50300.000000 1.39063000e+04
50500.000000 1.35711000e+04
50700.000000 1.34269000e+04
50900.000000 1.32714000e+04
51100.000000 1.30308000e+04
51300.000000 1.28621000e+04
51500.000000 1.27148000e+04
51700.000000 1.26905000e+04
51900.000000 1.23915000e+04
52100.000000 1.21723000e+04
52300.000000 1.20385000e+04
52500.000000 1.19703000e+04
52700.000000 1.18990000e+04
52900.000000 1.15479000e+04
53100.000000 1.14314000e+04
53300.000000 1.13185000e+04
53500.000000 1.11761000e+04
53700.000000 1.10474000e+04
53900.000000 1.09293000e+04
54100.000000 1.07831000e+04
54300.000000 1.05571000e+04
54500.000000 1.05186000e+04
54700.000000 1.03441000e+04
54900.000000 1.02075000e+04
55100.000000 1.00854000e+04
55300.000000 1.00753000e+04
55500.000000 9.78634000e+03
55700.000000 9.82390000e+03
55900.000000 9.60628000e+03
56100.000000 9.52295000e+03
56300.000000 9.34594000e+03
56500.000000 9.32403000e+03
56700.000000 9.19615000e+03
56900.000000 8.99803000e+03
57100.000000 8.96492000e+03
57300.000000 8.86802000e+03
57500.000000 8.75357000e+03
57700.000000 8.62408000e+03
57900.000000 8.57000000e+03
58100.000000 8.41690000e+03
58300.000000 8.32678000e+03
58500.000000 8.24946000e+03
58700.000000 8.10304000e+03
58900.000000 8.01617000e+03
59100.000000 7.92199000e+03
59300.000000 7.84112000e+03
59500.000000 7.68197000e+03
59700.000000 7.67414000e+03
59900.000000 7.57751000e+03
60100.000000 7.49212000e+03
60300.000000 7.39971000e+03
60500.000000 7.28685000e+03
60700.000000 7.19903000e+03
60900.000000 7.11627000e+03
61100.000000 7.00891000e+03
61300.000000 6.95383000e+03
61500.000000 6.87720000e+03
61700.000000 6.80824000e+03
61900.000000 6.73404000e+03
62100.000000 6.65888000e+03
62300.000000 6.56155000e+03
62500.000000 6.47459000e+03
62700.000000 6.40719000e+03
62900.000000 6.31499000e+03
63100.000000 6.24342000e+03
63300.000000 6.20384000e+03
63500.000000 6.11054000e+03
63700.000000 6.07130000e+03
63900.000000 5.96970000e+03
64200.000000 5.88278000e+03
64600.000000 5.73974000e+03
65000.000000 5.60903000e+03
65400.000000 5.48461000e+03
65800.000000 5.36819000e+03
66200.000000 5.23758000e+03
66600.000000 5.12805000e+03
67000.000000 5.01330000e+03
67400.000000 4.89227000e+03
67800.000000 4.78152000e+03
68200.000000 4.67992000e+03
68600.000000 4.57979000e+03
69000.000000 4.47470000e+03
69400.000000 4.37282000e+03
69800.000000 4.28325000e+03
70200.000000 4.18558000e+03
70600.000000 4.09754000e+03
71000.000000 4.00898000e+03
71400.000000 3.92487000e+03
71800.000000 3.83800000e+03
72200.000000 3.75353000e+03
72600.000000 3.67312000e+03
73000.000000 3.60137000e+03
73400.000000 3.52188000e+03
73800.000000 3.45137000e+03
74200.000000 3.37402000e+03
74600.000000 3.29312000e+03
75000.000000 3.22333000e+03
75400.000000 3.17093000e+03
75800.000000 3.10811000e+03
76200.000000 3.04488000e+03
76600.000000 2.98388000e+03
77000.000000 2.92227000e+03
77400.000000 2.86492000e+03
77800.000000 2.80566000e+03
78200.000000 2.75233000e+03
78600.000000 2.69829000e+03
79000.000000 2.64501000e+03
79400.000000 2.59262000e+03
79800.000000 2.54243000e+03
80200.000000 2.49078000e+03
80600.000000 2.44263000e+03
81000.000000 2.39801000e+03
81400.000000 2.34687000e+03
81800.000000 2.30551000e+03
82200.000000 2.26355000e+03
82600.000000 2.22026000e+03
83000.000000 2.17862000e+03
83400.000000 2.13540000e+03
83800.000000 2.09608000e+03
84200.000000 2.05889000e+03
84600.000000 2.02141000e+03
85000.000000 1.98449000e+03
85400.000000 1.94771000e+03
85800.000000 1.91245000e+03
86200.000000 1.87745000e+03
86600.000000 1.84226000e+03
87000.000000 1.81153000e+03
87400.000000 1.77728000e+03
87800.000000 1.74568000e+03
88200.000000 1.71482000e+03
88600.000000 1.68468000e+03
89000.000000 1.65502000e+03
89400.000000 1.62681000e+03
89800.000000 1.59675000e+03
90200.000000 1.57035000e+03
90600.000000 1.54458000e+03
91000.000000 1.51552000e+03
91400.000000 1.49010000e+03
91800.000000 1.46615000e+03
92200.000000 1.44176000e+03
92600.000000 1.41676000e+03
93000.000000 1.39371000e+03
93400.000000 1.36966000e+03
93800.000000 1.34508000e+03
94200.000000 1.32480000e+03
94600.000000 1.30230000e+03
95000.000000 1.28109000e+03
95400.000000 1.25940000e+03
95800.000000 1.23946000e+03
96200.000000 1.21896000e+03
96600.000000 1.19948000e+03
97000.000000 1.18060000e+03
97400.000000 1.15964000e+03
97800.000000 1.14171000e+03
98200.000000 1.12430000e+03
98600.000000 1.10628000e+03
99000.000000 1.08925000e+03
99400.000000 1.07109000e+03
99800.000000 1.05488000e+03
100200.000000 1.03837000e+03
200000.000000 6.68911000e+01
400000.000000 4.16945000e+00
600000.000000 8.16362000e-01
800000.000000 2.56147000e-01
1000000.000000 1.04151000e-01
1200000.000000 4.99062000e-02
1400000.000000 2.67862000e-02
1600000.000000 1.56225000e-02
