# Kurucz ODFNEW /NOVER, alpha: 0.0 (2003)
# teff = 9000 K (value for the effective temperature for the model. Temperatures are given in K)
# logg = 4 log(cm/s2) (value for Log(G) for the model.)
# lh = 1.25  (l/Hp where l is the  mixing length of the convective element and Hp is the pressure scale height)
# meta = -2  (value for the Metallicity for the model.)
# vtur = 2 km/s (Microturbulence velocity)
# alpha = 0  (Alpha)
#
# column 1: WAVELENGTH (ANGSTROM), Wavelength in Angstrom
# column 2: FLUX (ERG/CM2/S/A), Flux in erg/cm2/s/A
268.500000 4.10094000e-23
273.500000 2.11385000e-22
278.500000 8.97596000e-22
284.000000 4.08015000e-21
290.000000 1.98547000e-20
296.000000 9.03857000e-20
301.000000 3.05068000e-19
308.000000 1.56468000e-18
318.000000 1.42289000e-17
328.000000 1.12741000e-16
338.000000 7.86936000e-16
348.000000 4.89732000e-15
357.000000 2.31857000e-14
366.000000 1.01469000e-13
375.000000 4.12534000e-13
385.000000 1.81087000e-12
395.000000 7.35084000e-12
405.000000 2.77727000e-11
414.000000 8.67597000e-11
422.000000 2.28850000e-10
430.000000 5.81394000e-10
441.000000 1.97778000e-09
451.000000 5.70259000e-09
460.000000 1.41907000e-08
470.000000 3.74376000e-08
480.000000 9.46565000e-08
490.000000 2.29992000e-07
500.000000 5.38226000e-07
506.000000 9.35938000e-07
512.000000 1.55668000e-06
520.000000 2.89722000e-06
530.000000 6.13724000e-06
540.000000 1.25693000e-05
550.000000 2.51232000e-05
560.000000 4.88379000e-05
570.000000 9.26193000e-05
580.000000 1.71163000e-04
590.000000 3.10810000e-04
600.000000 5.51333000e-04
610.000000 9.58519000e-04
620.000000 1.63501000e-03
630.000000 2.73867000e-03
640.000000 4.50870000e-03
650.000000 7.30151000e-03
658.000000 1.06163000e-02
665.000000 1.46126000e-02
675.000000 2.27861000e-02
685.000000 3.50351000e-02
695.000000 5.31512000e-02
705.000000 7.96095000e-02
716.000000 1.22420000e-01
726.000000 1.78824000e-01
735.000000 2.49082000e-01
745.000000 3.56289000e-01
755.000000 5.04452000e-01
765.000000 7.07271000e-01
775.000000 9.82178000e-01
785.000000 1.35151000e+00
795.000000 1.84346000e+00
805.000000 2.49318000e+00
815.000000 3.34450000e+00
825.000000 4.45156000e+00
835.000000 5.88038000e+00
845.000000 7.71160000e+00
855.000000 1.00446000e+01
865.000000 1.29953000e+01
875.000000 1.67018000e+01
885.000000 2.13322000e+01
895.000000 2.70813000e+01
905.000000 3.41783000e+01
915.000000 7.59691000e+01
925.000000 3.35868000e+02
935.000000 5.89469000e+02
945.000000 1.12817000e+03
955.000000 1.79297000e+03
965.000000 2.43719000e+03
975.000000 1.69159000e+03
985.000000 4.60862000e+03
995.000000 6.27600000e+03
1005.000000 6.97790000e+03
1015.000000 5.54695000e+03
1025.000000 3.09982000e+03
1035.000000 7.32376000e+03
1045.000000 1.26943000e+04
1055.000000 1.98217000e+04
1065.000000 6.11084000e+04
1075.000000 1.76067000e+05
1085.000000 3.47056000e+05
1095.000000 4.06130000e+05
1105.000000 1.41093000e+06
1115.000000 5.56022000e+06
1125.000000 5.53653000e+06
1135.000000 5.61691000e+06
1145.000000 3.43993000e+06
1155.000000 1.48627000e+06
1165.000000 3.99067000e+05
1175.000000 9.15475000e+04
1185.000000 8.67680000e+04
1195.000000 3.85508000e+04
1205.000000 2.72968000e+04
1215.000000 1.11276000e+04
1225.000000 3.01861000e+04
1235.000000 5.63875000e+04
1245.000000 7.25326000e+04
1255.000000 1.26610000e+05
1265.000000 3.31875000e+05
1275.000000 1.36414000e+06
1285.000000 5.39168000e+06
1295.000000 9.11416000e+06
1305.000000 1.31258000e+07
1315.000000 1.79478000e+07
1325.000000 2.35141000e+07
1335.000000 2.75747000e+07
1345.000000 3.29139000e+07
1355.000000 3.35030000e+07
1365.000000 3.57011000e+07
1375.000000 3.36952000e+07
1385.000000 2.94867000e+07
1395.000000 2.74374000e+07
1405.000000 3.91687000e+07
1415.000000 5.30410000e+07
1425.000000 5.64883000e+07
1435.000000 5.44122000e+07
1442.000000 6.04292000e+07
1447.000000 5.91973000e+07
1455.000000 6.22210000e+07
1465.000000 5.91470000e+07
1475.000000 6.06992000e+07
1485.000000 6.09009000e+07
1495.000000 6.20863000e+07
1505.000000 6.35144000e+07
1512.000000 6.30051000e+07
1517.000000 6.19438000e+07
1525.000000 6.18351000e+07
1535.000000 6.04676000e+07
1545.000000 6.00267000e+07
1555.000000 5.65852000e+07
1565.000000 4.96610000e+07
1575.000000 5.25982000e+07
1585.000000 5.25574000e+07
1595.000000 5.32244000e+07
1605.000000 5.08814000e+07
1615.000000 5.52523000e+07
1625.000000 5.61779000e+07
1635.000000 6.10143000e+07
1645.000000 6.55024000e+07
1655.000000 5.97631000e+07
1665.000000 6.77392000e+07
1672.000000 6.28016000e+07
1677.000000 6.53278000e+07
1685.000000 6.82743000e+07
1695.000000 6.54596000e+07
1705.000000 6.51826000e+07
1715.000000 6.72259000e+07
1725.000000 6.60689000e+07
1735.000000 6.77649000e+07
1745.000000 6.61616000e+07
1755.000000 6.75930000e+07
1765.000000 6.39668000e+07
1775.000000 6.65017000e+07
1785.000000 6.54902000e+07
1795.000000 6.70625000e+07
1805.000000 6.55837000e+07
1815.000000 6.49637000e+07
1825.000000 6.36338000e+07
1835.000000 6.38719000e+07
1845.000000 6.15922000e+07
1855.000000 6.28064000e+07
1865.000000 6.29968000e+07
1875.000000 6.31528000e+07
1885.000000 6.29543000e+07
1895.000000 6.26535000e+07
1905.000000 6.14556000e+07
1915.000000 6.15828000e+07
1925.000000 6.19572000e+07
1935.000000 6.04965000e+07
1945.000000 6.20021000e+07
1955.000000 6.15863000e+07
1967.000000 6.14730000e+07
1976.000000 6.02312000e+07
1984.000000 5.99101000e+07
1995.000000 5.98173000e+07
2005.000000 5.86335000e+07
2015.000000 5.74852000e+07
2025.000000 5.72597000e+07
2035.000000 5.82593000e+07
2045.000000 5.80612000e+07
2055.000000 5.65376000e+07
2065.000000 5.65223000e+07
2074.000000 5.76181000e+07
2078.000000 5.76416000e+07
2085.000000 5.73809000e+07
2095.000000 5.66962000e+07
2105.000000 5.64751000e+07
2115.000000 5.61689000e+07
2125.000000 5.58475000e+07
2135.000000 5.41470000e+07
2145.000000 5.56093000e+07
2155.000000 5.50140000e+07
2165.000000 5.35763000e+07
2175.000000 5.35514000e+07
2185.000000 5.36116000e+07
2195.000000 5.47787000e+07
2205.000000 5.33896000e+07
2215.000000 5.14389000e+07
2225.000000 5.15430000e+07
2235.000000 5.35301000e+07
2245.000000 5.21282000e+07
2255.000000 5.07964000e+07
2265.000000 5.02387000e+07
2275.000000 5.17349000e+07
2285.000000 5.19815000e+07
2295.000000 5.07205000e+07
2305.000000 5.09047000e+07
2315.000000 5.03808000e+07
2325.000000 5.04473000e+07
2335.000000 4.97722000e+07
2345.000000 4.73194000e+07
2355.000000 4.94345000e+07
2365.000000 4.74439000e+07
2375.000000 4.86274000e+07
2385.000000 4.58356000e+07
2395.000000 4.79940000e+07
2405.000000 4.73763000e+07
2415.000000 4.75228000e+07
2425.000000 4.83501000e+07
2435.000000 4.71831000e+07
2445.000000 4.78516000e+07
2455.000000 4.76639000e+07
2465.000000 4.66455000e+07
2475.000000 4.60596000e+07
2485.000000 4.67933000e+07
2495.000000 4.59729000e+07
2505.000000 4.73915000e+07
2513.000000 4.61149000e+07
2518.000000 4.59985000e+07
2525.000000 4.47014000e+07
2535.000000 4.45165000e+07
2545.000000 4.45914000e+07
2555.000000 4.60384000e+07
2565.000000 4.56492000e+07
2575.000000 4.64731000e+07
2585.000000 4.66386000e+07
2595.000000 4.62479000e+07
2605.000000 4.55277000e+07
2615.000000 4.52424000e+07
2625.000000 4.53188000e+07
2635.000000 4.55463000e+07
2645.000000 4.73290000e+07
2655.000000 4.70341000e+07
2665.000000 4.59148000e+07
2675.000000 4.63197000e+07
2685.000000 4.65862000e+07
2695.000000 4.59325000e+07
2705.000000 4.58891000e+07
2715.000000 4.50242000e+07
2725.000000 4.49891000e+07
2735.000000 4.55668000e+07
2745.000000 4.33745000e+07
2755.000000 4.34851000e+07
2765.000000 4.43094000e+07
2775.000000 4.52303000e+07
2785.000000 4.49187000e+07
2795.000000 4.19629000e+07
2805.000000 4.35823000e+07
2815.000000 4.53013000e+07
2825.000000 4.50378000e+07
2835.000000 4.43775000e+07
2845.000000 4.40452000e+07
2855.000000 4.33665000e+07
2865.000000 4.37482000e+07
2875.000000 4.36777000e+07
2885.000000 4.39095000e+07
2895.000000 4.40940000e+07
2910.000000 4.44053000e+07
2930.000000 4.36024000e+07
2950.000000 4.33547000e+07
2970.000000 4.33365000e+07
2990.000000 4.31211000e+07
3010.000000 4.32402000e+07
3030.000000 4.30857000e+07
3050.000000 4.28465000e+07
3070.000000 4.25139000e+07
3090.000000 4.24743000e+07
3110.000000 4.22297000e+07
3130.000000 4.19110000e+07
3150.000000 4.17639000e+07
3170.000000 4.16472000e+07
3190.000000 4.10267000e+07
3210.000000 4.11166000e+07
3230.000000 4.07499000e+07
3250.000000 4.07813000e+07
3270.000000 4.07490000e+07
3290.000000 4.06031000e+07
3310.000000 4.04475000e+07
3330.000000 4.01296000e+07
3350.000000 3.97458000e+07
3370.000000 3.96138000e+07
3390.000000 3.94527000e+07
3410.000000 3.94351000e+07
3430.000000 3.92295000e+07
3450.000000 3.90609000e+07
3470.000000 3.88559000e+07
3490.000000 3.86871000e+07
3510.000000 3.85441000e+07
3530.000000 3.83807000e+07
3550.000000 3.82006000e+07
3570.000000 3.79570000e+07
3590.000000 3.77837000e+07
3610.000000 3.76004000e+07
3630.000000 3.74274000e+07
3640.000000 3.73300000e+07
3650.000000 3.74594000e+07
3670.000000 3.73152000e+07
3690.000000 3.59628000e+07
3710.000000 3.72156000e+07
3730.000000 3.85018000e+07
3750.000000 4.88188000e+07
3770.000000 5.19945000e+07
3790.000000 6.35851000e+07
3810.000000 7.57243000e+07
3830.000000 6.02735000e+07
3850.000000 8.54767000e+07
3870.000000 9.85736000e+07
3890.000000 5.16817000e+07
3910.000000 9.87257000e+07
3930.000000 1.09119000e+08
3950.000000 9.80668000e+07
3970.000000 4.99138000e+07
3990.000000 9.23620000e+07
4010.000000 1.08086000e+08
4030.000000 1.09092000e+08
4050.000000 1.07292000e+08
4070.000000 1.01011000e+08
4090.000000 7.28614000e+07
4110.000000 5.48453000e+07
4130.000000 9.41111000e+07
4150.000000 1.00368000e+08
4170.000000 1.00690000e+08
4190.000000 9.98834000e+07
4210.000000 9.87326000e+07
4230.000000 9.73211000e+07
4250.000000 9.60172000e+07
4270.000000 9.43161000e+07
4290.000000 9.19138000e+07
4310.000000 8.57128000e+07
4330.000000 6.01637000e+07
4350.000000 5.08756000e+07
4370.000000 8.10928000e+07
4390.000000 8.59287000e+07
4410.000000 8.63366000e+07
4430.000000 8.58160000e+07
4450.000000 8.49950000e+07
4470.000000 8.39835000e+07
4490.000000 8.29081000e+07
4510.000000 8.21725000e+07
4530.000000 8.11640000e+07
4550.000000 8.00754000e+07
4570.000000 7.92461000e+07
4590.000000 7.82584000e+07
4610.000000 7.73965000e+07
4630.000000 7.64165000e+07
4650.000000 7.55532000e+07
4670.000000 7.46553000e+07
4690.000000 7.37168000e+07
4710.000000 7.25673000e+07
4730.000000 7.18404000e+07
4750.000000 7.09028000e+07
4770.000000 6.98839000e+07
4790.000000 6.86711000e+07
4810.000000 6.68474000e+07
4830.000000 6.25710000e+07
4850.000000 4.69100000e+07
4870.000000 3.79606000e+07
4890.000000 5.85037000e+07
4910.000000 6.26848000e+07
4930.000000 6.31507000e+07
4950.000000 6.29520000e+07
4970.000000 6.24509000e+07
4990.000000 6.18378000e+07
5010.000000 6.11800000e+07
5030.000000 6.06245000e+07
5050.000000 5.99399000e+07
5070.000000 5.93082000e+07
5090.000000 5.86540000e+07
5110.000000 5.80096000e+07
5130.000000 5.73707000e+07
5150.000000 5.67385000e+07
5170.000000 5.59423000e+07
5190.000000 5.54309000e+07
5210.000000 5.49076000e+07
5230.000000 5.42860000e+07
5250.000000 5.37406000e+07
5270.000000 5.31232000e+07
5290.000000 5.25930000e+07
5310.000000 5.20159000e+07
5330.000000 5.14645000e+07
5350.000000 5.09370000e+07
5370.000000 5.03897000e+07
5390.000000 4.98647000e+07
5410.000000 4.93320000e+07
5430.000000 4.88236000e+07
5450.000000 4.83162000e+07
5470.000000 4.78163000e+07
5490.000000 4.73235000e+07
5510.000000 4.68366000e+07
5530.000000 4.63469000e+07
5550.000000 4.58778000e+07
5570.000000 4.54044000e+07
5590.000000 4.49402000e+07
5610.000000 4.44839000e+07
5630.000000 4.40353000e+07
5650.000000 4.35884000e+07
5670.000000 4.31490000e+07
5690.000000 4.27147000e+07
5710.000000 4.22866000e+07
5730.000000 4.18634000e+07
5750.000000 4.14462000e+07
5770.000000 4.10338000e+07
5790.000000 4.06272000e+07
5810.000000 4.02252000e+07
5830.000000 3.98278000e+07
5850.000000 3.94359000e+07
5870.000000 3.90332000e+07
5890.000000 3.86360000e+07
5910.000000 3.82909000e+07
5930.000000 3.79184000e+07
5950.000000 3.75500000e+07
5970.000000 3.71868000e+07
5990.000000 3.68266000e+07
6010.000000 3.64734000e+07
6030.000000 3.61241000e+07
6050.000000 3.57786000e+07
6070.000000 3.54379000e+07
6090.000000 3.51009000e+07
6110.000000 3.47676000e+07
6130.000000 3.44378000e+07
6150.000000 3.41066000e+07
6170.000000 3.37918000e+07
6190.000000 3.34765000e+07
6210.000000 3.31635000e+07
6230.000000 3.28539000e+07
6250.000000 3.25436000e+07
6270.000000 3.22463000e+07
6290.000000 3.19482000e+07
6310.000000 3.16514000e+07
6330.000000 3.13605000e+07
6350.000000 3.10624000e+07
6370.000000 3.07813000e+07
6390.000000 3.05040000e+07
6410.000000 3.02085000e+07
6430.000000 2.98787000e+07
6450.000000 2.95679000e+07
6470.000000 2.92440000e+07
6490.000000 2.88566000e+07
6510.000000 2.83044000e+07
6530.000000 2.71471000e+07
6550.000000 2.31653000e+07
6570.000000 1.87183000e+07
6590.000000 2.54267000e+07
6610.000000 2.68164000e+07
6630.000000 2.70217000e+07
6650.000000 2.69437000e+07
6670.000000 2.67773000e+07
6690.000000 2.65796000e+07
6710.000000 2.63963000e+07
6730.000000 2.61839000e+07
6750.000000 2.59554000e+07
6770.000000 2.57307000e+07
6790.000000 2.55066000e+07
6810.000000 2.52847000e+07
6830.000000 2.50658000e+07
6850.000000 2.48490000e+07
6870.000000 2.46351000e+07
6890.000000 2.44232000e+07
6910.000000 2.42134000e+07
6930.000000 2.40056000e+07
6950.000000 2.38006000e+07
6970.000000 2.35975000e+07
6990.000000 2.33971000e+07
7010.000000 2.31986000e+07
7030.000000 2.30020000e+07
7050.000000 2.28080000e+07
7070.000000 2.26159000e+07
7090.000000 2.24255000e+07
7110.000000 2.22317000e+07
7130.000000 2.20508000e+07
7150.000000 2.18665000e+07
7170.000000 2.16846000e+07
7190.000000 2.15043000e+07
7210.000000 2.13258000e+07
7230.000000 2.11496000e+07
7250.000000 2.09750000e+07
7270.000000 2.08020000e+07
7290.000000 2.06306000e+07
7310.000000 2.04615000e+07
7330.000000 2.02939000e+07
7350.000000 2.01285000e+07
7370.000000 1.99646000e+07
7390.000000 1.98015000e+07
7410.000000 1.96406000e+07
7430.000000 1.94811000e+07
7450.000000 1.93237000e+07
7470.000000 1.91663000e+07
7490.000000 1.90124000e+07
7510.000000 1.88605000e+07
7530.000000 1.87099000e+07
7550.000000 1.85600000e+07
7570.000000 1.84121000e+07
7590.000000 1.82655000e+07
7610.000000 1.81202000e+07
7630.000000 1.79762000e+07
7650.000000 1.78340000e+07
7670.000000 1.76931000e+07
7690.000000 1.75534000e+07
7710.000000 1.74149000e+07
7730.000000 1.72789000e+07
7750.000000 1.71434000e+07
7770.000000 1.69623000e+07
7790.000000 1.68766000e+07
7810.000000 1.67451000e+07
7830.000000 1.66149000e+07
7850.000000 1.64863000e+07
7870.000000 1.63564000e+07
7890.000000 1.62288000e+07
7910.000000 1.61071000e+07
7930.000000 1.59834000e+07
7950.000000 1.58596000e+07
7970.000000 1.57391000e+07
7990.000000 1.56156000e+07
8010.000000 1.54995000e+07
8030.000000 1.53815000e+07
8050.000000 1.52645000e+07
8070.000000 1.51485000e+07
8090.000000 1.50339000e+07
8110.000000 1.49203000e+07
8130.000000 1.48077000e+07
8150.000000 1.46965000e+07
8170.000000 1.45863000e+07
8190.000000 1.44736000e+07
8210.000000 1.43987000e+07
8230.000000 1.42982000e+07
8250.000000 1.42002000e+07
8270.000000 1.41084000e+07
8290.000000 1.40125000e+07
8310.000000 1.39168000e+07
8330.000000 1.38131000e+07
8350.000000 1.37178000e+07
8370.000000 1.36088000e+07
8390.000000 1.34921000e+07
8410.000000 1.33688000e+07
8430.000000 1.32657000e+07
8450.000000 1.31729000e+07
8470.000000 1.28755000e+07
8490.000000 1.30449000e+07
8510.000000 1.24832000e+07
8530.000000 1.29607000e+07
8550.000000 1.18694000e+07
8570.000000 1.29995000e+07
8590.000000 1.20854000e+07
8610.000000 1.17864000e+07
8630.000000 1.30465000e+07
8650.000000 1.24540000e+07
8670.000000 1.04470000e+07
8690.000000 1.27357000e+07
8710.000000 1.31674000e+07
8730.000000 1.25560000e+07
8750.000000 9.88882000e+06
8770.000000 1.18799000e+07
8790.000000 1.30234000e+07
8810.000000 1.31789000e+07
8830.000000 1.27902000e+07
8850.000000 1.12265000e+07
8870.000000 9.49187000e+06
8890.000000 1.20214000e+07
8910.000000 1.27585000e+07
8930.000000 1.29088000e+07
8950.000000 1.28357000e+07
8970.000000 1.25374000e+07
8990.000000 1.17466000e+07
9010.000000 9.28550000e+06
9030.000000 1.01449000e+07
9050.000000 1.17776000e+07
9070.000000 1.21937000e+07
9090.000000 1.22591000e+07
9110.000000 1.22707000e+07
9130.000000 1.22017000e+07
9150.000000 1.20778000e+07
9170.000000 1.18777000e+07
9190.000000 1.14808000e+07
9210.000000 1.04770000e+07
9230.000000 8.17863000e+06
9250.000000 1.00736000e+07
9270.000000 1.10757000e+07
9290.000000 1.13703000e+07
9310.000000 1.14232000e+07
9330.000000 1.13998000e+07
9350.000000 1.13459000e+07
9370.000000 1.12778000e+07
9390.000000 1.12004000e+07
9410.000000 1.10928000e+07
9430.000000 1.10276000e+07
9450.000000 1.09244000e+07
9470.000000 1.07918000e+07
9490.000000 1.05891000e+07
9510.000000 1.01876000e+07
9530.000000 9.16221000e+06
9550.000000 7.38320000e+06
9570.000000 9.25278000e+06
9590.000000 9.98474000e+06
9610.000000 1.01888000e+07
9630.000000 1.02205000e+07
9650.000000 1.02061000e+07
9670.000000 1.01506000e+07
9690.000000 1.01047000e+07
9710.000000 1.00447000e+07
9730.000000 9.98639000e+06
9750.000000 9.93080000e+06
9770.000000 9.86531000e+06
9790.000000 9.79832000e+06
9810.000000 9.73218000e+06
9830.000000 9.66572000e+06
9850.000000 9.59699000e+06
9870.000000 9.51754000e+06
9890.000000 9.44403000e+06
9910.000000 9.37526000e+06
9930.000000 9.29818000e+06
9950.000000 9.21328000e+06
9970.000000 9.10699000e+06
9990.000000 8.95015000e+06
10025.000000 7.98849000e+06
10075.000000 7.59244000e+06
10125.000000 8.60319000e+06
10175.000000 8.57415000e+06
10225.000000 8.46348000e+06
10275.000000 8.33742000e+06
10325.000000 8.20315000e+06
10375.000000 8.07108000e+06
10425.000000 7.94185000e+06
10475.000000 7.81368000e+06
10525.000000 7.69064000e+06
10575.000000 7.56891000e+06
10625.000000 7.44945000e+06
10675.000000 7.31371000e+06
10725.000000 7.21096000e+06
10775.000000 7.08449000e+06
10825.000000 6.94461000e+06
10875.000000 6.70665000e+06
10925.000000 5.58960000e+06
10975.000000 6.10364000e+06
11025.000000 6.47705000e+06
11075.000000 6.44480000e+06
11125.000000 6.36691000e+06
11175.000000 6.28050000e+06
11225.000000 6.18640000e+06
11275.000000 6.09106000e+06
11325.000000 5.99921000e+06
11375.000000 5.91310000e+06
11425.000000 5.82509000e+06
11475.000000 5.73982000e+06
11525.000000 5.65524000e+06
11575.000000 5.57218000e+06
11625.000000 5.48979000e+06
11675.000000 5.40749000e+06
11725.000000 5.33242000e+06
11775.000000 5.24756000e+06
11825.000000 5.17741000e+06
11875.000000 5.10318000e+06
11925.000000 5.03213000e+06
11975.000000 4.95867000e+06
12025.000000 4.88965000e+06
12075.000000 4.82004000e+06
12125.000000 4.75218000e+06
12175.000000 4.68578000e+06
12225.000000 4.62005000e+06
12275.000000 4.55524000e+06
12325.000000 4.49182000e+06
12375.000000 4.42976000e+06
12425.000000 4.36856000e+06
12475.000000 4.30795000e+06
12525.000000 4.24913000e+06
12575.000000 4.18992000e+06
12625.000000 4.12630000e+06
12675.000000 4.05934000e+06
12725.000000 3.97446000e+06
12775.000000 3.76890000e+06
12825.000000 3.21735000e+06
12875.000000 3.71103000e+06
12925.000000 3.77281000e+06
12975.000000 3.74513000e+06
13025.000000 3.70555000e+06
13075.000000 3.66051000e+06
13125.000000 3.61212000e+06
13175.000000 3.56435000e+06
13225.000000 3.51785000e+06
13275.000000 3.47173000e+06
13325.000000 3.42663000e+06
13375.000000 3.38211000e+06
13425.000000 3.33815000e+06
13475.000000 3.29496000e+06
13525.000000 3.25252000e+06
13575.000000 3.21082000e+06
13625.000000 3.16984000e+06
13675.000000 3.12938000e+06
13725.000000 3.08902000e+06
13775.000000 3.05036000e+06
13825.000000 3.01178000e+06
13875.000000 2.97387000e+06
13925.000000 2.93642000e+06
13975.000000 2.89963000e+06
14025.000000 2.86348000e+06
14075.000000 2.82777000e+06
14125.000000 2.79268000e+06
14175.000000 2.75801000e+06
14225.000000 2.72414000e+06
14275.000000 2.69048000e+06
14325.000000 2.65741000e+06
14375.000000 2.62492000e+06
14425.000000 2.59136000e+06
14475.000000 2.56145000e+06
14525.000000 2.52956000e+06
14570.000000 2.50278000e+06
14620.000000 2.47458000e+06
14675.000000 2.44295000e+06
14725.000000 2.41457000e+06
14775.000000 2.38618000e+06
14825.000000 2.35879000e+06
14875.000000 2.33105000e+06
14925.000000 2.30463000e+06
14975.000000 2.27784000e+06
15025.000000 2.25086000e+06
15075.000000 2.22451000e+06
15125.000000 2.19830000e+06
15175.000000 2.17190000e+06
15225.000000 2.14758000e+06
15275.000000 2.11820000e+06
15325.000000 2.09157000e+06
15375.000000 2.07273000e+06
15425.000000 2.03351000e+06
15475.000000 2.02401000e+06
15525.000000 1.99880000e+06
15575.000000 1.94359000e+06
15625.000000 1.97376000e+06
15675.000000 1.91074000e+06
15725.000000 1.86068000e+06
15775.000000 1.91672000e+06
15825.000000 1.88823000e+06
15875.000000 1.73659000e+06
15925.000000 1.81810000e+06
15975.000000 1.84895000e+06
16050.000000 1.78448000e+06
16150.000000 1.67520000e+06
16250.000000 1.75965000e+06
16350.000000 1.66181000e+06
16450.000000 1.55452000e+06
16550.000000 1.65614000e+06
16650.000000 1.62366000e+06
16750.000000 1.51665000e+06
16850.000000 1.41790000e+06
16950.000000 1.51871000e+06
17050.000000 1.49472000e+06
17150.000000 1.46210000e+06
17250.000000 1.41633000e+06
17350.000000 1.24255000e+06
17450.000000 1.33667000e+06
17550.000000 1.34141000e+06
17650.000000 1.31828000e+06
17750.000000 1.29175000e+06
17850.000000 1.26514000e+06
17950.000000 1.23611000e+06
18050.000000 1.20083000e+06
18150.000000 1.06402000e+06
18250.000000 1.11955000e+06
18350.000000 1.13548000e+06
18450.000000 1.11601000e+06
18550.000000 1.09247000e+06
18650.000000 1.05809000e+06
18750.000000 9.36159000e+05
18850.000000 1.01245000e+06
18950.000000 1.00897000e+06
19050.000000 9.92601000e+05
19150.000000 9.73437000e+05
19250.000000 9.51790000e+05
19350.000000 9.19531000e+05
19450.000000 8.16092000e+05
19550.000000 8.84727000e+05
19650.000000 8.81862000e+05
19750.000000 8.68299000e+05
19850.000000 8.52163000e+05
19950.000000 8.36325000e+05
20050.000000 8.20862000e+05
20150.000000 8.05748000e+05
20250.000000 7.90974000e+05
20350.000000 7.76543000e+05
20450.000000 7.62445000e+05
20550.000000 7.48664000e+05
20650.000000 7.35184000e+05
20750.000000 7.22017000e+05
20850.000000 7.09145000e+05
20950.000000 6.96546000e+05
21050.000000 6.84231000e+05
21150.000000 6.72158000e+05
21250.000000 6.60357000e+05
21350.000000 6.48772000e+05
21450.000000 6.35385000e+05
21550.000000 6.16798000e+05
21650.000000 5.52215000e+05
21750.000000 5.90463000e+05
21850.000000 5.92291000e+05
21950.000000 5.84584000e+05
22050.000000 5.74924000e+05
22150.000000 5.65206000e+05
22250.000000 5.55762000e+05
22350.000000 5.46478000e+05
22450.000000 5.37390000e+05
22550.000000 5.28478000e+05
22650.000000 5.19768000e+05
22750.000000 5.11227000e+05
22850.000000 5.03047000e+05
22950.000000 4.94932000e+05
23050.000000 4.86995000e+05
23150.000000 4.79204000e+05
23250.000000 4.71572000e+05
23350.000000 4.64086000e+05
23450.000000 4.56752000e+05
23550.000000 4.49553000e+05
23650.000000 4.42486000e+05
23750.000000 4.35555000e+05
23850.000000 4.28738000e+05
23950.000000 4.22039000e+05
24050.000000 4.15436000e+05
24150.000000 4.08902000e+05
24250.000000 4.02660000e+05
24350.000000 3.96329000e+05
24450.000000 3.89987000e+05
24550.000000 3.84372000e+05
24650.000000 3.77918000e+05
24750.000000 3.72238000e+05
24850.000000 3.67632000e+05
24950.000000 3.58887000e+05
25050.000000 3.56790000e+05
25150.000000 3.51576000e+05
25250.000000 3.40879000e+05
25350.000000 3.40680000e+05
25450.000000 3.37217000e+05
25550.000000 3.30410000e+05
25650.000000 3.17629000e+05
25750.000000 3.21457000e+05
25850.000000 3.18394000e+05
25950.000000 3.13354000e+05
26050.000000 3.03947000e+05
26150.000000 2.88725000e+05
26250.000000 2.71795000e+05
26350.000000 2.89621000e+05
26450.000000 2.91539000e+05
26550.000000 2.88048000e+05
26650.000000 2.80926000e+05
26750.000000 2.61750000e+05
26850.000000 2.72952000e+05
26950.000000 2.72896000e+05
27050.000000 2.69801000e+05
27150.000000 2.66258000e+05
27250.000000 2.62527000e+05
27350.000000 2.58470000e+05
27450.000000 2.52685000e+05
27550.000000 2.33964000e+05
27650.000000 2.39074000e+05
27750.000000 2.43656000e+05
27850.000000 2.41618000e+05
27950.000000 2.38927000e+05
28050.000000 2.35695000e+05
28150.000000 2.32516000e+05
28250.000000 2.29390000e+05
28350.000000 2.26317000e+05
28450.000000 2.22816000e+05
28550.000000 2.18790000e+05
28650.000000 2.10321000e+05
28750.000000 1.96554000e+05
28850.000000 2.08311000e+05
28950.000000 2.08043000e+05
29050.000000 2.06060000e+05
29150.000000 2.03487000e+05
29250.000000 2.00852000e+05
29350.000000 1.98252000e+05
29450.000000 1.95692000e+05
29550.000000 1.93170000e+05
29650.000000 1.90691000e+05
29750.000000 1.88254000e+05
29850.000000 1.85853000e+05
29950.000000 1.83488000e+05
30050.000000 1.81092000e+05
30150.000000 1.78248000e+05
30250.000000 1.74552000e+05
30350.000000 1.62287000e+05
30450.000000 1.63592000e+05
30550.000000 1.68517000e+05
30650.000000 1.67479000e+05
30750.000000 1.65877000e+05
30850.000000 1.63830000e+05
30950.000000 1.61813000e+05
31050.000000 1.59827000e+05
31150.000000 1.57867000e+05
31250.000000 1.55940000e+05
31350.000000 1.54046000e+05
31450.000000 1.52177000e+05
31550.000000 1.50336000e+05
31650.000000 1.48526000e+05
31750.000000 1.46740000e+05
31850.000000 1.44980000e+05
31950.000000 1.43248000e+05
32100.000000 1.40698000e+05
32300.000000 1.37387000e+05
32500.000000 1.34167000e+05
32700.000000 1.30593000e+05
32900.000000 1.20918000e+05
33100.000000 1.22436000e+05
33300.000000 1.21714000e+05
33500.000000 1.19113000e+05
33700.000000 1.16466000e+05
33900.000000 1.13880000e+05
34100.000000 1.11356000e+05
34300.000000 1.08899000e+05
34500.000000 1.06507000e+05
34700.000000 1.04178000e+05
34900.000000 1.01908000e+05
35100.000000 9.97041000e+04
35300.000000 9.75556000e+04
35500.000000 9.54580000e+04
35700.000000 9.34101000e+04
35900.000000 9.14602000e+04
36100.000000 8.94697000e+04
36300.000000 8.76545000e+04
36500.000000 8.57097000e+04
36700.000000 8.40676000e+04
36900.000000 8.20437000e+04
37100.000000 8.04554000e+04
37300.000000 7.67491000e+04
37500.000000 7.43466000e+04
37700.000000 7.56724000e+04
37900.000000 7.43487000e+04
38100.000000 7.24075000e+04
38300.000000 7.10369000e+04
38500.000000 7.00721000e+04
38700.000000 6.87158000e+04
38900.000000 6.71421000e+04
39100.000000 6.49218000e+04
39300.000000 6.46725000e+04
39500.000000 6.35581000e+04
39700.000000 6.23432000e+04
39900.000000 6.10809000e+04
40100.000000 5.90815000e+04
40300.000000 5.75849000e+04
40500.000000 5.50286000e+04
40700.000000 5.63062000e+04
40900.000000 5.55857000e+04
41100.000000 5.46692000e+04
41300.000000 5.35844000e+04
41500.000000 5.23123000e+04
41700.000000 4.96365000e+04
41900.000000 5.03462000e+04
42100.000000 4.97818000e+04
42300.000000 4.89185000e+04
42500.000000 4.80337000e+04
42700.000000 4.71674000e+04
42900.000000 4.63213000e+04
43100.000000 4.54928000e+04
43300.000000 4.46817000e+04
43500.000000 4.36964000e+04
43700.000000 4.14036000e+04
43900.000000 4.16058000e+04
44100.000000 4.15353000e+04
44300.000000 4.08943000e+04
44500.000000 4.01851000e+04
44700.000000 3.95473000e+04
44900.000000 3.88033000e+04
45100.000000 3.81414000e+04
45300.000000 3.74914000e+04
45500.000000 3.68532000e+04
45700.000000 3.62264000e+04
45900.000000 3.56039000e+04
46100.000000 3.49712000e+04
46300.000000 3.42199000e+04
46500.000000 3.21455000e+04
46700.000000 3.16203000e+04
46900.000000 3.23651000e+04
47100.000000 3.21553000e+04
47300.000000 3.16819000e+04
47500.000000 3.11836000e+04
47700.000000 3.06859000e+04
47900.000000 3.01937000e+04
48100.000000 2.97103000e+04
48300.000000 2.92371000e+04
48500.000000 2.87722000e+04
48700.000000 2.83156000e+04
48900.000000 2.78686000e+04
49100.000000 2.74295000e+04
49300.000000 2.69981000e+04
49500.000000 2.65790000e+04
49700.000000 2.61581000e+04
49900.000000 2.57582000e+04
50100.000000 2.53563000e+04
50300.000000 2.49571000e+04
50500.000000 2.45825000e+04
50700.000000 2.41955000e+04
50900.000000 2.37789000e+04
51100.000000 2.32339000e+04
51300.000000 2.20081000e+04
51500.000000 2.25988000e+04
51700.000000 2.23707000e+04
51900.000000 2.20896000e+04
52100.000000 2.17801000e+04
52300.000000 2.14568000e+04
52500.000000 2.11119000e+04
52700.000000 2.07783000e+04
52900.000000 2.05219000e+04
53100.000000 2.02340000e+04
53300.000000 1.99405000e+04
53500.000000 1.96417000e+04
53700.000000 1.92944000e+04
53900.000000 1.90192000e+04
54100.000000 1.88068000e+04
54300.000000 1.85829000e+04
54500.000000 1.83187000e+04
54700.000000 1.80578000e+04
54900.000000 1.77702000e+04
55100.000000 1.74553000e+04
55300.000000 1.71322000e+04
55500.000000 1.70089000e+04
55700.000000 1.68178000e+04
55900.000000 1.65904000e+04
56100.000000 1.63610000e+04
56300.000000 1.61356000e+04
56500.000000 1.59130000e+04
56700.000000 1.56814000e+04
56900.000000 1.54096000e+04
57100.000000 1.50245000e+04
57300.000000 1.49761000e+04
57500.000000 1.48413000e+04
57700.000000 1.46582000e+04
57900.000000 1.44616000e+04
58100.000000 1.42674000e+04
58300.000000 1.40666000e+04
58500.000000 1.38671000e+04
58700.000000 1.36634000e+04
58900.000000 1.33569000e+04
59100.000000 1.26960000e+04
59300.000000 1.30262000e+04
59500.000000 1.27153000e+04
59700.000000 1.26673000e+04
59900.000000 1.26248000e+04
60100.000000 1.24825000e+04
60300.000000 1.23284000e+04
60500.000000 1.21719000e+04
60700.000000 1.20171000e+04
60900.000000 1.18652000e+04
61100.000000 1.17140000e+04
61300.000000 1.15655000e+04
61500.000000 1.14197000e+04
61700.000000 1.12755000e+04
61900.000000 1.11329000e+04
62100.000000 1.09920000e+04
62300.000000 1.08507000e+04
62500.000000 1.07042000e+04
62700.000000 1.05114000e+04
62900.000000 1.01152000e+04
63100.000000 1.02234000e+04
63300.000000 1.01796000e+04
63500.000000 1.00698000e+04
63700.000000 9.95095000e+03
63900.000000 9.85000000e+03
64200.000000 9.67042000e+03
64600.000000 9.43819000e+03
65000.000000 9.21271000e+03
65400.000000 8.99290000e+03
65800.000000 8.78035000e+03
66200.000000 8.57450000e+03
66600.000000 8.37423000e+03
67000.000000 8.16678000e+03
67400.000000 7.93562000e+03
67800.000000 7.60312000e+03
68200.000000 7.60248000e+03
68600.000000 7.45188000e+03
69000.000000 7.28802000e+03
69400.000000 7.11704000e+03
69800.000000 6.96549000e+03
70200.000000 6.81104000e+03
70600.000000 6.65948000e+03
71000.000000 6.50230000e+03
71400.000000 6.37238000e+03
71800.000000 6.23405000e+03
72200.000000 6.09940000e+03
72600.000000 5.95375000e+03
73000.000000 5.83418000e+03
73400.000000 5.71692000e+03
73800.000000 5.58899000e+03
74200.000000 5.45014000e+03
74600.000000 5.19283000e+03
75000.000000 5.03558000e+03
75400.000000 5.09495000e+03
75800.000000 5.02322000e+03
76200.000000 4.92696000e+03
76600.000000 4.83480000e+03
77000.000000 4.73685000e+03
77400.000000 4.62935000e+03
77800.000000 4.51583000e+03
78200.000000 4.44696000e+03
78600.000000 4.36919000e+03
79000.000000 4.28292000e+03
79400.000000 4.19870000e+03
79800.000000 4.11661000e+03
80200.000000 4.03646000e+03
80600.000000 3.95828000e+03
81000.000000 3.87754000e+03
81400.000000 3.77391000e+03
81800.000000 3.71474000e+03
82200.000000 3.66240000e+03
82600.000000 3.59449000e+03
83000.000000 3.52684000e+03
83400.000000 3.46076000e+03
83800.000000 3.39620000e+03
84200.000000 3.33319000e+03
84600.000000 3.27158000e+03
85000.000000 3.21140000e+03
85400.000000 3.15262000e+03
85800.000000 3.09509000e+03
86200.000000 3.03044000e+03
86600.000000 2.93670000e+03
87000.000000 2.91499000e+03
87400.000000 2.82568000e+03
87800.000000 2.77580000e+03
88200.000000 2.77238000e+03
88600.000000 2.72744000e+03
89000.000000 2.67953000e+03
89400.000000 2.63260000e+03
89800.000000 2.58668000e+03
90200.000000 2.54180000e+03
90600.000000 2.49788000e+03
91000.000000 2.45486000e+03
91400.000000 2.41281000e+03
91800.000000 2.37162000e+03
92200.000000 2.33133000e+03
92600.000000 2.28904000e+03
93000.000000 2.25193000e+03
93400.000000 2.20858000e+03
93800.000000 2.13536000e+03
94200.000000 2.12410000e+03
94600.000000 2.10285000e+03
95000.000000 2.06911000e+03
95400.000000 2.03516000e+03
95800.000000 2.00453000e+03
96200.000000 1.97185000e+03
96600.000000 1.93985000e+03
97000.000000 1.90847000e+03
97400.000000 1.87774000e+03
97800.000000 1.84764000e+03
98200.000000 1.81605000e+03
98600.000000 1.78535000e+03
99000.000000 1.76080000e+03
99400.000000 1.73301000e+03
99800.000000 1.70575000e+03
100200.000000 1.67907000e+03
200000.000000 1.08300000e+02
400000.000000 6.79691000e+00
600000.000000 1.33844000e+00
800000.000000 4.21690000e-01
1000000.000000 1.71969000e-01
1200000.000000 8.25901000e-02
1400000.000000 4.44079000e-02
1600000.000000 2.59399000e-02
