# Kurucz ODFNEW /NOVER, alpha: 0.0 (2003)
# teff = 6250 K (value for the effective temperature for the model. Temperatures are given in K)
# logg = 3.5 log(cm/s2) (value for Log(G) for the model.)
# lh = 1.25  (l/Hp where l is the  mixing length of the convective element and Hp is the pressure scale height)
# meta = 0.5  (value for the Metallicity for the model.)
# vtur = 2 km/s (Microturbulence velocity)
# alpha = 0  (Alpha)
#
# column 1: WAVELENGTH (ANGSTROM), Wavelength in Angstrom
# column 2: FLUX (ERG/CM2/S/A), Flux in erg/cm2/s/A
147.200000 4.34664000e-24
151.000000 4.13062000e-24
155.200000 3.91008000e-24
158.800000 2.22176000e-86
162.000000 1.90877000e-84
166.000000 3.90551000e-82
170.300000 8.96759000e-80
173.400000 3.80732000e-78
176.800000 1.99174000e-76
180.200000 8.94894000e-75
181.700000 4.57874000e-74
186.100000 4.71450000e-72
191.000000 6.35724000e-70
193.900000 1.02606000e-68
198.400000 6.51998000e-67
201.800000 1.32696000e-65
205.000000 2.06325000e-64
210.500000 1.88109000e-62
216.200000 1.57784000e-60
219.800000 2.29311000e-59
223.000000 2.29375000e-58
226.800000 3.24450000e-57
230.000000 2.82049000e-56
234.000000 3.85694000e-55
240.000000 1.64976000e-53
246.500000 7.81331000e-52
252.400000 2.17277000e-50
256.800000 2.34237000e-49
260.000000 1.25341000e-48
264.000000 9.61823000e-48
268.500000 8.82405000e-47
273.500000 9.47889000e-46
278.500000 9.33928000e-45
284.000000 1.05000000e-43
290.000000 1.31967000e-42
296.000000 1.48949000e-41
301.000000 1.04123000e-40
308.000000 1.42016000e-39
318.000000 4.82293000e-38
328.000000 1.31084000e-36
338.000000 2.90580000e-35
348.000000 5.35554000e-34
357.000000 6.37149000e-33
366.000000 6.68717000e-32
375.000000 6.23261000e-31
385.000000 6.55200000e-30
395.000000 6.07669000e-29
405.000000 5.02352000e-28
414.000000 3.06952000e-27
422.000000 1.43225000e-26
430.000000 6.29275000e-26
441.000000 4.39238000e-25
451.000000 2.35501000e-24
460.000000 9.99579000e-24
470.000000 4.65361000e-23
480.000000 2.02361000e-22
490.000000 8.26216000e-22
500.000000 3.17508000e-21
506.000000 9.19576000e-21
512.000000 2.20869000e-20
520.000000 5.90326000e-20
530.000000 1.94212000e-19
540.000000 6.00093000e-19
550.000000 1.79747000e-18
560.000000 5.13150000e-18
570.000000 1.40813000e-17
580.000000 3.67961000e-17
590.000000 9.49237000e-17
600.000000 2.34012000e-16
610.000000 5.59728000e-16
620.000000 1.29660000e-15
630.000000 2.91892000e-15
640.000000 6.39474000e-15
650.000000 1.36514000e-14
658.000000 2.45878000e-14
665.000000 4.05068000e-14
675.000000 8.14728000e-14
685.000000 1.60423000e-13
695.000000 3.08621000e-13
705.000000 5.76951000e-13
716.000000 1.14219000e-12
726.000000 2.06921000e-12
735.000000 3.47779000e-12
745.000000 6.08808000e-12
755.000000 1.04891000e-11
765.000000 1.78417000e-11
775.000000 2.97846000e-11
785.000000 4.91929000e-11
795.000000 7.88657000e-11
805.000000 1.27025000e-10
815.000000 2.02560000e-10
825.000000 3.16865000e-10
835.000000 4.89790000e-10
845.000000 7.48315000e-10
855.000000 1.13133000e-09
865.000000 1.69049000e-09
875.000000 2.48817000e-09
885.000000 3.66068000e-09
895.000000 5.31214000e-09
905.000000 7.62635000e-09
915.000000 4.74318000e-06
925.000000 1.64737000e-05
935.000000 2.40200000e-05
945.000000 3.47290000e-05
955.000000 5.15428000e-05
965.000000 7.33292000e-05
975.000000 1.03433000e-04
985.000000 1.44879000e-04
995.000000 2.01408000e-04
1005.000000 2.82913000e-04
1015.000000 3.87910000e-04
1025.000000 5.02688000e-04
1035.000000 7.15354000e-04
1045.000000 9.62259000e-04
1055.000000 1.28661000e-03
1065.000000 1.68232000e-03
1075.000000 2.26000000e-03
1085.000000 2.97044000e-03
1095.000000 3.82000000e-03
1105.000000 8.32830000e-03
1115.000000 2.58817000e-02
1125.000000 3.89224000e-02
1135.000000 5.63826000e-02
1145.000000 7.48301000e-02
1155.000000 8.53782000e-02
1165.000000 1.21791000e-01
1175.000000 1.52023000e-01
1185.000000 1.69858000e-01
1195.000000 1.26975000e-01
1205.000000 1.67354000e-01
1215.000000 7.11645000e-02
1225.000000 2.22424000e-01
1235.000000 3.86875000e-01
1245.000000 5.67005000e-01
1255.000000 7.48687000e-01
1265.000000 7.51823000e-01
1275.000000 9.62712000e-01
1285.000000 1.16697000e+00
1295.000000 1.43065000e+00
1305.000000 1.42374000e+00
1315.000000 1.83164000e+00
1325.000000 2.03194000e+00
1335.000000 2.34084000e+00
1345.000000 2.68455000e+00
1355.000000 3.07227000e+00
1365.000000 3.39157000e+00
1375.000000 3.78657000e+00
1385.000000 4.24802000e+00
1395.000000 4.81418000e+00
1405.000000 5.70354000e+00
1415.000000 6.38411000e+00
1425.000000 7.17829000e+00
1435.000000 8.22933000e+00
1442.000000 9.96102000e+00
1447.000000 9.59326000e+00
1455.000000 1.10761000e+01
1465.000000 1.29384000e+01
1475.000000 1.33445000e+01
1485.000000 1.54800000e+01
1495.000000 1.94683000e+01
1505.000000 2.30260000e+01
1512.000000 2.06974000e+01
1517.000000 2.55640000e+01
1525.000000 3.57772000e+01
1535.000000 9.57179000e+01
1545.000000 1.00567000e+02
1555.000000 1.48651000e+02
1565.000000 1.43009000e+02
1575.000000 2.39497000e+02
1585.000000 2.93844000e+02
1595.000000 3.43481000e+02
1605.000000 3.75073000e+02
1615.000000 4.02263000e+02
1625.000000 4.53866000e+02
1635.000000 5.18076000e+02
1645.000000 7.05839000e+02
1655.000000 4.25223000e+02
1665.000000 7.97468000e+02
1672.000000 5.39224000e+02
1677.000000 8.32606000e+02
1685.000000 1.45638000e+03
1695.000000 2.60955000e+03
1705.000000 3.32716000e+03
1715.000000 3.72730000e+03
1725.000000 4.41725000e+03
1735.000000 5.46217000e+03
1745.000000 6.89242000e+03
1755.000000 9.58830000e+03
1765.000000 8.31297000e+03
1775.000000 9.54909000e+03
1785.000000 1.17544000e+04
1795.000000 1.55590000e+04
1805.000000 1.37971000e+04
1815.000000 1.35986000e+04
1825.000000 1.56670000e+04
1835.000000 1.79961000e+04
1845.000000 1.41217000e+04
1855.000000 1.97450000e+04
1865.000000 2.35381000e+04
1875.000000 2.51673000e+04
1885.000000 2.73045000e+04
1895.000000 3.39201000e+04
1905.000000 3.19704000e+04
1915.000000 3.50952000e+04
1925.000000 3.37993000e+04
1935.000000 2.26698000e+04
1945.000000 4.58266000e+04
1955.000000 4.75610000e+04
1967.000000 5.97953000e+04
1976.000000 5.78596000e+04
1984.000000 6.00230000e+04
1995.000000 6.40133000e+04
2005.000000 6.57426000e+04
2015.000000 6.89442000e+04
2025.000000 6.00920000e+04
2035.000000 7.94937000e+04
2045.000000 9.07496000e+04
2055.000000 8.81361000e+04
2065.000000 8.60292000e+04
2074.000000 9.55864000e+04
2078.000000 1.24027000e+05
2085.000000 1.29452000e+05
2095.000000 2.00475000e+05
2105.000000 3.65564000e+05
2115.000000 4.34291000e+05
2125.000000 3.73582000e+05
2135.000000 3.38255000e+05
2145.000000 4.81214000e+05
2155.000000 5.12516000e+05
2165.000000 4.27090000e+05
2175.000000 4.53752000e+05
2185.000000 5.84732000e+05
2195.000000 5.86633000e+05
2205.000000 5.46410000e+05
2215.000000 3.60810000e+05
2225.000000 4.33230000e+05
2235.000000 6.51098000e+05
2245.000000 5.95297000e+05
2255.000000 4.21542000e+05
2265.000000 3.76845000e+05
2275.000000 5.21709000e+05
2285.000000 6.51495000e+05
2295.000000 5.26074000e+05
2305.000000 6.68998000e+05
2315.000000 5.32123000e+05
2325.000000 4.87162000e+05
2335.000000 2.90205000e+05
2345.000000 1.81369000e+05
2355.000000 4.14271000e+05
2365.000000 2.08456000e+05
2375.000000 2.92260000e+05
2385.000000 1.52812000e+05
2395.000000 2.08363000e+05
2405.000000 2.07975000e+05
2415.000000 2.82136000e+05
2425.000000 5.67776000e+05
2435.000000 6.03691000e+05
2445.000000 7.34991000e+05
2455.000000 7.97210000e+05
2465.000000 6.46666000e+05
2475.000000 5.89225000e+05
2485.000000 3.74416000e+05
2495.000000 4.83071000e+05
2505.000000 7.59039000e+05
2513.000000 3.70575000e+05
2518.000000 2.95343000e+05
2525.000000 2.64063000e+05
2535.000000 3.35451000e+05
2545.000000 4.39248000e+05
2555.000000 9.57055000e+05
2565.000000 6.79453000e+05
2575.000000 9.20997000e+05
2585.000000 7.37591000e+05
2595.000000 6.21148000e+05
2605.000000 4.75285000e+05
2615.000000 4.37874000e+05
2625.000000 6.45631000e+05
2635.000000 1.43367000e+06
2645.000000 2.28164000e+06
2655.000000 3.11596000e+06
2665.000000 1.70982000e+06
2675.000000 2.05954000e+06
2685.000000 2.32009000e+06
2695.000000 1.81066000e+06
2705.000000 2.32215000e+06
2715.000000 1.54209000e+06
2725.000000 1.29396000e+06
2735.000000 1.52415000e+06
2745.000000 6.54862000e+05
2755.000000 9.32241000e+05
2765.000000 1.33480000e+06
2775.000000 1.51917000e+06
2785.000000 8.25322000e+05
2795.000000 2.86848000e+05
2805.000000 3.70944000e+05
2815.000000 1.29161000e+06
2825.000000 2.30174000e+06
2835.000000 2.39821000e+06
2845.000000 1.96714000e+06
2855.000000 1.03997000e+06
2865.000000 2.54331000e+06
2875.000000 3.19104000e+06
2885.000000 2.86443000e+06
2895.000000 3.17201000e+06
2910.000000 4.32633000e+06
2930.000000 3.83246000e+06
2950.000000 3.69245000e+06
2970.000000 4.32981000e+06
2990.000000 4.24174000e+06
3010.000000 4.59597000e+06
3030.000000 4.71071000e+06
3050.000000 4.81841000e+06
3070.000000 4.80900000e+06
3090.000000 5.15926000e+06
3110.000000 5.22633000e+06
3130.000000 5.05477000e+06
3150.000000 4.98623000e+06
3170.000000 5.22455000e+06
3190.000000 4.58468000e+06
3210.000000 5.23446000e+06
3230.000000 4.12807000e+06
3250.000000 5.51157000e+06
3270.000000 6.33678000e+06
3290.000000 6.02226000e+06
3310.000000 6.07314000e+06
3330.000000 6.06802000e+06
3350.000000 5.92260000e+06
3370.000000 5.14794000e+06
3390.000000 5.66171000e+06
3410.000000 5.83653000e+06
3430.000000 5.80485000e+06
3450.000000 6.38438000e+06
3470.000000 6.30724000e+06
3490.000000 6.56085000e+06
3510.000000 6.83581000e+06
3530.000000 6.49252000e+06
3550.000000 7.39379000e+06
3570.000000 5.86898000e+06
3590.000000 5.96396000e+06
3610.000000 6.41377000e+06
3630.000000 6.58288000e+06
3640.000000 6.46772000e+06
3650.000000 7.39999000e+06
3670.000000 7.35312000e+06
3690.000000 7.20307000e+06
3710.000000 7.83150000e+06
3730.000000 7.08894000e+06
3750.000000 7.99832000e+06
3770.000000 8.87241000e+06
3790.000000 9.48138000e+06
3810.000000 9.97797000e+06
3830.000000 7.08572000e+06
3850.000000 8.80488000e+06
3870.000000 8.99860000e+06
3890.000000 9.01635000e+06
3910.000000 1.07158000e+07
3930.000000 5.06448000e+06
3950.000000 8.65928000e+06
3970.000000 5.53923000e+06
3990.000000 1.19928000e+07
4010.000000 1.30301000e+07
4030.000000 1.30477000e+07
4050.000000 1.27021000e+07
4070.000000 1.25446000e+07
4090.000000 1.34634000e+07
4110.000000 1.24954000e+07
4130.000000 1.35027000e+07
4150.000000 1.41260000e+07
4170.000000 1.37232000e+07
4190.000000 1.36155000e+07
4210.000000 1.37521000e+07
4230.000000 1.32291000e+07
4250.000000 1.38009000e+07
4270.000000 1.29944000e+07
4290.000000 1.20928000e+07
4310.000000 1.04184000e+07
4330.000000 1.30905000e+07
4350.000000 1.21013000e+07
4370.000000 1.45157000e+07
4390.000000 1.34660000e+07
4410.000000 1.39987000e+07
4430.000000 1.39044000e+07
4450.000000 1.41309000e+07
4470.000000 1.47597000e+07
4490.000000 1.46711000e+07
4510.000000 1.62634000e+07
4530.000000 1.46066000e+07
4550.000000 1.48481000e+07
4570.000000 1.59129000e+07
4590.000000 1.48635000e+07
4610.000000 1.53366000e+07
4630.000000 1.48420000e+07
4650.000000 1.51568000e+07
4670.000000 1.54819000e+07
4690.000000 1.49259000e+07
4710.000000 1.42066000e+07
4730.000000 1.51571000e+07
4750.000000 1.54607000e+07
4770.000000 1.53977000e+07
4790.000000 1.53773000e+07
4810.000000 1.49644000e+07
4830.000000 1.53055000e+07
4850.000000 1.36071000e+07
4870.000000 1.17642000e+07
4890.000000 1.44429000e+07
4910.000000 1.44369000e+07
4930.000000 1.41788000e+07
4950.000000 1.49537000e+07
4970.000000 1.48575000e+07
4990.000000 1.36826000e+07
5010.000000 1.30043000e+07
5030.000000 1.38005000e+07
5050.000000 1.38884000e+07
5070.000000 1.45010000e+07
5090.000000 1.38980000e+07
5110.000000 1.41595000e+07
5130.000000 1.35789000e+07
5150.000000 1.32099000e+07
5170.000000 1.27490000e+07
5190.000000 1.26161000e+07
5210.000000 1.32905000e+07
5230.000000 1.33596000e+07
5250.000000 1.35293000e+07
5270.000000 1.20015000e+07
5290.000000 1.33908000e+07
5310.000000 1.36630000e+07
5330.000000 1.24269000e+07
5350.000000 1.33555000e+07
5370.000000 1.35175000e+07
5390.000000 1.32397000e+07
5410.000000 1.27327000e+07
5430.000000 1.31220000e+07
5450.000000 1.36245000e+07
5470.000000 1.31511000e+07
5490.000000 1.28830000e+07
5510.000000 1.28380000e+07
5530.000000 1.30348000e+07
5550.000000 1.31037000e+07
5570.000000 1.28629000e+07
5590.000000 1.25588000e+07
5610.000000 1.29901000e+07
5630.000000 1.28754000e+07
5650.000000 1.27313000e+07
5670.000000 1.23546000e+07
5690.000000 1.26146000e+07
5710.000000 1.24178000e+07
5730.000000 1.32515000e+07
5750.000000 1.26627000e+07
5770.000000 1.28240000e+07
5790.000000 1.23445000e+07
5810.000000 1.26424000e+07
5830.000000 1.28285000e+07
5850.000000 1.25384000e+07
5870.000000 1.25493000e+07
5890.000000 1.18963000e+07
5910.000000 1.23584000e+07
5930.000000 1.22752000e+07
5950.000000 1.22737000e+07
5970.000000 1.23121000e+07
5990.000000 1.20883000e+07
6010.000000 1.18265000e+07
6030.000000 1.19253000e+07
6050.000000 1.20514000e+07
6070.000000 1.20764000e+07
6090.000000 1.16336000e+07
6110.000000 1.14829000e+07
6130.000000 1.10903000e+07
6150.000000 1.11039000e+07
6170.000000 1.08500000e+07
6190.000000 1.14318000e+07
6210.000000 1.14423000e+07
6230.000000 1.10681000e+07
6250.000000 1.05962000e+07
6270.000000 1.12158000e+07
6290.000000 1.12341000e+07
6310.000000 1.07892000e+07
6330.000000 1.08349000e+07
6350.000000 1.07088000e+07
6370.000000 1.06361000e+07
6390.000000 1.08538000e+07
6410.000000 1.05597000e+07
6430.000000 1.06746000e+07
6450.000000 1.04609000e+07
6470.000000 1.04890000e+07
6490.000000 1.02983000e+07
6510.000000 1.04823000e+07
6530.000000 1.03704000e+07
6550.000000 9.86640000e+06
6570.000000 8.52057000e+06
6590.000000 1.00784000e+07
6610.000000 1.02485000e+07
6630.000000 1.01705000e+07
6650.000000 1.01427000e+07
6670.000000 9.98370000e+06
6690.000000 1.01194000e+07
6710.000000 9.89766000e+06
6730.000000 9.98032000e+06
6750.000000 9.75755000e+06
6770.000000 9.82081000e+06
6790.000000 9.70993000e+06
6810.000000 9.65623000e+06
6830.000000 9.68052000e+06
6850.000000 9.45386000e+06
6870.000000 9.56732000e+06
6890.000000 9.52614000e+06
6910.000000 9.42847000e+06
6930.000000 9.37178000e+06
6950.000000 9.34209000e+06
6970.000000 9.29011000e+06
6990.000000 9.26941000e+06
7010.000000 8.86930000e+06
7030.000000 9.06360000e+06
7050.000000 9.08805000e+06
7070.000000 8.98922000e+06
7090.000000 8.92134000e+06
7110.000000 8.81309000e+06
7130.000000 8.76001000e+06
7150.000000 8.72213000e+06
7170.000000 8.62444000e+06
7190.000000 8.38268000e+06
7210.000000 8.58336000e+06
7230.000000 8.47684000e+06
7250.000000 8.50396000e+06
7270.000000 8.51212000e+06
7290.000000 8.21879000e+06
7310.000000 8.36070000e+06
7330.000000 8.34108000e+06
7350.000000 8.33271000e+06
7370.000000 8.30974000e+06
7390.000000 8.06960000e+06
7410.000000 7.96916000e+06
7430.000000 7.96726000e+06
7450.000000 7.98698000e+06
7470.000000 8.02799000e+06
7490.000000 7.95294000e+06
7510.000000 7.97008000e+06
7530.000000 7.94641000e+06
7550.000000 7.96054000e+06
7570.000000 7.83635000e+06
7590.000000 7.83239000e+06
7610.000000 7.74183000e+06
7630.000000 7.79707000e+06
7650.000000 7.71387000e+06
7670.000000 7.49631000e+06
7690.000000 7.59879000e+06
7710.000000 7.53153000e+06
7730.000000 7.49513000e+06
7750.000000 7.40883000e+06
7770.000000 7.40443000e+06
7790.000000 7.50118000e+06
7810.000000 7.39610000e+06
7830.000000 7.30552000e+06
7850.000000 7.24083000e+06
7870.000000 7.30140000e+06
7890.000000 7.23296000e+06
7910.000000 7.11033000e+06
7930.000000 6.97386000e+06
7950.000000 6.99366000e+06
7970.000000 7.10331000e+06
7990.000000 7.06721000e+06
8010.000000 6.98322000e+06
8030.000000 6.91284000e+06
8050.000000 6.87156000e+06
8070.000000 6.88382000e+06
8090.000000 6.76463000e+06
8110.000000 6.84128000e+06
8130.000000 6.85041000e+06
8150.000000 6.77316000e+06
8170.000000 6.74964000e+06
8190.000000 6.51676000e+06
8210.000000 6.48114000e+06
8230.000000 6.49807000e+06
8250.000000 6.49594000e+06
8270.000000 6.58409000e+06
8290.000000 6.52769000e+06
8310.000000 6.36374000e+06
8330.000000 6.33919000e+06
8350.000000 6.34992000e+06
8370.000000 6.37984000e+06
8390.000000 6.26918000e+06
8410.000000 6.31557000e+06
8430.000000 6.16901000e+06
8450.000000 6.13087000e+06
8470.000000 6.11193000e+06
8490.000000 6.01522000e+06
8510.000000 5.65301000e+06
8530.000000 5.88076000e+06
8550.000000 4.80857000e+06
8570.000000 6.08092000e+06
8590.000000 5.86475000e+06
8610.000000 5.81467000e+06
8630.000000 5.99970000e+06
8650.000000 5.83554000e+06
8670.000000 4.73788000e+06
8690.000000 5.69064000e+06
8710.000000 5.86019000e+06
8730.000000 5.80965000e+06
8750.000000 5.37127000e+06
8770.000000 5.77392000e+06
8790.000000 5.77985000e+06
8810.000000 5.67889000e+06
8830.000000 5.68315000e+06
8850.000000 5.55168000e+06
8870.000000 5.16324000e+06
8890.000000 5.60670000e+06
8910.000000 5.67219000e+06
8930.000000 5.53154000e+06
8950.000000 5.57834000e+06
8970.000000 5.53102000e+06
8990.000000 5.49804000e+06
9010.000000 4.96365000e+06
9030.000000 5.26556000e+06
9050.000000 5.49990000e+06
9070.000000 5.34103000e+06
9090.000000 5.17895000e+06
9110.000000 5.25293000e+06
9130.000000 5.38631000e+06
9150.000000 5.34209000e+06
9170.000000 5.28835000e+06
9190.000000 5.29123000e+06
9210.000000 5.06175000e+06
9230.000000 4.62770000e+06
9250.000000 4.94542000e+06
9270.000000 5.06395000e+06
9290.000000 5.14039000e+06
9310.000000 5.15049000e+06
9330.000000 5.10376000e+06
9350.000000 5.09402000e+06
9370.000000 5.06972000e+06
9390.000000 5.02038000e+06
9410.000000 4.75357000e+06
9430.000000 4.92238000e+06
9450.000000 4.84925000e+06
9470.000000 4.93969000e+06
9490.000000 4.94650000e+06
9510.000000 4.86657000e+06
9530.000000 4.75076000e+06
9550.000000 4.32194000e+06
9570.000000 4.69961000e+06
9590.000000 4.79350000e+06
9610.000000 4.70952000e+06
9630.000000 4.64367000e+06
9650.000000 4.66045000e+06
9670.000000 4.59284000e+06
9690.000000 4.60600000e+06
9710.000000 4.65617000e+06
9730.000000 4.64063000e+06
9750.000000 4.53878000e+06
9770.000000 4.57982000e+06
9790.000000 4.52889000e+06
9810.000000 4.56682000e+06
9830.000000 4.51823000e+06
9850.000000 4.49408000e+06
9870.000000 4.45500000e+06
9890.000000 4.42545000e+06
9910.000000 4.37883000e+06
9930.000000 4.43915000e+06
9950.000000 4.40648000e+06
9970.000000 4.38920000e+06
9990.000000 4.36560000e+06
10025.000000 4.23659000e+06
10075.000000 4.09703000e+06
10125.000000 4.20366000e+06
10175.000000 4.13261000e+06
10225.000000 4.12220000e+06
10275.000000 4.10965000e+06
10325.000000 4.01517000e+06
10375.000000 3.97727000e+06
10425.000000 3.94648000e+06
10475.000000 3.83234000e+06
10525.000000 3.83070000e+06
10575.000000 3.79153000e+06
10625.000000 3.75025000e+06
10675.000000 3.61834000e+06
10725.000000 3.62529000e+06
10775.000000 3.58264000e+06
10825.000000 3.50108000e+06
10875.000000 3.47533000e+06
10925.000000 3.28451000e+06
10975.000000 3.33659000e+06
11025.000000 3.39597000e+06
11075.000000 3.37797000e+06
11125.000000 3.32515000e+06
11175.000000 3.28792000e+06
11225.000000 3.27095000e+06
11275.000000 3.16110000e+06
11325.000000 3.14500000e+06
11375.000000 3.13197000e+06
11425.000000 3.06162000e+06
11475.000000 3.11510000e+06
11525.000000 3.07820000e+06
11575.000000 3.02214000e+06
11625.000000 2.94881000e+06
11675.000000 2.91338000e+06
11725.000000 2.95737000e+06
11775.000000 2.85569000e+06
11825.000000 2.84317000e+06
11875.000000 2.79096000e+06
11925.000000 2.85132000e+06
11975.000000 2.73430000e+06
12025.000000 2.75381000e+06
12075.000000 2.70599000e+06
12125.000000 2.68884000e+06
12175.000000 2.69451000e+06
12225.000000 2.66142000e+06
12275.000000 2.62953000e+06
12325.000000 2.59956000e+06
12375.000000 2.58032000e+06
12425.000000 2.55081000e+06
12475.000000 2.53403000e+06
12525.000000 2.48815000e+06
12575.000000 2.45911000e+06
12625.000000 2.44747000e+06
12675.000000 2.41460000e+06
12725.000000 2.40613000e+06
12775.000000 2.36748000e+06
12825.000000 2.13591000e+06
12875.000000 2.30675000e+06
12925.000000 2.29029000e+06
12975.000000 2.29035000e+06
13025.000000 2.24882000e+06
13075.000000 2.24928000e+06
13125.000000 2.20572000e+06
13175.000000 2.17859000e+06
13225.000000 2.18089000e+06
13275.000000 2.13642000e+06
13325.000000 2.13342000e+06
13375.000000 2.10761000e+06
13425.000000 2.09674000e+06
13475.000000 2.07602000e+06
13525.000000 2.05247000e+06
13575.000000 2.01088000e+06
13625.000000 2.00451000e+06
13675.000000 1.98111000e+06
13725.000000 1.95037000e+06
13775.000000 1.94285000e+06
13825.000000 1.93103000e+06
13875.000000 1.92476000e+06
13925.000000 1.89424000e+06
13975.000000 1.88042000e+06
14025.000000 1.85258000e+06
14075.000000 1.84706000e+06
14125.000000 1.80888000e+06
14175.000000 1.81284000e+06
14225.000000 1.77315000e+06
14275.000000 1.74115000e+06
14325.000000 1.75090000e+06
14375.000000 1.75192000e+06
14425.000000 1.66198000e+06
14475.000000 1.70534000e+06
14525.000000 1.65516000e+06
14570.000000 1.67134000e+06
14620.000000 1.64549000e+06
14675.000000 1.64037000e+06
14725.000000 1.59980000e+06
14775.000000 1.58626000e+06
14825.000000 1.58103000e+06
14875.000000 1.54761000e+06
14925.000000 1.57756000e+06
14975.000000 1.54550000e+06
15025.000000 1.51746000e+06
15075.000000 1.49486000e+06
15125.000000 1.50510000e+06
15175.000000 1.50186000e+06
15225.000000 1.46835000e+06
15275.000000 1.47409000e+06
15325.000000 1.45026000e+06
15375.000000 1.44266000e+06
15425.000000 1.41589000e+06
15475.000000 1.40995000e+06
15525.000000 1.38997000e+06
15575.000000 1.36489000e+06
15625.000000 1.38901000e+06
15675.000000 1.33680000e+06
15725.000000 1.33378000e+06
15775.000000 1.30362000e+06
15825.000000 1.31380000e+06
15875.000000 1.22685000e+06
15925.000000 1.27501000e+06
15975.000000 1.28993000e+06
16050.000000 1.25993000e+06
16150.000000 1.20765000e+06
16250.000000 1.23608000e+06
16350.000000 1.18838000e+06
16450.000000 1.13085000e+06
16550.000000 1.16408000e+06
16650.000000 1.14700000e+06
16750.000000 1.09688000e+06
16850.000000 1.03751000e+06
16950.000000 1.08356000e+06
17050.000000 1.04606000e+06
17150.000000 1.03669000e+06
17250.000000 9.95458000e+05
17350.000000 9.15221000e+05
17450.000000 9.50402000e+05
17550.000000 9.45314000e+05
17650.000000 9.27667000e+05
17750.000000 9.08073000e+05
17850.000000 8.93942000e+05
17950.000000 8.80794000e+05
18050.000000 8.53728000e+05
18150.000000 7.91901000e+05
18250.000000 8.09601000e+05
18350.000000 8.07783000e+05
18450.000000 7.88315000e+05
18550.000000 7.74923000e+05
18650.000000 7.51915000e+05
18750.000000 6.92362000e+05
18850.000000 7.25696000e+05
18950.000000 6.98062000e+05
19050.000000 7.09044000e+05
19150.000000 6.92371000e+05
19250.000000 6.79971000e+05
19350.000000 6.58724000e+05
19450.000000 6.08738000e+05
19550.000000 6.40584000e+05
19650.000000 6.29514000e+05
19750.000000 6.16047000e+05
19850.000000 6.09005000e+05
19950.000000 5.97983000e+05
20050.000000 5.89887000e+05
20150.000000 5.82265000e+05
20250.000000 5.66009000e+05
20350.000000 5.52264000e+05
20450.000000 5.51506000e+05
20550.000000 5.38471000e+05
20650.000000 5.27340000e+05
20750.000000 5.19059000e+05
20850.000000 5.09152000e+05
20950.000000 4.99041000e+05
21050.000000 4.94277000e+05
21150.000000 4.83146000e+05
21250.000000 4.74271000e+05
21350.000000 4.68269000e+05
21450.000000 4.61530000e+05
21550.000000 4.51838000e+05
21650.000000 4.16223000e+05
21750.000000 4.31525000e+05
21850.000000 4.28855000e+05
21950.000000 4.24901000e+05
22050.000000 4.13509000e+05
22150.000000 4.09085000e+05
22250.000000 4.03187000e+05
22350.000000 3.96276000e+05
22450.000000 3.89846000e+05
22550.000000 3.80802000e+05
22650.000000 3.75156000e+05
22750.000000 3.71545000e+05
22850.000000 3.63047000e+05
22950.000000 3.56364000e+05
23050.000000 3.53655000e+05
23150.000000 3.46782000e+05
23250.000000 3.40808000e+05
23350.000000 3.35574000e+05
23450.000000 3.31903000e+05
23550.000000 3.24199000e+05
23650.000000 3.21531000e+05
23750.000000 3.12965000e+05
23850.000000 3.07842000e+05
23950.000000 3.05848000e+05
24050.000000 3.00425000e+05
24150.000000 2.93343000e+05
24250.000000 2.90935000e+05
24350.000000 2.85627000e+05
24450.000000 2.81972000e+05
24550.000000 2.74904000e+05
24650.000000 2.74284000e+05
24750.000000 2.68499000e+05
24850.000000 2.63555000e+05
24950.000000 2.60097000e+05
25050.000000 2.57700000e+05
25150.000000 2.53802000e+05
25250.000000 2.50272000e+05
25350.000000 2.46988000e+05
25450.000000 2.42073000e+05
25550.000000 2.38554000e+05
25650.000000 2.33027000e+05
25750.000000 2.33334000e+05
25850.000000 2.26791000e+05
25950.000000 2.26356000e+05
26050.000000 2.22945000e+05
26150.000000 2.16466000e+05
26250.000000 2.04821000e+05
26350.000000 2.12363000e+05
26450.000000 2.09656000e+05
26550.000000 2.07422000e+05
26650.000000 2.02840000e+05
26750.000000 1.97988000e+05
26850.000000 1.99746000e+05
26950.000000 1.97638000e+05
27050.000000 1.94934000e+05
27150.000000 1.92136000e+05
27250.000000 1.89577000e+05
27350.000000 1.87135000e+05
27450.000000 1.84719000e+05
27550.000000 1.76750000e+05
27650.000000 1.77173000e+05
27750.000000 1.76677000e+05
27850.000000 1.74575000e+05
27950.000000 1.72923000e+05
28050.000000 1.70447000e+05
28150.000000 1.68311000e+05
28250.000000 1.65899000e+05
28350.000000 1.64126000e+05
28450.000000 1.61057000e+05
28550.000000 1.59357000e+05
28650.000000 1.56085000e+05
28750.000000 1.49413000e+05
28850.000000 1.52476000e+05
28950.000000 1.51231000e+05
29050.000000 1.49437000e+05
29150.000000 1.47247000e+05
29250.000000 1.44842000e+05
29350.000000 1.43647000e+05
29450.000000 1.41570000e+05
29550.000000 1.40013000e+05
29650.000000 1.38342000e+05
29750.000000 1.36503000e+05
29850.000000 1.34854000e+05
29950.000000 1.32695000e+05
30050.000000 1.31071000e+05
30150.000000 1.29647000e+05
30250.000000 1.27808000e+05
30350.000000 1.22284000e+05
30450.000000 1.22989000e+05
30550.000000 1.23102000e+05
30650.000000 1.21542000e+05
30750.000000 1.20430000e+05
30850.000000 1.18257000e+05
30950.000000 1.17132000e+05
31050.000000 1.15949000e+05
31150.000000 1.13583000e+05
31250.000000 1.12965000e+05
31350.000000 1.11636000e+05
31450.000000 1.10429000e+05
31550.000000 1.08912000e+05
31650.000000 1.07620000e+05
31750.000000 1.06416000e+05
31850.000000 1.05247000e+05
31950.000000 1.04158000e+05
32100.000000 1.02112000e+05
32300.000000 9.98290000e+04
32500.000000 9.73415000e+04
32700.000000 9.50306000e+04
32900.000000 9.05514000e+04
33100.000000 9.01240000e+04
33300.000000 8.83448000e+04
33500.000000 8.66385000e+04
33700.000000 8.44091000e+04
33900.000000 8.25080000e+04
34100.000000 8.05484000e+04
34300.000000 7.91026000e+04
34500.000000 7.76659000e+04
34700.000000 7.57783000e+04
34900.000000 7.42256000e+04
35100.000000 7.26697000e+04
35300.000000 7.09597000e+04
35500.000000 6.95586000e+04
35700.000000 6.79714000e+04
35900.000000 6.64708000e+04
36100.000000 6.52536000e+04
36300.000000 6.39247000e+04
36500.000000 6.21261000e+04
36700.000000 6.09865000e+04
36900.000000 5.92094000e+04
37100.000000 5.79569000e+04
37300.000000 5.66222000e+04
37500.000000 5.45276000e+04
37700.000000 5.47803000e+04
37900.000000 5.36975000e+04
38100.000000 5.26110000e+04
38300.000000 5.18215000e+04
38500.000000 5.09160000e+04
38700.000000 4.97346000e+04
38900.000000 4.86494000e+04
39100.000000 4.77784000e+04
39300.000000 4.70323000e+04
39500.000000 4.58667000e+04
39700.000000 4.51524000e+04
39900.000000 4.39057000e+04
40100.000000 4.31409000e+04
40300.000000 4.24748000e+04
40500.000000 4.10228000e+04
40700.000000 4.09276000e+04
40900.000000 4.02063000e+04
41100.000000 3.95885000e+04
41300.000000 3.89034000e+04
41500.000000 3.80131000e+04
41700.000000 3.71142000e+04
41900.000000 3.66899000e+04
42100.000000 3.58894000e+04
42300.000000 3.55235000e+04
42500.000000 3.47644000e+04
42700.000000 3.42143000e+04
42900.000000 3.32922000e+04
43100.000000 3.24769000e+04
43300.000000 3.19787000e+04
43500.000000 3.10502000e+04
43700.000000 3.01669000e+04
43900.000000 3.00158000e+04
44100.000000 2.90585000e+04
44300.000000 2.87813000e+04
44500.000000 2.83444000e+04
44700.000000 2.75238000e+04
44900.000000 2.73015000e+04
45100.000000 2.68284000e+04
45300.000000 2.61257000e+04
45500.000000 2.58529000e+04
45700.000000 2.54846000e+04
45900.000000 2.48231000e+04
46100.000000 2.45905000e+04
46300.000000 2.41694000e+04
46500.000000 2.34305000e+04
46700.000000 2.31767000e+04
46900.000000 2.30805000e+04
47100.000000 2.26998000e+04
47300.000000 2.24493000e+04
47500.000000 2.20569000e+04
47700.000000 2.16786000e+04
47900.000000 2.13699000e+04
48100.000000 2.09646000e+04
48300.000000 2.07558000e+04
48500.000000 2.03752000e+04
48700.000000 2.00573000e+04
48900.000000 1.97691000e+04
49100.000000 1.94630000e+04
49300.000000 1.91659000e+04
49500.000000 1.88468000e+04
49700.000000 1.85765000e+04
49900.000000 1.83371000e+04
50100.000000 1.79974000e+04
50300.000000 1.77920000e+04
50500.000000 1.74549000e+04
50700.000000 1.72178000e+04
50900.000000 1.69897000e+04
51100.000000 1.66824000e+04
51300.000000 1.62720000e+04
51500.000000 1.62226000e+04
51700.000000 1.60381000e+04
51900.000000 1.57609000e+04
52100.000000 1.55055000e+04
52300.000000 1.52783000e+04
52500.000000 1.50979000e+04
52700.000000 1.49008000e+04
52900.000000 1.46281000e+04
53100.000000 1.44567000e+04
53300.000000 1.42343000e+04
53500.000000 1.40465000e+04
53700.000000 1.38036000e+04
53900.000000 1.36469000e+04
54100.000000 1.34702000e+04
54300.000000 1.32281000e+04
54500.000000 1.30956000e+04
54700.000000 1.28880000e+04
54900.000000 1.27130000e+04
55100.000000 1.25588000e+04
55300.000000 1.23930000e+04
55500.000000 1.21970000e+04
55700.000000 1.20759000e+04
55900.000000 1.18351000e+04
56100.000000 1.17250000e+04
56300.000000 1.15532000e+04
56500.000000 1.14373000e+04
56700.000000 1.12828000e+04
56900.000000 1.10917000e+04
57100.000000 1.09580000e+04
57300.000000 1.08357000e+04
57500.000000 1.06874000e+04
57700.000000 1.05438000e+04
57900.000000 1.04051000e+04
58100.000000 1.02665000e+04
58300.000000 1.01400000e+04
58500.000000 1.00175000e+04
58700.000000 9.86965000e+03
58900.000000 9.71000000e+03
59100.000000 9.50126000e+03
59300.000000 9.49502000e+03
59500.000000 9.30137000e+03
59700.000000 9.25131000e+03
59900.000000 9.13965000e+03
60100.000000 9.01322000e+03
60300.000000 8.91260000e+03
60500.000000 8.79912000e+03
60700.000000 8.67692000e+03
60900.000000 8.56517000e+03
61100.000000 8.43915000e+03
61300.000000 8.35991000e+03
61500.000000 8.26200000e+03
61700.000000 8.15519000e+03
61900.000000 8.05626000e+03
62100.000000 7.95952000e+03
62300.000000 7.82958000e+03
62500.000000 7.75293000e+03
62700.000000 7.65516000e+03
62900.000000 7.52914000e+03
63100.000000 7.44818000e+03
63300.000000 7.39132000e+03
63500.000000 7.29634000e+03
63700.000000 7.20947000e+03
63900.000000 7.11690000e+03
64200.000000 6.99506000e+03
64600.000000 6.81888000e+03
65000.000000 6.65282000e+03
65400.000000 6.50686000e+03
65800.000000 6.35612000e+03
66200.000000 6.20269000e+03
66600.000000 6.06462000e+03
67000.000000 5.91958000e+03
67400.000000 5.77812000e+03
67800.000000 5.63294000e+03
68200.000000 5.52300000e+03
68600.000000 5.39826000e+03
69000.000000 5.27572000e+03
69400.000000 5.15500000e+03
69800.000000 5.04560000e+03
70200.000000 4.92726000e+03
70600.000000 4.82298000e+03
71000.000000 4.71984000e+03
71400.000000 4.61649000e+03
71800.000000 4.51528000e+03
72200.000000 4.41502000e+03
72600.000000 4.32126000e+03
73000.000000 4.23395000e+03
73400.000000 4.13898000e+03
73800.000000 4.05598000e+03
74200.000000 3.96481000e+03
74600.000000 3.85153000e+03
75000.000000 3.76763000e+03
75400.000000 3.72418000e+03
75800.000000 3.65082000e+03
76200.000000 3.57619000e+03
76600.000000 3.50401000e+03
77000.000000 3.42907000e+03
77400.000000 3.36372000e+03
77800.000000 3.29605000e+03
78200.000000 3.23087000e+03
78600.000000 3.16710000e+03
79000.000000 3.10408000e+03
79400.000000 3.04265000e+03
79800.000000 2.98317000e+03
80200.000000 2.92233000e+03
80600.000000 2.86550000e+03
81000.000000 2.81310000e+03
81400.000000 2.75282000e+03
81800.000000 2.70373000e+03
82200.000000 2.65484000e+03
82600.000000 2.60357000e+03
83000.000000 2.55513000e+03
83400.000000 2.50365000e+03
83800.000000 2.45814000e+03
84200.000000 2.41422000e+03
84600.000000 2.37007000e+03
85000.000000 2.32665000e+03
85400.000000 2.28342000e+03
85800.000000 2.24217000e+03
86200.000000 2.20042000e+03
86600.000000 2.15979000e+03
87000.000000 2.12325000e+03
87400.000000 2.07984000e+03
87800.000000 2.04310000e+03
88200.000000 2.00887000e+03
88600.000000 1.97417000e+03
89000.000000 1.93920000e+03
89400.000000 1.90609000e+03
89800.000000 1.87070000e+03
90200.000000 1.83914000e+03
90600.000000 1.80958000e+03
91000.000000 1.77560000e+03
91400.000000 1.74566000e+03
91800.000000 1.71730000e+03
92200.000000 1.68873000e+03
92600.000000 1.65968000e+03
93000.000000 1.63219000e+03
93400.000000 1.60390000e+03
93800.000000 1.57484000e+03
94200.000000 1.55126000e+03
94600.000000 1.52537000e+03
95000.000000 1.50003000e+03
95400.000000 1.47485000e+03
95800.000000 1.45140000e+03
96200.000000 1.42698000e+03
96600.000000 1.40453000e+03
97000.000000 1.38208000e+03
97400.000000 1.35740000e+03
97800.000000 1.33644000e+03
98200.000000 1.31596000e+03
98600.000000 1.29527000e+03
99000.000000 1.27502000e+03
99400.000000 1.25391000e+03
99800.000000 1.23454000e+03
100200.000000 1.21521000e+03
200000.000000 7.79811000e+01
400000.000000 4.85769000e+00
600000.000000 9.51629000e-01
800000.000000 2.98788000e-01
1000000.000000 1.21559000e-01
1200000.000000 5.82753000e-02
1400000.000000 3.12916000e-02
1600000.000000 1.82567000e-02
