# Kurucz ODFNEW /NOVER, alpha: 0.0 (2003)
# teff = 25000 K (value for the effective temperature for the model. Temperatures are given in K)
# logg = 3.5 log(cm/s2) (value for Log(G) for the model.)
# lh = 1.25  (l/Hp where l is the  mixing length of the convective element and Hp is the pressure scale height)
# meta = -2.5  (value for the Metallicity for the model.)
# vtur = 2 km/s (Microturbulence velocity)
# alpha = 0  (Alpha)
#
# column 1: WAVELENGTH (ANGSTROM), Wavelength in Angstrom
# column 2: FLUX (ERG/CM2/S/A), Flux in erg/cm2/s/A
147.200000 1.97233000e-13
151.000000 9.37982000e-13
155.200000 4.79439000e-12
158.800000 1.80556000e-11
162.000000 5.57960000e-11
166.000000 2.15024000e-10
170.300000 8.48944000e-10
173.400000 2.19027000e-09
176.800000 5.94678000e-09
180.200000 1.55103000e-08
181.700000 2.33878000e-08
186.100000 7.51551000e-08
191.000000 2.58478000e-07
193.900000 5.19574000e-07
198.400000 1.47189000e-06
201.800000 3.13525000e-06
205.000000 6.23484000e-06
210.500000 1.92649000e-05
216.200000 5.83852000e-05
219.800000 1.13864000e-04
223.000000 2.02149000e-04
226.800000 3.90848000e-04
230.000000 3.57993000e-03
234.000000 8.25205000e-03
240.000000 1.96998000e-02
246.500000 4.83270000e-02
252.400000 1.05398000e-01
256.800000 1.70421000e-01
260.000000 2.67500000e-01
264.000000 4.26512000e-01
268.500000 7.08495000e-01
273.500000 1.21925000e+00
278.500000 2.05845000e+00
284.000000 3.58037000e+00
290.000000 6.37842000e+00
296.000000 1.10663000e+01
301.000000 1.70595000e+01
308.000000 2.95172000e+01
318.000000 6.95871000e+01
328.000000 1.46904000e+02
338.000000 2.96397000e+02
348.000000 5.72137000e+02
357.000000 9.99368000e+02
366.000000 1.69798000e+03
375.000000 2.79416000e+03
385.000000 4.73501000e+03
395.000000 7.77628000e+03
405.000000 1.24368000e+04
414.000000 1.85923000e+04
422.000000 2.61153000e+04
430.000000 3.61367000e+04
441.000000 5.55115000e+04
451.000000 8.02852000e+04
460.000000 1.10065000e+05
470.000000 1.54002000e+05
480.000000 2.11894000e+05
490.000000 2.87435000e+05
500.000000 3.84415000e+05
506.000000 2.64924000e+06
512.000000 7.35972000e+06
520.000000 8.52434000e+06
530.000000 1.08211000e+07
540.000000 1.14154000e+07
550.000000 1.49260000e+07
560.000000 1.70153000e+07
570.000000 1.97455000e+07
580.000000 1.97537000e+07
590.000000 2.46178000e+07
600.000000 2.85896000e+07
610.000000 3.24285000e+07
620.000000 3.60892000e+07
630.000000 4.05015000e+07
640.000000 4.42749000e+07
650.000000 4.96302000e+07
658.000000 5.40212000e+07
665.000000 5.77253000e+07
675.000000 6.22992000e+07
685.000000 6.75299000e+07
695.000000 7.59932000e+07
705.000000 8.17090000e+07
716.000000 8.98878000e+07
726.000000 9.70135000e+07
735.000000 1.04701000e+08
745.000000 1.13312000e+08
755.000000 1.21903000e+08
765.000000 1.30491000e+08
775.000000 1.40255000e+08
785.000000 1.50087000e+08
795.000000 1.59537000e+08
805.000000 1.69911000e+08
815.000000 1.79867000e+08
825.000000 1.91314000e+08
835.000000 1.98549000e+08
845.000000 2.12940000e+08
855.000000 2.23989000e+08
865.000000 2.36669000e+08
875.000000 2.49762000e+08
885.000000 2.62447000e+08
895.000000 2.75027000e+08
905.000000 2.85703000e+08
915.000000 5.27684000e+08
925.000000 6.00698000e+09
935.000000 1.31610000e+10
945.000000 2.42986000e+10
955.000000 2.72783000e+10
965.000000 3.20936000e+10
975.000000 1.78096000e+10
985.000000 3.14616000e+10
995.000000 2.99660000e+10
1005.000000 3.09131000e+10
1015.000000 2.93880000e+10
1025.000000 1.71256000e+10
1035.000000 2.77540000e+10
1045.000000 2.98710000e+10
1055.000000 2.92076000e+10
1065.000000 2.73809000e+10
1075.000000 2.77195000e+10
1085.000000 2.60601000e+10
1095.000000 2.71236000e+10
1105.000000 2.61953000e+10
1115.000000 2.57651000e+10
1125.000000 2.44774000e+10
1135.000000 2.49686000e+10
1145.000000 2.41749000e+10
1155.000000 2.41602000e+10
1165.000000 2.37794000e+10
1175.000000 2.11337000e+10
1185.000000 2.27364000e+10
1195.000000 2.18869000e+10
1205.000000 2.04035000e+10
1215.000000 1.16059000e+10
1225.000000 2.03306000e+10
1235.000000 2.07529000e+10
1245.000000 2.02526000e+10
1255.000000 2.00965000e+10
1265.000000 1.96788000e+10
1275.000000 1.94276000e+10
1285.000000 1.90678000e+10
1295.000000 1.80425000e+10
1305.000000 1.80151000e+10
1315.000000 1.80375000e+10
1325.000000 1.75380000e+10
1335.000000 1.69966000e+10
1345.000000 1.70242000e+10
1355.000000 1.67850000e+10
1365.000000 1.64362000e+10
1375.000000 1.61428000e+10
1385.000000 1.58732000e+10
1395.000000 1.51929000e+10
1405.000000 1.50281000e+10
1415.000000 1.49965000e+10
1425.000000 1.47339000e+10
1435.000000 1.45207000e+10
1442.000000 1.43723000e+10
1447.000000 1.42355000e+10
1455.000000 1.40276000e+10
1465.000000 1.37732000e+10
1475.000000 1.35348000e+10
1485.000000 1.33045000e+10
1495.000000 1.30671000e+10
1505.000000 1.27892000e+10
1512.000000 1.26335000e+10
1517.000000 1.25430000e+10
1525.000000 1.23573000e+10
1535.000000 1.19798000e+10
1545.000000 1.17587000e+10
1555.000000 1.15193000e+10
1565.000000 1.14937000e+10
1575.000000 1.13563000e+10
1585.000000 1.11802000e+10
1595.000000 1.10025000e+10
1605.000000 1.07014000e+10
1615.000000 1.05214000e+10
1625.000000 1.04125000e+10
1635.000000 1.02503000e+10
1645.000000 9.88857000e+09
1655.000000 9.95869000e+09
1665.000000 9.80817000e+09
1672.000000 9.67945000e+09
1677.000000 9.66187000e+09
1685.000000 9.52324000e+09
1695.000000 9.35075000e+09
1705.000000 9.18281000e+09
1715.000000 8.99304000e+09
1725.000000 8.87236000e+09
1735.000000 8.76575000e+09
1745.000000 8.61881000e+09
1755.000000 8.50301000e+09
1765.000000 8.30402000e+09
1775.000000 8.20760000e+09
1785.000000 8.11271000e+09
1795.000000 7.99462000e+09
1805.000000 7.88825000e+09
1815.000000 7.74301000e+09
1825.000000 7.63158000e+09
1835.000000 7.51920000e+09
1845.000000 7.32769000e+09
1855.000000 7.13755000e+09
1865.000000 7.07855000e+09
1875.000000 7.05393000e+09
1885.000000 6.84548000e+09
1895.000000 6.67397000e+09
1905.000000 6.70167000e+09
1915.000000 6.51218000e+09
1925.000000 6.40922000e+09
1935.000000 6.37806000e+09
1945.000000 6.33515000e+09
1955.000000 6.12758000e+09
1967.000000 6.13162000e+09
1976.000000 6.09249000e+09
1984.000000 5.96382000e+09
1995.000000 5.80207000e+09
2005.000000 5.82043000e+09
2015.000000 5.76540000e+09
2025.000000 5.69896000e+09
2035.000000 5.58996000e+09
2045.000000 5.51002000e+09
2055.000000 5.31441000e+09
2065.000000 5.21907000e+09
2074.000000 5.24797000e+09
2078.000000 5.15790000e+09
2085.000000 5.17991000e+09
2095.000000 5.09917000e+09
2105.000000 5.07753000e+09
2115.000000 5.02466000e+09
2125.000000 4.96655000e+09
2135.000000 4.89542000e+09
2145.000000 4.82008000e+09
2155.000000 4.76539000e+09
2165.000000 4.70106000e+09
2175.000000 4.63842000e+09
2185.000000 4.57586000e+09
2195.000000 4.52073000e+09
2205.000000 4.46029000e+09
2215.000000 4.39876000e+09
2225.000000 4.34196000e+09
2235.000000 4.28359000e+09
2245.000000 4.23086000e+09
2255.000000 4.17090000e+09
2265.000000 4.12152000e+09
2275.000000 4.06826000e+09
2285.000000 4.01642000e+09
2295.000000 3.92656000e+09
2305.000000 3.91030000e+09
2315.000000 3.86196000e+09
2325.000000 3.81313000e+09
2335.000000 3.76292000e+09
2345.000000 3.71754000e+09
2355.000000 3.67123000e+09
2365.000000 3.62502000e+09
2375.000000 3.57913000e+09
2385.000000 3.53163000e+09
2395.000000 3.49012000e+09
2405.000000 3.44722000e+09
2415.000000 3.40381000e+09
2425.000000 3.36317000e+09
2435.000000 3.32099000e+09
2445.000000 3.28065000e+09
2455.000000 3.24116000e+09
2465.000000 3.20165000e+09
2475.000000 3.16267000e+09
2485.000000 3.12427000e+09
2495.000000 3.03936000e+09
2505.000000 3.04900000e+09
2513.000000 3.00910000e+09
2518.000000 3.00132000e+09
2525.000000 2.97679000e+09
2535.000000 2.94145000e+09
2545.000000 2.90256000e+09
2555.000000 2.87140000e+09
2565.000000 2.83817000e+09
2575.000000 2.80532000e+09
2585.000000 2.77249000e+09
2595.000000 2.74009000e+09
2605.000000 2.72559000e+09
2615.000000 2.69376000e+09
2625.000000 2.66070000e+09
2635.000000 2.62454000e+09
2645.000000 2.59536000e+09
2655.000000 2.56281000e+09
2665.000000 2.53067000e+09
2675.000000 2.50031000e+09
2685.000000 2.48464000e+09
2695.000000 2.44093000e+09
2705.000000 2.42832000e+09
2715.000000 2.40091000e+09
2725.000000 2.35795000e+09
2735.000000 2.34572000e+09
2745.000000 2.32037000e+09
2755.000000 2.29477000e+09
2765.000000 2.25252000e+09
2775.000000 2.24434000e+09
2785.000000 2.21937000e+09
2795.000000 2.18943000e+09
2805.000000 2.16940000e+09
2815.000000 2.14702000e+09
2825.000000 2.10518000e+09
2835.000000 2.09232000e+09
2845.000000 2.07754000e+09
2855.000000 2.05488000e+09
2865.000000 2.03271000e+09
2875.000000 2.01085000e+09
2885.000000 1.98924000e+09
2895.000000 1.96788000e+09
2910.000000 1.93634000e+09
2930.000000 1.89539000e+09
2950.000000 1.84445000e+09
2970.000000 1.81679000e+09
2990.000000 1.77891000e+09
3010.000000 1.74200000e+09
3030.000000 1.70644000e+09
3050.000000 1.67150000e+09
3070.000000 1.63752000e+09
3090.000000 1.60381000e+09
3110.000000 1.57203000e+09
3130.000000 1.54208000e+09
3150.000000 1.51117000e+09
3170.000000 1.48065000e+09
3190.000000 1.44064000e+09
3210.000000 1.42252000e+09
3230.000000 1.39485000e+09
3250.000000 1.36750000e+09
3270.000000 1.34258000e+09
3290.000000 1.31496000e+09
3310.000000 1.29165000e+09
3330.000000 1.26708000e+09
3350.000000 1.24088000e+09
3370.000000 1.21973000e+09
3390.000000 1.19689000e+09
3410.000000 1.17460000e+09
3430.000000 1.14759000e+09
3450.000000 1.12248000e+09
3470.000000 1.10520000e+09
3490.000000 1.08515000e+09
3510.000000 1.07040000e+09
3530.000000 1.05186000e+09
3550.000000 1.03332000e+09
3570.000000 1.01917000e+09
3590.000000 9.95893000e+08
3610.000000 9.79541000e+08
3630.000000 9.60743000e+08
3640.000000 9.57917000e+08
3650.000000 9.47331000e+08
3670.000000 9.34237000e+08
3690.000000 9.08421000e+08
3710.000000 8.84941000e+08
3730.000000 8.63752000e+08
3750.000000 9.28368000e+08
3770.000000 9.29120000e+08
3790.000000 9.57422000e+08
3810.000000 9.89985000e+08
3830.000000 8.80668000e+08
3850.000000 9.98342000e+08
3870.000000 9.88805000e+08
3890.000000 8.40092000e+08
3910.000000 9.67519000e+08
3930.000000 9.48379000e+08
3950.000000 9.35033000e+08
3970.000000 7.78968000e+08
3990.000000 9.00572000e+08
4010.000000 8.86691000e+08
4030.000000 8.47617000e+08
4050.000000 8.63084000e+08
4070.000000 8.46936000e+08
4090.000000 8.04734000e+08
4110.000000 7.16366000e+08
4130.000000 7.97526000e+08
4150.000000 7.86533000e+08
4170.000000 7.77815000e+08
4190.000000 7.66695000e+08
4210.000000 7.54071000e+08
4230.000000 7.41757000e+08
4250.000000 7.29536000e+08
4270.000000 7.17180000e+08
4290.000000 7.06006000e+08
4310.000000 6.93324000e+08
4330.000000 6.50163000e+08
4350.000000 5.97750000e+08
4370.000000 6.59818000e+08
4390.000000 6.39197000e+08
4410.000000 6.40754000e+08
4430.000000 6.28474000e+08
4450.000000 6.20897000e+08
4470.000000 5.92860000e+08
4490.000000 6.01605000e+08
4510.000000 5.92336000e+08
4530.000000 5.83152000e+08
4550.000000 5.74034000e+08
4570.000000 5.65268000e+08
4590.000000 5.56651000e+08
4610.000000 5.48198000e+08
4630.000000 5.39887000e+08
4650.000000 5.31350000e+08
4670.000000 5.23665000e+08
4690.000000 5.15235000e+08
4710.000000 5.02717000e+08
4730.000000 5.00529000e+08
4750.000000 4.93033000e+08
4770.000000 4.85878000e+08
4790.000000 4.78709000e+08
4810.000000 4.71642000e+08
4830.000000 4.63772000e+08
4850.000000 4.40304000e+08
4870.000000 3.98127000e+08
4890.000000 4.43118000e+08
4910.000000 4.38234000e+08
4930.000000 4.24533000e+08
4950.000000 4.25891000e+08
4970.000000 4.19847000e+08
4990.000000 4.13871000e+08
5010.000000 4.03834000e+08
5030.000000 4.02252000e+08
5050.000000 3.94582000e+08
5070.000000 3.91035000e+08
5090.000000 3.85583000e+08
5110.000000 3.80219000e+08
5130.000000 3.74941000e+08
5150.000000 3.69748000e+08
5170.000000 3.64666000e+08
5190.000000 3.59665000e+08
5210.000000 3.54744000e+08
5230.000000 3.49901000e+08
5250.000000 3.45149000e+08
5270.000000 3.40486000e+08
5290.000000 3.35884000e+08
5310.000000 3.31367000e+08
5330.000000 3.26936000e+08
5350.000000 3.22561000e+08
5370.000000 3.18269000e+08
5390.000000 3.14044000e+08
5410.000000 3.09860000e+08
5430.000000 3.05818000e+08
5450.000000 3.01802000e+08
5470.000000 2.97849000e+08
5490.000000 2.93958000e+08
5510.000000 2.90140000e+08
5530.000000 2.86382000e+08
5550.000000 2.82683000e+08
5570.000000 2.79042000e+08
5590.000000 2.75457000e+08
5610.000000 2.71929000e+08
5630.000000 2.68467000e+08
5650.000000 2.65047000e+08
5670.000000 2.61681000e+08
5690.000000 2.58355000e+08
5710.000000 2.55127000e+08
5730.000000 2.51926000e+08
5750.000000 2.48764000e+08
5770.000000 2.45673000e+08
5790.000000 2.42619000e+08
5810.000000 2.39601000e+08
5830.000000 2.36641000e+08
5850.000000 2.33727000e+08
5870.000000 2.25063000e+08
5890.000000 2.27924000e+08
5910.000000 2.25241000e+08
5930.000000 2.22503000e+08
5950.000000 2.19797000e+08
5970.000000 2.17142000e+08
5990.000000 2.14519000e+08
6010.000000 2.11946000e+08
6030.000000 2.09403000e+08
6050.000000 2.06899000e+08
6070.000000 2.04433000e+08
6090.000000 2.02006000e+08
6110.000000 1.99616000e+08
6130.000000 1.97263000e+08
6150.000000 1.94936000e+08
6170.000000 1.92645000e+08
6190.000000 1.90399000e+08
6210.000000 1.88179000e+08
6230.000000 1.85982000e+08
6250.000000 1.83829000e+08
6270.000000 1.81700000e+08
6290.000000 1.79604000e+08
6310.000000 1.77540000e+08
6330.000000 1.75508000e+08
6350.000000 1.73498000e+08
6370.000000 1.71519000e+08
6390.000000 1.69570000e+08
6410.000000 1.67652000e+08
6430.000000 1.65754000e+08
6450.000000 1.63886000e+08
6470.000000 1.62046000e+08
6490.000000 1.60226000e+08
6510.000000 1.58434000e+08
6530.000000 1.56467000e+08
6550.000000 1.51745000e+08
6570.000000 1.36789000e+08
6590.000000 1.50820000e+08
6610.000000 1.49848000e+08
6630.000000 1.48208000e+08
6650.000000 1.46671000e+08
6670.000000 1.43879000e+08
6690.000000 1.42338000e+08
6710.000000 1.41934000e+08
6730.000000 1.40393000e+08
6750.000000 1.38876000e+08
6770.000000 1.37375000e+08
6790.000000 1.35897000e+08
6810.000000 1.34441000e+08
6830.000000 1.33001000e+08
6850.000000 1.31583000e+08
6870.000000 1.30188000e+08
6890.000000 1.28806000e+08
6910.000000 1.27446000e+08
6930.000000 1.26092000e+08
6950.000000 1.24774000e+08
6970.000000 1.23462000e+08
6990.000000 1.22155000e+08
7010.000000 1.20892000e+08
7030.000000 1.19633000e+08
7050.000000 1.18395000e+08
7070.000000 1.15367000e+08
7090.000000 1.15953000e+08
7110.000000 1.14758000e+08
7130.000000 1.13582000e+08
7150.000000 1.12416000e+08
7170.000000 1.11241000e+08
7190.000000 1.10127000e+08
7210.000000 1.09010000e+08
7230.000000 1.07860000e+08
7250.000000 1.06814000e+08
7270.000000 1.05735000e+08
7290.000000 1.03844000e+08
7310.000000 1.03601000e+08
7330.000000 1.02581000e+08
7350.000000 1.01549000e+08
7370.000000 1.00541000e+08
7390.000000 9.95421000e+07
7410.000000 9.85527000e+07
7430.000000 9.75793000e+07
7450.000000 9.66284000e+07
7470.000000 9.56729000e+07
7490.000000 9.47328000e+07
7510.000000 9.37681000e+07
7530.000000 9.28919000e+07
7550.000000 9.19840000e+07
7570.000000 9.10910000e+07
7590.000000 9.02062000e+07
7610.000000 8.93293000e+07
7630.000000 8.84669000e+07
7650.000000 8.76187000e+07
7670.000000 8.67781000e+07
7690.000000 8.59387000e+07
7710.000000 8.51195000e+07
7730.000000 8.43076000e+07
7750.000000 8.34967000e+07
7770.000000 8.27118000e+07
7790.000000 8.19337000e+07
7810.000000 8.10946000e+07
7830.000000 8.03921000e+07
7850.000000 7.97201000e+07
7870.000000 7.89687000e+07
7890.000000 7.81876000e+07
7910.000000 7.74977000e+07
7930.000000 7.66999000e+07
7950.000000 7.58913000e+07
7970.000000 7.51372000e+07
7990.000000 7.44724000e+07
8010.000000 7.37545000e+07
8030.000000 7.31130000e+07
8050.000000 7.24827000e+07
8070.000000 7.18520000e+07
8090.000000 7.10655000e+07
8110.000000 7.04920000e+07
8130.000000 6.99404000e+07
8150.000000 6.91722000e+07
8170.000000 6.86985000e+07
8190.000000 6.79927000e+07
8210.000000 6.72427000e+07
8230.000000 6.68495000e+07
8250.000000 6.62656000e+07
8270.000000 6.53286000e+07
8290.000000 6.49973000e+07
8310.000000 6.44393000e+07
8330.000000 6.38479000e+07
8350.000000 6.29751000e+07
8370.000000 6.25723000e+07
8390.000000 6.20978000e+07
8410.000000 6.15205000e+07
8430.000000 6.08896000e+07
8450.000000 6.00266000e+07
8470.000000 5.95859000e+07
8490.000000 5.93578000e+07
8510.000000 5.82728000e+07
8530.000000 5.85280000e+07
8550.000000 5.64405000e+07
8570.000000 5.83471000e+07
8590.000000 5.55995000e+07
8610.000000 5.52602000e+07
8630.000000 5.74020000e+07
8650.000000 5.57875000e+07
8670.000000 5.16513000e+07
8690.000000 5.60883000e+07
8710.000000 5.61836000e+07
8730.000000 5.45572000e+07
8750.000000 4.92448000e+07
8770.000000 5.31349000e+07
8790.000000 5.44390000e+07
8810.000000 5.40029000e+07
8830.000000 5.34734000e+07
8850.000000 5.06010000e+07
8870.000000 4.68096000e+07
8890.000000 5.17816000e+07
8910.000000 5.17867000e+07
8930.000000 5.13991000e+07
8950.000000 5.11273000e+07
8970.000000 5.06046000e+07
8990.000000 4.94288000e+07
9010.000000 4.44213000e+07
9030.000000 4.67418000e+07
9050.000000 4.87433000e+07
9070.000000 4.81668000e+07
9090.000000 4.80645000e+07
9110.000000 4.78220000e+07
9130.000000 4.74590000e+07
9150.000000 4.70718000e+07
9170.000000 4.65486000e+07
9190.000000 4.61321000e+07
9210.000000 4.44708000e+07
9230.000000 3.97474000e+07
9250.000000 4.39848000e+07
9270.000000 4.46159000e+07
9290.000000 4.44284000e+07
9310.000000 4.38943000e+07
9330.000000 4.37280000e+07
9350.000000 4.33472000e+07
9370.000000 4.30293000e+07
9390.000000 4.26830000e+07
9410.000000 4.23410000e+07
9430.000000 4.20023000e+07
9450.000000 4.16669000e+07
9470.000000 4.10966000e+07
9490.000000 4.09821000e+07
9510.000000 4.01760000e+07
9530.000000 3.88228000e+07
9550.000000 3.49750000e+07
9570.000000 3.89782000e+07
9590.000000 3.92672000e+07
9610.000000 3.89648000e+07
9630.000000 3.86085000e+07
9650.000000 3.84920000e+07
9670.000000 3.81915000e+07
9690.000000 3.78583000e+07
9710.000000 3.74879000e+07
9730.000000 3.73073000e+07
9750.000000 3.70181000e+07
9770.000000 3.67317000e+07
9790.000000 3.64481000e+07
9810.000000 3.61673000e+07
9830.000000 3.58893000e+07
9850.000000 3.56140000e+07
9870.000000 3.53411000e+07
9890.000000 3.50708000e+07
9910.000000 3.47989000e+07
9930.000000 3.45382000e+07
9950.000000 3.42754000e+07
9970.000000 3.40153000e+07
9990.000000 3.37512000e+07
10025.000000 3.22595000e+07
10075.000000 3.12334000e+07
10125.000000 3.20024000e+07
10175.000000 3.14871000e+07
10225.000000 3.08923000e+07
10275.000000 3.03394000e+07
10325.000000 2.96795000e+07
10375.000000 2.92433000e+07
10425.000000 2.87138000e+07
10475.000000 2.81963000e+07
10525.000000 2.76906000e+07
10575.000000 2.71959000e+07
10625.000000 2.67123000e+07
10675.000000 2.61919000e+07
10725.000000 2.57770000e+07
10775.000000 2.53245000e+07
10825.000000 2.46094000e+07
10875.000000 2.44213000e+07
10925.000000 2.24581000e+07
10975.000000 2.32880000e+07
11025.000000 2.30744000e+07
11075.000000 2.28008000e+07
11125.000000 2.24204000e+07
11175.000000 2.20404000e+07
11225.000000 2.16556000e+07
11275.000000 2.13039000e+07
11325.000000 2.09473000e+07
11375.000000 2.05982000e+07
11425.000000 2.02561000e+07
11475.000000 1.99211000e+07
11525.000000 1.95932000e+07
11575.000000 1.92719000e+07
11625.000000 1.89571000e+07
11675.000000 1.86489000e+07
11725.000000 1.83468000e+07
11775.000000 1.80509000e+07
11825.000000 1.77609000e+07
11875.000000 1.74767000e+07
11925.000000 1.71980000e+07
11975.000000 1.67928000e+07
12025.000000 1.66573000e+07
12075.000000 1.63951000e+07
12125.000000 1.61379000e+07
12175.000000 1.58857000e+07
12225.000000 1.56383000e+07
12275.000000 1.53959000e+07
12325.000000 1.51581000e+07
12375.000000 1.49250000e+07
12425.000000 1.46962000e+07
12475.000000 1.44719000e+07
12525.000000 1.42236000e+07
12575.000000 1.40359000e+07
12625.000000 1.38240000e+07
12675.000000 1.36160000e+07
12725.000000 1.34119000e+07
12775.000000 1.30306000e+07
12825.000000 1.21910000e+07
12875.000000 1.27796000e+07
12925.000000 1.26331000e+07
12975.000000 1.23722000e+07
13025.000000 1.22651000e+07
13075.000000 1.20862000e+07
13125.000000 1.19103000e+07
13175.000000 1.17379000e+07
13225.000000 1.15683000e+07
13275.000000 1.14018000e+07
13325.000000 1.12383000e+07
13375.000000 1.10778000e+07
13425.000000 1.09103000e+07
13475.000000 1.07652000e+07
13525.000000 1.06131000e+07
13575.000000 1.04637000e+07
13625.000000 1.03168000e+07
13675.000000 1.01724000e+07
13725.000000 1.00306000e+07
13775.000000 9.89122000e+06
13825.000000 9.75437000e+06
13875.000000 9.61981000e+06
13925.000000 9.48752000e+06
13975.000000 9.35764000e+06
14025.000000 9.22994000e+06
14075.000000 9.10419000e+06
14125.000000 8.98075000e+06
14175.000000 8.85939000e+06
14225.000000 8.74006000e+06
14275.000000 8.62274000e+06
14325.000000 8.50739000e+06
14375.000000 8.39398000e+06
14425.000000 8.28248000e+06
14475.000000 8.17268000e+06
14525.000000 8.06473000e+06
14570.000000 7.96920000e+06
14620.000000 7.86544000e+06
14675.000000 7.75306000e+06
14725.000000 7.65272000e+06
14775.000000 7.55390000e+06
14825.000000 7.45675000e+06
14875.000000 7.36124000e+06
14925.000000 7.26685000e+06
14975.000000 7.17405000e+06
15025.000000 7.08216000e+06
15075.000000 6.97790000e+06
15125.000000 6.90187000e+06
15175.000000 6.81327000e+06
15225.000000 6.72910000e+06
15275.000000 6.63717000e+06
15325.000000 6.55142000e+06
15375.000000 6.47876000e+06
15425.000000 6.37508000e+06
15475.000000 6.31916000e+06
15525.000000 6.24116000e+06
15575.000000 6.11497000e+06
15625.000000 6.11246000e+06
15675.000000 5.99211000e+06
15725.000000 5.87439000e+06
15775.000000 5.90049000e+06
15825.000000 5.82550000e+06
15875.000000 5.58706000e+06
15925.000000 5.66151000e+06
15975.000000 5.63307000e+06
16050.000000 5.50815000e+06
16150.000000 5.28618000e+06
16250.000000 5.29137000e+06
16350.000000 5.12453000e+06
16450.000000 4.90927000e+06
16550.000000 4.92893000e+06
16650.000000 4.81514000e+06
16750.000000 4.66329000e+06
16850.000000 4.46414000e+06
16950.000000 4.49239000e+06
17050.000000 4.37026000e+06
17150.000000 4.29267000e+06
17250.000000 4.19519000e+06
17350.000000 3.95424000e+06
17450.000000 4.00332000e+06
17550.000000 3.92493000e+06
17650.000000 3.83922000e+06
17750.000000 3.75579000e+06
17850.000000 3.67457000e+06
17950.000000 3.59562000e+06
18050.000000 3.51866000e+06
18150.000000 3.32343000e+06
18250.000000 3.35430000e+06
18350.000000 3.30016000e+06
18450.000000 3.23106000e+06
18550.000000 3.16271000e+06
18650.000000 3.07809000e+06
18750.000000 2.92822000e+06
18850.000000 2.97017000e+06
18950.000000 2.91153000e+06
19050.000000 2.84232000e+06
19150.000000 2.79474000e+06
19250.000000 2.73863000e+06
19350.000000 2.68072000e+06
19450.000000 2.52506000e+06
19550.000000 2.57164000e+06
19650.000000 2.52758000e+06
19750.000000 2.47800000e+06
19850.000000 2.42967000e+06
19950.000000 2.38247000e+06
20050.000000 2.33646000e+06
20150.000000 2.29152000e+06
20250.000000 2.24763000e+06
20350.000000 2.20485000e+06
20450.000000 2.16226000e+06
20550.000000 2.11772000e+06
20650.000000 2.08233000e+06
20750.000000 2.04341000e+06
20850.000000 2.00539000e+06
20950.000000 1.96827000e+06
21050.000000 1.93201000e+06
21150.000000 1.88928000e+06
21250.000000 1.86186000e+06
21350.000000 1.82801000e+06
21450.000000 1.79447000e+06
21550.000000 1.76066000e+06
21650.000000 1.66004000e+06
21750.000000 1.69585000e+06
21850.000000 1.66869000e+06
21950.000000 1.64023000e+06
22050.000000 1.61128000e+06
22150.000000 1.58302000e+06
22250.000000 1.55513000e+06
22350.000000 1.52834000e+06
22450.000000 1.50183000e+06
22550.000000 1.47594000e+06
22650.000000 1.45060000e+06
22750.000000 1.42579000e+06
22850.000000 1.40151000e+06
22950.000000 1.37781000e+06
23050.000000 1.35425000e+06
23150.000000 1.33189000e+06
23250.000000 1.30958000e+06
23350.000000 1.28782000e+06
23450.000000 1.26645000e+06
23550.000000 1.24552000e+06
23650.000000 1.22505000e+06
23750.000000 1.20500000e+06
23850.000000 1.18525000e+06
23950.000000 1.16591000e+06
24050.000000 1.14699000e+06
24150.000000 1.12827000e+06
24250.000000 1.11040000e+06
24350.000000 1.09228000e+06
24450.000000 1.07447000e+06
24550.000000 1.05805000e+06
24650.000000 1.04049000e+06
24750.000000 1.02245000e+06
24850.000000 1.00966000e+06
24950.000000 9.89418000e+05
25050.000000 9.78532000e+05
25150.000000 9.63559000e+05
25250.000000 9.41584000e+05
25350.000000 9.33642000e+05
25450.000000 9.20503000e+05
25550.000000 9.05232000e+05
25650.000000 8.81296000e+05
25750.000000 8.78725000e+05
25850.000000 8.67655000e+05
25950.000000 8.54379000e+05
26050.000000 8.37118000e+05
26150.000000 8.09628000e+05
26250.000000 7.82039000e+05
26350.000000 8.01562000e+05
26450.000000 7.92712000e+05
26550.000000 7.80232000e+05
26650.000000 7.67226000e+05
26750.000000 7.36598000e+05
26850.000000 7.44604000e+05
26950.000000 7.36391000e+05
27050.000000 7.25756000e+05
27150.000000 7.15309000e+05
27250.000000 7.04995000e+05
27350.000000 6.94914000e+05
27450.000000 6.84360000e+05
27550.000000 6.55428000e+05
27650.000000 6.59269000e+05
27750.000000 6.56239000e+05
27850.000000 6.47017000e+05
27950.000000 6.37959000e+05
28050.000000 6.29061000e+05
28150.000000 6.20274000e+05
28250.000000 6.11689000e+05
28350.000000 6.03210000e+05
28450.000000 5.94927000e+05
28550.000000 5.86422000e+05
28650.000000 5.75084000e+05
28750.000000 5.50307000e+05
28850.000000 5.62205000e+05
28950.000000 5.55406000e+05
29050.000000 5.47928000e+05
29150.000000 5.40539000e+05
29250.000000 5.33283000e+05
29350.000000 5.26157000e+05
29450.000000 5.19158000e+05
29550.000000 5.12242000e+05
29650.000000 5.05450000e+05
29750.000000 4.98780000e+05
29850.000000 4.92230000e+05
29950.000000 4.85757000e+05
30050.000000 4.79442000e+05
30150.000000 4.73159000e+05
30250.000000 4.66701000e+05
30350.000000 4.47107000e+05
30450.000000 4.47954000e+05
30550.000000 4.49144000e+05
30650.000000 4.43410000e+05
30750.000000 4.37742000e+05
30850.000000 4.32178000e+05
30950.000000 4.26676000e+05
31050.000000 4.21275000e+05
31150.000000 4.15973000e+05
31250.000000 4.10730000e+05
31350.000000 4.05584000e+05
31450.000000 4.00533000e+05
31550.000000 3.95538000e+05
31650.000000 3.90598000e+05
31750.000000 3.85787000e+05
31850.000000 3.80992000e+05
31950.000000 3.76323000e+05
32100.000000 3.69414000e+05
32300.000000 3.60451000e+05
32500.000000 3.51759000e+05
32700.000000 3.43323000e+05
32900.000000 3.26900000e+05
33100.000000 3.25712000e+05
33300.000000 3.19165000e+05
33500.000000 3.11803000e+05
33700.000000 3.04567000e+05
33900.000000 2.97532000e+05
34100.000000 2.90699000e+05
34300.000000 2.84059000e+05
34500.000000 2.77607000e+05
34700.000000 2.71331000e+05
34900.000000 2.65236000e+05
35100.000000 2.59308000e+05
35300.000000 2.53542000e+05
35500.000000 2.47925000e+05
35700.000000 2.42451000e+05
35900.000000 2.37220000e+05
36100.000000 2.31948000e+05
36300.000000 2.27054000e+05
36500.000000 2.21977000e+05
36700.000000 2.17721000e+05
36900.000000 2.12448000e+05
37100.000000 2.07993000e+05
37300.000000 2.01675000e+05
37500.000000 1.95945000e+05
37700.000000 1.95684000e+05
37900.000000 1.91797000e+05
38100.000000 1.87061000e+05
38300.000000 1.83363000e+05
38500.000000 1.80210000e+05
38700.000000 1.76544000e+05
38900.000000 1.72791000e+05
39100.000000 1.67965000e+05
39300.000000 1.66060000e+05
39500.000000 1.62777000e+05
39700.000000 1.59544000e+05
39900.000000 1.56391000e+05
40100.000000 1.52394000e+05
40300.000000 1.48640000e+05
40500.000000 1.44157000e+05
40700.000000 1.44477000e+05
40900.000000 1.41750000e+05
41100.000000 1.39031000e+05
41300.000000 1.36257000e+05
41500.000000 1.33691000e+05
41700.000000 1.28841000e+05
41900.000000 1.28644000e+05
42100.000000 1.26366000e+05
42300.000000 1.24008000e+05
42500.000000 1.21642000e+05
42700.000000 1.19456000e+05
42900.000000 1.17049000e+05
43100.000000 1.15109000e+05
43300.000000 1.13009000e+05
43500.000000 1.10955000e+05
43700.000000 1.06853000e+05
43900.000000 1.06505000e+05
44100.000000 1.05074000e+05
44300.000000 1.03202000e+05
44500.000000 1.01369000e+05
44700.000000 9.97025000e+04
44900.000000 9.79473000e+04
45100.000000 9.62304000e+04
45300.000000 9.45509000e+04
45500.000000 9.29081000e+04
45700.000000 9.12994000e+04
45900.000000 8.97276000e+04
46100.000000 8.81442000e+04
46300.000000 8.65531000e+04
46500.000000 8.26967000e+04
46700.000000 8.14924000e+04
46900.000000 8.19583000e+04
47100.000000 8.09666000e+04
47300.000000 7.96131000e+04
47500.000000 7.82863000e+04
47700.000000 7.69871000e+04
47900.000000 7.57150000e+04
48100.000000 7.44695000e+04
48300.000000 7.32485000e+04
48500.000000 7.20531000e+04
48700.000000 7.08811000e+04
48900.000000 6.97337000e+04
49100.000000 6.86089000e+04
49300.000000 6.75078000e+04
49500.000000 6.64268000e+04
49700.000000 6.53686000e+04
49900.000000 6.43312000e+04
50100.000000 6.33128000e+04
50300.000000 6.23160000e+04
50500.000000 6.13388000e+04
50700.000000 6.03795000e+04
50900.000000 5.93752000e+04
51100.000000 5.83501000e+04
51300.000000 5.60007000e+04
51500.000000 5.66149000e+04
51700.000000 5.57605000e+04
51900.000000 5.50029000e+04
52100.000000 5.41665000e+04
52300.000000 5.33453000e+04
52500.000000 5.25050000e+04
52700.000000 5.16460000e+04
52900.000000 5.09722000e+04
53100.000000 5.02122000e+04
53300.000000 4.94647000e+04
53500.000000 4.87310000e+04
53700.000000 4.79088000e+04
53900.000000 4.72077000e+04
54100.000000 4.66109000e+04
54300.000000 4.59296000e+04
54500.000000 4.52608000e+04
54700.000000 4.46043000e+04
54900.000000 4.39600000e+04
55100.000000 4.32629000e+04
55300.000000 4.24738000e+04
55500.000000 4.20924000e+04
55700.000000 4.14932000e+04
55900.000000 4.09051000e+04
56100.000000 4.03254000e+04
56300.000000 3.97566000e+04
56500.000000 3.91983000e+04
56700.000000 3.86492000e+04
56900.000000 3.80847000e+04
57100.000000 3.72418000e+04
57300.000000 3.70156000e+04
57500.000000 3.65466000e+04
57700.000000 3.60436000e+04
57900.000000 3.55489000e+04
58100.000000 3.50635000e+04
58300.000000 3.45851000e+04
58500.000000 3.41409000e+04
58700.000000 3.36791000e+04
58900.000000 3.31044000e+04
59100.000000 3.17848000e+04
59300.000000 3.22307000e+04
59500.000000 3.14951000e+04
59700.000000 3.12971000e+04
59900.000000 3.10643000e+04
60100.000000 3.06535000e+04
60300.000000 3.02495000e+04
60500.000000 2.98522000e+04
60700.000000 2.94616000e+04
60900.000000 2.90764000e+04
61100.000000 2.86986000e+04
61300.000000 2.83262000e+04
61500.000000 2.79600000e+04
61700.000000 2.75989000e+04
61900.000000 2.72449000e+04
62100.000000 2.68958000e+04
62300.000000 2.65525000e+04
62500.000000 2.62141000e+04
62700.000000 2.58229000e+04
62900.000000 2.50276000e+04
63100.000000 2.51360000e+04
63300.000000 2.49154000e+04
63500.000000 2.46027000e+04
63700.000000 2.42962000e+04
63900.000000 2.39930000e+04
64200.000000 2.35481000e+04
64600.000000 2.29712000e+04
65000.000000 2.24112000e+04
65400.000000 2.18675000e+04
65800.000000 2.13414000e+04
66200.000000 2.08306000e+04
66600.000000 2.03349000e+04
67000.000000 1.98536000e+04
67400.000000 1.93599000e+04
67800.000000 1.86585000e+04
68200.000000 1.84921000e+04
68600.000000 1.80649000e+04
69000.000000 1.76495000e+04
69400.000000 1.72464000e+04
69800.000000 1.68545000e+04
70200.000000 1.64734000e+04
70600.000000 1.61028000e+04
71000.000000 1.57425000e+04
71400.000000 1.53930000e+04
71800.000000 1.50531000e+04
72200.000000 1.47220000e+04
72600.000000 1.43866000e+04
73000.000000 1.40865000e+04
73400.000000 1.37824000e+04
73800.000000 1.34854000e+04
74200.000000 1.31707000e+04
74600.000000 1.26805000e+04
75000.000000 1.22844000e+04
75400.000000 1.23439000e+04
75800.000000 1.21176000e+04
76200.000000 1.18648000e+04
76600.000000 1.16186000e+04
77000.000000 1.13794000e+04
77400.000000 1.11458000e+04
77800.000000 1.08727000e+04
78200.000000 1.06959000e+04
78600.000000 1.04800000e+04
79000.000000 1.02697000e+04
79400.000000 1.00637000e+04
79800.000000 9.86365000e+03
80200.000000 9.66827000e+03
80600.000000 9.47744000e+03
81000.000000 9.29105000e+03
81400.000000 9.06408000e+03
81800.000000 8.91597000e+03
82200.000000 8.76027000e+03
82600.000000 8.59170000e+03
83000.000000 8.42706000e+03
83400.000000 8.26626000e+03
83800.000000 8.10921000e+03
84200.000000 7.95636000e+03
84600.000000 7.80655000e+03
85000.000000 7.66077000e+03
85400.000000 7.51789000e+03
85800.000000 7.37836000e+03
86200.000000 7.24160000e+03
86600.000000 7.03923000e+03
87000.000000 6.97166000e+03
87400.000000 6.78371000e+03
87800.000000 6.66046000e+03
88200.000000 6.60648000e+03
88600.000000 6.48794000e+03
89000.000000 6.37173000e+03
89400.000000 6.25827000e+03
89800.000000 6.14705000e+03
90200.000000 6.03894000e+03
90600.000000 5.93249000e+03
91000.000000 5.82859000e+03
91400.000000 5.72718000e+03
91800.000000 5.62776000e+03
92200.000000 5.53073000e+03
92600.000000 5.43560000e+03
93000.000000 5.34234000e+03
93400.000000 5.25090000e+03
93800.000000 5.09745000e+03
94200.000000 5.05808000e+03
94600.000000 4.98929000e+03
95000.000000 4.90562000e+03
95400.000000 4.82359000e+03
95800.000000 4.74317000e+03
96200.000000 4.66473000e+03
96600.000000 4.58782000e+03
97000.000000 4.51242000e+03
97400.000000 4.43851000e+03
97800.000000 4.36604000e+03
98200.000000 4.29499000e+03
98600.000000 4.22224000e+03
99000.000000 4.15782000e+03
99400.000000 4.09125000e+03
99800.000000 4.02562000e+03
100200.000000 3.96165000e+03
200000.000000 2.47163000e+02
400000.000000 1.52837000e+01
600000.000000 2.99929000e+00
800000.000000 9.44296000e-01
1000000.000000 3.85281000e-01
1200000.000000 1.85191000e-01
1400000.000000 9.96968000e-02
1600000.000000 5.83136000e-02
