# Kurucz ODFNEW /NOVER, alpha: 0.0 (2003)
# teff = 11250 K (value for the effective temperature for the model. Temperatures are given in K)
# logg = 5 log(cm/s2) (value for Log(G) for the model.)
# lh = 1.25  (l/Hp where l is the  mixing length of the convective element and Hp is the pressure scale height)
# meta = -0.5  (value for the Metallicity for the model.)
# vtur = 2 km/s (Microturbulence velocity)
# alpha = 0  (Alpha)
#
# column 1: WAVELENGTH (ANGSTROM), Wavelength in Angstrom
# column 2: FLUX (ERG/CM2/S/A), Flux in erg/cm2/s/A
223.000000 4.69955000e-24
226.800000 9.61411000e-23
230.000000 2.94931000e-22
234.000000 1.07062000e-21
240.000000 6.79617000e-21
246.500000 4.55345000e-20
252.400000 2.36614000e-19
256.800000 7.72582000e-19
260.000000 1.78445000e-18
264.000000 4.94647000e-18
268.500000 1.50065000e-17
273.500000 4.94352000e-17
278.500000 1.56885000e-16
284.000000 5.33501000e-16
290.000000 1.92607000e-15
296.000000 6.59715000e-15
301.000000 1.77992000e-14
308.000000 6.77179000e-14
318.000000 4.13298000e-13
328.000000 2.26530000e-12
338.000000 1.12312000e-11
348.000000 5.08957000e-11
357.000000 1.84600000e-10
366.000000 6.28529000e-10
375.000000 2.01480000e-09
385.000000 6.89893000e-09
395.000000 2.21590000e-08
405.000000 6.71877000e-08
414.000000 1.74056000e-07
422.000000 3.91720000e-07
430.000000 8.53886000e-07
441.000000 2.38399000e-06
451.000000 5.79131000e-06
460.000000 1.24436000e-05
470.000000 2.80935000e-05
480.000000 6.12300000e-05
490.000000 1.29169000e-04
500.000000 2.63997000e-04
506.000000 5.49506000e-04
512.000000 9.21474000e-04
520.000000 1.53200000e-03
530.000000 2.84713000e-03
540.000000 5.09696000e-03
550.000000 9.06156000e-03
560.000000 1.56506000e-02
570.000000 2.64986000e-02
580.000000 4.36498000e-02
590.000000 7.17842000e-02
600.000000 1.15112000e-01
610.000000 1.81683000e-01
620.000000 2.82184000e-01
630.000000 4.31915000e-01
640.000000 6.51523000e-01
650.000000 9.70758000e-01
658.000000 1.32267000e+00
665.000000 1.72219000e+00
675.000000 2.48598000e+00
685.000000 3.54815000e+00
695.000000 5.01001000e+00
705.000000 6.99620000e+00
716.000000 9.99040000e+00
726.000000 1.36689000e+01
735.000000 1.79827000e+01
745.000000 2.41856000e+01
755.000000 3.22532000e+01
765.000000 4.26583000e+01
775.000000 5.59840000e+01
785.000000 7.29158000e+01
795.000000 9.41965000e+01
805.000000 1.21014000e+02
815.000000 1.54361000e+02
825.000000 1.95581000e+02
835.000000 2.46005000e+02
845.000000 3.08221000e+02
855.000000 3.83498000e+02
865.000000 4.74551000e+02
875.000000 5.83823000e+02
885.000000 7.14907000e+02
895.000000 8.70730000e+02
905.000000 1.05407000e+03
915.000000 4.03933000e+03
925.000000 2.23107000e+04
935.000000 3.75865000e+04
945.000000 6.96571000e+04
955.000000 1.16804000e+05
965.000000 1.60142000e+05
975.000000 1.03505000e+05
985.000000 3.84536000e+05
995.000000 1.26601000e+06
1005.000000 1.10446000e+06
1015.000000 3.84217000e+05
1025.000000 1.55310000e+05
1035.000000 4.16777000e+05
1045.000000 1.62683000e+06
1055.000000 7.02028000e+06
1065.000000 1.15654000e+07
1075.000000 1.81107000e+07
1085.000000 2.28084000e+07
1095.000000 2.45061000e+07
1105.000000 4.30253000e+07
1115.000000 1.44543000e+08
1125.000000 1.69373000e+08
1135.000000 1.95406000e+08
1145.000000 1.67838000e+08
1155.000000 1.65699000e+08
1165.000000 1.52923000e+08
1175.000000 9.93597000e+07
1185.000000 4.35128000e+07
1195.000000 3.35041000e+06
1205.000000 1.52054000e+06
1215.000000 5.18358000e+05
1225.000000 1.52361000e+06
1235.000000 4.80537000e+06
1245.000000 3.07625000e+07
1255.000000 1.04033000e+08
1265.000000 1.31373000e+08
1275.000000 2.18971000e+08
1285.000000 2.92080000e+08
1295.000000 2.95853000e+08
1305.000000 2.14438000e+08
1315.000000 3.17248000e+08
1325.000000 3.43056000e+08
1335.000000 3.39056000e+08
1345.000000 3.78703000e+08
1355.000000 3.49906000e+08
1365.000000 3.26298000e+08
1375.000000 3.46516000e+08
1385.000000 3.35698000e+08
1395.000000 3.39362000e+08
1405.000000 3.59682000e+08
1415.000000 3.56912000e+08
1425.000000 3.70436000e+08
1435.000000 3.39715000e+08
1442.000000 3.75884000e+08
1447.000000 3.88207000e+08
1455.000000 3.86423000e+08
1465.000000 3.64842000e+08
1475.000000 3.50509000e+08
1485.000000 3.52245000e+08
1495.000000 3.68112000e+08
1505.000000 3.67727000e+08
1512.000000 3.51823000e+08
1517.000000 3.72000000e+08
1525.000000 3.48636000e+08
1535.000000 3.39392000e+08
1545.000000 3.62048000e+08
1555.000000 3.22959000e+08
1565.000000 2.89881000e+08
1575.000000 3.17026000e+08
1585.000000 3.36387000e+08
1595.000000 3.45554000e+08
1605.000000 3.28977000e+08
1615.000000 3.30144000e+08
1625.000000 3.02596000e+08
1635.000000 3.09786000e+08
1645.000000 3.19382000e+08
1655.000000 2.79250000e+08
1665.000000 3.13399000e+08
1672.000000 2.74706000e+08
1677.000000 2.97450000e+08
1685.000000 3.15703000e+08
1695.000000 2.93658000e+08
1705.000000 2.88422000e+08
1715.000000 2.86951000e+08
1725.000000 2.81747000e+08
1735.000000 2.91261000e+08
1745.000000 2.84394000e+08
1755.000000 2.96317000e+08
1765.000000 2.69049000e+08
1775.000000 2.90933000e+08
1785.000000 2.86204000e+08
1795.000000 2.96634000e+08
1805.000000 2.86442000e+08
1815.000000 2.83157000e+08
1825.000000 2.74723000e+08
1835.000000 2.69153000e+08
1845.000000 2.57168000e+08
1855.000000 2.62220000e+08
1865.000000 2.61874000e+08
1875.000000 2.69236000e+08
1885.000000 2.67150000e+08
1895.000000 2.62649000e+08
1905.000000 2.57221000e+08
1915.000000 2.57407000e+08
1925.000000 2.57831000e+08
1935.000000 2.52748000e+08
1945.000000 2.59835000e+08
1955.000000 2.55873000e+08
1967.000000 2.57892000e+08
1976.000000 2.53840000e+08
1984.000000 2.49720000e+08
1995.000000 2.44144000e+08
2005.000000 2.41602000e+08
2015.000000 2.31295000e+08
2025.000000 2.34336000e+08
2035.000000 2.36005000e+08
2045.000000 2.36873000e+08
2055.000000 2.28052000e+08
2065.000000 2.26883000e+08
2074.000000 2.29314000e+08
2078.000000 2.32646000e+08
2085.000000 2.32673000e+08
2095.000000 2.25848000e+08
2105.000000 2.24132000e+08
2115.000000 2.22169000e+08
2125.000000 2.21485000e+08
2135.000000 2.06274000e+08
2145.000000 2.17840000e+08
2155.000000 2.15742000e+08
2165.000000 2.07589000e+08
2175.000000 2.05286000e+08
2185.000000 2.04035000e+08
2195.000000 2.10922000e+08
2205.000000 2.03117000e+08
2215.000000 1.92948000e+08
2225.000000 1.90144000e+08
2235.000000 2.01901000e+08
2245.000000 1.90016000e+08
2255.000000 1.86289000e+08
2265.000000 1.85918000e+08
2275.000000 1.92680000e+08
2285.000000 1.94468000e+08
2295.000000 1.86511000e+08
2305.000000 1.83783000e+08
2315.000000 1.79978000e+08
2325.000000 1.80217000e+08
2335.000000 1.75650000e+08
2345.000000 1.65763000e+08
2355.000000 1.74405000e+08
2365.000000 1.64951000e+08
2375.000000 1.69296000e+08
2385.000000 1.57044000e+08
2395.000000 1.66349000e+08
2405.000000 1.60402000e+08
2415.000000 1.62261000e+08
2425.000000 1.65180000e+08
2435.000000 1.58120000e+08
2445.000000 1.64681000e+08
2455.000000 1.60355000e+08
2465.000000 1.58740000e+08
2475.000000 1.53917000e+08
2485.000000 1.60295000e+08
2495.000000 1.55629000e+08
2505.000000 1.62782000e+08
2513.000000 1.55854000e+08
2518.000000 1.56192000e+08
2525.000000 1.48449000e+08
2535.000000 1.47837000e+08
2545.000000 1.47137000e+08
2555.000000 1.52561000e+08
2565.000000 1.51133000e+08
2575.000000 1.56268000e+08
2585.000000 1.56313000e+08
2595.000000 1.55307000e+08
2605.000000 1.50403000e+08
2615.000000 1.49508000e+08
2625.000000 1.50591000e+08
2635.000000 1.51148000e+08
2645.000000 1.58408000e+08
2655.000000 1.56410000e+08
2665.000000 1.50273000e+08
2675.000000 1.52774000e+08
2685.000000 1.52746000e+08
2695.000000 1.48684000e+08
2705.000000 1.48915000e+08
2715.000000 1.44861000e+08
2725.000000 1.44581000e+08
2735.000000 1.49101000e+08
2745.000000 1.38012000e+08
2755.000000 1.37374000e+08
2765.000000 1.40492000e+08
2775.000000 1.44114000e+08
2785.000000 1.42396000e+08
2795.000000 1.26285000e+08
2805.000000 1.34148000e+08
2815.000000 1.43552000e+08
2825.000000 1.42466000e+08
2835.000000 1.38913000e+08
2845.000000 1.35485000e+08
2855.000000 1.33655000e+08
2865.000000 1.36680000e+08
2875.000000 1.34468000e+08
2885.000000 1.35973000e+08
2895.000000 1.34720000e+08
2910.000000 1.38496000e+08
2930.000000 1.33992000e+08
2950.000000 1.33107000e+08
2970.000000 1.32397000e+08
2990.000000 1.31306000e+08
3010.000000 1.31592000e+08
3030.000000 1.30369000e+08
3050.000000 1.28540000e+08
3070.000000 1.26822000e+08
3090.000000 1.26314000e+08
3110.000000 1.24376000e+08
3130.000000 1.22895000e+08
3150.000000 1.22156000e+08
3170.000000 1.20998000e+08
3190.000000 1.17942000e+08
3210.000000 1.18224000e+08
3230.000000 1.16483000e+08
3250.000000 1.15981000e+08
3270.000000 1.15454000e+08
3290.000000 1.14612000e+08
3310.000000 1.13785000e+08
3330.000000 1.12069000e+08
3350.000000 1.10315000e+08
3370.000000 1.09540000e+08
3390.000000 1.08356000e+08
3410.000000 1.08087000e+08
3430.000000 1.06990000e+08
3450.000000 1.06162000e+08
3470.000000 1.04963000e+08
3490.000000 1.04020000e+08
3510.000000 1.03331000e+08
3530.000000 1.02505000e+08
3550.000000 1.01574000e+08
3570.000000 1.00430000e+08
3590.000000 9.95075000e+07
3610.000000 9.85901000e+07
3630.000000 9.76639000e+07
3640.000000 9.72276000e+07
3650.000000 9.84290000e+07
3670.000000 9.78625000e+07
3690.000000 9.61461000e+07
3710.000000 9.34947000e+07
3730.000000 8.85251000e+07
3750.000000 9.84707000e+07
3770.000000 1.01672000e+08
3790.000000 1.21802000e+08
3810.000000 1.43074000e+08
3830.000000 1.15624000e+08
3850.000000 1.59145000e+08
3870.000000 1.83579000e+08
3890.000000 9.89294000e+07
3910.000000 1.83516000e+08
3930.000000 2.02372000e+08
3950.000000 1.81948000e+08
3970.000000 9.48869000e+07
3990.000000 1.70919000e+08
4010.000000 1.99651000e+08
4030.000000 2.00273000e+08
4050.000000 1.97966000e+08
4070.000000 1.85857000e+08
4090.000000 1.33852000e+08
4110.000000 1.02442000e+08
4130.000000 1.71505000e+08
4150.000000 1.83853000e+08
4170.000000 1.84213000e+08
4190.000000 1.82647000e+08
4210.000000 1.80429000e+08
4230.000000 1.77432000e+08
4250.000000 1.74784000e+08
4270.000000 1.71249000e+08
4290.000000 1.66856000e+08
4310.000000 1.54899000e+08
4330.000000 1.08557000e+08
4350.000000 9.27404000e+07
4370.000000 1.46065000e+08
4390.000000 1.54245000e+08
4410.000000 1.55439000e+08
4430.000000 1.54077000e+08
4450.000000 1.52838000e+08
4470.000000 1.50117000e+08
4490.000000 1.47284000e+08
4510.000000 1.46970000e+08
4530.000000 1.44968000e+08
4550.000000 1.42499000e+08
4570.000000 1.41386000e+08
4590.000000 1.39140000e+08
4610.000000 1.37839000e+08
4630.000000 1.35524000e+08
4650.000000 1.34208000e+08
4670.000000 1.32359000e+08
4690.000000 1.30320000e+08
4710.000000 1.27331000e+08
4730.000000 1.26899000e+08
4750.000000 1.25050000e+08
4770.000000 1.23131000e+08
4790.000000 1.20801000e+08
4810.000000 1.17275000e+08
4830.000000 1.09262000e+08
4850.000000 8.11516000e+07
4870.000000 6.67162000e+07
4890.000000 1.01560000e+08
4910.000000 1.09223000e+08
4930.000000 1.09763000e+08
4950.000000 1.09629000e+08
4970.000000 1.08692000e+08
4990.000000 1.07463000e+08
5010.000000 1.05724000e+08
5030.000000 1.04962000e+08
5050.000000 1.03233000e+08
5070.000000 1.02548000e+08
5090.000000 1.01304000e+08
5110.000000 1.00035000e+08
5130.000000 9.88902000e+07
5150.000000 9.76024000e+07
5170.000000 9.59072000e+07
5190.000000 9.50156000e+07
5210.000000 9.41265000e+07
5230.000000 9.28515000e+07
5250.000000 9.19527000e+07
5270.000000 9.06064000e+07
5290.000000 8.98108000e+07
5310.000000 8.85837000e+07
5330.000000 8.76205000e+07
5350.000000 8.66968000e+07
5370.000000 8.56538000e+07
5390.000000 8.46614000e+07
5410.000000 8.36118000e+07
5430.000000 8.26980000e+07
5450.000000 8.17815000e+07
5470.000000 8.08257000e+07
5490.000000 7.99066000e+07
5510.000000 7.89938000e+07
5530.000000 7.80958000e+07
5550.000000 7.72282000e+07
5570.000000 7.63503000e+07
5590.000000 7.54975000e+07
5610.000000 7.46645000e+07
5630.000000 7.38307000e+07
5650.000000 7.29832000e+07
5670.000000 7.21693000e+07
5690.000000 7.13813000e+07
5710.000000 7.05978000e+07
5730.000000 6.98202000e+07
5750.000000 6.90425000e+07
5770.000000 6.82897000e+07
5790.000000 6.75277000e+07
5810.000000 6.68035000e+07
5830.000000 6.60766000e+07
5850.000000 6.53603000e+07
5870.000000 6.44948000e+07
5890.000000 6.38501000e+07
5910.000000 6.32634000e+07
5930.000000 6.25931000e+07
5950.000000 6.18825000e+07
5970.000000 6.12455000e+07
5990.000000 6.05632000e+07
6010.000000 5.99532000e+07
6030.000000 5.93303000e+07
6050.000000 5.86978000e+07
6070.000000 5.80867000e+07
6090.000000 5.74783000e+07
6110.000000 5.68776000e+07
6130.000000 5.62805000e+07
6150.000000 5.55495000e+07
6170.000000 5.51088000e+07
6190.000000 5.45537000e+07
6210.000000 5.39918000e+07
6230.000000 5.34283000e+07
6250.000000 5.28294000e+07
6270.000000 5.23482000e+07
6290.000000 5.18140000e+07
6310.000000 5.12741000e+07
6330.000000 5.07654000e+07
6350.000000 5.00145000e+07
6370.000000 4.96090000e+07
6390.000000 4.92279000e+07
6410.000000 4.86699000e+07
6430.000000 4.81289000e+07
6450.000000 4.75321000e+07
6470.000000 4.70065000e+07
6490.000000 4.62995000e+07
6510.000000 4.53168000e+07
6530.000000 4.32258000e+07
6550.000000 3.65222000e+07
6570.000000 3.01280000e+07
6590.000000 4.01816000e+07
6610.000000 4.26868000e+07
6630.000000 4.30758000e+07
6650.000000 4.29526000e+07
6670.000000 4.26530000e+07
6690.000000 4.23142000e+07
6710.000000 4.19753000e+07
6730.000000 4.16189000e+07
6750.000000 4.12379000e+07
6770.000000 4.08499000e+07
6790.000000 4.04601000e+07
6810.000000 4.00749000e+07
6830.000000 3.96896000e+07
6850.000000 3.93168000e+07
6870.000000 3.89470000e+07
6890.000000 3.85807000e+07
6910.000000 3.82173000e+07
6930.000000 3.78558000e+07
6950.000000 3.75049000e+07
6970.000000 3.71566000e+07
6990.000000 3.68132000e+07
7010.000000 3.64524000e+07
7030.000000 3.61301000e+07
7050.000000 3.57898000e+07
7070.000000 3.54602000e+07
7090.000000 3.51450000e+07
7110.000000 3.47799000e+07
7130.000000 3.44961000e+07
7150.000000 3.41796000e+07
7170.000000 3.38763000e+07
7190.000000 3.35686000e+07
7210.000000 3.32652000e+07
7230.000000 3.29625000e+07
7250.000000 3.26598000e+07
7270.000000 3.23741000e+07
7290.000000 3.20805000e+07
7310.000000 3.17945000e+07
7330.000000 3.15126000e+07
7350.000000 3.12339000e+07
7370.000000 3.09564000e+07
7390.000000 3.06822000e+07
7410.000000 3.04077000e+07
7430.000000 3.01179000e+07
7450.000000 2.98655000e+07
7470.000000 2.95876000e+07
7490.000000 2.93425000e+07
7510.000000 2.90916000e+07
7530.000000 2.88436000e+07
7550.000000 2.85945000e+07
7570.000000 2.83463000e+07
7590.000000 2.81003000e+07
7610.000000 2.78585000e+07
7630.000000 2.76169000e+07
7650.000000 2.73780000e+07
7670.000000 2.71419000e+07
7690.000000 2.69111000e+07
7710.000000 2.66791000e+07
7730.000000 2.64543000e+07
7750.000000 2.62295000e+07
7770.000000 2.56909000e+07
7790.000000 2.57863000e+07
7810.000000 2.55698000e+07
7830.000000 2.53521000e+07
7850.000000 2.51314000e+07
7870.000000 2.48791000e+07
7890.000000 2.46370000e+07
7910.000000 2.45077000e+07
7930.000000 2.43088000e+07
7950.000000 2.40734000e+07
7970.000000 2.39082000e+07
7990.000000 2.36193000e+07
8010.000000 2.35133000e+07
8030.000000 2.33192000e+07
8050.000000 2.31284000e+07
8070.000000 2.29370000e+07
8090.000000 2.27495000e+07
8110.000000 2.25629000e+07
8130.000000 2.23808000e+07
8150.000000 2.21985000e+07
8170.000000 2.20189000e+07
8190.000000 2.18171000e+07
8210.000000 2.17629000e+07
8230.000000 2.15827000e+07
8250.000000 2.14489000e+07
8270.000000 2.13177000e+07
8290.000000 2.11508000e+07
8310.000000 2.10001000e+07
8330.000000 2.08201000e+07
8350.000000 2.06875000e+07
8370.000000 2.05344000e+07
8390.000000 2.03740000e+07
8410.000000 2.02123000e+07
8430.000000 2.00476000e+07
8450.000000 1.97444000e+07
8470.000000 1.96617000e+07
8490.000000 1.95253000e+07
8510.000000 1.91689000e+07
8530.000000 1.92334000e+07
8550.000000 1.85287000e+07
8570.000000 1.90676000e+07
8590.000000 1.82922000e+07
8610.000000 1.80305000e+07
8630.000000 1.88393000e+07
8650.000000 1.80866000e+07
8670.000000 1.63875000e+07
8690.000000 1.82433000e+07
8710.000000 1.87446000e+07
8730.000000 1.78595000e+07
8750.000000 1.50539000e+07
8770.000000 1.69554000e+07
8790.000000 1.84893000e+07
8810.000000 1.87297000e+07
8830.000000 1.80806000e+07
8850.000000 1.58412000e+07
8870.000000 1.39761000e+07
8890.000000 1.68906000e+07
8910.000000 1.80881000e+07
8930.000000 1.83941000e+07
8950.000000 1.83218000e+07
8970.000000 1.77828000e+07
8990.000000 1.64265000e+07
9010.000000 1.33410000e+07
9030.000000 1.42258000e+07
9050.000000 1.65186000e+07
9070.000000 1.72641000e+07
9090.000000 1.74162000e+07
9110.000000 1.75128000e+07
9130.000000 1.74248000e+07
9150.000000 1.72291000e+07
9170.000000 1.68655000e+07
9190.000000 1.61311000e+07
9210.000000 1.44857000e+07
9230.000000 1.17136000e+07
9250.000000 1.38905000e+07
9270.000000 1.53698000e+07
9290.000000 1.60886000e+07
9310.000000 1.62369000e+07
9330.000000 1.62266000e+07
9350.000000 1.61620000e+07
9370.000000 1.60656000e+07
9390.000000 1.59276000e+07
9410.000000 1.57268000e+07
9430.000000 1.56729000e+07
9450.000000 1.55058000e+07
9470.000000 1.52753000e+07
9490.000000 1.49081000e+07
9510.000000 1.41832000e+07
9530.000000 1.25603000e+07
9550.000000 1.04701000e+07
9570.000000 1.26850000e+07
9590.000000 1.39082000e+07
9610.000000 1.43182000e+07
9630.000000 1.43661000e+07
9650.000000 1.44243000e+07
9670.000000 1.43341000e+07
9690.000000 1.42890000e+07
9710.000000 1.42071000e+07
9730.000000 1.41129000e+07
9750.000000 1.40154000e+07
9770.000000 1.39190000e+07
9790.000000 1.38190000e+07
9810.000000 1.37181000e+07
9830.000000 1.36120000e+07
9850.000000 1.35114000e+07
9870.000000 1.34068000e+07
9890.000000 1.32798000e+07
9910.000000 1.31910000e+07
9930.000000 1.30668000e+07
9950.000000 1.29295000e+07
9970.000000 1.27496000e+07
9990.000000 1.24709000e+07
10025.000000 1.09618000e+07
10075.000000 1.04283000e+07
10125.000000 1.19620000e+07
10175.000000 1.19877000e+07
10225.000000 1.18301000e+07
10275.000000 1.16553000e+07
10325.000000 1.14571000e+07
10375.000000 1.12619000e+07
10425.000000 1.10716000e+07
10475.000000 1.08763000e+07
10525.000000 1.06929000e+07
10575.000000 1.05159000e+07
10625.000000 1.03424000e+07
10675.000000 1.01178000e+07
10725.000000 9.96833000e+06
10775.000000 9.79232000e+06
10825.000000 9.57025000e+06
10875.000000 9.16837000e+06
10925.000000 7.59042000e+06
10975.000000 8.23077000e+06
11025.000000 8.86821000e+06
11075.000000 8.85466000e+06
11125.000000 8.74572000e+06
11175.000000 8.62811000e+06
11225.000000 8.49580000e+06
11275.000000 8.32698000e+06
11325.000000 8.20368000e+06
11375.000000 8.09765000e+06
11425.000000 7.97036000e+06
11475.000000 7.84869000e+06
11525.000000 7.72742000e+06
11575.000000 7.60766000e+06
11625.000000 7.48354000e+06
11675.000000 7.36043000e+06
11725.000000 7.26271000e+06
11775.000000 7.12509000e+06
11825.000000 7.03640000e+06
11875.000000 6.92838000e+06
11925.000000 6.83279000e+06
11975.000000 6.72541000e+06
12025.000000 6.62843000e+06
12075.000000 6.52843000e+06
12125.000000 6.43216000e+06
12175.000000 6.33852000e+06
12225.000000 6.24494000e+06
12275.000000 6.15191000e+06
12325.000000 6.06242000e+06
12375.000000 5.97490000e+06
12425.000000 5.88933000e+06
12475.000000 5.79913000e+06
12525.000000 5.71954000e+06
12575.000000 5.62817000e+06
12625.000000 5.53759000e+06
12675.000000 5.44310000e+06
12725.000000 5.30967000e+06
12775.000000 4.97987000e+06
12825.000000 4.28743000e+06
12875.000000 4.90736000e+06
12925.000000 5.03161000e+06
12975.000000 5.00432000e+06
13025.000000 4.94909000e+06
13075.000000 4.89324000e+06
13125.000000 4.82629000e+06
13175.000000 4.75652000e+06
13225.000000 4.69521000e+06
13275.000000 4.63105000e+06
13325.000000 4.56814000e+06
13375.000000 4.50625000e+06
13425.000000 4.44515000e+06
13475.000000 4.38505000e+06
13525.000000 4.32509000e+06
13575.000000 4.26814000e+06
13625.000000 4.21130000e+06
13675.000000 4.15498000e+06
13725.000000 4.09876000e+06
13775.000000 4.04663000e+06
13825.000000 3.99336000e+06
13875.000000 3.94135000e+06
13925.000000 3.88939000e+06
13975.000000 3.83923000e+06
14025.000000 3.78950000e+06
14075.000000 3.74037000e+06
14125.000000 3.69223000e+06
14175.000000 3.64466000e+06
14225.000000 3.59805000e+06
14275.000000 3.55218000e+06
14325.000000 3.50687000e+06
14375.000000 3.46246000e+06
14425.000000 3.41243000e+06
14475.000000 3.37559000e+06
14525.000000 3.33078000e+06
14570.000000 3.29551000e+06
14620.000000 3.26067000e+06
14675.000000 3.21790000e+06
14725.000000 3.17871000e+06
14775.000000 3.13860000e+06
14825.000000 3.10204000e+06
14875.000000 3.06317000e+06
14925.000000 3.02847000e+06
14975.000000 2.99148000e+06
15025.000000 2.95525000e+06
15075.000000 2.92026000e+06
15125.000000 2.88617000e+06
15175.000000 2.85147000e+06
15225.000000 2.81766000e+06
15275.000000 2.78342000e+06
15325.000000 2.74973000e+06
15375.000000 2.71737000e+06
15425.000000 2.68063000e+06
15475.000000 2.65138000e+06
15525.000000 2.61682000e+06
15575.000000 2.57784000e+06
15625.000000 2.56414000e+06
15675.000000 2.51316000e+06
15725.000000 2.47465000e+06
15775.000000 2.47943000e+06
15825.000000 2.44288000e+06
15875.000000 2.34769000e+06
15925.000000 2.36565000e+06
15975.000000 2.37891000e+06
16050.000000 2.30467000e+06
16150.000000 2.20659000e+06
16250.000000 2.25285000e+06
16350.000000 2.13448000e+06
16450.000000 2.02786000e+06
16550.000000 2.11869000e+06
16650.000000 2.07742000e+06
16750.000000 1.93627000e+06
16850.000000 1.83109000e+06
16950.000000 1.94067000e+06
17050.000000 1.91421000e+06
17150.000000 1.87146000e+06
17250.000000 1.80425000e+06
17350.000000 1.59729000e+06
17450.000000 1.69644000e+06
17550.000000 1.71349000e+06
17650.000000 1.68434000e+06
17750.000000 1.65286000e+06
17850.000000 1.61630000e+06
17950.000000 1.57881000e+06
18050.000000 1.52622000e+06
18150.000000 1.35837000e+06
18250.000000 1.41524000e+06
18350.000000 1.44674000e+06
18450.000000 1.42390000e+06
18550.000000 1.39283000e+06
18650.000000 1.34446000e+06
18750.000000 1.19278000e+06
18850.000000 1.28481000e+06
18950.000000 1.28524000e+06
19050.000000 1.26378000e+06
19150.000000 1.23891000e+06
19250.000000 1.21082000e+06
19350.000000 1.16232000e+06
19450.000000 1.03577000e+06
19550.000000 1.11766000e+06
19650.000000 1.12095000e+06
19750.000000 1.10432000e+06
19850.000000 1.08500000e+06
19950.000000 1.06459000e+06
20050.000000 1.04471000e+06
20150.000000 1.02519000e+06
20250.000000 1.00617000e+06
20350.000000 9.87576000e+05
20450.000000 9.69473000e+05
20550.000000 9.51765000e+05
20650.000000 9.34353000e+05
20750.000000 9.17494000e+05
20850.000000 9.00915000e+05
20950.000000 8.84695000e+05
21050.000000 8.68913000e+05
21150.000000 8.53220000e+05
21250.000000 8.38034000e+05
21350.000000 8.21945000e+05
21450.000000 8.04351000e+05
21550.000000 7.76363000e+05
21650.000000 6.96864000e+05
21750.000000 7.41334000e+05
21850.000000 7.48791000e+05
21950.000000 7.39576000e+05
22050.000000 7.28598000e+05
22150.000000 7.16145000e+05
22250.000000 7.04106000e+05
22350.000000 6.92216000e+05
22450.000000 6.80576000e+05
22550.000000 6.69153000e+05
22650.000000 6.58021000e+05
22750.000000 6.47088000e+05
22850.000000 6.36848000e+05
22950.000000 6.26425000e+05
23050.000000 6.16265000e+05
23150.000000 6.06271000e+05
23250.000000 5.96495000e+05
23350.000000 5.86905000e+05
23450.000000 5.77505000e+05
23550.000000 5.68298000e+05
23650.000000 5.59265000e+05
23750.000000 5.50411000e+05
23850.000000 5.41726000e+05
23950.000000 5.33205000e+05
24050.000000 5.24814000e+05
24150.000000 5.16626000e+05
24250.000000 5.08582000e+05
24350.000000 5.00684000e+05
24450.000000 4.92872000e+05
24550.000000 4.85314000e+05
24650.000000 4.77696000e+05
24750.000000 4.70362000e+05
24850.000000 4.63290000e+05
24950.000000 4.55456000e+05
25050.000000 4.49366000e+05
25150.000000 4.42476000e+05
25250.000000 4.34103000e+05
25350.000000 4.28991000e+05
25450.000000 4.23451000e+05
25550.000000 4.15688000e+05
25650.000000 4.06572000e+05
25750.000000 4.03705000e+05
25850.000000 3.98986000e+05
25950.000000 3.92297000e+05
26050.000000 3.81780000e+05
26150.000000 3.67153000e+05
26250.000000 3.39704000e+05
26350.000000 3.59615000e+05
26450.000000 3.63767000e+05
26550.000000 3.59856000e+05
26650.000000 3.51500000e+05
26750.000000 3.37421000e+05
26850.000000 3.41575000e+05
26950.000000 3.40974000e+05
27050.000000 3.37305000e+05
27150.000000 3.32918000e+05
27250.000000 3.28181000e+05
27350.000000 3.22814000e+05
27450.000000 3.14957000e+05
27550.000000 2.97814000e+05
27650.000000 2.99369000e+05
27750.000000 3.03756000e+05
27850.000000 3.01734000e+05
27950.000000 2.98282000e+05
28050.000000 2.94876000e+05
28150.000000 2.90973000e+05
28250.000000 2.87009000e+05
28350.000000 2.82462000e+05
28450.000000 2.78027000e+05
28550.000000 2.72339000e+05
28650.000000 2.61358000e+05
28750.000000 2.48591000e+05
28850.000000 2.58571000e+05
28950.000000 2.59183000e+05
29050.000000 2.56942000e+05
29150.000000 2.54207000e+05
29250.000000 2.51049000e+05
29350.000000 2.47772000e+05
29450.000000 2.44550000e+05
29550.000000 2.41374000e+05
29650.000000 2.38254000e+05
29750.000000 2.35182000e+05
29850.000000 2.32158000e+05
29950.000000 2.29095000e+05
30050.000000 2.25578000e+05
30150.000000 2.21888000e+05
30250.000000 2.16351000e+05
30350.000000 2.02699000e+05
30450.000000 2.03194000e+05
30550.000000 2.09003000e+05
30650.000000 2.08479000e+05
30750.000000 2.06540000e+05
30850.000000 2.04396000e+05
30950.000000 2.01901000e+05
31050.000000 1.99407000e+05
31150.000000 1.96945000e+05
31250.000000 1.94521000e+05
31350.000000 1.92148000e+05
31450.000000 1.89789000e+05
31550.000000 1.87486000e+05
31650.000000 1.85213000e+05
31750.000000 1.82964000e+05
31850.000000 1.80759000e+05
31950.000000 1.78584000e+05
32100.000000 1.75380000e+05
32300.000000 1.71222000e+05
32500.000000 1.67081000e+05
32700.000000 1.62112000e+05
32900.000000 1.49973000e+05
33100.000000 1.51430000e+05
33300.000000 1.51379000e+05
33500.000000 1.48298000e+05
33700.000000 1.45007000e+05
33900.000000 1.41780000e+05
34100.000000 1.38619000e+05
34300.000000 1.35540000e+05
34500.000000 1.32543000e+05
34700.000000 1.29624000e+05
34900.000000 1.26785000e+05
35100.000000 1.24020000e+05
35300.000000 1.21328000e+05
35500.000000 1.18709000e+05
35700.000000 1.16156000e+05
35900.000000 1.13676000e+05
36100.000000 1.11246000e+05
36300.000000 1.08897000e+05
36500.000000 1.06573000e+05
36700.000000 1.04338000e+05
36900.000000 1.02017000e+05
37100.000000 9.96202000e+04
37300.000000 9.45039000e+04
37500.000000 9.18296000e+04
37700.000000 9.36039000e+04
37900.000000 9.20757000e+04
38100.000000 9.00812000e+04
38300.000000 8.83159000e+04
38500.000000 8.67780000e+04
38700.000000 8.50709000e+04
38900.000000 8.31901000e+04
39100.000000 8.11806000e+04
39300.000000 8.00491000e+04
39500.000000 7.86297000e+04
39700.000000 7.71176000e+04
39900.000000 7.55087000e+04
40100.000000 7.34360000e+04
40300.000000 7.16233000e+04
40500.000000 6.75690000e+04
40700.000000 6.93377000e+04
40900.000000 6.86523000e+04
41100.000000 6.74438000e+04
41300.000000 6.61406000e+04
41500.000000 6.45619000e+04
41700.000000 6.22065000e+04
41900.000000 6.21291000e+04
42100.000000 6.13978000e+04
42300.000000 6.04396000e+04
42500.000000 5.93736000e+04
42700.000000 5.82980000e+04
42900.000000 5.72440000e+04
43100.000000 5.62150000e+04
43300.000000 5.50921000e+04
43500.000000 5.38122000e+04
43700.000000 5.14605000e+04
43900.000000 5.12605000e+04
44100.000000 5.11569000e+04
44300.000000 5.04599000e+04
44500.000000 4.96212000e+04
44700.000000 4.88086000e+04
44900.000000 4.78963000e+04
45100.000000 4.70743000e+04
45300.000000 4.62648000e+04
45500.000000 4.54714000e+04
45700.000000 4.46828000e+04
45900.000000 4.38937000e+04
46100.000000 4.30635000e+04
46300.000000 4.19910000e+04
46500.000000 3.92907000e+04
46700.000000 3.90430000e+04
46900.000000 3.96766000e+04
47100.000000 3.95476000e+04
47300.000000 3.90236000e+04
47500.000000 3.84268000e+04
47700.000000 3.78205000e+04
47900.000000 3.72163000e+04
48100.000000 3.66209000e+04
48300.000000 3.60340000e+04
48500.000000 3.54588000e+04
48700.000000 3.48949000e+04
48900.000000 3.43422000e+04
49100.000000 3.37974000e+04
49300.000000 3.32649000e+04
49500.000000 3.27429000e+04
49700.000000 3.22283000e+04
49900.000000 3.17253000e+04
50100.000000 3.12294000e+04
50300.000000 3.07403000e+04
50500.000000 3.02580000e+04
50700.000000 2.97662000e+04
50900.000000 2.92274000e+04
51100.000000 2.84248000e+04
51300.000000 2.70169000e+04
51500.000000 2.76612000e+04
51700.000000 2.75110000e+04
51900.000000 2.71665000e+04
52100.000000 2.67848000e+04
52300.000000 2.63917000e+04
52500.000000 2.59928000e+04
52700.000000 2.56060000e+04
52900.000000 2.52431000e+04
53100.000000 2.48796000e+04
53300.000000 2.45155000e+04
53500.000000 2.41510000e+04
53700.000000 2.37794000e+04
53900.000000 2.34359000e+04
54100.000000 2.31188000e+04
54300.000000 2.28236000e+04
54500.000000 2.25118000e+04
54700.000000 2.21800000e+04
54900.000000 2.18250000e+04
55100.000000 2.14857000e+04
55300.000000 2.11593000e+04
55500.000000 2.09019000e+04
55700.000000 2.06428000e+04
55900.000000 2.03784000e+04
56100.000000 2.00957000e+04
56300.000000 1.98177000e+04
56500.000000 1.95431000e+04
56700.000000 1.92332000e+04
56900.000000 1.89295000e+04
57100.000000 1.86019000e+04
57300.000000 1.84045000e+04
57500.000000 1.81947000e+04
57700.000000 1.79884000e+04
57900.000000 1.77520000e+04
58100.000000 1.75128000e+04
58300.000000 1.72532000e+04
58500.000000 1.69956000e+04
58700.000000 1.67171000e+04
58900.000000 1.62726000e+04
59100.000000 1.54680000e+04
59300.000000 1.58845000e+04
59500.000000 1.57098000e+04
59700.000000 1.55783000e+04
59900.000000 1.54671000e+04
60100.000000 1.52976000e+04
60300.000000 1.51113000e+04
60500.000000 1.49220000e+04
60700.000000 1.47328000e+04
60900.000000 1.45458000e+04
61100.000000 1.43599000e+04
61300.000000 1.41781000e+04
61500.000000 1.39974000e+04
61700.000000 1.38197000e+04
61900.000000 1.36431000e+04
62100.000000 1.34684000e+04
62300.000000 1.32908000e+04
62500.000000 1.31017000e+04
62700.000000 1.28669000e+04
62900.000000 1.25338000e+04
63100.000000 1.25217000e+04
63300.000000 1.24539000e+04
63500.000000 1.23270000e+04
63700.000000 1.21857000e+04
63900.000000 1.20413000e+04
64200.000000 1.18458000e+04
64600.000000 1.15596000e+04
65000.000000 1.12814000e+04
65400.000000 1.10126000e+04
65800.000000 1.07512000e+04
66200.000000 1.04961000e+04
66600.000000 1.02447000e+04
67000.000000 9.98346000e+03
67400.000000 9.68535000e+03
67800.000000 9.31571000e+03
68200.000000 9.28694000e+03
68600.000000 9.10771000e+03
69000.000000 8.91538000e+03
69400.000000 8.71435000e+03
69800.000000 8.51964000e+03
70200.000000 8.32957000e+03
70600.000000 8.14475000e+03
71000.000000 7.96505000e+03
71400.000000 7.79107000e+03
71800.000000 7.62120000e+03
72200.000000 7.45532000e+03
72600.000000 7.28763000e+03
73000.000000 7.13305000e+03
73400.000000 6.98209000e+03
73800.000000 6.81676000e+03
74200.000000 6.63726000e+03
74600.000000 6.27675000e+03
75000.000000 6.10181000e+03
75400.000000 6.18998000e+03
75800.000000 6.12411000e+03
76200.000000 6.01015000e+03
76600.000000 5.89079000e+03
77000.000000 5.77160000e+03
77400.000000 5.65161000e+03
77800.000000 5.52935000e+03
78200.000000 5.42740000e+03
78600.000000 5.33248000e+03
79000.000000 5.22713000e+03
79400.000000 5.12392000e+03
79800.000000 5.02328000e+03
80200.000000 4.92510000e+03
80600.000000 4.82925000e+03
81000.000000 4.72672000e+03
81400.000000 4.61937000e+03
81800.000000 4.53613000e+03
82200.000000 4.46366000e+03
82600.000000 4.38359000e+03
83000.000000 4.30075000e+03
83400.000000 4.21984000e+03
83800.000000 4.14076000e+03
84200.000000 4.06357000e+03
84600.000000 3.98818000e+03
85000.000000 3.91454000e+03
85400.000000 3.84252000e+03
85800.000000 3.76830000e+03
86200.000000 3.68909000e+03
86600.000000 3.59672000e+03
87000.000000 3.54456000e+03
87400.000000 3.42140000e+03
87800.000000 3.36092000e+03
88200.000000 3.36847000e+03
88600.000000 3.31955000e+03
89000.000000 3.26367000e+03
89400.000000 3.20635000e+03
89800.000000 3.15019000e+03
90200.000000 3.09527000e+03
90600.000000 3.04156000e+03
91000.000000 2.98900000e+03
91400.000000 2.93755000e+03
91800.000000 2.88719000e+03
92200.000000 2.83795000e+03
92600.000000 2.78814000e+03
93000.000000 2.73620000e+03
93400.000000 2.68409000e+03
93800.000000 2.60739000e+03
94200.000000 2.58194000e+03
94600.000000 2.55514000e+03
95000.000000 2.51705000e+03
95400.000000 2.47918000e+03
95800.000000 2.43862000e+03
96200.000000 2.39872000e+03
96600.000000 2.35960000e+03
97000.000000 2.32132000e+03
97400.000000 2.28378000e+03
97800.000000 2.24698000e+03
98200.000000 2.21090000e+03
98600.000000 2.17560000e+03
99000.000000 2.14099000e+03
99400.000000 2.10705000e+03
99800.000000 2.07378000e+03
100200.000000 2.04116000e+03
200000.000000 1.30282000e+02
400000.000000 8.09780000e+00
600000.000000 1.58603000e+00
800000.000000 4.97871000e-01
1000000.000000 2.02522000e-01
1200000.000000 9.70785000e-02
1400000.000000 5.21213000e-02
1600000.000000 3.04091000e-02
