# Kurucz ODFNEW /NOVER, alpha: 0.0 (2003)
# teff = 32000 K (value for the effective temperature for the model. Temperatures are given in K)
# logg = 5 log(cm/s2) (value for Log(G) for the model.)
# lh = 1.25  (l/Hp where l is the  mixing length of the convective element and Hp is the pressure scale height)
# meta = -2  (value for the Metallicity for the model.)
# vtur = 2 km/s (Microturbulence velocity)
# alpha = 0  (Alpha)
#
# column 1: WAVELENGTH (ANGSTROM), Wavelength in Angstrom
# column 2: FLUX (ERG/CM2/S/A), Flux in erg/cm2/s/A
147.200000 2.48106000e-06
151.000000 7.40406000e-06
155.200000 2.32791000e-05
158.800000 5.93088000e-05
162.000000 1.31601000e-04
166.000000 3.41293000e-04
170.300000 9.05034000e-04
173.400000 1.77279000e-03
176.800000 3.60878000e-03
180.200000 7.14940000e-03
181.700000 9.58835000e-03
186.100000 2.20839000e-02
191.000000 5.34129000e-02
193.900000 8.81913000e-02
198.400000 1.86400000e-01
201.800000 3.20870000e-01
205.000000 5.25942000e-01
210.500000 1.18740000e+00
216.200000 2.64011000e+00
219.800000 4.27633000e+00
223.000000 6.47854000e+00
226.800000 1.04454000e+01
230.000000 7.92342000e+02
234.000000 3.84174000e+03
240.000000 7.68633000e+03
246.500000 1.37604000e+04
252.400000 2.15692000e+04
256.800000 2.27467000e+04
260.000000 3.61499000e+04
264.000000 4.54177000e+04
268.500000 6.12447000e+04
273.500000 8.30845000e+04
278.500000 1.10349000e+05
284.000000 1.55104000e+05
290.000000 2.14292000e+05
296.000000 2.90007000e+05
301.000000 3.45045000e+05
308.000000 4.46528000e+05
318.000000 8.52488000e+05
328.000000 1.30852000e+06
338.000000 2.00348000e+06
348.000000 2.95560000e+06
357.000000 4.08272000e+06
366.000000 5.65561000e+06
375.000000 7.46520000e+06
385.000000 1.03260000e+07
395.000000 1.38225000e+07
405.000000 1.81774000e+07
414.000000 2.31340000e+07
422.000000 2.80637000e+07
430.000000 3.38506000e+07
441.000000 4.35189000e+07
451.000000 5.40717000e+07
460.000000 6.44642000e+07
470.000000 7.88898000e+07
480.000000 9.47514000e+07
490.000000 1.12608000e+08
500.000000 1.33730000e+08
506.000000 6.25768000e+08
512.000000 2.49755000e+09
520.000000 2.51311000e+09
530.000000 2.70738000e+09
540.000000 2.47057000e+09
550.000000 2.78792000e+09
560.000000 2.89262000e+09
570.000000 2.98508000e+09
580.000000 2.81674000e+09
590.000000 3.06135000e+09
600.000000 3.09295000e+09
610.000000 3.17937000e+09
620.000000 3.27629000e+09
630.000000 3.36703000e+09
640.000000 3.36858000e+09
650.000000 3.49703000e+09
658.000000 3.53424000e+09
665.000000 3.59219000e+09
675.000000 3.63851000e+09
685.000000 3.61928000e+09
695.000000 3.85937000e+09
705.000000 3.83707000e+09
716.000000 4.00961000e+09
726.000000 4.07417000e+09
735.000000 4.18735000e+09
745.000000 4.25991000e+09
755.000000 4.33180000e+09
765.000000 4.40527000e+09
775.000000 4.50081000e+09
785.000000 4.61753000e+09
795.000000 4.66965000e+09
805.000000 4.74794000e+09
815.000000 4.81285000e+09
825.000000 4.91430000e+09
835.000000 4.80351000e+09
845.000000 5.04161000e+09
855.000000 5.10191000e+09
865.000000 5.18602000e+09
875.000000 5.26253000e+09
885.000000 5.33138000e+09
895.000000 5.39539000e+09
905.000000 5.42078000e+09
915.000000 5.70927000e+09
925.000000 1.87118000e+10
935.000000 3.51333000e+10
945.000000 6.88725000e+10
955.000000 8.29773000e+10
965.000000 1.08339000e+11
975.000000 5.64524000e+10
985.000000 1.12309000e+11
995.000000 1.02883000e+11
1005.000000 1.09450000e+11
1015.000000 1.02082000e+11
1025.000000 4.95517000e+10
1035.000000 9.45459000e+10
1045.000000 1.01718000e+11
1055.000000 9.94977000e+10
1065.000000 9.37252000e+10
1075.000000 9.27133000e+10
1085.000000 8.41223000e+10
1095.000000 8.94832000e+10
1105.000000 8.59271000e+10
1115.000000 8.38655000e+10
1125.000000 7.93122000e+10
1135.000000 8.04914000e+10
1145.000000 7.76462000e+10
1155.000000 7.60505000e+10
1165.000000 7.43425000e+10
1175.000000 6.51474000e+10
1185.000000 6.97616000e+10
1195.000000 6.75199000e+10
1205.000000 6.22864000e+10
1215.000000 3.22698000e+10
1225.000000 5.93654000e+10
1235.000000 6.19869000e+10
1245.000000 6.02393000e+10
1255.000000 5.97208000e+10
1265.000000 5.84743000e+10
1275.000000 5.71829000e+10
1285.000000 5.58743000e+10
1295.000000 5.31794000e+10
1305.000000 5.24626000e+10
1315.000000 5.20686000e+10
1325.000000 5.05410000e+10
1335.000000 4.88777000e+10
1345.000000 4.84868000e+10
1355.000000 4.74701000e+10
1365.000000 4.62798000e+10
1375.000000 4.52763000e+10
1385.000000 4.42635000e+10
1395.000000 4.20592000e+10
1405.000000 4.13653000e+10
1415.000000 4.12945000e+10
1425.000000 4.01863000e+10
1435.000000 3.95605000e+10
1442.000000 3.90433000e+10
1447.000000 3.85904000e+10
1455.000000 3.78843000e+10
1465.000000 3.70827000e+10
1475.000000 3.62682000e+10
1485.000000 3.55712000e+10
1495.000000 3.47767000e+10
1505.000000 3.39535000e+10
1512.000000 3.35014000e+10
1517.000000 3.31418000e+10
1525.000000 3.25180000e+10
1535.000000 3.13842000e+10
1545.000000 3.02959000e+10
1555.000000 2.97221000e+10
1565.000000 2.95942000e+10
1575.000000 2.91983000e+10
1585.000000 2.87290000e+10
1595.000000 2.81537000e+10
1605.000000 2.72570000e+10
1615.000000 2.66620000e+10
1625.000000 2.62421000e+10
1635.000000 2.55289000e+10
1645.000000 2.42561000e+10
1655.000000 2.49610000e+10
1665.000000 2.45099000e+10
1672.000000 2.40706000e+10
1677.000000 2.41041000e+10
1685.000000 2.36834000e+10
1695.000000 2.32172000e+10
1705.000000 2.27332000e+10
1715.000000 2.21614000e+10
1725.000000 2.17584000e+10
1735.000000 2.15646000e+10
1745.000000 2.11350000e+10
1755.000000 2.07236000e+10
1765.000000 2.03238000e+10
1775.000000 1.99926000e+10
1785.000000 1.96628000e+10
1795.000000 1.93064000e+10
1805.000000 1.89866000e+10
1815.000000 1.86190000e+10
1825.000000 1.82866000e+10
1835.000000 1.79816000e+10
1845.000000 1.75647000e+10
1855.000000 1.71394000e+10
1865.000000 1.69041000e+10
1875.000000 1.67092000e+10
1885.000000 1.63172000e+10
1895.000000 1.59346000e+10
1905.000000 1.58279000e+10
1915.000000 1.54237000e+10
1925.000000 1.51154000e+10
1935.000000 1.49737000e+10
1945.000000 1.48012000e+10
1955.000000 1.44008000e+10
1967.000000 1.42519000e+10
1976.000000 1.40896000e+10
1984.000000 1.38355000e+10
1995.000000 1.34959000e+10
2005.000000 1.34066000e+10
2015.000000 1.32108000e+10
2025.000000 1.30080000e+10
2035.000000 1.27704000e+10
2045.000000 1.25621000e+10
2055.000000 1.13544000e+10
2065.000000 1.10530000e+10
2074.000000 1.10046000e+10
2078.000000 1.08838000e+10
2085.000000 1.09651000e+10
2095.000000 1.10984000e+10
2105.000000 1.13367000e+10
2115.000000 1.12567000e+10
2125.000000 1.10943000e+10
2135.000000 1.09162000e+10
2145.000000 1.07426000e+10
2155.000000 1.06066000e+10
2165.000000 1.03915000e+10
2175.000000 1.03025000e+10
2185.000000 1.00767000e+10
2195.000000 9.99133000e+09
2205.000000 9.84435000e+09
2215.000000 9.61130000e+09
2225.000000 9.54869000e+09
2235.000000 9.40386000e+09
2245.000000 9.26271000e+09
2255.000000 9.04146000e+09
2265.000000 8.99191000e+09
2275.000000 8.85917000e+09
2285.000000 8.72552000e+09
2295.000000 8.49229000e+09
2305.000000 8.39323000e+09
2315.000000 8.34759000e+09
2325.000000 8.22855000e+09
2335.000000 8.10916000e+09
2345.000000 7.99425000e+09
2355.000000 7.87963000e+09
2365.000000 7.76733000e+09
2375.000000 7.65531000e+09
2385.000000 7.47733000e+09
2395.000000 7.43801000e+09
2405.000000 7.33655000e+09
2415.000000 7.23329000e+09
2425.000000 7.13275000e+09
2435.000000 7.03172000e+09
2445.000000 6.93525000e+09
2455.000000 6.83948000e+09
2465.000000 6.74628000e+09
2475.000000 6.65313000e+09
2485.000000 6.56248000e+09
2495.000000 6.33084000e+09
2505.000000 6.37886000e+09
2513.000000 6.18858000e+09
2518.000000 6.26385000e+09
2525.000000 6.21439000e+09
2535.000000 6.13146000e+09
2545.000000 6.04498000e+09
2555.000000 5.96717000e+09
2565.000000 5.88981000e+09
2575.000000 5.81177000e+09
2585.000000 5.73588000e+09
2595.000000 5.66043000e+09
2605.000000 5.61039000e+09
2615.000000 5.53672000e+09
2625.000000 5.46503000e+09
2635.000000 5.39292000e+09
2645.000000 5.32104000e+09
2655.000000 5.24859000e+09
2665.000000 5.17284000e+09
2675.000000 5.09854000e+09
2685.000000 5.05666000e+09
2695.000000 4.96101000e+09
2705.000000 4.92872000e+09
2715.000000 4.86631000e+09
2725.000000 4.77105000e+09
2735.000000 4.71245000e+09
2745.000000 4.68578000e+09
2755.000000 4.62780000e+09
2765.000000 4.53348000e+09
2775.000000 4.51417000e+09
2785.000000 4.45821000e+09
2795.000000 4.39564000e+09
2805.000000 4.34789000e+09
2815.000000 4.29666000e+09
2825.000000 4.20275000e+09
2835.000000 4.16641000e+09
2845.000000 4.14229000e+09
2855.000000 4.09201000e+09
2865.000000 4.04285000e+09
2875.000000 3.99458000e+09
2885.000000 3.94716000e+09
2895.000000 3.90011000e+09
2910.000000 3.83078000e+09
2930.000000 3.74114000e+09
2950.000000 3.62582000e+09
2970.000000 3.56934000e+09
2990.000000 3.48694000e+09
3010.000000 3.40695000e+09
3030.000000 3.32991000e+09
3050.000000 3.25480000e+09
3070.000000 3.18191000e+09
3090.000000 3.10921000e+09
3110.000000 3.04169000e+09
3130.000000 2.97634000e+09
3150.000000 2.91102000e+09
3170.000000 2.84741000e+09
3190.000000 2.76051000e+09
3210.000000 2.71751000e+09
3230.000000 2.66569000e+09
3250.000000 2.60848000e+09
3270.000000 2.55550000e+09
3290.000000 2.49842000e+09
3310.000000 2.44934000e+09
3330.000000 2.39816000e+09
3350.000000 2.34453000e+09
3370.000000 2.30000000e+09
3390.000000 2.25298000e+09
3410.000000 2.20703000e+09
3430.000000 2.15389000e+09
3450.000000 2.10342000e+09
3470.000000 2.06666000e+09
3490.000000 2.02551000e+09
3510.000000 1.98693000e+09
3530.000000 1.94906000e+09
3550.000000 1.91155000e+09
3570.000000 1.88603000e+09
3590.000000 1.83450000e+09
3610.000000 1.80723000e+09
3630.000000 1.76461000e+09
3640.000000 1.76121000e+09
3650.000000 1.72474000e+09
3670.000000 1.69813000e+09
3690.000000 1.66730000e+09
3710.000000 1.61554000e+09
3730.000000 1.57083000e+09
3750.000000 1.54177000e+09
3770.000000 1.49158000e+09
3790.000000 1.52356000e+09
3810.000000 1.56997000e+09
3830.000000 1.38984000e+09
3850.000000 1.59366000e+09
3870.000000 1.61748000e+09
3890.000000 1.29982000e+09
3910.000000 1.58115000e+09
3930.000000 1.57320000e+09
3950.000000 1.52930000e+09
3970.000000 1.20329000e+09
3990.000000 1.46188000e+09
4010.000000 1.46364000e+09
4030.000000 1.37457000e+09
4050.000000 1.42867000e+09
4070.000000 1.39456000e+09
4090.000000 1.26785000e+09
4110.000000 1.11796000e+09
4130.000000 1.30477000e+09
4150.000000 1.29458000e+09
4170.000000 1.28495000e+09
4190.000000 1.26408000e+09
4210.000000 1.24150000e+09
4230.000000 1.22153000e+09
4250.000000 1.19999000e+09
4270.000000 1.17805000e+09
4290.000000 1.15561000e+09
4310.000000 1.12742000e+09
4330.000000 1.01102000e+09
4350.000000 9.28957000e+08
4370.000000 1.06717000e+09
4390.000000 1.03023000e+09
4410.000000 1.04433000e+09
4430.000000 1.02521000e+09
4450.000000 1.01114000e+09
4470.000000 9.46042000e+08
4490.000000 9.76950000e+08
4510.000000 9.62656000e+08
4530.000000 9.46904000e+08
4550.000000 9.29663000e+08
4570.000000 9.16313000e+08
4590.000000 9.01407000e+08
4610.000000 8.87026000e+08
4630.000000 8.72824000e+08
4650.000000 8.57161000e+08
4670.000000 8.45136000e+08
4690.000000 8.26126000e+08
4710.000000 8.08749000e+08
4730.000000 8.06032000e+08
4750.000000 7.93365000e+08
4770.000000 7.81179000e+08
4790.000000 7.68988000e+08
4810.000000 7.54726000e+08
4830.000000 7.37653000e+08
4850.000000 6.74309000e+08
4870.000000 6.07865000e+08
4890.000000 7.00630000e+08
4910.000000 6.96997000e+08
4930.000000 6.70846000e+08
4950.000000 6.79935000e+08
4970.000000 6.69959000e+08
4990.000000 6.59970000e+08
5010.000000 6.42224000e+08
5030.000000 6.40507000e+08
5050.000000 6.27717000e+08
5070.000000 6.21807000e+08
5090.000000 6.12699000e+08
5110.000000 6.03757000e+08
5130.000000 5.94979000e+08
5150.000000 5.86361000e+08
5170.000000 5.77887000e+08
5190.000000 5.69596000e+08
5210.000000 5.61442000e+08
5230.000000 5.53424000e+08
5250.000000 5.45552000e+08
5270.000000 5.37824000e+08
5290.000000 5.30238000e+08
5310.000000 5.22778000e+08
5330.000000 5.15454000e+08
5350.000000 5.08251000e+08
5370.000000 5.01180000e+08
5390.000000 4.94213000e+08
5410.000000 4.86549000e+08
5430.000000 4.80672000e+08
5450.000000 4.74068000e+08
5470.000000 4.67586000e+08
5490.000000 4.61211000e+08
5510.000000 4.54940000e+08
5530.000000 4.48785000e+08
5550.000000 4.42719000e+08
5570.000000 4.36765000e+08
5590.000000 4.30908000e+08
5610.000000 4.25160000e+08
5630.000000 4.19494000e+08
5650.000000 4.13921000e+08
5670.000000 4.08429000e+08
5690.000000 4.02921000e+08
5710.000000 3.97735000e+08
5730.000000 3.92530000e+08
5750.000000 3.87389000e+08
5770.000000 3.82400000e+08
5790.000000 3.77436000e+08
5810.000000 3.72554000e+08
5830.000000 3.67730000e+08
5850.000000 3.63008000e+08
5870.000000 3.46631000e+08
5890.000000 3.52512000e+08
5910.000000 3.49289000e+08
5930.000000 3.44869000e+08
5950.000000 3.40512000e+08
5970.000000 3.36247000e+08
5990.000000 3.32021000e+08
6010.000000 3.27864000e+08
6030.000000 3.23776000e+08
6050.000000 3.19756000e+08
6070.000000 3.15791000e+08
6090.000000 3.11892000e+08
6110.000000 3.08047000e+08
6130.000000 3.04266000e+08
6150.000000 3.00537000e+08
6170.000000 2.96870000e+08
6190.000000 2.93263000e+08
6210.000000 2.89707000e+08
6230.000000 2.86200000e+08
6250.000000 2.82751000e+08
6270.000000 2.79350000e+08
6290.000000 2.76005000e+08
6310.000000 2.72706000e+08
6330.000000 2.69453000e+08
6350.000000 2.66254000e+08
6370.000000 2.63099000e+08
6390.000000 2.59997000e+08
6410.000000 2.56929000e+08
6430.000000 2.53921000e+08
6450.000000 2.50945000e+08
6470.000000 2.48001000e+08
6490.000000 2.45106000e+08
6510.000000 2.41842000e+08
6530.000000 2.37819000e+08
6550.000000 2.25805000e+08
6570.000000 2.02159000e+08
6590.000000 2.28051000e+08
6610.000000 2.27863000e+08
6630.000000 2.26019000e+08
6650.000000 2.23580000e+08
6670.000000 2.18558000e+08
6690.000000 2.16116000e+08
6710.000000 2.16093000e+08
6730.000000 2.13655000e+08
6750.000000 2.11266000e+08
6770.000000 2.08902000e+08
6790.000000 2.06562000e+08
6810.000000 2.04278000e+08
6830.000000 2.02017000e+08
6850.000000 1.99780000e+08
6870.000000 1.97580000e+08
6890.000000 1.95403000e+08
6910.000000 1.93264000e+08
6930.000000 1.91154000e+08
6950.000000 1.89073000e+08
6970.000000 1.87012000e+08
6990.000000 1.84987000e+08
7010.000000 1.82982000e+08
7030.000000 1.81013000e+08
7050.000000 1.79063000e+08
7070.000000 1.74448000e+08
7090.000000 1.75249000e+08
7110.000000 1.73378000e+08
7130.000000 1.71532000e+08
7150.000000 1.69719000e+08
7170.000000 1.67901000e+08
7190.000000 1.66145000e+08
7210.000000 1.64398000e+08
7230.000000 1.62611000e+08
7250.000000 1.60970000e+08
7270.000000 1.59287000e+08
7290.000000 1.56387000e+08
7310.000000 1.55976000e+08
7330.000000 1.54376000e+08
7350.000000 1.52777000e+08
7370.000000 1.51207000e+08
7390.000000 1.49651000e+08
7410.000000 1.48117000e+08
7430.000000 1.46598000e+08
7450.000000 1.45119000e+08
7470.000000 1.43641000e+08
7490.000000 1.42183000e+08
7510.000000 1.40706000e+08
7530.000000 1.39321000e+08
7550.000000 1.37917000e+08
7570.000000 1.36531000e+08
7590.000000 1.35159000e+08
7610.000000 1.33812000e+08
7630.000000 1.32477000e+08
7650.000000 1.31161000e+08
7670.000000 1.29857000e+08
7690.000000 1.28570000e+08
7710.000000 1.27302000e+08
7730.000000 1.26045000e+08
7750.000000 1.24806000e+08
7770.000000 1.23584000e+08
7790.000000 1.22373000e+08
7810.000000 1.21129000e+08
7830.000000 1.20001000e+08
7850.000000 1.18932000e+08
7870.000000 1.17775000e+08
7890.000000 1.16616000e+08
7910.000000 1.15515000e+08
7930.000000 1.14406000e+08
7950.000000 1.13306000e+08
7970.000000 1.12151000e+08
7990.000000 1.11154000e+08
8010.000000 1.10095000e+08
8030.000000 1.08986000e+08
8050.000000 1.07945000e+08
8070.000000 1.06925000e+08
8090.000000 1.05729000e+08
8110.000000 1.04842000e+08
8130.000000 1.03910000e+08
8150.000000 1.02862000e+08
8170.000000 1.01992000e+08
8190.000000 1.00911000e+08
8210.000000 9.97490000e+07
8230.000000 9.89811000e+07
8250.000000 9.81088000e+07
8270.000000 9.68912000e+07
8290.000000 9.62927000e+07
8310.000000 9.54533000e+07
8330.000000 9.45232000e+07
8350.000000 9.33307000e+07
8370.000000 9.27238000e+07
8390.000000 9.19880000e+07
8410.000000 9.11568000e+07
8430.000000 9.02901000e+07
8450.000000 8.89873000e+07
8470.000000 8.86779000e+07
8490.000000 8.77274000e+07
8510.000000 8.70659000e+07
8530.000000 8.60834000e+07
8550.000000 8.53101000e+07
8570.000000 8.48559000e+07
8590.000000 8.28428000e+07
8610.000000 8.28192000e+07
8630.000000 8.28809000e+07
8650.000000 8.11286000e+07
8670.000000 7.93013000e+07
8690.000000 8.06478000e+07
8710.000000 8.05460000e+07
8730.000000 7.84226000e+07
8750.000000 7.47431000e+07
8770.000000 7.63521000e+07
8790.000000 7.79554000e+07
8810.000000 7.76843000e+07
8830.000000 7.64969000e+07
8850.000000 7.23276000e+07
8870.000000 6.91959000e+07
8890.000000 7.36421000e+07
8910.000000 7.44793000e+07
8930.000000 7.41602000e+07
8950.000000 7.36880000e+07
8970.000000 7.27277000e+07
8990.000000 7.02836000e+07
9010.000000 6.42036000e+07
9030.000000 6.60124000e+07
9050.000000 6.94651000e+07
9070.000000 6.91866000e+07
9090.000000 6.93840000e+07
9110.000000 6.90842000e+07
9130.000000 6.85424000e+07
9150.000000 6.79101000e+07
9170.000000 6.70228000e+07
9190.000000 6.60088000e+07
9210.000000 6.26801000e+07
9230.000000 5.67175000e+07
9250.000000 6.15536000e+07
9270.000000 6.37038000e+07
9290.000000 6.38314000e+07
9310.000000 6.32750000e+07
9330.000000 6.31208000e+07
9350.000000 6.25710000e+07
9370.000000 6.21668000e+07
9390.000000 6.16545000e+07
9410.000000 6.11502000e+07
9430.000000 6.06496000e+07
9450.000000 6.00557000e+07
9470.000000 5.91049000e+07
9490.000000 5.87682000e+07
9510.000000 5.72466000e+07
9530.000000 5.42316000e+07
9550.000000 4.92461000e+07
9570.000000 5.44785000e+07
9590.000000 5.59760000e+07
9610.000000 5.59146000e+07
9630.000000 5.54754000e+07
9650.000000 5.54277000e+07
9670.000000 5.50174000e+07
9690.000000 5.45337000e+07
9710.000000 5.39937000e+07
9730.000000 5.37162000e+07
9750.000000 5.32900000e+07
9770.000000 5.28668000e+07
9790.000000 5.24506000e+07
9810.000000 5.20334000e+07
9830.000000 5.16269000e+07
9850.000000 5.12194000e+07
9870.000000 5.08187000e+07
9890.000000 5.04208000e+07
9910.000000 5.00142000e+07
9930.000000 4.96372000e+07
9950.000000 4.92095000e+07
9970.000000 4.87167000e+07
9990.000000 4.81972000e+07
10025.000000 4.52522000e+07
10075.000000 4.38207000e+07
10125.000000 4.56747000e+07
10175.000000 4.51505000e+07
10225.000000 4.42848000e+07
10275.000000 4.34731000e+07
10325.000000 4.24735000e+07
10375.000000 4.18656000e+07
10425.000000 4.10906000e+07
10475.000000 4.03353000e+07
10525.000000 3.95959000e+07
10575.000000 3.88720000e+07
10625.000000 3.81666000e+07
10675.000000 3.74066000e+07
10725.000000 3.67999000e+07
10775.000000 3.61379000e+07
10825.000000 3.51265000e+07
10875.000000 3.46099000e+07
10925.000000 3.11949000e+07
10975.000000 3.24996000e+07
11025.000000 3.27696000e+07
11075.000000 3.24221000e+07
11125.000000 3.19091000e+07
11175.000000 3.13588000e+07
11225.000000 3.08020000e+07
11275.000000 3.02893000e+07
11325.000000 2.97699000e+07
11375.000000 2.92642000e+07
11425.000000 2.87684000e+07
11475.000000 2.82831000e+07
11525.000000 2.78079000e+07
11575.000000 2.73424000e+07
11625.000000 2.68842000e+07
11675.000000 2.64404000e+07
11725.000000 2.60039000e+07
11775.000000 2.55759000e+07
11825.000000 2.51567000e+07
11875.000000 2.47460000e+07
11925.000000 2.43434000e+07
11975.000000 2.36482000e+07
12025.000000 2.35629000e+07
12075.000000 2.31845000e+07
12125.000000 2.28138000e+07
12175.000000 2.24502000e+07
12225.000000 2.20937000e+07
12275.000000 2.17443000e+07
12325.000000 2.14021000e+07
12375.000000 2.10662000e+07
12425.000000 2.07371000e+07
12475.000000 2.04141000e+07
12525.000000 2.00543000e+07
12575.000000 1.97872000e+07
12625.000000 1.94826000e+07
12675.000000 1.91838000e+07
12725.000000 1.88377000e+07
12775.000000 1.81524000e+07
12825.000000 1.66740000e+07
12875.000000 1.78165000e+07
12925.000000 1.77342000e+07
12975.000000 1.73619000e+07
13025.000000 1.72460000e+07
13075.000000 1.69896000e+07
13125.000000 1.67380000e+07
13175.000000 1.64907000e+07
13225.000000 1.62482000e+07
13275.000000 1.60102000e+07
13325.000000 1.57763000e+07
13375.000000 1.55467000e+07
13425.000000 1.53095000e+07
13475.000000 1.51000000e+07
13525.000000 1.48827000e+07
13575.000000 1.46693000e+07
13625.000000 1.44597000e+07
13675.000000 1.42538000e+07
13725.000000 1.40516000e+07
13775.000000 1.38529000e+07
13825.000000 1.36579000e+07
13875.000000 1.34661000e+07
13925.000000 1.32776000e+07
13975.000000 1.30925000e+07
14025.000000 1.29107000e+07
14075.000000 1.27318000e+07
14125.000000 1.25561000e+07
14175.000000 1.23835000e+07
14225.000000 1.22137000e+07
14275.000000 1.20470000e+07
14325.000000 1.18830000e+07
14375.000000 1.17219000e+07
14425.000000 1.15633000e+07
14475.000000 1.14075000e+07
14525.000000 1.12544000e+07
14570.000000 1.11187000e+07
14620.000000 1.09678000e+07
14675.000000 1.08083000e+07
14725.000000 1.06657000e+07
14775.000000 1.05251000e+07
14825.000000 1.03877000e+07
14875.000000 1.02519000e+07
14925.000000 1.01186000e+07
14975.000000 9.98729000e+06
15025.000000 9.85802000e+06
15075.000000 9.71101000e+06
15125.000000 9.60557000e+06
15175.000000 9.48234000e+06
15225.000000 9.36100000e+06
15275.000000 9.24137000e+06
15325.000000 9.12358000e+06
15375.000000 9.00760000e+06
15425.000000 8.89087000e+06
15475.000000 8.78050000e+06
15525.000000 8.66776000e+06
15575.000000 8.55381000e+06
15625.000000 8.45780000e+06
15675.000000 8.33753000e+06
15725.000000 8.22792000e+06
15775.000000 8.14905000e+06
15825.000000 8.04198000e+06
15875.000000 7.89408000e+06
15925.000000 7.83048000e+06
15975.000000 7.76427000e+06
16050.000000 7.59594000e+06
16150.000000 7.37462000e+06
16250.000000 7.27486000e+06
16350.000000 7.04212000e+06
16450.000000 6.81601000e+06
16550.000000 6.77969000e+06
16650.000000 6.62838000e+06
16750.000000 6.37907000e+06
16850.000000 6.15404000e+06
16950.000000 6.16910000e+06
17050.000000 6.00559000e+06
17150.000000 5.90963000e+06
17250.000000 5.75192000e+06
17350.000000 5.40422000e+06
17450.000000 5.46544000e+06
17550.000000 5.39428000e+06
17650.000000 5.27685000e+06
17750.000000 5.16065000e+06
17850.000000 5.04753000e+06
17950.000000 4.93755000e+06
18050.000000 4.81558000e+06
18150.000000 4.51438000e+06
18250.000000 4.55508000e+06
18350.000000 4.52235000e+06
18450.000000 4.43041000e+06
18550.000000 4.33570000e+06
18650.000000 4.19759000e+06
18750.000000 3.94815000e+06
18850.000000 4.05693000e+06
18950.000000 3.98663000e+06
19050.000000 3.88675000e+06
19150.000000 3.82305000e+06
19250.000000 3.74663000e+06
19350.000000 3.64583000e+06
19450.000000 3.39921000e+06
19550.000000 3.49601000e+06
19650.000000 3.45457000e+06
19750.000000 3.38606000e+06
19850.000000 3.31914000e+06
19950.000000 3.25386000e+06
20050.000000 3.19018000e+06
20150.000000 3.12807000e+06
20250.000000 3.06749000e+06
20350.000000 3.00830000e+06
20450.000000 2.94968000e+06
20550.000000 2.88955000e+06
20650.000000 2.83919000e+06
20750.000000 2.78547000e+06
20850.000000 2.73299000e+06
20950.000000 2.68172000e+06
21050.000000 2.63173000e+06
21150.000000 2.57339000e+06
21250.000000 2.53504000e+06
21350.000000 2.48837000e+06
21450.000000 2.44181000e+06
21550.000000 2.38367000e+06
21650.000000 2.22314000e+06
21750.000000 2.28859000e+06
21850.000000 2.26745000e+06
21950.000000 2.22987000e+06
22050.000000 2.19009000e+06
22150.000000 2.15124000e+06
22250.000000 2.11299000e+06
22350.000000 2.07603000e+06
22450.000000 2.03964000e+06
22550.000000 2.00403000e+06
22650.000000 1.96926000e+06
22750.000000 1.93517000e+06
22850.000000 1.90175000e+06
22950.000000 1.86919000e+06
23050.000000 1.83691000e+06
23150.000000 1.80610000e+06
23250.000000 1.77562000e+06
23350.000000 1.74572000e+06
23450.000000 1.71641000e+06
23550.000000 1.68780000e+06
23650.000000 1.65975000e+06
23750.000000 1.63225000e+06
23850.000000 1.60534000e+06
23950.000000 1.57896000e+06
24050.000000 1.55316000e+06
24150.000000 1.52785000e+06
24250.000000 1.50298000e+06
24350.000000 1.47871000e+06
24450.000000 1.45486000e+06
24550.000000 1.43159000e+06
24650.000000 1.40859000e+06
24750.000000 1.38382000e+06
24850.000000 1.36423000e+06
24950.000000 1.34218000e+06
25050.000000 1.32158000e+06
25150.000000 1.30079000e+06
25250.000000 1.27934000e+06
25350.000000 1.26041000e+06
25450.000000 1.24139000e+06
25550.000000 1.22125000e+06
25650.000000 1.20047000e+06
25750.000000 1.18423000e+06
25850.000000 1.16702000e+06
25950.000000 1.14870000e+06
26050.000000 1.12785000e+06
26150.000000 1.10024000e+06
26250.000000 1.03988000e+06
26350.000000 1.07139000e+06
26450.000000 1.06454000e+06
26550.000000 1.04852000e+06
26650.000000 1.03101000e+06
26750.000000 1.00879000e+06
26850.000000 1.00050000e+06
26950.000000 9.90396000e+05
27050.000000 9.77063000e+05
27150.000000 9.62826000e+05
27250.000000 9.48872000e+05
27350.000000 9.34795000e+05
27450.000000 9.17797000e+05
27550.000000 8.92583000e+05
27650.000000 8.85448000e+05
27750.000000 8.80595000e+05
27850.000000 8.70202000e+05
27950.000000 8.57910000e+05
28050.000000 8.45867000e+05
28150.000000 8.33973000e+05
28250.000000 8.22320000e+05
28350.000000 8.10810000e+05
28450.000000 7.99535000e+05
28550.000000 7.86318000e+05
28650.000000 7.68263000e+05
28750.000000 7.46292000e+05
28850.000000 7.51628000e+05
28950.000000 7.45410000e+05
29050.000000 7.35913000e+05
29150.000000 7.25951000e+05
29250.000000 7.16108000e+05
29350.000000 7.06469000e+05
29450.000000 6.96989000e+05
29550.000000 6.87663000e+05
29650.000000 6.78490000e+05
29750.000000 6.69467000e+05
29850.000000 6.60592000e+05
29950.000000 6.51862000e+05
30050.000000 6.43275000e+05
30150.000000 6.34456000e+05
30250.000000 6.23311000e+05
30350.000000 6.00765000e+05
30450.000000 5.97435000e+05
30550.000000 5.99988000e+05
30650.000000 5.94636000e+05
30750.000000 5.86990000e+05
30850.000000 5.79470000e+05
30950.000000 5.72073000e+05
31050.000000 5.64761000e+05
31150.000000 5.57568000e+05
31250.000000 5.50534000e+05
31350.000000 5.43577000e+05
31450.000000 5.36736000e+05
31550.000000 5.30009000e+05
31650.000000 5.23355000e+05
31750.000000 5.16850000e+05
31850.000000 5.10415000e+05
31950.000000 5.04088000e+05
32100.000000 4.94782000e+05
32300.000000 4.82715000e+05
32500.000000 4.70979000e+05
32700.000000 4.59105000e+05
32900.000000 4.36520000e+05
33100.000000 4.33565000e+05
33300.000000 4.26912000e+05
33500.000000 4.17163000e+05
33700.000000 4.07483000e+05
33900.000000 3.98591000e+05
34100.000000 3.89588000e+05
34300.000000 3.80607000e+05
34500.000000 3.71903000e+05
34700.000000 3.63435000e+05
34900.000000 3.55199000e+05
35100.000000 3.47218000e+05
35300.000000 3.39455000e+05
35500.000000 3.31905000e+05
35700.000000 3.24560000e+05
35900.000000 3.17417000e+05
36100.000000 3.10470000e+05
36300.000000 3.03713000e+05
36500.000000 2.97142000e+05
36700.000000 2.90723000e+05
36900.000000 2.84150000e+05
37100.000000 2.77399000e+05
37300.000000 2.67671000e+05
37500.000000 2.61006000e+05
37700.000000 2.60503000e+05
37900.000000 2.55751000e+05
38100.000000 2.50110000e+05
38300.000000 2.45013000e+05
38500.000000 2.40235000e+05
38700.000000 2.35326000e+05
38900.000000 2.30395000e+05
39100.000000 2.25245000e+05
39300.000000 2.21327000e+05
39500.000000 2.16896000e+05
39700.000000 2.12575000e+05
39900.000000 2.08357000e+05
40100.000000 2.03550000e+05
40300.000000 1.98983000e+05
40500.000000 1.90943000e+05
40700.000000 1.92021000e+05
40900.000000 1.88778000e+05
41100.000000 1.85143000e+05
41300.000000 1.81466000e+05
41500.000000 1.77838000e+05
41700.000000 1.73460000e+05
41900.000000 1.71092000e+05
42100.000000 1.68220000e+05
42300.000000 1.65073000e+05
42500.000000 1.61938000e+05
42700.000000 1.58993000e+05
42900.000000 1.55874000e+05
43100.000000 1.53189000e+05
43300.000000 1.50385000e+05
43500.000000 1.47455000e+05
43700.000000 1.43427000e+05
43900.000000 1.41519000e+05
44100.000000 1.39770000e+05
44300.000000 1.37295000e+05
44500.000000 1.34852000e+05
44700.000000 1.32562000e+05
44900.000000 1.30221000e+05
45100.000000 1.27932000e+05
45300.000000 1.25694000e+05
45500.000000 1.23503000e+05
45700.000000 1.21360000e+05
45900.000000 1.19264000e+05
46100.000000 1.17145000e+05
46300.000000 1.14742000e+05
46500.000000 1.09561000e+05
46700.000000 1.08972000e+05
46900.000000 1.08658000e+05
47100.000000 1.07445000e+05
47300.000000 1.05789000e+05
47500.000000 1.04023000e+05
47700.000000 1.02293000e+05
47900.000000 1.00600000e+05
48100.000000 9.89415000e+04
48300.000000 9.73164000e+04
48500.000000 9.57243000e+04
48700.000000 9.41645000e+04
48900.000000 9.26364000e+04
49100.000000 9.11395000e+04
49300.000000 8.96730000e+04
49500.000000 8.82349000e+04
49700.000000 8.68261000e+04
49900.000000 8.54461000e+04
50100.000000 8.40914000e+04
50300.000000 8.27644000e+04
50500.000000 8.14631000e+04
50700.000000 8.01885000e+04
50900.000000 7.88703000e+04
51100.000000 7.72414000e+04
51300.000000 7.47936000e+04
51500.000000 7.49695000e+04
51700.000000 7.41425000e+04
51900.000000 7.30379000e+04
52100.000000 7.19245000e+04
52300.000000 7.08328000e+04
52500.000000 6.97624000e+04
52700.000000 6.87103000e+04
52900.000000 6.76789000e+04
53100.000000 6.66676000e+04
53300.000000 6.56736000e+04
53500.000000 6.46991000e+04
53700.000000 6.37413000e+04
53900.000000 6.28023000e+04
54100.000000 6.18806000e+04
54300.000000 6.09758000e+04
54500.000000 6.00877000e+04
54700.000000 5.92147000e+04
54900.000000 5.83579000e+04
55100.000000 5.75156000e+04
55300.000000 5.66888000e+04
55500.000000 5.58786000e+04
55700.000000 5.50810000e+04
55900.000000 5.42994000e+04
56100.000000 5.35298000e+04
56300.000000 5.27746000e+04
56500.000000 5.20323000e+04
56700.000000 5.13026000e+04
56900.000000 5.05853000e+04
57100.000000 4.98295000e+04
57300.000000 4.91897000e+04
57500.000000 4.85108000e+04
57700.000000 4.78424000e+04
57900.000000 4.71854000e+04
58100.000000 4.65408000e+04
58300.000000 4.59051000e+04
58500.000000 4.53000000e+04
58700.000000 4.46343000e+04
58900.000000 4.37649000e+04
59100.000000 4.23323000e+04
59300.000000 4.26515000e+04
59500.000000 4.21418000e+04
59700.000000 4.16432000e+04
59900.000000 4.12154000e+04
60100.000000 4.06714000e+04
60300.000000 4.01348000e+04
60500.000000 3.96074000e+04
60700.000000 3.90881000e+04
60900.000000 3.85779000e+04
61100.000000 3.80765000e+04
61300.000000 3.75818000e+04
61500.000000 3.70957000e+04
61700.000000 3.66181000e+04
61900.000000 3.61469000e+04
62100.000000 3.56839000e+04
62300.000000 3.52280000e+04
62500.000000 3.47801000e+04
62700.000000 3.42606000e+04
62900.000000 3.36774000e+04
63100.000000 3.33696000e+04
63300.000000 3.30557000e+04
63500.000000 3.26423000e+04
63700.000000 3.22343000e+04
63900.000000 3.18335000e+04
64200.000000 3.12433000e+04
64600.000000 3.04766000e+04
65000.000000 2.97344000e+04
65400.000000 2.90142000e+04
65800.000000 2.83154000e+04
66200.000000 2.76381000e+04
66600.000000 2.69801000e+04
67000.000000 2.63417000e+04
67400.000000 2.56684000e+04
67800.000000 2.49239000e+04
68200.000000 2.45271000e+04
68600.000000 2.39697000e+04
69000.000000 2.34196000e+04
69400.000000 2.28844000e+04
69800.000000 2.23646000e+04
70200.000000 2.18590000e+04
70600.000000 2.13679000e+04
71000.000000 2.08909000e+04
71400.000000 2.04262000e+04
71800.000000 1.99749000e+04
72200.000000 1.95359000e+04
72600.000000 1.91089000e+04
73000.000000 1.86937000e+04
73400.000000 1.82898000e+04
73800.000000 1.78963000e+04
74200.000000 1.74733000e+04
74600.000000 1.67848000e+04
75000.000000 1.63785000e+04
75400.000000 1.63450000e+04
75800.000000 1.60812000e+04
76200.000000 1.57467000e+04
76600.000000 1.54202000e+04
77000.000000 1.51022000e+04
77400.000000 1.47925000e+04
77800.000000 1.44907000e+04
78200.000000 1.41963000e+04
78600.000000 1.39101000e+04
79000.000000 1.36301000e+04
79400.000000 1.33575000e+04
79800.000000 1.30920000e+04
80200.000000 1.28329000e+04
80600.000000 1.25800000e+04
81000.000000 1.23331000e+04
81400.000000 1.20877000e+04
81800.000000 1.18572000e+04
82200.000000 1.16283000e+04
82600.000000 1.14050000e+04
83000.000000 1.11865000e+04
83400.000000 1.09733000e+04
83800.000000 1.07652000e+04
84200.000000 1.05622000e+04
84600.000000 1.03636000e+04
85000.000000 1.01699000e+04
85400.000000 9.98081000e+03
85800.000000 9.79585000e+03
86200.000000 9.61490000e+03
86600.000000 9.41326000e+03
87000.000000 9.25772000e+03
87400.000000 9.01338000e+03
87800.000000 8.85130000e+03
88200.000000 8.77216000e+03
88600.000000 8.61491000e+03
89000.000000 8.46107000e+03
89400.000000 8.31058000e+03
89800.000000 8.16336000e+03
90200.000000 8.01935000e+03
90600.000000 7.87848000e+03
91000.000000 7.74113000e+03
91400.000000 7.60633000e+03
91800.000000 7.47447000e+03
92200.000000 7.34550000e+03
92600.000000 7.21935000e+03
93000.000000 7.09596000e+03
93400.000000 6.97486000e+03
93800.000000 6.82472000e+03
94200.000000 6.72698000e+03
94600.000000 6.62769000e+03
95000.000000 6.51648000e+03
95400.000000 6.40814000e+03
95800.000000 6.30137000e+03
96200.000000 6.19738000e+03
96600.000000 6.09529000e+03
97000.000000 5.99508000e+03
97400.000000 5.89749000e+03
97800.000000 5.80130000e+03
98200.000000 5.70725000e+03
98600.000000 5.61531000e+03
99000.000000 5.52506000e+03
99400.000000 5.43645000e+03
99800.000000 5.34984000e+03
100200.000000 5.26481000e+03
200000.000000 3.29751000e+02
400000.000000 2.03507000e+01
600000.000000 3.98370000e+00
800000.000000 1.25215000e+00
1000000.000000 5.10280000e-01
1200000.000000 2.45065000e-01
1400000.000000 1.31828000e-01
1600000.000000 7.70485000e-02
