# Kurucz ODFNEW /NOVER, alpha: 0.0 (2003)
# teff = 3500 K (value for the effective temperature for the model. Temperatures are given in K)
# logg = 2 log(cm/s2) (value for Log(G) for the model.)
# lh = 1.25  (l/Hp where l is the  mixing length of the convective element and Hp is the pressure scale height)
# meta = -1.5  (value for the Metallicity for the model.)
# vtur = 2 km/s (Microturbulence velocity)
# alpha = 0  (Alpha)
#
# column 1: WAVELENGTH (ANGSTROM), Wavelength in Angstrom
# column 2: FLUX (ERG/CM2/S/A), Flux in erg/cm2/s/A
147.200000 1.23619000e-186
151.000000 1.16049000e-181
155.200000 1.88372000e-176
158.800000 3.30576000e-172
162.000000 1.35600000e-168
166.000000 2.82410000e-164
170.300000 7.32933000e-160
173.400000 8.12972000e-157
176.800000 1.33598000e-153
180.200000 1.65590000e-150
181.700000 3.51935000e-149
186.100000 2.06948000e-145
191.000000 2.02693000e-141
193.900000 3.73140000e-139
198.400000 9.00043000e-136
201.800000 2.56751000e-133
205.000000 4.42268000e-131
210.500000 2.12093000e-127
216.200000 8.73831000e-124
219.800000 1.33912000e-121
223.000000 1.01983000e-119
226.800000 1.49196000e-117
230.000000 8.73742000e-116
234.000000 1.20506000e-113
240.000000 1.42902000e-110
246.500000 2.06245000e-107
252.400000 1.09490000e-104
256.800000 9.74811000e-103
260.000000 2.31588000e-101
264.000000 1.08863000e-99
268.500000 7.19364000e-98
273.500000 6.42284000e-96
278.500000 4.87558000e-94
284.000000 4.76750000e-92
290.000000 5.77682000e-90
296.000000 5.73461000e-88
301.000000 2.29777000e-86
308.000000 3.28121000e-84
318.000000 2.66941000e-81
328.000000 1.43213000e-78
338.000000 5.25338000e-76
348.000000 1.36368000e-73
357.000000 1.54524000e-71
366.000000 1.38283000e-69
375.000000 9.91538000e-68
385.000000 8.99499000e-66
395.000000 6.45553000e-64
405.000000 3.73273000e-62
414.000000 1.21205000e-60
422.000000 2.35133000e-59
430.000000 4.07353000e-58
441.000000 1.72917000e-56
451.000000 4.43275000e-55
460.000000 7.25881000e-54
470.000000 1.42562000e-52
480.000000 2.46297000e-51
490.000000 3.77702000e-50
500.000000 5.17039000e-49
506.000000 3.24589000e-48
512.000000 1.60252000e-47
520.000000 1.08987000e-46
530.000000 1.10740000e-45
540.000000 1.01575000e-44
550.000000 8.66428000e-44
560.000000 6.79206000e-43
570.000000 4.93969000e-42
580.000000 3.31128000e-41
590.000000 2.11882000e-40
600.000000 1.25849000e-39
610.000000 7.03434000e-39
620.000000 3.71075000e-38
630.000000 1.85270000e-37
640.000000 8.78278000e-37
650.000000 3.96079000e-36
658.000000 1.27690000e-35
665.000000 3.47122000e-35
675.000000 1.39513000e-34
685.000000 5.37389000e-34
695.000000 1.98752000e-33
705.000000 7.06995000e-33
716.000000 2.73566000e-32
726.000000 9.01590000e-32
735.000000 2.56244000e-31
745.000000 7.92929000e-31
755.000000 2.37785000e-30
765.000000 6.91821000e-30
775.000000 1.95520000e-29
785.000000 5.37389000e-29
795.000000 1.43754000e-28
805.000000 3.74901000e-28
815.000000 9.53642000e-28
825.000000 2.36867000e-27
835.000000 5.75016000e-27
845.000000 1.36193000e-26
855.000000 3.13994000e-26
865.000000 7.09126000e-26
875.000000 1.57123000e-25
885.000000 3.40691000e-25
895.000000 7.29967000e-25
905.000000 1.52251000e-24
915.000000 5.08561000e-20
925.000000 4.54431000e-19
935.000000 4.92768000e-19
945.000000 1.44828000e-18
955.000000 1.07320000e-18
965.000000 3.10142000e-18
975.000000 3.22768000e-18
985.000000 8.39718000e-18
995.000000 2.08239000e-17
1005.000000 2.78892000e-17
1015.000000 3.17097000e-17
1025.000000 6.77745000e-17
1035.000000 1.93013000e-16
1045.000000 4.14669000e-16
1055.000000 4.99993000e-16
1065.000000 1.82830000e-15
1075.000000 2.87092000e-15
1085.000000 9.29515000e-15
1095.000000 1.77122000e-14
1105.000000 2.36961000e-14
1115.000000 5.23477000e-14
1125.000000 1.39333000e-13
1135.000000 3.14783000e-13
1145.000000 5.68244000e-13
1155.000000 9.21925000e-13
1165.000000 1.12270000e-12
1175.000000 1.82244000e-12
1185.000000 2.78021000e-12
1195.000000 7.48169000e-13
1205.000000 3.99632000e-13
1215.000000 2.33766000e-13
1225.000000 8.22761000e-13
1235.000000 3.85492000e-12
1245.000000 2.15726000e-11
1255.000000 5.44491000e-11
1265.000000 1.09128000e-10
1275.000000 1.91720000e-10
1285.000000 2.83068000e-10
1295.000000 4.17384000e-10
1305.000000 7.54178000e-10
1315.000000 1.05163000e-09
1325.000000 1.47984000e-09
1335.000000 1.94591000e-09
1345.000000 2.85511000e-09
1355.000000 4.31243000e-09
1365.000000 5.29946000e-09
1375.000000 6.17532000e-09
1385.000000 8.27902000e-09
1395.000000 1.03909000e-08
1405.000000 1.53579000e-08
1415.000000 2.18147000e-08
1425.000000 2.36821000e-08
1435.000000 3.63297000e-08
1442.000000 5.71409000e-08
1447.000000 4.68868000e-08
1455.000000 5.83292000e-08
1465.000000 8.59453000e-08
1475.000000 9.01813000e-08
1485.000000 1.17309000e-07
1495.000000 1.97465000e-07
1505.000000 3.02046000e-07
1512.000000 1.62366000e-07
1517.000000 2.84222000e-07
1525.000000 4.27347000e-07
1535.000000 6.29171000e-07
1545.000000 4.39618000e-07
1555.000000 7.29520000e-07
1565.000000 7.09998000e-07
1575.000000 1.28464000e-06
1585.000000 1.47351000e-06
1595.000000 1.51416000e-06
1605.000000 1.72013000e-06
1615.000000 1.96870000e-06
1625.000000 2.05897000e-06
1635.000000 2.88731000e-06
1645.000000 4.05948000e-06
1655.000000 3.59299000e-06
1665.000000 5.88449000e-06
1672.000000 5.12191000e-06
1677.000000 8.17897000e-06
1685.000000 1.03529000e-05
1695.000000 1.53169000e-05
1705.000000 1.63118000e-05
1715.000000 1.96304000e-05
1725.000000 2.78329000e-05
1735.000000 3.29457000e-05
1745.000000 4.77805000e-05
1755.000000 4.86271000e-05
1765.000000 6.28385000e-05
1775.000000 6.22222000e-05
1785.000000 1.15495000e-04
1795.000000 9.99869000e-05
1805.000000 1.72857000e-04
1815.000000 1.32544000e-04
1825.000000 2.21426000e-04
1835.000000 2.02002000e-04
1845.000000 3.20860000e-04
1855.000000 2.65789000e-04
1865.000000 4.35854000e-04
1875.000000 4.31067000e-04
1885.000000 5.59248000e-04
1895.000000 7.18666000e-04
1905.000000 7.86704000e-04
1915.000000 1.12077000e-03
1925.000000 1.03453000e-03
1935.000000 8.17868000e-04
1945.000000 1.51229000e-03
1955.000000 2.07683000e-03
1967.000000 2.38856000e-03
1976.000000 2.77720000e-03
1984.000000 3.55975000e-03
1995.000000 3.38572000e-03
2005.000000 4.19245000e-03
2015.000000 4.86409000e-03
2025.000000 4.88286000e-03
2035.000000 6.20110000e-03
2045.000000 6.66290000e-03
2055.000000 7.94660000e-03
2065.000000 8.05119000e-03
2074.000000 7.57501000e-03
2078.000000 1.01116000e-02
2085.000000 1.24400000e-02
2095.000000 1.71162000e-02
2105.000000 1.96364000e-02
2115.000000 2.07431000e-02
2125.000000 2.52995000e-02
2135.000000 3.23436000e-02
2145.000000 2.42101000e-02
2155.000000 3.28387000e-02
2165.000000 3.20377000e-02
2175.000000 3.60012000e-02
2185.000000 3.35734000e-02
2195.000000 5.89815000e-02
2205.000000 4.98137000e-02
2215.000000 6.24746000e-02
2225.000000 5.16168000e-02
2235.000000 9.29827000e-02
2245.000000 1.04878000e-01
2255.000000 1.41238000e-01
2265.000000 7.15850000e-02
2275.000000 1.64569000e-01
2285.000000 1.41313000e-01
2295.000000 2.63116000e-01
2305.000000 8.71373000e-02
2315.000000 3.78773000e-01
2325.000000 2.66071000e-01
2335.000000 4.60251000e-01
2345.000000 2.75541000e-01
2355.000000 2.30927000e-01
2365.000000 3.30839000e-01
2375.000000 3.11542000e-01
2385.000000 6.33268000e-01
2395.000000 5.67312000e-01
2405.000000 1.24019000e+00
2415.000000 6.18737000e-01
2425.000000 8.82914000e-01
2435.000000 1.42636000e+00
2445.000000 2.16376000e+00
2455.000000 2.62278000e+00
2465.000000 1.45894000e+00
2475.000000 3.10873000e+00
2485.000000 9.24433000e-01
2495.000000 1.16619000e+00
2505.000000 2.53335000e+00
2513.000000 1.64050000e+00
2518.000000 2.00227000e+00
2525.000000 2.59637000e+00
2535.000000 7.42235000e+00
2545.000000 1.00868000e+01
2555.000000 1.00582000e+01
2565.000000 4.36754000e+00
2575.000000 9.44860000e+00
2585.000000 5.03708000e+00
2595.000000 7.43890000e+00
2605.000000 1.09865000e+01
2615.000000 8.51277000e+00
2625.000000 1.70727000e+01
2635.000000 3.10543000e+01
2645.000000 2.14890000e+01
2655.000000 3.74654000e+01
2665.000000 2.57539000e+01
2675.000000 2.47909000e+01
2685.000000 3.33324000e+01
2695.000000 1.94168000e+01
2705.000000 4.89880000e+01
2715.000000 4.17886000e+01
2725.000000 3.34528000e+01
2735.000000 3.47109000e+01
2745.000000 5.80916000e+01
2755.000000 5.23995000e+01
2765.000000 9.17823000e+01
2775.000000 1.24144000e+02
2785.000000 6.98017000e+01
2795.000000 1.04454000e+02
2805.000000 9.97075000e+01
2815.000000 1.03883000e+02
2825.000000 1.03777000e+02
2835.000000 7.79218000e+01
2845.000000 4.99186000e+01
2855.000000 2.12121000e+01
2865.000000 9.72962000e+01
2875.000000 1.10166000e+02
2885.000000 2.21768000e+02
2895.000000 2.73932000e+02
2910.000000 3.67979000e+02
2930.000000 4.19375000e+02
2950.000000 3.97175000e+02
2970.000000 3.72997000e+02
2990.000000 5.07188000e+02
3010.000000 5.68414000e+02
3030.000000 7.36930000e+02
3050.000000 9.04718000e+02
3070.000000 9.89940000e+02
3090.000000 9.65172000e+02
3110.000000 1.69417000e+03
3130.000000 1.52927000e+03
3150.000000 2.40378000e+03
3170.000000 3.80857000e+03
3190.000000 3.17925000e+03
3210.000000 3.88060000e+03
3230.000000 4.01613000e+03
3250.000000 6.49704000e+03
3270.000000 8.68427000e+03
3290.000000 1.10181000e+04
3310.000000 9.09218000e+03
3330.000000 9.62913000e+03
3350.000000 8.81491000e+03
3370.000000 5.24679000e+03
3390.000000 7.32079000e+03
3410.000000 8.99698000e+03
3430.000000 1.11813000e+04
3450.000000 1.02227000e+04
3470.000000 1.06956000e+04
3490.000000 1.41634000e+04
3510.000000 2.03490000e+04
3530.000000 1.95081000e+04
3550.000000 2.91202000e+04
3570.000000 1.49499000e+04
3590.000000 1.34260000e+04
3610.000000 2.08125000e+04
3630.000000 2.81296000e+04
3640.000000 3.27039000e+04
3650.000000 3.35543000e+04
3670.000000 4.28813000e+04
3690.000000 3.62422000e+04
3710.000000 2.98694000e+04
3730.000000 1.30799000e+04
3750.000000 1.79700000e+04
3770.000000 3.96426000e+04
3790.000000 4.43501000e+04
3810.000000 4.19860000e+04
3830.000000 1.92475000e+04
3850.000000 3.17980000e+04
3870.000000 2.98981000e+04
3890.000000 3.30644000e+04
3910.000000 4.57750000e+04
3930.000000 1.50276000e+04
3950.000000 3.44314000e+04
3970.000000 2.21751000e+04
3990.000000 7.05133000e+04
4010.000000 9.20943000e+04
4030.000000 7.34025000e+04
4050.000000 8.20043000e+04
4070.000000 8.11775000e+04
4090.000000 9.58641000e+04
4110.000000 5.61924000e+04
4130.000000 6.90494000e+04
4150.000000 6.44328000e+04
4170.000000 6.07701000e+04
4190.000000 6.98714000e+04
4210.000000 6.49177000e+04
4230.000000 4.87416000e+04
4250.000000 7.68705000e+04
4270.000000 7.27883000e+04
4290.000000 7.64672000e+04
4310.000000 8.77793000e+04
4330.000000 1.21646000e+05
4350.000000 1.24720000e+05
4370.000000 1.27886000e+05
4390.000000 1.19369000e+05
4410.000000 1.28108000e+05
4430.000000 1.38119000e+05
4450.000000 1.47920000e+05
4470.000000 1.60097000e+05
4490.000000 1.71822000e+05
4510.000000 1.91883000e+05
4530.000000 1.65633000e+05
4550.000000 1.83956000e+05
4570.000000 1.98765000e+05
4590.000000 1.95212000e+05
4610.000000 2.04921000e+05
4630.000000 2.03400000e+05
4650.000000 1.99720000e+05
4670.000000 2.16738000e+05
4690.000000 2.12530000e+05
4710.000000 2.07129000e+05
4730.000000 2.03495000e+05
4750.000000 2.02954000e+05
4770.000000 1.63182000e+05
4790.000000 1.74851000e+05
4810.000000 2.05819000e+05
4830.000000 2.11305000e+05
4850.000000 2.31763000e+05
4870.000000 2.35725000e+05
4890.000000 2.46657000e+05
4910.000000 2.49433000e+05
4930.000000 2.39524000e+05
4950.000000 2.32488000e+05
4970.000000 1.99659000e+05
4990.000000 1.96791000e+05
5010.000000 1.68102000e+05
5030.000000 1.85023000e+05
5050.000000 1.73722000e+05
5070.000000 1.70903000e+05
5090.000000 1.64037000e+05
5110.000000 1.70474000e+05
5130.000000 1.61689000e+05
5150.000000 1.55109000e+05
5170.000000 1.54109000e+05
5190.000000 1.69273000e+05
5210.000000 1.91154000e+05
5230.000000 2.88680000e+05
5250.000000 2.96873000e+05
5270.000000 2.77316000e+05
5290.000000 3.17602000e+05
5310.000000 3.43459000e+05
5330.000000 3.13131000e+05
5350.000000 3.35012000e+05
5370.000000 3.34429000e+05
5390.000000 3.28995000e+05
5410.000000 3.33994000e+05
5430.000000 3.30478000e+05
5450.000000 3.19800000e+05
5470.000000 3.19933000e+05
5490.000000 3.31981000e+05
5510.000000 3.19412000e+05
5530.000000 3.53509000e+05
5550.000000 3.63759000e+05
5570.000000 3.59986000e+05
5590.000000 3.48252000e+05
5610.000000 3.41631000e+05
5630.000000 3.57500000e+05
5650.000000 3.78565000e+05
5670.000000 3.70871000e+05
5690.000000 3.91518000e+05
5710.000000 3.76359000e+05
5730.000000 4.05244000e+05
5750.000000 4.14496000e+05
5770.000000 4.11277000e+05
5790.000000 4.06879000e+05
5810.000000 4.18970000e+05
5830.000000 4.29933000e+05
5850.000000 4.15506000e+05
5870.000000 4.03616000e+05
5890.000000 2.98357000e+05
5910.000000 3.82024000e+05
5930.000000 3.93336000e+05
5950.000000 3.96198000e+05
5970.000000 4.10967000e+05
5990.000000 4.18864000e+05
6010.000000 4.22224000e+05
6030.000000 4.39538000e+05
6050.000000 4.48247000e+05
6070.000000 4.51085000e+05
6090.000000 4.49671000e+05
6110.000000 4.55602000e+05
6130.000000 4.34728000e+05
6150.000000 4.53490000e+05
6170.000000 3.91624000e+05
6190.000000 4.08516000e+05
6210.000000 4.01786000e+05
6230.000000 3.81506000e+05
6250.000000 3.84430000e+05
6270.000000 4.12158000e+05
6290.000000 4.31918000e+05
6310.000000 4.42913000e+05
6330.000000 4.55350000e+05
6350.000000 4.68855000e+05
6370.000000 4.65256000e+05
6390.000000 4.70948000e+05
6410.000000 4.69334000e+05
6430.000000 4.64687000e+05
6450.000000 4.66338000e+05
6470.000000 4.74978000e+05
6490.000000 4.64471000e+05
6510.000000 4.83027000e+05
6530.000000 4.97831000e+05
6550.000000 4.86567000e+05
6570.000000 4.88724000e+05
6590.000000 4.94818000e+05
6610.000000 4.95071000e+05
6630.000000 4.96202000e+05
6650.000000 4.82616000e+05
6670.000000 4.71622000e+05
6690.000000 4.53478000e+05
6710.000000 4.51064000e+05
6730.000000 4.33498000e+05
6750.000000 4.35877000e+05
6770.000000 4.60176000e+05
6790.000000 4.46462000e+05
6810.000000 4.62284000e+05
6830.000000 4.78962000e+05
6850.000000 4.85619000e+05
6870.000000 4.88096000e+05
6890.000000 5.04114000e+05
6910.000000 5.17359000e+05
6930.000000 5.15867000e+05
6950.000000 5.24703000e+05
6970.000000 5.38408000e+05
6990.000000 5.35130000e+05
7010.000000 5.41243000e+05
7030.000000 5.48108000e+05
7050.000000 5.30442000e+05
7070.000000 4.77604000e+05
7090.000000 4.53434000e+05
7110.000000 4.54479000e+05
7130.000000 4.14554000e+05
7150.000000 4.21036000e+05
7170.000000 4.47615000e+05
7190.000000 4.72106000e+05
7210.000000 4.68273000e+05
7230.000000 5.03458000e+05
7250.000000 5.11994000e+05
7270.000000 5.33209000e+05
7290.000000 5.43699000e+05
7310.000000 5.50944000e+05
7330.000000 5.53992000e+05
7350.000000 5.54336000e+05
7370.000000 5.67755000e+05
7390.000000 5.70612000e+05
7410.000000 5.68791000e+05
7430.000000 5.74100000e+05
7450.000000 5.75712000e+05
7470.000000 5.76029000e+05
7490.000000 5.78175000e+05
7510.000000 5.82968000e+05
7530.000000 5.85556000e+05
7550.000000 5.86555000e+05
7570.000000 5.87437000e+05
7590.000000 5.77401000e+05
7610.000000 5.75014000e+05
7630.000000 5.70916000e+05
7650.000000 5.69731000e+05
7670.000000 5.46662000e+05
7690.000000 5.55601000e+05
7710.000000 5.46423000e+05
7730.000000 5.60193000e+05
7750.000000 5.54558000e+05
7770.000000 5.60624000e+05
7790.000000 5.62554000e+05
7810.000000 5.72350000e+05
7830.000000 5.68539000e+05
7850.000000 5.68495000e+05
7870.000000 5.77433000e+05
7890.000000 5.80967000e+05
7910.000000 5.76383000e+05
7930.000000 5.80704000e+05
7950.000000 5.76451000e+05
7970.000000 5.89711000e+05
7990.000000 5.86585000e+05
8010.000000 5.89050000e+05
8030.000000 5.89683000e+05
8050.000000 5.89256000e+05
8070.000000 5.86802000e+05
8090.000000 5.91503000e+05
8110.000000 5.93228000e+05
8130.000000 5.97096000e+05
8150.000000 5.98082000e+05
8170.000000 5.98036000e+05
8190.000000 5.81696000e+05
8210.000000 5.82721000e+05
8230.000000 5.91183000e+05
8250.000000 5.89151000e+05
8270.000000 5.94457000e+05
8290.000000 5.90496000e+05
8310.000000 5.83293000e+05
8330.000000 5.80495000e+05
8350.000000 5.84201000e+05
8370.000000 5.82972000e+05
8390.000000 5.56113000e+05
8410.000000 5.83938000e+05
8430.000000 5.63359000e+05
8450.000000 5.79531000e+05
8470.000000 5.75642000e+05
8490.000000 5.79519000e+05
8510.000000 5.60151000e+05
8530.000000 5.79585000e+05
8550.000000 5.31887000e+05
8570.000000 5.89729000e+05
8590.000000 5.89028000e+05
8610.000000 5.88836000e+05
8630.000000 5.92230000e+05
8650.000000 5.93624000e+05
8670.000000 5.40219000e+05
8690.000000 5.73704000e+05
8710.000000 5.96199000e+05
8730.000000 5.94064000e+05
8750.000000 5.94058000e+05
8770.000000 5.92772000e+05
8790.000000 5.96952000e+05
8810.000000 5.88323000e+05
8830.000000 5.87594000e+05
8850.000000 5.93407000e+05
8870.000000 5.73783000e+05
8890.000000 5.78545000e+05
8910.000000 5.82784000e+05
8930.000000 5.80177000e+05
8950.000000 5.76740000e+05
8970.000000 5.80679000e+05
8990.000000 5.84671000e+05
9010.000000 5.72843000e+05
9030.000000 5.82413000e+05
9050.000000 5.88719000e+05
9070.000000 5.91026000e+05
9090.000000 5.79857000e+05
9110.000000 5.86982000e+05
9130.000000 5.89114000e+05
9150.000000 5.88521000e+05
9170.000000 5.87793000e+05
9190.000000 5.89386000e+05
9210.000000 5.85497000e+05
9230.000000 5.86677000e+05
9250.000000 5.83042000e+05
9270.000000 5.83159000e+05
9290.000000 5.78687000e+05
9310.000000 5.84200000e+05
9330.000000 5.84079000e+05
9350.000000 5.83737000e+05
9370.000000 5.77214000e+05
9390.000000 5.82791000e+05
9410.000000 5.81125000e+05
9430.000000 5.82814000e+05
9450.000000 5.76933000e+05
9470.000000 5.82354000e+05
9490.000000 5.82453000e+05
9510.000000 5.82255000e+05
9530.000000 5.81598000e+05
9550.000000 5.72803000e+05
9570.000000 5.76582000e+05
9590.000000 5.81266000e+05
9610.000000 5.73056000e+05
9630.000000 5.79616000e+05
9650.000000 5.56381000e+05
9670.000000 5.58796000e+05
9690.000000 5.69210000e+05
9710.000000 5.67147000e+05
9730.000000 5.60560000e+05
9750.000000 5.63970000e+05
9770.000000 5.67188000e+05
9790.000000 5.52924000e+05
9810.000000 5.72398000e+05
9830.000000 5.67381000e+05
9850.000000 5.71952000e+05
9870.000000 5.71106000e+05
9890.000000 5.71148000e+05
9910.000000 5.69651000e+05
9930.000000 5.69498000e+05
9950.000000 5.69075000e+05
9970.000000 5.69523000e+05
9990.000000 5.70039000e+05
10025.000000 5.65091000e+05
10075.000000 5.63504000e+05
10125.000000 5.63685000e+05
10175.000000 5.60342000e+05
10225.000000 5.61794000e+05
10275.000000 5.61299000e+05
10325.000000 5.55876000e+05
10375.000000 5.54451000e+05
10425.000000 5.57014000e+05
10475.000000 5.52636000e+05
10525.000000 5.54064000e+05
10575.000000 5.49713000e+05
10625.000000 5.50024000e+05
10675.000000 5.44189000e+05
10725.000000 5.42632000e+05
10775.000000 5.44129000e+05
10825.000000 5.39372000e+05
10875.000000 5.40412000e+05
10925.000000 5.37875000e+05
10975.000000 5.32517000e+05
11025.000000 5.30208000e+05
11075.000000 5.28718000e+05
11125.000000 5.26107000e+05
11175.000000 5.23642000e+05
11225.000000 5.25027000e+05
11275.000000 5.18988000e+05
11325.000000 5.18527000e+05
11375.000000 5.13950000e+05
11425.000000 5.11568000e+05
11475.000000 5.15932000e+05
11525.000000 5.15152000e+05
11575.000000 5.11611000e+05
11625.000000 5.05519000e+05
11675.000000 5.06311000e+05
11725.000000 5.09977000e+05
11775.000000 5.02095000e+05
11825.000000 5.02816000e+05
11875.000000 4.96587000e+05
11925.000000 5.02922000e+05
11975.000000 4.91822000e+05
12025.000000 4.99282000e+05
12075.000000 4.97713000e+05
12125.000000 4.98281000e+05
12175.000000 4.97577000e+05
12225.000000 4.96187000e+05
12275.000000 4.94653000e+05
12325.000000 4.93475000e+05
12375.000000 4.92300000e+05
12425.000000 4.91127000e+05
12475.000000 4.89934000e+05
12525.000000 4.88071000e+05
12575.000000 4.87366000e+05
12625.000000 4.85712000e+05
12675.000000 4.84607000e+05
12725.000000 4.84087000e+05
12775.000000 4.83306000e+05
12825.000000 4.75972000e+05
12875.000000 4.78714000e+05
12925.000000 4.75761000e+05
12975.000000 4.78815000e+05
13025.000000 4.77722000e+05
13075.000000 4.76191000e+05
13125.000000 4.71060000e+05
13175.000000 4.70986000e+05
13225.000000 4.71912000e+05
13275.000000 4.65905000e+05
13325.000000 4.52634000e+05
13375.000000 4.36768000e+05
13425.000000 4.30511000e+05
13475.000000 4.38899000e+05
13525.000000 4.30573000e+05
13575.000000 4.32640000e+05
13625.000000 4.29024000e+05
13675.000000 4.37335000e+05
13725.000000 4.38215000e+05
13775.000000 4.39586000e+05
13825.000000 4.38186000e+05
13875.000000 4.30689000e+05
13925.000000 3.94165000e+05
13975.000000 4.06974000e+05
14025.000000 4.13903000e+05
14075.000000 4.16083000e+05
14125.000000 4.07742000e+05
14175.000000 4.09577000e+05
14225.000000 4.12027000e+05
14275.000000 4.08610000e+05
14325.000000 4.11270000e+05
14375.000000 4.08378000e+05
14425.000000 4.14061000e+05
14475.000000 4.13399000e+05
14525.000000 4.11968000e+05
14570.000000 4.13083000e+05
14620.000000 3.91703000e+05
14675.000000 3.95980000e+05
14725.000000 4.07403000e+05
14775.000000 4.04720000e+05
14825.000000 4.08919000e+05
14875.000000 4.09410000e+05
14925.000000 4.17309000e+05
14975.000000 4.25396000e+05
15025.000000 4.11289000e+05
15075.000000 4.18163000e+05
15125.000000 4.22386000e+05
15175.000000 4.26887000e+05
15225.000000 4.35074000e+05
15275.000000 4.24787000e+05
15325.000000 4.36216000e+05
15375.000000 4.23582000e+05
15425.000000 4.18038000e+05
15475.000000 4.43611000e+05
15525.000000 4.33036000e+05
15575.000000 4.35230000e+05
15625.000000 4.49454000e+05
15675.000000 4.50670000e+05
15725.000000 4.47656000e+05
15775.000000 4.46806000e+05
15825.000000 4.58789000e+05
15875.000000 4.53512000e+05
15925.000000 4.63994000e+05
15975.000000 4.70010000e+05
16050.000000 4.64180000e+05
16150.000000 4.75768000e+05
16250.000000 4.63111000e+05
16350.000000 4.71697000e+05
16450.000000 4.66661000e+05
16550.000000 4.70117000e+05
16650.000000 4.60274000e+05
16750.000000 4.51773000e+05
16850.000000 4.45816000e+05
16950.000000 4.39247000e+05
17050.000000 4.26982000e+05
17150.000000 4.06442000e+05
17250.000000 4.00553000e+05
17350.000000 3.85186000e+05
17450.000000 3.78656000e+05
17550.000000 3.58966000e+05
17650.000000 3.48658000e+05
17750.000000 3.35438000e+05
17850.000000 3.21533000e+05
17950.000000 3.17026000e+05
18050.000000 3.01254000e+05
18150.000000 2.96937000e+05
18250.000000 2.89620000e+05
18350.000000 2.87512000e+05
18450.000000 2.72197000e+05
18550.000000 2.59472000e+05
18650.000000 2.58982000e+05
18750.000000 2.52926000e+05
18850.000000 2.60280000e+05
18950.000000 2.54708000e+05
19050.000000 2.55404000e+05
19150.000000 2.51963000e+05
19250.000000 2.49626000e+05
19350.000000 2.42032000e+05
19450.000000 2.39839000e+05
19550.000000 2.38584000e+05
19650.000000 2.33079000e+05
19750.000000 2.27112000e+05
19850.000000 2.20451000e+05
19950.000000 2.14271000e+05
20050.000000 2.13338000e+05
20150.000000 2.07858000e+05
20250.000000 2.04349000e+05
20350.000000 2.03756000e+05
20450.000000 2.00966000e+05
20550.000000 1.99934000e+05
20650.000000 1.95202000e+05
20750.000000 1.95748000e+05
20850.000000 1.91449000e+05
20950.000000 1.92321000e+05
21050.000000 1.90668000e+05
21150.000000 1.89930000e+05
21250.000000 1.88255000e+05
21350.000000 1.87810000e+05
21450.000000 1.86882000e+05
21550.000000 1.85614000e+05
21650.000000 1.85559000e+05
21750.000000 1.82542000e+05
21850.000000 1.81909000e+05
21950.000000 1.80545000e+05
22050.000000 1.77438000e+05
22150.000000 1.78604000e+05
22250.000000 1.74255000e+05
22350.000000 1.74004000e+05
22450.000000 1.72562000e+05
22550.000000 1.70665000e+05
22650.000000 1.67685000e+05
22750.000000 1.66265000e+05
22850.000000 1.64171000e+05
22950.000000 1.43302000e+05
23050.000000 1.50138000e+05
23150.000000 1.48654000e+05
23250.000000 1.31683000e+05
23350.000000 1.37523000e+05
23450.000000 1.37483000e+05
23550.000000 1.21299000e+05
23650.000000 1.28486000e+05
23750.000000 1.28802000e+05
23850.000000 1.13730000e+05
23950.000000 1.18305000e+05
24050.000000 1.13924000e+05
24150.000000 1.05528000e+05
24250.000000 1.06210000e+05
24350.000000 1.03465000e+05
24450.000000 9.71817000e+04
24550.000000 9.41413000e+04
24650.000000 9.28955000e+04
24750.000000 8.86162000e+04
24850.000000 8.52384000e+04
24950.000000 8.52041000e+04
25050.000000 8.22678000e+04
25150.000000 7.81842000e+04
25250.000000 7.45585000e+04
25350.000000 7.55074000e+04
25450.000000 7.50082000e+04
25550.000000 7.52821000e+04
25650.000000 7.08484000e+04
25750.000000 7.29752000e+04
25850.000000 7.25639000e+04
25950.000000 7.21959000e+04
26050.000000 7.20868000e+04
26150.000000 7.42306000e+04
26250.000000 7.29827000e+04
26350.000000 7.31677000e+04
26450.000000 7.11400000e+04
26550.000000 7.16847000e+04
26650.000000 7.12432000e+04
26750.000000 6.95112000e+04
26850.000000 6.96110000e+04
26950.000000 6.57186000e+04
27050.000000 6.67268000e+04
27150.000000 6.39260000e+04
27250.000000 6.15349000e+04
27350.000000 6.08188000e+04
27450.000000 6.09165000e+04
27550.000000 5.84748000e+04
27650.000000 5.75499000e+04
27750.000000 5.76594000e+04
27850.000000 5.51284000e+04
27950.000000 5.59643000e+04
28050.000000 5.07587000e+04
28150.000000 5.24906000e+04
28250.000000 5.15720000e+04
28350.000000 5.13213000e+04
28450.000000 5.17710000e+04
28550.000000 4.98468000e+04
28650.000000 5.03715000e+04
28750.000000 4.99670000e+04
28850.000000 4.87431000e+04
28950.000000 4.97105000e+04
29050.000000 4.64002000e+04
29150.000000 4.87337000e+04
29250.000000 4.37547000e+04
29350.000000 4.80849000e+04
29450.000000 4.21937000e+04
29550.000000 4.53955000e+04
29650.000000 4.28268000e+04
29750.000000 4.44552000e+04
29850.000000 4.17381000e+04
29950.000000 4.38214000e+04
30050.000000 4.02615000e+04
30150.000000 4.37227000e+04
30250.000000 3.98800000e+04
30350.000000 4.20605000e+04
30450.000000 3.95630000e+04
30550.000000 4.10272000e+04
30650.000000 4.06757000e+04
30750.000000 3.96805000e+04
30850.000000 3.89312000e+04
30950.000000 3.79485000e+04
31050.000000 3.93023000e+04
31150.000000 3.77862000e+04
31250.000000 3.88741000e+04
31350.000000 3.70316000e+04
31450.000000 3.78134000e+04
31550.000000 3.70238000e+04
31650.000000 3.79316000e+04
31750.000000 3.64904000e+04
31850.000000 3.72487000e+04
31950.000000 3.61239000e+04
32100.000000 3.68500000e+04
32300.000000 3.59566000e+04
32500.000000 3.60840000e+04
32700.000000 3.55770000e+04
32900.000000 3.51632000e+04
33100.000000 3.51900000e+04
33300.000000 3.45715000e+04
33500.000000 3.43110000e+04
33700.000000 3.42864000e+04
33900.000000 3.35323000e+04
34100.000000 3.33993000e+04
34300.000000 3.36386000e+04
34500.000000 3.22052000e+04
34700.000000 3.27955000e+04
34900.000000 3.19630000e+04
35100.000000 3.15478000e+04
35300.000000 3.09857000e+04
35500.000000 3.10082000e+04
35700.000000 3.01268000e+04
35900.000000 2.99002000e+04
36100.000000 2.98184000e+04
36300.000000 2.90219000e+04
36500.000000 2.86990000e+04
36700.000000 2.83955000e+04
36900.000000 2.79695000e+04
37100.000000 2.73786000e+04
37300.000000 2.70940000e+04
37500.000000 2.70093000e+04
37700.000000 2.60492000e+04
37900.000000 2.62017000e+04
38100.000000 2.54869000e+04
38300.000000 2.49867000e+04
38500.000000 2.47049000e+04
38700.000000 2.45033000e+04
38900.000000 2.38066000e+04
39100.000000 2.33919000e+04
39300.000000 2.30208000e+04
39500.000000 2.28010000e+04
39700.000000 2.21964000e+04
39900.000000 2.13338000e+04
40100.000000 2.11412000e+04
40300.000000 2.07429000e+04
40500.000000 1.99292000e+04
40700.000000 1.94090000e+04
40900.000000 1.89483000e+04
41100.000000 1.87472000e+04
41300.000000 1.82305000e+04
41500.000000 1.80931000e+04
41700.000000 1.73720000e+04
41900.000000 1.74154000e+04
42100.000000 1.68524000e+04
42300.000000 1.68416000e+04
42500.000000 1.61834000e+04
42700.000000 1.60104000e+04
42900.000000 1.53690000e+04
43100.000000 1.44927000e+04
43300.000000 1.46995000e+04
43500.000000 1.38627000e+04
43700.000000 1.34319000e+04
43900.000000 1.32365000e+04
44100.000000 1.25873000e+04
44300.000000 1.22735000e+04
44500.000000 1.21128000e+04
44700.000000 1.16325000e+04
44900.000000 1.15580000e+04
45100.000000 1.12550000e+04
45300.000000 1.09324000e+04
45500.000000 1.08880000e+04
45700.000000 1.07224000e+04
45900.000000 1.03632000e+04
46100.000000 1.03396000e+04
46300.000000 1.01085000e+04
46500.000000 1.01165000e+04
46700.000000 9.90221000e+03
46900.000000 9.80030000e+03
47100.000000 9.66698000e+03
47300.000000 9.57984000e+03
47500.000000 9.43556000e+03
47700.000000 9.18109000e+03
47900.000000 9.16681000e+03
48100.000000 8.82565000e+03
48300.000000 9.01771000e+03
48500.000000 8.71318000e+03
48700.000000 8.49626000e+03
48900.000000 8.37633000e+03
49100.000000 8.46778000e+03
49300.000000 8.13850000e+03
49500.000000 8.09224000e+03
49700.000000 7.93147000e+03
49900.000000 7.87845000e+03
50100.000000 7.63647000e+03
50300.000000 7.53224000e+03
50500.000000 7.45836000e+03
50700.000000 7.34497000e+03
50900.000000 7.23414000e+03
51100.000000 7.12323000e+03
51300.000000 7.03745000e+03
51500.000000 6.98034000e+03
51700.000000 6.76746000e+03
51900.000000 6.72379000e+03
52100.000000 6.69905000e+03
52300.000000 6.56776000e+03
52500.000000 6.43293000e+03
52700.000000 6.42191000e+03
52900.000000 6.25080000e+03
53100.000000 6.27141000e+03
53300.000000 6.12285000e+03
53500.000000 6.01359000e+03
53700.000000 5.96783000e+03
53900.000000 5.95086000e+03
54100.000000 5.79071000e+03
54300.000000 5.57845000e+03
54500.000000 5.70703000e+03
54700.000000 5.59512000e+03
54900.000000 5.56693000e+03
55100.000000 5.48651000e+03
55300.000000 5.39158000e+03
55500.000000 5.26106000e+03
55700.000000 5.26269000e+03
55900.000000 5.26067000e+03
56100.000000 5.14626000e+03
56300.000000 5.08492000e+03
56500.000000 5.05359000e+03
56700.000000 4.95038000e+03
56900.000000 4.84106000e+03
57100.000000 4.90253000e+03
57300.000000 4.69924000e+03
57500.000000 4.87865000e+03
57700.000000 4.70933000e+03
57900.000000 4.59021000e+03
58100.000000 4.65609000e+03
58300.000000 4.52223000e+03
58500.000000 4.48564000e+03
58700.000000 4.46070000e+03
58900.000000 4.43708000e+03
59100.000000 4.35231000e+03
59300.000000 4.35932000e+03
59500.000000 4.30112000e+03
59700.000000 4.21728000e+03
59900.000000 4.20943000e+03
60100.000000 4.23684000e+03
60300.000000 4.06932000e+03
60500.000000 3.98915000e+03
60700.000000 4.08949000e+03
60900.000000 4.05139000e+03
61100.000000 3.90291000e+03
61300.000000 4.02707000e+03
61500.000000 3.88976000e+03
61700.000000 3.85647000e+03
61900.000000 3.83345000e+03
62100.000000 3.80050000e+03
62300.000000 3.78914000e+03
62500.000000 3.68768000e+03
62700.000000 3.63008000e+03
62900.000000 3.64417000e+03
63100.000000 3.56707000e+03
63300.000000 3.54899000e+03
63500.000000 3.43529000e+03
63700.000000 3.46556000e+03
63900.000000 3.38338000e+03
64200.000000 3.27533000e+03
64600.000000 3.07077000e+03
65000.000000 2.95927000e+03
65400.000000 2.84672000e+03
65800.000000 2.69127000e+03
66200.000000 2.61226000e+03
66600.000000 2.56280000e+03
67000.000000 2.49016000e+03
67400.000000 2.47072000e+03
67800.000000 2.35773000e+03
68200.000000 2.32076000e+03
68600.000000 2.31924000e+03
69000.000000 2.23782000e+03
69400.000000 2.18754000e+03
69800.000000 2.20190000e+03
70200.000000 2.11649000e+03
70600.000000 2.07723000e+03
71000.000000 2.02325000e+03
71400.000000 1.99769000e+03
71800.000000 1.98886000e+03
72200.000000 1.91001000e+03
72600.000000 1.88623000e+03
73000.000000 1.85770000e+03
73400.000000 1.81632000e+03
73800.000000 1.79925000e+03
74200.000000 1.73884000e+03
74600.000000 1.74015000e+03
75000.000000 1.68493000e+03
75400.000000 1.66035000e+03
75800.000000 1.60294000e+03
76200.000000 1.54956000e+03
76600.000000 1.52327000e+03
77000.000000 1.51213000e+03
77400.000000 1.44919000e+03
77800.000000 1.44123000e+03
78200.000000 1.39967000e+03
78600.000000 1.37088000e+03
79000.000000 1.32613000e+03
79400.000000 1.32260000e+03
79800.000000 1.27607000e+03
80200.000000 1.27514000e+03
80600.000000 1.23260000e+03
81000.000000 1.20914000e+03
81400.000000 1.20007000e+03
81800.000000 1.18150000e+03
82200.000000 1.14789000e+03
82600.000000 1.14392000e+03
83000.000000 1.11061000e+03
83400.000000 1.08796000e+03
83800.000000 1.06118000e+03
84200.000000 1.06972000e+03
84600.000000 1.04105000e+03
85000.000000 1.01939000e+03
85400.000000 1.01378000e+03
85800.000000 9.90281000e+02
86200.000000 9.78881000e+02
86600.000000 9.60767000e+02
87000.000000 9.60364000e+02
87400.000000 9.23285000e+02
87800.000000 9.14647000e+02
88200.000000 9.00704000e+02
88600.000000 8.92541000e+02
89000.000000 8.78877000e+02
89400.000000 8.64242000e+02
89800.000000 8.46703000e+02
90200.000000 8.46387000e+02
90600.000000 8.31770000e+02
91000.000000 8.22245000e+02
91400.000000 8.06676000e+02
91800.000000 7.96532000e+02
92200.000000 7.81570000e+02
92600.000000 7.64068000e+02
93000.000000 7.63129000e+02
93400.000000 7.50172000e+02
93800.000000 7.36294000e+02
94200.000000 7.23134000e+02
94600.000000 7.14674000e+02
95000.000000 7.04787000e+02
95400.000000 7.07126000e+02
95800.000000 6.82515000e+02
96200.000000 6.71193000e+02
96600.000000 6.60922000e+02
97000.000000 6.53641000e+02
97400.000000 6.48839000e+02
97800.000000 6.37004000e+02
98200.000000 6.29794000e+02
98600.000000 6.20936000e+02
99000.000000 5.93673000e+02
99400.000000 6.00305000e+02
99800.000000 5.88997000e+02
100200.000000 5.80214000e+02
200000.000000 4.10362000e+01
400000.000000 2.68749000e+00
600000.000000 5.35657000e-01
800000.000000 1.69658000e-01
1000000.000000 6.93823000e-02
1200000.000000 3.33746000e-02
1400000.000000 1.79631000e-02
1600000.000000 1.04979000e-02
