# Kurucz ODFNEW /NOVER, alpha: 0.0 (2003)
# teff = 13000 K (value for the effective temperature for the model. Temperatures are given in K)
# logg = 4.5 log(cm/s2) (value for Log(G) for the model.)
# lh = 1.25  (l/Hp where l is the  mixing length of the convective element and Hp is the pressure scale height)
# meta = 0  (value for the Metallicity for the model.)
# vtur = 2 km/s (Microturbulence velocity)
# alpha = 0  (Alpha)
#
# column 1: WAVELENGTH (ANGSTROM), Wavelength in Angstrom
# column 2: FLUX (ERG/CM2/S/A), Flux in erg/cm2/s/A
198.400000 9.27827000e-24
201.800000 8.08257000e-23
205.000000 2.79905000e-22
210.500000 1.86561000e-21
216.200000 1.18663000e-20
219.800000 3.64603000e-20
223.000000 9.51047000e-20
226.800000 2.89375000e-19
230.000000 7.23620000e-19
234.000000 2.17819000e-18
240.000000 1.06943000e-17
246.500000 5.54397000e-17
252.400000 2.31144000e-16
256.800000 6.45075000e-16
260.000000 1.33466000e-15
264.000000 3.23795000e-15
268.500000 8.47079000e-15
273.500000 2.38118000e-14
278.500000 6.51583000e-14
284.000000 1.89327000e-13
290.000000 5.80056000e-13
296.000000 1.69600000e-12
301.000000 4.05009000e-12
308.000000 1.30746000e-11
318.000000 6.40810000e-11
328.000000 2.87288000e-10
338.000000 1.18281000e-09
348.000000 4.51967000e-09
357.000000 1.43995000e-08
366.000000 4.29022000e-08
375.000000 1.21022000e-07
385.000000 3.64212000e-07
395.000000 1.03458000e-06
405.000000 2.80483000e-06
414.000000 6.60303000e-06
422.000000 1.36984000e-05
430.000000 2.75691000e-05
441.000000 6.99507000e-05
451.000000 1.56068000e-04
460.000000 3.11834000e-04
470.000000 6.51849000e-04
480.000000 1.32114000e-03
490.000000 2.60306000e-03
500.000000 4.98142000e-03
506.000000 4.93843000e-02
512.000000 1.02871000e-01
520.000000 1.53673000e-01
530.000000 2.50178000e-01
540.000000 3.89933000e-01
550.000000 6.30514000e-01
560.000000 9.73214000e-01
570.000000 1.49173000e+00
580.000000 2.15085000e+00
590.000000 3.28483000e+00
600.000000 4.79085000e+00
610.000000 6.96813000e+00
620.000000 9.87396000e+00
630.000000 1.39444000e+01
640.000000 1.92182000e+01
650.000000 2.67393000e+01
658.000000 3.43818000e+01
665.000000 4.23733000e+01
675.000000 5.68809000e+01
685.000000 7.60131000e+01
695.000000 1.01236000e+02
705.000000 1.32508000e+02
716.000000 1.77211000e+02
726.000000 2.29600000e+02
735.000000 2.86641000e+02
745.000000 3.66029000e+02
755.000000 4.63925000e+02
765.000000 5.82921000e+02
775.000000 7.31412000e+02
785.000000 9.11034000e+02
795.000000 1.11971000e+03
805.000000 1.38135000e+03
815.000000 1.69091000e+03
825.000000 2.05683000e+03
835.000000 2.47162000e+03
845.000000 3.00249000e+03
855.000000 3.59463000e+03
865.000000 4.30757000e+03
875.000000 5.10556000e+03
885.000000 6.07019000e+03
895.000000 7.15575000e+03
905.000000 8.32597000e+03
915.000000 6.48727000e+04
925.000000 3.75376000e+05
935.000000 5.96665000e+05
945.000000 1.24073000e+06
955.000000 5.13899000e+06
965.000000 8.14283000e+06
975.000000 2.42569000e+06
985.000000 3.58742000e+07
995.000000 6.19533000e+07
1005.000000 7.04616000e+07
1015.000000 2.70725000e+07
1025.000000 2.35183000e+06
1035.000000 1.70425000e+07
1045.000000 9.29831000e+07
1055.000000 1.50235000e+08
1065.000000 1.42275000e+08
1075.000000 1.82108000e+08
1085.000000 1.86671000e+08
1095.000000 2.04218000e+08
1105.000000 2.37347000e+08
1115.000000 4.22115000e+08
1125.000000 4.76677000e+08
1135.000000 5.49730000e+08
1145.000000 4.83618000e+08
1155.000000 5.57459000e+08
1165.000000 6.08829000e+08
1175.000000 5.53487000e+08
1185.000000 4.56939000e+08
1195.000000 7.06830000e+07
1205.000000 4.78687000e+07
1215.000000 5.51712000e+06
1225.000000 2.66161000e+07
1235.000000 2.50852000e+08
1245.000000 5.21701000e+08
1255.000000 6.72409000e+08
1265.000000 5.10679000e+08
1275.000000 7.45892000e+08
1285.000000 9.04164000e+08
1295.000000 7.12338000e+08
1305.000000 4.39128000e+08
1315.000000 7.90484000e+08
1325.000000 8.48788000e+08
1335.000000 7.52835000e+08
1345.000000 9.06595000e+08
1355.000000 8.45106000e+08
1365.000000 7.44087000e+08
1375.000000 8.33751000e+08
1385.000000 8.38056000e+08
1395.000000 8.44184000e+08
1405.000000 8.39844000e+08
1415.000000 7.80017000e+08
1425.000000 8.23040000e+08
1435.000000 7.61097000e+08
1442.000000 8.47502000e+08
1447.000000 8.86852000e+08
1455.000000 8.67855000e+08
1465.000000 8.07426000e+08
1475.000000 7.59147000e+08
1485.000000 7.77948000e+08
1495.000000 8.26099000e+08
1505.000000 8.03681000e+08
1512.000000 7.43063000e+08
1517.000000 8.10137000e+08
1525.000000 7.49952000e+08
1535.000000 7.00544000e+08
1545.000000 7.79997000e+08
1555.000000 6.94699000e+08
1565.000000 6.44104000e+08
1575.000000 6.77395000e+08
1585.000000 7.30778000e+08
1595.000000 7.48802000e+08
1605.000000 7.02646000e+08
1615.000000 7.08791000e+08
1625.000000 6.50190000e+08
1635.000000 6.71742000e+08
1645.000000 6.86404000e+08
1655.000000 6.04261000e+08
1665.000000 6.68722000e+08
1672.000000 5.67334000e+08
1677.000000 6.40365000e+08
1685.000000 6.89656000e+08
1695.000000 6.47174000e+08
1705.000000 6.11432000e+08
1715.000000 5.77642000e+08
1725.000000 5.69229000e+08
1735.000000 5.97566000e+08
1745.000000 5.89227000e+08
1755.000000 6.32387000e+08
1765.000000 5.54097000e+08
1775.000000 5.98989000e+08
1785.000000 6.03824000e+08
1795.000000 6.34975000e+08
1805.000000 6.15089000e+08
1815.000000 5.97980000e+08
1825.000000 5.83448000e+08
1835.000000 5.61152000e+08
1845.000000 5.27163000e+08
1855.000000 5.30154000e+08
1865.000000 5.33420000e+08
1875.000000 5.70223000e+08
1885.000000 5.45910000e+08
1895.000000 5.30638000e+08
1905.000000 5.34954000e+08
1915.000000 5.30224000e+08
1925.000000 5.27048000e+08
1935.000000 5.29714000e+08
1945.000000 5.37884000e+08
1955.000000 5.17591000e+08
1967.000000 5.44108000e+08
1976.000000 5.49409000e+08
1984.000000 5.26258000e+08
1995.000000 5.03536000e+08
2005.000000 5.11683000e+08
2015.000000 4.76991000e+08
2025.000000 5.04603000e+08
2035.000000 4.89758000e+08
2045.000000 4.99078000e+08
2055.000000 4.74187000e+08
2065.000000 4.74792000e+08
2074.000000 4.84606000e+08
2078.000000 4.86572000e+08
2085.000000 4.89697000e+08
2095.000000 4.66647000e+08
2105.000000 4.64095000e+08
2115.000000 4.61763000e+08
2125.000000 4.63776000e+08
2135.000000 4.20258000e+08
2145.000000 4.48274000e+08
2155.000000 4.52819000e+08
2165.000000 4.31181000e+08
2175.000000 4.23554000e+08
2185.000000 4.16214000e+08
2195.000000 4.34065000e+08
2205.000000 4.16918000e+08
2215.000000 3.92876000e+08
2225.000000 3.76804000e+08
2235.000000 4.08584000e+08
2245.000000 3.74866000e+08
2255.000000 3.66756000e+08
2265.000000 3.72799000e+08
2275.000000 3.87340000e+08
2285.000000 3.93099000e+08
2295.000000 3.75769000e+08
2305.000000 3.59845000e+08
2315.000000 3.46079000e+08
2325.000000 3.45464000e+08
2335.000000 3.28229000e+08
2345.000000 3.13433000e+08
2355.000000 3.33825000e+08
2365.000000 3.08322000e+08
2375.000000 3.17025000e+08
2385.000000 2.91066000e+08
2395.000000 3.16593000e+08
2405.000000 2.99519000e+08
2415.000000 3.05396000e+08
2425.000000 3.15516000e+08
2435.000000 2.99644000e+08
2445.000000 3.18542000e+08
2455.000000 3.06327000e+08
2465.000000 3.07312000e+08
2475.000000 2.94348000e+08
2485.000000 3.12445000e+08
2495.000000 3.01758000e+08
2505.000000 3.19525000e+08
2513.000000 2.97313000e+08
2518.000000 3.04375000e+08
2525.000000 2.85678000e+08
2535.000000 2.87004000e+08
2545.000000 2.81170000e+08
2555.000000 2.93476000e+08
2565.000000 2.89257000e+08
2575.000000 3.05548000e+08
2585.000000 3.02631000e+08
2595.000000 3.01550000e+08
2605.000000 2.88558000e+08
2615.000000 2.86846000e+08
2625.000000 2.91870000e+08
2635.000000 2.93235000e+08
2645.000000 3.09621000e+08
2655.000000 3.04049000e+08
2665.000000 2.85896000e+08
2675.000000 2.95571000e+08
2685.000000 2.91759000e+08
2695.000000 2.83773000e+08
2705.000000 2.87862000e+08
2715.000000 2.76536000e+08
2725.000000 2.77346000e+08
2735.000000 2.89846000e+08
2745.000000 2.60885000e+08
2755.000000 2.58652000e+08
2765.000000 2.65112000e+08
2775.000000 2.75054000e+08
2785.000000 2.73738000e+08
2795.000000 2.43243000e+08
2805.000000 2.59099000e+08
2815.000000 2.74638000e+08
2825.000000 2.73202000e+08
2835.000000 2.62363000e+08
2845.000000 2.53540000e+08
2855.000000 2.52557000e+08
2865.000000 2.60569000e+08
2875.000000 2.54046000e+08
2885.000000 2.57371000e+08
2895.000000 2.52319000e+08
2910.000000 2.64086000e+08
2930.000000 2.54362000e+08
2950.000000 2.52297000e+08
2970.000000 2.50670000e+08
2990.000000 2.48255000e+08
3010.000000 2.50227000e+08
3030.000000 2.46754000e+08
3050.000000 2.42168000e+08
3070.000000 2.38399000e+08
3090.000000 2.37710000e+08
3110.000000 2.31835000e+08
3130.000000 2.29051000e+08
3150.000000 2.27849000e+08
3170.000000 2.24402000e+08
3190.000000 2.17358000e+08
3210.000000 2.18376000e+08
3230.000000 2.14979000e+08
3250.000000 2.13019000e+08
3270.000000 2.11500000e+08
3290.000000 2.09455000e+08
3310.000000 2.07853000e+08
3330.000000 2.04089000e+08
3350.000000 2.00428000e+08
3370.000000 1.98364000e+08
3390.000000 1.95503000e+08
3410.000000 1.94758000e+08
3430.000000 1.92302000e+08
3450.000000 1.90351000e+08
3470.000000 1.87421000e+08
3490.000000 1.85344000e+08
3510.000000 1.84070000e+08
3530.000000 1.82350000e+08
3550.000000 1.80307000e+08
3570.000000 1.77861000e+08
3590.000000 1.75633000e+08
3610.000000 1.73733000e+08
3630.000000 1.71512000e+08
3640.000000 1.70784000e+08
3650.000000 1.72067000e+08
3670.000000 1.70473000e+08
3690.000000 1.66318000e+08
3710.000000 1.62586000e+08
3730.000000 1.57232000e+08
3750.000000 1.81004000e+08
3770.000000 1.87714000e+08
3790.000000 2.19102000e+08
3810.000000 2.47154000e+08
3830.000000 2.03007000e+08
3850.000000 2.62904000e+08
3870.000000 2.89120000e+08
3890.000000 1.79351000e+08
3910.000000 2.85207000e+08
3930.000000 2.94970000e+08
3950.000000 2.80256000e+08
3970.000000 1.70011000e+08
3990.000000 2.66312000e+08
4010.000000 2.84068000e+08
4030.000000 2.76663000e+08
4050.000000 2.79082000e+08
4070.000000 2.68909000e+08
4090.000000 2.19244000e+08
4110.000000 1.74336000e+08
4130.000000 2.50330000e+08
4150.000000 2.57723000e+08
4170.000000 2.55560000e+08
4190.000000 2.52632000e+08
4210.000000 2.49409000e+08
4230.000000 2.45329000e+08
4250.000000 2.41441000e+08
4270.000000 2.36643000e+08
4290.000000 2.33377000e+08
4310.000000 2.24138000e+08
4330.000000 1.77045000e+08
4350.000000 1.53608000e+08
4370.000000 2.13035000e+08
4390.000000 2.13620000e+08
4410.000000 2.14805000e+08
4430.000000 2.11200000e+08
4450.000000 2.09781000e+08
4470.000000 2.03402000e+08
4490.000000 2.00977000e+08
4510.000000 2.00588000e+08
4530.000000 1.97591000e+08
4550.000000 1.93819000e+08
4570.000000 1.92956000e+08
4590.000000 1.89204000e+08
4610.000000 1.87974000e+08
4630.000000 1.83858000e+08
4650.000000 1.82785000e+08
4670.000000 1.79927000e+08
4690.000000 1.77403000e+08
4710.000000 1.73097000e+08
4730.000000 1.72731000e+08
4750.000000 1.70094000e+08
4770.000000 1.68141000e+08
4790.000000 1.65492000e+08
4810.000000 1.62049000e+08
4830.000000 1.56091000e+08
4850.000000 1.27988000e+08
4870.000000 1.07214000e+08
4890.000000 1.47739000e+08
4910.000000 1.51229000e+08
4930.000000 1.49082000e+08
4950.000000 1.48911000e+08
4970.000000 1.47465000e+08
4990.000000 1.45397000e+08
5010.000000 1.41801000e+08
5030.000000 1.41103000e+08
5050.000000 1.37878000e+08
5070.000000 1.37898000e+08
5090.000000 1.36136000e+08
5110.000000 1.34120000e+08
5130.000000 1.32874000e+08
5150.000000 1.30628000e+08
5170.000000 1.28711000e+08
5190.000000 1.27466000e+08
5210.000000 1.25618000e+08
5230.000000 1.24033000e+08
5250.000000 1.23045000e+08
5270.000000 1.20799000e+08
5290.000000 1.20343000e+08
5310.000000 1.18267000e+08
5330.000000 1.17242000e+08
5350.000000 1.15955000e+08
5370.000000 1.14574000e+08
5390.000000 1.13160000e+08
5410.000000 1.11588000e+08
5430.000000 1.10377000e+08
5450.000000 1.09198000e+08
5470.000000 1.07756000e+08
5490.000000 1.06594000e+08
5510.000000 1.05288000e+08
5530.000000 1.04207000e+08
5550.000000 1.02986000e+08
5570.000000 1.01780000e+08
5590.000000 1.00615000e+08
5610.000000 9.95495000e+07
5630.000000 9.84121000e+07
5650.000000 9.69825000e+07
5670.000000 9.59281000e+07
5690.000000 9.49954000e+07
5710.000000 9.39417000e+07
5730.000000 9.28775000e+07
5750.000000 9.18075000e+07
5770.000000 9.07715000e+07
5790.000000 8.96488000e+07
5810.000000 8.86800000e+07
5830.000000 8.77135000e+07
5850.000000 8.67339000e+07
5870.000000 8.50363000e+07
5890.000000 8.46249000e+07
5910.000000 8.38395000e+07
5930.000000 8.29718000e+07
5950.000000 8.17615000e+07
5970.000000 8.10381000e+07
5990.000000 8.00054000e+07
6010.000000 7.93455000e+07
6030.000000 7.84937000e+07
6050.000000 7.76092000e+07
6070.000000 7.67622000e+07
6090.000000 7.59338000e+07
6110.000000 7.51459000e+07
6130.000000 7.43175000e+07
6150.000000 7.31197000e+07
6170.000000 7.27048000e+07
6190.000000 7.19693000e+07
6210.000000 7.12037000e+07
6230.000000 7.03832000e+07
6250.000000 6.93934000e+07
6270.000000 6.89562000e+07
6290.000000 6.82204000e+07
6310.000000 6.74423000e+07
6330.000000 6.67789000e+07
6350.000000 6.54508000e+07
6370.000000 6.49978000e+07
6390.000000 6.46939000e+07
6410.000000 6.39718000e+07
6430.000000 6.33804000e+07
6450.000000 6.25351000e+07
6470.000000 6.19745000e+07
6490.000000 6.11415000e+07
6510.000000 6.02570000e+07
6530.000000 5.87134000e+07
6550.000000 5.23817000e+07
6570.000000 4.37850000e+07
6590.000000 5.57077000e+07
6610.000000 5.70792000e+07
6630.000000 5.69034000e+07
6650.000000 5.64968000e+07
6670.000000 5.59189000e+07
6690.000000 5.54117000e+07
6710.000000 5.49622000e+07
6730.000000 5.43989000e+07
6750.000000 5.38786000e+07
6770.000000 5.33577000e+07
6790.000000 5.28159000e+07
6810.000000 5.22981000e+07
6830.000000 5.17565000e+07
6850.000000 5.12708000e+07
6870.000000 5.07764000e+07
6890.000000 5.02932000e+07
6910.000000 4.97950000e+07
6930.000000 4.92718000e+07
6950.000000 4.88420000e+07
6970.000000 4.83784000e+07
6990.000000 4.79269000e+07
7010.000000 4.74154000e+07
7030.000000 4.70072000e+07
7050.000000 4.64764000e+07
7070.000000 4.60193000e+07
7090.000000 4.56851000e+07
7110.000000 4.51907000e+07
7130.000000 4.47968000e+07
7150.000000 4.43792000e+07
7170.000000 4.39766000e+07
7190.000000 4.35735000e+07
7210.000000 4.31676000e+07
7230.000000 4.27237000e+07
7250.000000 4.23378000e+07
7270.000000 4.19733000e+07
7290.000000 4.15625000e+07
7310.000000 4.11958000e+07
7330.000000 4.08206000e+07
7350.000000 4.04550000e+07
7370.000000 4.00832000e+07
7390.000000 3.97155000e+07
7410.000000 3.93470000e+07
7430.000000 3.89266000e+07
7450.000000 3.86086000e+07
7470.000000 3.82124000e+07
7490.000000 3.79052000e+07
7510.000000 3.75627000e+07
7530.000000 3.72571000e+07
7550.000000 3.69232000e+07
7570.000000 3.65942000e+07
7590.000000 3.62630000e+07
7610.000000 3.59510000e+07
7630.000000 3.56262000e+07
7650.000000 3.52998000e+07
7670.000000 3.49917000e+07
7690.000000 3.46813000e+07
7710.000000 3.43710000e+07
7730.000000 3.40768000e+07
7750.000000 3.37763000e+07
7770.000000 3.30385000e+07
7790.000000 3.31882000e+07
7810.000000 3.29097000e+07
7830.000000 3.26183000e+07
7850.000000 3.22689000e+07
7870.000000 3.19305000e+07
7890.000000 3.15855000e+07
7910.000000 3.14922000e+07
7930.000000 3.12389000e+07
7950.000000 3.08703000e+07
7970.000000 3.07061000e+07
7990.000000 3.02392000e+07
8010.000000 3.01823000e+07
8030.000000 2.99247000e+07
8050.000000 2.96704000e+07
8070.000000 2.94194000e+07
8090.000000 2.91682000e+07
8110.000000 2.89162000e+07
8130.000000 2.86824000e+07
8150.000000 2.84419000e+07
8170.000000 2.82086000e+07
8190.000000 2.79357000e+07
8210.000000 2.77371000e+07
8230.000000 2.74595000e+07
8250.000000 2.73741000e+07
8270.000000 2.71973000e+07
8290.000000 2.69352000e+07
8310.000000 2.67653000e+07
8330.000000 2.65306000e+07
8350.000000 2.63404000e+07
8370.000000 2.61383000e+07
8390.000000 2.59293000e+07
8410.000000 2.56889000e+07
8430.000000 2.54437000e+07
8450.000000 2.50274000e+07
8470.000000 2.48736000e+07
8490.000000 2.47968000e+07
8510.000000 2.42060000e+07
8530.000000 2.45073000e+07
8550.000000 2.32611000e+07
8570.000000 2.44150000e+07
8590.000000 2.31603000e+07
8610.000000 2.27576000e+07
8630.000000 2.42694000e+07
8650.000000 2.32993000e+07
8670.000000 2.06340000e+07
8690.000000 2.35742000e+07
8710.000000 2.42219000e+07
8730.000000 2.32228000e+07
8750.000000 1.93353000e+07
8770.000000 2.21038000e+07
8790.000000 2.38366000e+07
8810.000000 2.39979000e+07
8830.000000 2.33380000e+07
8850.000000 2.08791000e+07
8870.000000 1.83239000e+07
8890.000000 2.20822000e+07
8910.000000 2.30765000e+07
8930.000000 2.31461000e+07
8950.000000 2.30546000e+07
8970.000000 2.26265000e+07
8990.000000 2.14543000e+07
9010.000000 1.76415000e+07
9030.000000 1.88566000e+07
9050.000000 2.13644000e+07
9070.000000 2.17543000e+07
9090.000000 2.17398000e+07
9110.000000 2.17471000e+07
9130.000000 2.15941000e+07
9150.000000 2.14381000e+07
9170.000000 2.11193000e+07
9190.000000 2.05364000e+07
9210.000000 1.90368000e+07
9230.000000 1.54711000e+07
9250.000000 1.82992000e+07
9270.000000 1.95728000e+07
9290.000000 2.01355000e+07
9310.000000 2.01525000e+07
9330.000000 2.00346000e+07
9350.000000 1.99270000e+07
9370.000000 1.97893000e+07
9390.000000 1.96047000e+07
9410.000000 1.93096000e+07
9430.000000 1.93163000e+07
9450.000000 1.91582000e+07
9470.000000 1.89468000e+07
9490.000000 1.86666000e+07
9510.000000 1.81221000e+07
9530.000000 1.65432000e+07
9550.000000 1.38246000e+07
9570.000000 1.66376000e+07
9590.000000 1.76903000e+07
9610.000000 1.78713000e+07
9630.000000 1.77009000e+07
9650.000000 1.77760000e+07
9670.000000 1.76289000e+07
9690.000000 1.75594000e+07
9710.000000 1.74531000e+07
9730.000000 1.73202000e+07
9750.000000 1.71886000e+07
9770.000000 1.70713000e+07
9790.000000 1.69427000e+07
9810.000000 1.68126000e+07
9830.000000 1.66748000e+07
9850.000000 1.65625000e+07
9870.000000 1.64390000e+07
9890.000000 1.62863000e+07
9910.000000 1.61835000e+07
9930.000000 1.60461000e+07
9950.000000 1.59082000e+07
9970.000000 1.57509000e+07
9990.000000 1.55388000e+07
10025.000000 1.41335000e+07
10075.000000 1.34531000e+07
10125.000000 1.47898000e+07
10175.000000 1.46837000e+07
10225.000000 1.44724000e+07
10275.000000 1.42209000e+07
10325.000000 1.39669000e+07
10375.000000 1.37283000e+07
10425.000000 1.34936000e+07
10475.000000 1.32521000e+07
10525.000000 1.30187000e+07
10575.000000 1.28046000e+07
10625.000000 1.25920000e+07
10675.000000 1.23225000e+07
10725.000000 1.21532000e+07
10775.000000 1.19518000e+07
10825.000000 1.16924000e+07
10875.000000 1.13854000e+07
10925.000000 9.76767000e+06
10975.000000 1.04755000e+07
11025.000000 1.09107000e+07
11075.000000 1.08019000e+07
11125.000000 1.06500000e+07
11175.000000 1.04771000e+07
11225.000000 1.03095000e+07
11275.000000 1.00867000e+07
11325.000000 9.94287000e+06
11375.000000 9.81926000e+06
11425.000000 9.66250000e+06
11475.000000 9.51268000e+06
11525.000000 9.36310000e+06
11575.000000 9.21574000e+06
11625.000000 9.05579000e+06
11675.000000 8.91344000e+06
11725.000000 8.78990000e+06
11775.000000 8.62330000e+06
11825.000000 8.51632000e+06
11875.000000 8.38143000e+06
11925.000000 8.26388000e+06
11975.000000 8.13249000e+06
12025.000000 8.01341000e+06
12075.000000 7.89163000e+06
12125.000000 7.77210000e+06
12175.000000 7.65706000e+06
12225.000000 7.54212000e+06
12275.000000 7.42805000e+06
12325.000000 7.31880000e+06
12375.000000 7.21131000e+06
12425.000000 7.10702000e+06
12475.000000 6.99183000e+06
12525.000000 6.89937000e+06
12575.000000 6.79149000e+06
12625.000000 6.69762000e+06
12675.000000 6.59072000e+06
12725.000000 6.46620000e+06
12775.000000 6.19824000e+06
12825.000000 5.43768000e+06
12875.000000 6.07665000e+06
12925.000000 6.11226000e+06
12975.000000 6.05025000e+06
13025.000000 5.97413000e+06
13075.000000 5.89018000e+06
13125.000000 5.80778000e+06
13175.000000 5.71994000e+06
13225.000000 5.64769000e+06
13275.000000 5.56953000e+06
13325.000000 5.49280000e+06
13375.000000 5.41727000e+06
13425.000000 5.34250000e+06
13475.000000 5.26932000e+06
13525.000000 5.19624000e+06
13575.000000 5.12696000e+06
13625.000000 5.05754000e+06
13675.000000 4.98819000e+06
13725.000000 4.92111000e+06
13775.000000 4.85786000e+06
13825.000000 4.79302000e+06
13875.000000 4.72977000e+06
13925.000000 4.66653000e+06
13975.000000 4.60523000e+06
14025.000000 4.54506000e+06
14075.000000 4.48544000e+06
14125.000000 4.42655000e+06
14175.000000 4.36932000e+06
14225.000000 4.31278000e+06
14275.000000 4.25692000e+06
14325.000000 4.20192000e+06
14375.000000 4.14795000e+06
14425.000000 4.08828000e+06
14475.000000 4.04229000e+06
14525.000000 3.98879000e+06
14570.000000 3.94574000e+06
14620.000000 3.90117000e+06
14675.000000 3.84906000e+06
14725.000000 3.80108000e+06
14775.000000 3.75210000e+06
14825.000000 3.70832000e+06
14875.000000 3.66181000e+06
14925.000000 3.61871000e+06
14975.000000 3.57359000e+06
15025.000000 3.53065000e+06
15075.000000 3.48671000e+06
15125.000000 3.44492000e+06
15175.000000 3.40279000e+06
15225.000000 3.36130000e+06
15275.000000 3.31883000e+06
15325.000000 3.27651000e+06
15375.000000 3.23946000e+06
15425.000000 3.19047000e+06
15475.000000 3.16044000e+06
15525.000000 3.11902000e+06
15575.000000 3.06098000e+06
15625.000000 3.06302000e+06
15675.000000 2.99061000e+06
15725.000000 2.93537000e+06
15775.000000 2.96463000e+06
15825.000000 2.92230000e+06
15875.000000 2.77432000e+06
15925.000000 2.82571000e+06
15975.000000 2.84554000e+06
16050.000000 2.75993000e+06
16150.000000 2.63096000e+06
16250.000000 2.69098000e+06
16350.000000 2.56557000e+06
16450.000000 2.43452000e+06
16550.000000 2.52278000e+06
16650.000000 2.46974000e+06
16750.000000 2.33614000e+06
16850.000000 2.21230000e+06
16950.000000 2.30638000e+06
17050.000000 2.26593000e+06
17150.000000 2.21550000e+06
17250.000000 2.15153000e+06
17350.000000 1.94195000e+06
17450.000000 2.03655000e+06
17550.000000 2.02821000e+06
17650.000000 1.98872000e+06
17750.000000 1.94665000e+06
17850.000000 1.90622000e+06
17950.000000 1.86574000e+06
18050.000000 1.81321000e+06
18150.000000 1.64896000e+06
18250.000000 1.70322000e+06
18350.000000 1.71156000e+06
18450.000000 1.68199000e+06
18550.000000 1.64485000e+06
18650.000000 1.60018000e+06
18750.000000 1.45479000e+06
18850.000000 1.53365000e+06
18950.000000 1.51782000e+06
19050.000000 1.48967000e+06
19150.000000 1.46039000e+06
19250.000000 1.42920000e+06
19350.000000 1.38649000e+06
19450.000000 1.25795000e+06
19550.000000 1.33303000e+06
19650.000000 1.32223000e+06
19750.000000 1.29883000e+06
19850.000000 1.27421000e+06
19950.000000 1.25011000e+06
20050.000000 1.22652000e+06
20150.000000 1.20352000e+06
20250.000000 1.18100000e+06
20350.000000 1.15906000e+06
20450.000000 1.13766000e+06
20550.000000 1.11662000e+06
20650.000000 1.09620000e+06
20750.000000 1.07621000e+06
20850.000000 1.05673000e+06
20950.000000 1.03757000e+06
21050.000000 1.01889000e+06
21150.000000 1.00035000e+06
21250.000000 9.82615000e+05
21350.000000 9.65001000e+05
21450.000000 9.46690000e+05
21550.000000 9.21782000e+05
21650.000000 8.40950000e+05
21750.000000 8.83804000e+05
21850.000000 8.81572000e+05
21950.000000 8.68397000e+05
22050.000000 8.53487000e+05
22150.000000 8.38810000e+05
22250.000000 8.24591000e+05
22350.000000 8.10592000e+05
22450.000000 7.96883000e+05
22550.000000 7.83386000e+05
22650.000000 7.70315000e+05
22750.000000 7.57444000e+05
22850.000000 7.45345000e+05
22950.000000 7.32999000e+05
23050.000000 7.21051000e+05
23150.000000 7.09282000e+05
23250.000000 6.97757000e+05
23350.000000 6.86411000e+05
23450.000000 6.75342000e+05
23550.000000 6.64484000e+05
23650.000000 6.53845000e+05
23750.000000 6.43415000e+05
23850.000000 6.33182000e+05
23950.000000 6.23131000e+05
24050.000000 6.13121000e+05
24150.000000 6.03480000e+05
24250.000000 5.94119000e+05
24350.000000 5.84763000e+05
24450.000000 5.75471000e+05
24550.000000 5.66692000e+05
24650.000000 5.57534000e+05
24750.000000 5.48979000e+05
24850.000000 5.41055000e+05
24950.000000 5.30857000e+05
25050.000000 5.24789000e+05
25150.000000 5.16831000e+05
25250.000000 5.05359000e+05
25350.000000 5.00887000e+05
25450.000000 4.94783000e+05
25550.000000 4.85510000e+05
25650.000000 4.72691000e+05
25750.000000 4.71765000e+05
25850.000000 4.66453000e+05
25950.000000 4.59151000e+05
26050.000000 4.47605000e+05
26150.000000 4.31489000e+05
26250.000000 4.05808000e+05
26350.000000 4.26369000e+05
26450.000000 4.26711000e+05
26550.000000 4.21130000e+05
26650.000000 4.11811000e+05
26750.000000 3.92401000e+05
26850.000000 3.99993000e+05
26950.000000 3.98254000e+05
27050.000000 3.93451000e+05
27150.000000 3.88667000e+05
27250.000000 3.83070000e+05
27350.000000 3.76728000e+05
27450.000000 3.69029000e+05
27550.000000 3.48471000e+05
27650.000000 3.51563000e+05
27750.000000 3.55222000e+05
27850.000000 3.51908000e+05
27950.000000 3.47456000e+05
28050.000000 3.42694000e+05
28150.000000 3.38010000e+05
28250.000000 3.33394000e+05
28350.000000 3.28866000e+05
28450.000000 3.24152000e+05
28550.000000 3.18447000e+05
28650.000000 3.07925000e+05
28750.000000 2.92113000e+05
28850.000000 3.03648000e+05
28950.000000 3.02340000e+05
29050.000000 2.99284000e+05
29150.000000 2.95297000e+05
29250.000000 2.91445000e+05
29350.000000 2.87608000e+05
29450.000000 2.83856000e+05
29550.000000 2.80169000e+05
29650.000000 2.76525000e+05
29750.000000 2.72946000e+05
29850.000000 2.69424000e+05
29950.000000 2.65957000e+05
30050.000000 2.62525000e+05
30150.000000 2.58615000e+05
30250.000000 2.53585000e+05
30350.000000 2.38739000e+05
30450.000000 2.39681000e+05
30550.000000 2.44532000e+05
30650.000000 2.42835000e+05
30750.000000 2.40131000e+05
30850.000000 2.37013000e+05
30950.000000 2.34186000e+05
31050.000000 2.31277000e+05
31150.000000 2.28412000e+05
31250.000000 2.25583000e+05
31350.000000 2.22816000e+05
31450.000000 2.20072000e+05
31550.000000 2.17389000e+05
31650.000000 2.14731000e+05
31750.000000 2.12125000e+05
31850.000000 2.09559000e+05
31950.000000 2.07024000e+05
32100.000000 2.03298000e+05
32300.000000 1.98459000e+05
32500.000000 1.93759000e+05
32700.000000 1.88726000e+05
32900.000000 1.76338000e+05
33100.000000 1.77473000e+05
33300.000000 1.75830000e+05
33500.000000 1.71975000e+05
33700.000000 1.68078000e+05
33900.000000 1.64298000e+05
34100.000000 1.60604000e+05
34300.000000 1.57014000e+05
34500.000000 1.53528000e+05
34700.000000 1.50124000e+05
34900.000000 1.46815000e+05
35100.000000 1.43602000e+05
35300.000000 1.40471000e+05
35500.000000 1.37422000e+05
35700.000000 1.34450000e+05
35900.000000 1.31577000e+05
36100.000000 1.28738000e+05
36300.000000 1.26031000e+05
36500.000000 1.23305000e+05
36700.000000 1.20776000e+05
36900.000000 1.18065000e+05
37100.000000 1.15591000e+05
37300.000000 1.10667000e+05
37500.000000 1.07384000e+05
37700.000000 1.08614000e+05
37900.000000 1.06616000e+05
38100.000000 1.04127000e+05
38300.000000 1.02079000e+05
38500.000000 1.00381000e+05
38700.000000 9.83975000e+04
38900.000000 9.62083000e+04
39100.000000 9.36519000e+04
39300.000000 9.25865000e+04
39500.000000 9.09004000e+04
39700.000000 8.91574000e+04
39900.000000 8.73477000e+04
40100.000000 8.49088000e+04
40300.000000 8.29362000e+04
40500.000000 7.91425000e+04
40700.000000 8.05680000e+04
40900.000000 7.94600000e+04
41100.000000 7.80418000e+04
41300.000000 7.65302000e+04
41500.000000 7.47334000e+04
41700.000000 7.17369000e+04
41900.000000 7.19185000e+04
42100.000000 7.10030000e+04
42300.000000 6.97415000e+04
42500.000000 6.84672000e+04
42700.000000 6.72220000e+04
42900.000000 6.60030000e+04
43100.000000 6.48139000e+04
43300.000000 6.36479000e+04
43500.000000 6.22835000e+04
43700.000000 5.95270000e+04
43900.000000 5.94491000e+04
44100.000000 5.91533000e+04
44300.000000 5.82076000e+04
44500.000000 5.71891000e+04
44700.000000 5.62486000e+04
44900.000000 5.52123000e+04
45100.000000 5.42606000e+04
45300.000000 5.33236000e+04
45500.000000 5.24118000e+04
45700.000000 5.15122000e+04
45900.000000 5.06243000e+04
46100.000000 4.97269000e+04
46300.000000 4.86849000e+04
46500.000000 4.58260000e+04
46700.000000 4.53169000e+04
46900.000000 4.60548000e+04
47100.000000 4.56866000e+04
47300.000000 4.49996000e+04
47500.000000 4.42758000e+04
47700.000000 4.35642000e+04
47900.000000 4.28613000e+04
48100.000000 4.21686000e+04
48300.000000 4.14906000e+04
48500.000000 4.08240000e+04
48700.000000 4.01717000e+04
48900.000000 3.95303000e+04
49100.000000 3.89042000e+04
49300.000000 3.82869000e+04
49500.000000 3.76860000e+04
49700.000000 3.70890000e+04
49900.000000 3.65108000e+04
50100.000000 3.59392000e+04
50300.000000 3.53756000e+04
50500.000000 3.48300000e+04
50700.000000 3.42802000e+04
50900.000000 3.37046000e+04
51100.000000 3.29421000e+04
51300.000000 3.13072000e+04
51500.000000 3.20218000e+04
51700.000000 3.17013000e+04
51900.000000 3.12728000e+04
52100.000000 3.08444000e+04
52300.000000 3.03955000e+04
52500.000000 2.98896000e+04
52700.000000 2.94312000e+04
52900.000000 2.90556000e+04
53100.000000 2.86568000e+04
53300.000000 2.82366000e+04
53500.000000 2.78008000e+04
53700.000000 2.73224000e+04
53900.000000 2.69268000e+04
54100.000000 2.66135000e+04
54300.000000 2.62453000e+04
54500.000000 2.58678000e+04
54700.000000 2.54977000e+04
54900.000000 2.51198000e+04
55100.000000 2.46884000e+04
55300.000000 2.42834000e+04
55500.000000 2.40341000e+04
55700.000000 2.37428000e+04
55900.000000 2.34105000e+04
56100.000000 2.30835000e+04
56300.000000 2.27629000e+04
56500.000000 2.24462000e+04
56700.000000 2.21358000e+04
56900.000000 2.17571000e+04
57100.000000 2.13230000e+04
57300.000000 2.11491000e+04
57500.000000 2.09362000e+04
57700.000000 2.06634000e+04
57900.000000 2.03838000e+04
58100.000000 2.01087000e+04
58300.000000 1.98258000e+04
58500.000000 1.95451000e+04
58700.000000 1.92569000e+04
58900.000000 1.88332000e+04
59100.000000 1.78873000e+04
59300.000000 1.83646000e+04
59500.000000 1.80285000e+04
59700.000000 1.79005000e+04
59900.000000 1.77844000e+04
60100.000000 1.75786000e+04
60300.000000 1.73575000e+04
60500.000000 1.71678000e+04
60700.000000 1.69465000e+04
60900.000000 1.67277000e+04
61100.000000 1.65124000e+04
61300.000000 1.63016000e+04
61500.000000 1.60931000e+04
61700.000000 1.58880000e+04
61900.000000 1.56872000e+04
62100.000000 1.54886000e+04
62300.000000 1.52709000e+04
62500.000000 1.50547000e+04
62700.000000 1.47978000e+04
62900.000000 1.43354000e+04
63100.000000 1.43979000e+04
63300.000000 1.43118000e+04
63500.000000 1.41620000e+04
63700.000000 1.40082000e+04
63900.000000 1.38367000e+04
64200.000000 1.35825000e+04
64600.000000 1.32541000e+04
65000.000000 1.29345000e+04
65400.000000 1.26253000e+04
65800.000000 1.23243000e+04
66200.000000 1.20323000e+04
66600.000000 1.17498000e+04
67000.000000 1.14680000e+04
67400.000000 1.11383000e+04
67800.000000 1.06950000e+04
68200.000000 1.06647000e+04
68600.000000 1.04526000e+04
69000.000000 1.02155000e+04
69400.000000 9.98462000e+03
69800.000000 9.76071000e+03
70200.000000 9.54277000e+03
70600.000000 9.33064000e+03
71000.000000 9.12416000e+03
71400.000000 8.92319000e+03
71800.000000 8.72905000e+03
72200.000000 8.53937000e+03
72600.000000 8.34332000e+03
73000.000000 8.17154000e+03
73400.000000 8.00021000e+03
73800.000000 7.82103000e+03
74200.000000 7.62746000e+03
74600.000000 7.23922000e+03
75000.000000 7.01420000e+03
75400.000000 7.12486000e+03
75800.000000 7.02429000e+03
76200.000000 6.89623000e+03
76600.000000 6.75698000e+03
77000.000000 6.61961000e+03
77400.000000 6.47591000e+03
77800.000000 6.32297000e+03
78200.000000 6.21779000e+03
78600.000000 6.10223000e+03
79000.000000 5.98071000e+03
79400.000000 5.86234000e+03
79800.000000 5.74686000e+03
80200.000000 5.63421000e+03
80600.000000 5.52432000e+03
81000.000000 5.41254000e+03
81400.000000 5.27817000e+03
81800.000000 5.18827000e+03
82200.000000 5.11047000e+03
82600.000000 5.01322000e+03
83000.000000 4.91821000e+03
83400.000000 4.82538000e+03
83800.000000 4.73473000e+03
84200.000000 4.64623000e+03
84600.000000 4.55981000e+03
85000.000000 4.47534000e+03
85400.000000 4.39281000e+03
85800.000000 4.31213000e+03
86200.000000 4.22282000e+03
86600.000000 4.10348000e+03
87000.000000 4.06026000e+03
87400.000000 3.92597000e+03
87800.000000 3.85597000e+03
88200.000000 3.85924000e+03
88600.000000 3.79654000e+03
89000.000000 3.72934000e+03
89400.000000 3.66357000e+03
89800.000000 3.59928000e+03
90200.000000 3.53636000e+03
90600.000000 3.47482000e+03
91000.000000 3.41459000e+03
91400.000000 3.35568000e+03
91800.000000 3.29802000e+03
92200.000000 3.24155000e+03
92600.000000 3.18632000e+03
93000.000000 3.13175000e+03
93400.000000 3.06965000e+03
93800.000000 2.97155000e+03
94200.000000 2.95219000e+03
94600.000000 2.92231000e+03
95000.000000 2.87679000e+03
95400.000000 2.82987000e+03
95800.000000 2.78429000e+03
96200.000000 2.73863000e+03
96600.000000 2.69387000e+03
97000.000000 2.65000000e+03
97400.000000 2.60703000e+03
97800.000000 2.56491000e+03
98200.000000 2.52273000e+03
98600.000000 2.48053000e+03
99000.000000 2.44361000e+03
99400.000000 2.40477000e+03
99800.000000 2.36669000e+03
100200.000000 2.32937000e+03
200000.000000 1.47490000e+02
400000.000000 9.09613000e+00
600000.000000 1.77429000e+00
800000.000000 5.55576000e-01
1000000.000000 2.25601000e-01
1200000.000000 1.07996000e-01
1400000.000000 5.79221000e-02
1600000.000000 3.37629000e-02
