# Kurucz ODFNEW /NOVER, alpha: 0.0 (2003)
# teff = 10000 K (value for the effective temperature for the model. Temperatures are given in K)
# logg = 5 log(cm/s2) (value for Log(G) for the model.)
# lh = 1.25  (l/Hp where l is the  mixing length of the convective element and Hp is the pressure scale height)
# meta = 0.5  (value for the Metallicity for the model.)
# vtur = 2 km/s (Microturbulence velocity)
# alpha = 0  (Alpha)
#
# column 1: WAVELENGTH (ANGSTROM), Wavelength in Angstrom
# column 2: FLUX (ERG/CM2/S/A), Flux in erg/cm2/s/A
268.500000 4.20028000e-23
273.500000 1.88646000e-22
278.500000 7.16086000e-22
284.000000 2.90478000e-21
290.000000 1.25700000e-20
296.000000 5.13351000e-20
301.000000 1.60162000e-19
308.000000 7.45167000e-19
318.000000 6.02810000e-18
328.000000 4.34354000e-17
338.000000 2.82076000e-16
348.000000 1.66399000e-15
357.000000 7.60352000e-15
366.000000 3.24853000e-14
375.000000 1.29975000e-13
385.000000 5.64592000e-13
395.000000 2.28481000e-12
405.000000 8.66552000e-12
414.000000 2.72421000e-11
422.000000 7.25010000e-11
430.000000 1.86105000e-10
441.000000 6.43738000e-10
451.000000 1.88679000e-09
460.000000 4.77375000e-09
470.000000 1.28286000e-08
480.000000 3.30717000e-08
490.000000 8.19704000e-08
500.000000 1.95613000e-07
506.000000 3.37199000e-07
512.000000 5.69555000e-07
520.000000 1.06928000e-06
530.000000 2.28800000e-06
540.000000 4.75291000e-06
550.000000 9.63045000e-06
560.000000 1.89998000e-05
570.000000 3.65795000e-05
580.000000 6.87744000e-05
590.000000 1.26569000e-04
600.000000 2.27921000e-04
610.000000 4.02486000e-04
620.000000 6.96900000e-04
630.000000 1.18477000e-03
640.000000 1.97939000e-03
650.000000 3.25209000e-03
658.000000 4.78260000e-03
665.000000 6.64794000e-03
675.000000 1.05083000e-02
685.000000 1.63722000e-02
695.000000 2.51670000e-02
705.000000 3.81759000e-02
716.000000 5.95088000e-02
726.000000 8.79719000e-02
735.000000 1.23851000e-01
745.000000 1.79213000e-01
755.000000 2.56568000e-01
765.000000 3.63581000e-01
775.000000 5.10226000e-01
785.000000 7.09289000e-01
795.000000 9.61635000e-01
805.000000 1.33431000e+00
815.000000 1.80689000e+00
825.000000 2.42723000e+00
835.000000 3.23515000e+00
845.000000 4.27984000e+00
855.000000 5.62086000e+00
865.000000 7.33092000e+00
875.000000 9.49764000e+00
885.000000 1.22246000e+01
895.000000 1.56359000e+01
905.000000 1.98787000e+01
915.000000 1.68029000e+02
925.000000 9.93531000e+02
935.000000 1.46051000e+03
945.000000 2.07811000e+03
955.000000 2.85786000e+03
965.000000 3.61176000e+03
975.000000 3.56548000e+03
985.000000 4.82451000e+03
995.000000 5.29158000e+03
1005.000000 6.62244000e+03
1015.000000 7.71030000e+03
1025.000000 7.15647000e+03
1035.000000 1.00415000e+04
1045.000000 1.17263000e+04
1055.000000 1.34340000e+04
1065.000000 1.48506000e+04
1075.000000 1.75190000e+04
1085.000000 1.99500000e+04
1095.000000 2.18021000e+04
1105.000000 3.88940000e+04
1115.000000 9.07290000e+04
1125.000000 1.18732000e+05
1135.000000 1.54292000e+05
1145.000000 1.75364000e+05
1155.000000 1.88635000e+05
1165.000000 2.35418000e+05
1175.000000 2.61365000e+05
1185.000000 2.64194000e+05
1195.000000 1.58509000e+05
1205.000000 1.89586000e+05
1215.000000 4.86075000e+04
1225.000000 1.98863000e+05
1235.000000 3.61706000e+05
1245.000000 5.54245000e+05
1255.000000 2.11348000e+06
1265.000000 3.35642000e+06
1275.000000 8.10943000e+06
1285.000000 1.76758000e+07
1295.000000 2.03402000e+07
1305.000000 7.95146000e+06
1315.000000 2.19756000e+07
1325.000000 2.80955000e+07
1335.000000 2.66489000e+07
1345.000000 3.60897000e+07
1355.000000 3.23930000e+07
1365.000000 2.99042000e+07
1375.000000 3.40957000e+07
1385.000000 2.72616000e+07
1395.000000 3.06045000e+07
1405.000000 3.47850000e+07
1415.000000 3.67787000e+07
1425.000000 4.45424000e+07
1435.000000 3.58851000e+07
1442.000000 4.75984000e+07
1447.000000 5.11078000e+07
1455.000000 5.18571000e+07
1465.000000 4.74952000e+07
1475.000000 4.74785000e+07
1485.000000 5.20209000e+07
1495.000000 6.05811000e+07
1505.000000 6.15368000e+07
1512.000000 5.07004000e+07
1517.000000 6.09747000e+07
1525.000000 5.71730000e+07
1535.000000 6.30098000e+07
1545.000000 9.40677000e+07
1555.000000 5.57189000e+07
1565.000000 4.93702000e+07
1575.000000 8.14867000e+07
1585.000000 1.10912000e+08
1595.000000 1.26299000e+08
1605.000000 1.27022000e+08
1615.000000 1.21813000e+08
1625.000000 9.44868000e+07
1635.000000 9.99059000e+07
1645.000000 1.35730000e+08
1655.000000 9.25750000e+07
1665.000000 1.28534000e+08
1672.000000 7.62735000e+07
1677.000000 1.25169000e+08
1685.000000 1.48053000e+08
1695.000000 1.12645000e+08
1705.000000 1.14112000e+08
1715.000000 1.19034000e+08
1725.000000 1.16659000e+08
1735.000000 1.32772000e+08
1745.000000 1.29337000e+08
1755.000000 1.50091000e+08
1765.000000 1.11994000e+08
1775.000000 1.40462000e+08
1785.000000 1.39496000e+08
1795.000000 1.61448000e+08
1805.000000 1.45533000e+08
1815.000000 1.45364000e+08
1825.000000 1.36513000e+08
1835.000000 1.29301000e+08
1845.000000 1.14811000e+08
1855.000000 1.27426000e+08
1865.000000 1.31998000e+08
1875.000000 1.36488000e+08
1885.000000 1.34471000e+08
1895.000000 1.37462000e+08
1905.000000 1.26067000e+08
1915.000000 1.37318000e+08
1925.000000 1.38324000e+08
1935.000000 1.24050000e+08
1945.000000 1.40932000e+08
1955.000000 1.38754000e+08
1967.000000 1.48293000e+08
1976.000000 1.46067000e+08
1984.000000 1.39321000e+08
1995.000000 1.33927000e+08
2005.000000 1.28809000e+08
2015.000000 1.21836000e+08
2025.000000 1.21242000e+08
2035.000000 1.28132000e+08
2045.000000 1.36413000e+08
2055.000000 1.28246000e+08
2065.000000 1.25328000e+08
2074.000000 1.34945000e+08
2078.000000 1.39844000e+08
2085.000000 1.35830000e+08
2095.000000 1.29327000e+08
2105.000000 1.22251000e+08
2115.000000 1.22639000e+08
2125.000000 1.26777000e+08
2135.000000 1.03542000e+08
2145.000000 1.19069000e+08
2155.000000 1.20003000e+08
2165.000000 1.11494000e+08
2175.000000 1.09484000e+08
2185.000000 1.12011000e+08
2195.000000 1.18562000e+08
2205.000000 1.12298000e+08
2215.000000 1.01242000e+08
2225.000000 9.90635000e+07
2235.000000 1.12863000e+08
2245.000000 9.97954000e+07
2255.000000 9.51635000e+07
2265.000000 9.66896000e+07
2275.000000 1.02924000e+08
2285.000000 1.07444000e+08
2295.000000 9.99290000e+07
2305.000000 9.71777000e+07
2315.000000 9.29869000e+07
2325.000000 9.13036000e+07
2335.000000 8.43046000e+07
2345.000000 7.64759000e+07
2355.000000 9.17094000e+07
2365.000000 7.72557000e+07
2375.000000 8.30182000e+07
2385.000000 7.11969000e+07
2395.000000 8.03568000e+07
2405.000000 7.57559000e+07
2415.000000 7.82820000e+07
2425.000000 8.60043000e+07
2435.000000 8.13283000e+07
2445.000000 8.79305000e+07
2455.000000 8.46716000e+07
2465.000000 8.47920000e+07
2475.000000 8.01475000e+07
2485.000000 8.43782000e+07
2495.000000 8.02113000e+07
2505.000000 9.22758000e+07
2513.000000 7.93765000e+07
2518.000000 8.12006000e+07
2525.000000 7.44876000e+07
2535.000000 7.36021000e+07
2545.000000 7.15300000e+07
2555.000000 7.75155000e+07
2565.000000 7.72215000e+07
2575.000000 8.52760000e+07
2585.000000 8.57000000e+07
2595.000000 8.32449000e+07
2605.000000 7.92650000e+07
2615.000000 7.75305000e+07
2625.000000 8.50763000e+07
2635.000000 8.50177000e+07
2645.000000 9.69014000e+07
2655.000000 9.57346000e+07
2665.000000 8.41170000e+07
2675.000000 8.99333000e+07
2685.000000 8.85435000e+07
2695.000000 8.43917000e+07
2705.000000 8.72699000e+07
2715.000000 8.17168000e+07
2725.000000 8.28735000e+07
2735.000000 8.99641000e+07
2745.000000 7.36407000e+07
2755.000000 7.50379000e+07
2765.000000 7.75759000e+07
2775.000000 8.46692000e+07
2785.000000 8.03125000e+07
2795.000000 5.30564000e+07
2805.000000 6.30306000e+07
2815.000000 8.63544000e+07
2825.000000 8.95347000e+07
2835.000000 8.50934000e+07
2845.000000 8.12195000e+07
2855.000000 7.77028000e+07
2865.000000 8.51198000e+07
2875.000000 8.21814000e+07
2885.000000 8.35907000e+07
2895.000000 7.94226000e+07
2910.000000 8.94966000e+07
2930.000000 8.48123000e+07
2950.000000 8.46142000e+07
2970.000000 8.63400000e+07
2990.000000 8.65330000e+07
3010.000000 8.77321000e+07
3030.000000 8.61469000e+07
3050.000000 8.51180000e+07
3070.000000 8.43483000e+07
3090.000000 8.51933000e+07
3110.000000 8.25392000e+07
3130.000000 8.21799000e+07
3150.000000 8.33721000e+07
3170.000000 8.24959000e+07
3190.000000 7.85919000e+07
3210.000000 8.02224000e+07
3230.000000 7.79140000e+07
3250.000000 7.89946000e+07
3270.000000 7.92503000e+07
3290.000000 7.95426000e+07
3310.000000 7.97121000e+07
3330.000000 7.76975000e+07
3350.000000 7.63429000e+07
3370.000000 7.59105000e+07
3390.000000 7.52764000e+07
3410.000000 7.61098000e+07
3430.000000 7.56571000e+07
3450.000000 7.48300000e+07
3470.000000 7.37602000e+07
3490.000000 7.32575000e+07
3510.000000 7.39417000e+07
3530.000000 7.36111000e+07
3550.000000 7.36151000e+07
3570.000000 7.17166000e+07
3590.000000 7.11127000e+07
3610.000000 7.07287000e+07
3630.000000 7.04776000e+07
3640.000000 6.98662000e+07
3650.000000 7.12400000e+07
3670.000000 7.09299000e+07
3690.000000 6.94355000e+07
3710.000000 6.74818000e+07
3730.000000 6.34593000e+07
3750.000000 7.02210000e+07
3770.000000 7.25421000e+07
3790.000000 8.78216000e+07
3810.000000 1.03408000e+08
3830.000000 8.22421000e+07
3850.000000 1.15638000e+08
3870.000000 1.35062000e+08
3890.000000 7.22807000e+07
3910.000000 1.36329000e+08
3930.000000 1.42902000e+08
3950.000000 1.36501000e+08
3970.000000 6.90480000e+07
3990.000000 1.30101000e+08
4010.000000 1.58181000e+08
4030.000000 1.60396000e+08
4050.000000 1.58044000e+08
4070.000000 1.45002000e+08
4090.000000 1.01406000e+08
4110.000000 7.64873000e+07
4130.000000 1.32882000e+08
4150.000000 1.47756000e+08
4170.000000 1.48979000e+08
4190.000000 1.47590000e+08
4210.000000 1.46578000e+08
4230.000000 1.42812000e+08
4250.000000 1.41294000e+08
4270.000000 1.35330000e+08
4290.000000 1.34634000e+08
4310.000000 1.20108000e+08
4330.000000 8.25638000e+07
4350.000000 7.01695000e+07
4370.000000 1.15483000e+08
4390.000000 1.23736000e+08
4410.000000 1.25119000e+08
4430.000000 1.23046000e+08
4450.000000 1.25431000e+08
4470.000000 1.23687000e+08
4490.000000 1.19766000e+08
4510.000000 1.21751000e+08
4530.000000 1.19100000e+08
4550.000000 1.16408000e+08
4570.000000 1.17466000e+08
4590.000000 1.14517000e+08
4610.000000 1.15188000e+08
4630.000000 1.11657000e+08
4650.000000 1.11992000e+08
4670.000000 1.10378000e+08
4690.000000 1.06392000e+08
4710.000000 1.02194000e+08
4730.000000 1.05807000e+08
4750.000000 1.04414000e+08
4770.000000 1.02651000e+08
4790.000000 1.00581000e+08
4810.000000 9.65446000e+07
4830.000000 8.82635000e+07
4850.000000 6.36848000e+07
4870.000000 5.17054000e+07
4890.000000 8.12646000e+07
4910.000000 8.98127000e+07
4930.000000 9.04697000e+07
4950.000000 9.12945000e+07
4970.000000 9.13330000e+07
4990.000000 8.95795000e+07
5010.000000 8.70091000e+07
5030.000000 8.71822000e+07
5050.000000 8.52359000e+07
5070.000000 8.59439000e+07
5090.000000 8.49310000e+07
5110.000000 8.39746000e+07
5130.000000 8.28774000e+07
5150.000000 8.12477000e+07
5170.000000 7.92968000e+07
5190.000000 7.87023000e+07
5210.000000 7.85419000e+07
5230.000000 7.69259000e+07
5250.000000 7.73209000e+07
5270.000000 7.44102000e+07
5290.000000 7.55462000e+07
5310.000000 7.38639000e+07
5330.000000 7.22988000e+07
5350.000000 7.30452000e+07
5370.000000 7.19521000e+07
5390.000000 7.11598000e+07
5410.000000 6.96834000e+07
5430.000000 6.94815000e+07
5450.000000 6.91069000e+07
5470.000000 6.82575000e+07
5490.000000 6.75786000e+07
5510.000000 6.68792000e+07
5530.000000 6.59627000e+07
5550.000000 6.54649000e+07
5570.000000 6.46738000e+07
5590.000000 6.39792000e+07
5610.000000 6.34891000e+07
5630.000000 6.28950000e+07
5650.000000 6.20587000e+07
5670.000000 6.13041000e+07
5690.000000 6.08018000e+07
5710.000000 6.01906000e+07
5730.000000 5.97057000e+07
5750.000000 5.88604000e+07
5770.000000 5.83127000e+07
5790.000000 5.76308000e+07
5810.000000 5.70862000e+07
5830.000000 5.65223000e+07
5850.000000 5.59218000e+07
5870.000000 5.52604000e+07
5890.000000 5.41941000e+07
5910.000000 5.41461000e+07
5930.000000 5.36261000e+07
5950.000000 5.28789000e+07
5970.000000 5.24438000e+07
5990.000000 5.17466000e+07
6010.000000 5.11764000e+07
6030.000000 5.08489000e+07
6050.000000 5.02652000e+07
6070.000000 4.98599000e+07
6090.000000 4.93339000e+07
6110.000000 4.87864000e+07
6130.000000 4.81899000e+07
6150.000000 4.68520000e+07
6170.000000 4.70930000e+07
6190.000000 4.69052000e+07
6210.000000 4.64102000e+07
6230.000000 4.58729000e+07
6250.000000 4.49925000e+07
6270.000000 4.50643000e+07
6290.000000 4.46239000e+07
6310.000000 4.40330000e+07
6330.000000 4.36744000e+07
6350.000000 4.26027000e+07
6370.000000 4.24340000e+07
6390.000000 4.23035000e+07
6410.000000 4.17392000e+07
6430.000000 4.14007000e+07
6450.000000 4.04561000e+07
6470.000000 4.03927000e+07
6490.000000 3.95386000e+07
6510.000000 3.86373000e+07
6530.000000 3.64565000e+07
6550.000000 3.02964000e+07
6570.000000 2.46426000e+07
6590.000000 3.36495000e+07
6610.000000 3.63493000e+07
6630.000000 3.69548000e+07
6650.000000 3.69620000e+07
6670.000000 3.67509000e+07
6690.000000 3.65390000e+07
6710.000000 3.62646000e+07
6730.000000 3.58698000e+07
6750.000000 3.55641000e+07
6770.000000 3.53674000e+07
6790.000000 3.50262000e+07
6810.000000 3.47168000e+07
6830.000000 3.43385000e+07
6850.000000 3.40532000e+07
6870.000000 3.37642000e+07
6890.000000 3.34637000e+07
6910.000000 3.31464000e+07
6930.000000 3.28173000e+07
6950.000000 3.25398000e+07
6970.000000 3.22347000e+07
6990.000000 3.19734000e+07
7010.000000 3.14799000e+07
7030.000000 3.13422000e+07
7050.000000 3.10563000e+07
7070.000000 3.08258000e+07
7090.000000 3.05577000e+07
7110.000000 2.98263000e+07
7130.000000 2.98993000e+07
7150.000000 2.96417000e+07
7170.000000 2.94304000e+07
7190.000000 2.91685000e+07
7210.000000 2.89337000e+07
7230.000000 2.86607000e+07
7250.000000 2.83143000e+07
7270.000000 2.81886000e+07
7290.000000 2.78832000e+07
7310.000000 2.76688000e+07
7330.000000 2.74402000e+07
7350.000000 2.72304000e+07
7370.000000 2.69989000e+07
7390.000000 2.67281000e+07
7410.000000 2.64502000e+07
7430.000000 2.60657000e+07
7450.000000 2.59463000e+07
7470.000000 2.55834000e+07
7490.000000 2.54839000e+07
7510.000000 2.53363000e+07
7530.000000 2.51607000e+07
7550.000000 2.49807000e+07
7570.000000 2.47614000e+07
7590.000000 2.45579000e+07
7610.000000 2.43567000e+07
7630.000000 2.41393000e+07
7650.000000 2.39154000e+07
7670.000000 2.36723000e+07
7690.000000 2.34946000e+07
7710.000000 2.33044000e+07
7730.000000 2.31424000e+07
7750.000000 2.29396000e+07
7770.000000 2.21784000e+07
7790.000000 2.25793000e+07
7810.000000 2.23934000e+07
7830.000000 2.21587000e+07
7850.000000 2.19090000e+07
7870.000000 2.16512000e+07
7890.000000 2.13975000e+07
7910.000000 2.13515000e+07
7930.000000 2.12409000e+07
7950.000000 2.09017000e+07
7970.000000 2.09648000e+07
7990.000000 2.04593000e+07
8010.000000 2.06068000e+07
8030.000000 2.04172000e+07
8050.000000 2.02781000e+07
8070.000000 2.00979000e+07
8090.000000 1.99428000e+07
8110.000000 1.97941000e+07
8130.000000 1.96558000e+07
8150.000000 1.95016000e+07
8170.000000 1.93504000e+07
8190.000000 1.89842000e+07
8210.000000 1.88689000e+07
8230.000000 1.86727000e+07
8250.000000 1.86409000e+07
8270.000000 1.87029000e+07
8290.000000 1.85267000e+07
8310.000000 1.84076000e+07
8330.000000 1.81500000e+07
8350.000000 1.81420000e+07
8370.000000 1.80350000e+07
8390.000000 1.78870000e+07
8410.000000 1.77568000e+07
8430.000000 1.75915000e+07
8450.000000 1.71738000e+07
8470.000000 1.72871000e+07
8490.000000 1.71577000e+07
8510.000000 1.67187000e+07
8530.000000 1.69039000e+07
8550.000000 1.59602000e+07
8570.000000 1.67424000e+07
8590.000000 1.60871000e+07
8610.000000 1.58864000e+07
8630.000000 1.64968000e+07
8650.000000 1.58793000e+07
8670.000000 1.42314000e+07
8690.000000 1.58198000e+07
8710.000000 1.63798000e+07
8730.000000 1.56044000e+07
8750.000000 1.31812000e+07
8770.000000 1.48697000e+07
8790.000000 1.61810000e+07
8810.000000 1.63358000e+07
8830.000000 1.56434000e+07
8850.000000 1.37546000e+07
8870.000000 1.21336000e+07
8890.000000 1.47523000e+07
8910.000000 1.57738000e+07
8930.000000 1.60490000e+07
8950.000000 1.61170000e+07
8970.000000 1.55761000e+07
8990.000000 1.43425000e+07
9010.000000 1.15562000e+07
9030.000000 1.23898000e+07
9050.000000 1.44275000e+07
9070.000000 1.49378000e+07
9090.000000 1.50463000e+07
9110.000000 1.53920000e+07
9130.000000 1.53820000e+07
9150.000000 1.52586000e+07
9170.000000 1.48512000e+07
9190.000000 1.40747000e+07
9210.000000 1.25986000e+07
9230.000000 1.00699000e+07
9250.000000 1.20589000e+07
9270.000000 1.32511000e+07
9290.000000 1.41880000e+07
9310.000000 1.44049000e+07
9330.000000 1.44016000e+07
9350.000000 1.43948000e+07
9370.000000 1.43342000e+07
9390.000000 1.41079000e+07
9410.000000 1.36919000e+07
9430.000000 1.38948000e+07
9450.000000 1.37749000e+07
9470.000000 1.35513000e+07
9490.000000 1.31705000e+07
9510.000000 1.24595000e+07
9530.000000 1.09948000e+07
9550.000000 9.03341000e+06
9570.000000 1.11100000e+07
9590.000000 1.22381000e+07
9610.000000 1.26131000e+07
9630.000000 1.25600000e+07
9650.000000 1.28235000e+07
9670.000000 1.26819000e+07
9690.000000 1.26757000e+07
9710.000000 1.27227000e+07
9730.000000 1.26250000e+07
9750.000000 1.25166000e+07
9770.000000 1.24737000e+07
9790.000000 1.23819000e+07
9810.000000 1.22833000e+07
9830.000000 1.21418000e+07
9850.000000 1.20425000e+07
9870.000000 1.19434000e+07
9890.000000 1.17550000e+07
9910.000000 1.17505000e+07
9930.000000 1.16463000e+07
9950.000000 1.15215000e+07
9970.000000 1.13636000e+07
9990.000000 1.10727000e+07
10025.000000 9.63297000e+06
10075.000000 9.11635000e+06
10125.000000 1.05505000e+07
10175.000000 1.07098000e+07
10225.000000 1.06233000e+07
10275.000000 1.04599000e+07
10325.000000 1.02849000e+07
10375.000000 1.01168000e+07
10425.000000 9.94923000e+06
10475.000000 9.70032000e+06
10525.000000 9.55770000e+06
10575.000000 9.42340000e+06
10625.000000 9.28820000e+06
10675.000000 8.96040000e+06
10725.000000 8.90816000e+06
10775.000000 8.76143000e+06
10825.000000 8.55883000e+06
10875.000000 8.15412000e+06
10925.000000 6.65456000e+06
10975.000000 7.28308000e+06
11025.000000 7.94181000e+06
11075.000000 7.97561000e+06
11125.000000 7.88125000e+06
11175.000000 7.77709000e+06
11225.000000 7.67388000e+06
11275.000000 7.41305000e+06
11325.000000 7.31807000e+06
11375.000000 7.29260000e+06
11425.000000 7.16224000e+06
11475.000000 7.09853000e+06
11525.000000 6.99708000e+06
11575.000000 6.88502000e+06
11625.000000 6.71581000e+06
11675.000000 6.57964000e+06
11725.000000 6.57900000e+06
11775.000000 6.36783000e+06
11825.000000 6.33403000e+06
11875.000000 6.21134000e+06
11925.000000 6.19936000e+06
11975.000000 6.06442000e+06
12025.000000 5.99794000e+06
12075.000000 5.89644000e+06
12125.000000 5.81255000e+06
12175.000000 5.74406000e+06
12225.000000 5.65356000e+06
12275.000000 5.55960000e+06
12325.000000 5.48482000e+06
12375.000000 5.41377000e+06
12425.000000 5.35003000e+06
12475.000000 5.24308000e+06
12525.000000 5.18522000e+06
12575.000000 5.06640000e+06
12625.000000 5.00720000e+06
12675.000000 4.93354000e+06
12725.000000 4.80039000e+06
12775.000000 4.46834000e+06
12825.000000 3.79064000e+06
12875.000000 4.40897000e+06
12925.000000 4.55262000e+06
12975.000000 4.54222000e+06
13025.000000 4.49986000e+06
13075.000000 4.44722000e+06
13125.000000 4.39197000e+06
13175.000000 4.31377000e+06
13225.000000 4.27755000e+06
13275.000000 4.21953000e+06
13325.000000 4.16394000e+06
13375.000000 4.10781000e+06
13425.000000 4.05051000e+06
13475.000000 3.99561000e+06
13525.000000 3.93297000e+06
13575.000000 3.88319000e+06
13625.000000 3.83689000e+06
13675.000000 3.78189000e+06
13725.000000 3.71718000e+06
13775.000000 3.68608000e+06
13825.000000 3.63975000e+06
13875.000000 3.59870000e+06
13925.000000 3.54104000e+06
13975.000000 3.50205000e+06
14025.000000 3.45931000e+06
14075.000000 3.41633000e+06
14125.000000 3.36972000e+06
14175.000000 3.32818000e+06
14225.000000 3.28509000e+06
14275.000000 3.24326000e+06
14325.000000 3.20266000e+06
14375.000000 3.16474000e+06
14425.000000 3.08255000e+06
14475.000000 3.08359000e+06
14525.000000 3.02525000e+06
14570.000000 3.01121000e+06
14620.000000 2.96950000e+06
14675.000000 2.93749000e+06
14725.000000 2.89933000e+06
14775.000000 2.85316000e+06
14825.000000 2.82743000e+06
14875.000000 2.78292000e+06
14925.000000 2.76938000e+06
14975.000000 2.73008000e+06
15025.000000 2.69342000e+06
15075.000000 2.66099000e+06
15125.000000 2.63865000e+06
15175.000000 2.60723000e+06
15225.000000 2.57680000e+06
15275.000000 2.54672000e+06
15325.000000 2.51585000e+06
15375.000000 2.48693000e+06
15425.000000 2.44866000e+06
15475.000000 2.42547000e+06
15525.000000 2.39643000e+06
15575.000000 2.36026000e+06
15625.000000 2.34765000e+06
15675.000000 2.30157000e+06
15725.000000 2.26593000e+06
15775.000000 2.26143000e+06
15825.000000 2.23528000e+06
15875.000000 2.14618000e+06
15925.000000 2.16659000e+06
15975.000000 2.17608000e+06
16050.000000 2.10577000e+06
16150.000000 2.01940000e+06
16250.000000 2.06353000e+06
16350.000000 1.95015000e+06
16450.000000 1.84952000e+06
16550.000000 1.94043000e+06
16650.000000 1.90388000e+06
16750.000000 1.76574000e+06
16850.000000 1.66284000e+06
16950.000000 1.77899000e+06
17050.000000 1.75533000e+06
17150.000000 1.71930000e+06
17250.000000 1.64637000e+06
17350.000000 1.44486000e+06
17450.000000 1.54316000e+06
17550.000000 1.56794000e+06
17650.000000 1.54333000e+06
17750.000000 1.51607000e+06
17850.000000 1.48293000e+06
17950.000000 1.45242000e+06
18050.000000 1.39498000e+06
18150.000000 1.23063000e+06
18250.000000 1.28935000e+06
18350.000000 1.32792000e+06
18450.000000 1.30969000e+06
18550.000000 1.27678000e+06
18650.000000 1.23019000e+06
18750.000000 1.07652000e+06
18850.000000 1.17327000e+06
18950.000000 1.17823000e+06
19050.000000 1.16444000e+06
19150.000000 1.14142000e+06
19250.000000 1.11404000e+06
19350.000000 1.06502000e+06
19450.000000 9.37226000e+05
19550.000000 1.02442000e+06
19650.000000 1.03216000e+06
19750.000000 1.01643000e+06
19850.000000 1.00095000e+06
19950.000000 9.82425000e+05
20050.000000 9.64496000e+05
20150.000000 9.46689000e+05
20250.000000 9.28818000e+05
20350.000000 9.11343000e+05
20450.000000 8.95398000e+05
20550.000000 8.79042000e+05
20650.000000 8.62041000e+05
20750.000000 8.46831000e+05
20850.000000 8.31899000e+05
20950.000000 8.16921000e+05
21050.000000 8.02052000e+05
21150.000000 7.85887000e+05
21250.000000 7.71909000e+05
21350.000000 7.56496000e+05
21450.000000 7.41287000e+05
21550.000000 7.13097000e+05
21650.000000 6.30981000e+05
21750.000000 6.79632000e+05
21850.000000 6.89838000e+05
21950.000000 6.82738000e+05
22050.000000 6.72104000e+05
22150.000000 6.60682000e+05
22250.000000 6.50838000e+05
22350.000000 6.39853000e+05
22450.000000 6.29142000e+05
22550.000000 6.17833000e+05
22650.000000 6.08197000e+05
22750.000000 5.98130000e+05
22850.000000 5.88346000e+05
22950.000000 5.78503000e+05
23050.000000 5.69573000e+05
23150.000000 5.60227000e+05
23250.000000 5.51432000e+05
23350.000000 5.42511000e+05
23450.000000 5.33900000e+05
23550.000000 5.25449000e+05
23650.000000 5.17162000e+05
23750.000000 5.08909000e+05
23850.000000 5.00855000e+05
23950.000000 4.93069000e+05
24050.000000 4.85083000e+05
24150.000000 4.77670000e+05
24250.000000 4.70368000e+05
24350.000000 4.62993000e+05
24450.000000 4.55880000e+05
24550.000000 4.48704000e+05
24650.000000 4.41791000e+05
24750.000000 4.35018000e+05
24850.000000 4.28047000e+05
24950.000000 4.20961000e+05
25050.000000 4.15740000e+05
25150.000000 4.09194000e+05
25250.000000 4.01675000e+05
25350.000000 3.96783000e+05
25450.000000 3.91624000e+05
25550.000000 3.84022000e+05
25650.000000 3.75926000e+05
25750.000000 3.72933000e+05
25850.000000 3.68480000e+05
25950.000000 3.62630000e+05
26050.000000 3.52362000e+05
26150.000000 3.37740000e+05
26250.000000 3.08108000e+05
26350.000000 3.30467000e+05
26450.000000 3.35797000e+05
26550.000000 3.32482000e+05
26650.000000 3.24559000e+05
26750.000000 3.11560000e+05
26850.000000 3.15682000e+05
26950.000000 3.15496000e+05
27050.000000 3.12143000e+05
27150.000000 3.08279000e+05
27250.000000 3.03859000e+05
27350.000000 2.98735000e+05
27450.000000 2.91188000e+05
27550.000000 2.74307000e+05
27650.000000 2.75864000e+05
27750.000000 2.80954000e+05
27850.000000 2.79377000e+05
27950.000000 2.76345000e+05
28050.000000 2.72855000e+05
28150.000000 2.69213000e+05
28250.000000 2.65503000e+05
28350.000000 2.61730000e+05
28450.000000 2.57301000e+05
28550.000000 2.51845000e+05
28650.000000 2.40897000e+05
28750.000000 2.28035000e+05
28850.000000 2.38737000e+05
28950.000000 2.39630000e+05
29050.000000 2.38046000e+05
29150.000000 2.35081000e+05
29250.000000 2.32705000e+05
29350.000000 2.29767000e+05
29450.000000 2.26788000e+05
29550.000000 2.23901000e+05
29650.000000 2.20988000e+05
29750.000000 2.18117000e+05
29850.000000 2.15322000e+05
29950.000000 2.12165000e+05
30050.000000 2.08944000e+05
30150.000000 2.05356000e+05
30250.000000 1.99867000e+05
30350.000000 1.85747000e+05
30450.000000 1.86698000e+05
30550.000000 1.93143000e+05
30650.000000 1.93052000e+05
30750.000000 1.91313000e+05
30850.000000 1.89045000e+05
30950.000000 1.87204000e+05
31050.000000 1.84875000e+05
31150.000000 1.82447000e+05
31250.000000 1.80294000e+05
31350.000000 1.78126000e+05
31450.000000 1.75887000e+05
31550.000000 1.73914000e+05
31650.000000 1.71839000e+05
31750.000000 1.69630000e+05
31850.000000 1.67716000e+05
31950.000000 1.65668000e+05
32100.000000 1.62690000e+05
32300.000000 1.58872000e+05
32500.000000 1.54908000e+05
32700.000000 1.50119000e+05
32900.000000 1.37468000e+05
33100.000000 1.39598000e+05
33300.000000 1.40155000e+05
33500.000000 1.37466000e+05
33700.000000 1.34253000e+05
33900.000000 1.31353000e+05
34100.000000 1.28446000e+05
34300.000000 1.25675000e+05
34500.000000 1.22978000e+05
34700.000000 1.20253000e+05
34900.000000 1.17639000e+05
35100.000000 1.15070000e+05
35300.000000 1.12578000e+05
35500.000000 1.10151000e+05
35700.000000 1.07767000e+05
35900.000000 1.05471000e+05
36100.000000 1.03204000e+05
36300.000000 1.01040000e+05
36500.000000 9.88814000e+04
36700.000000 9.67661000e+04
36900.000000 9.45358000e+04
37100.000000 9.22630000e+04
37300.000000 8.69086000e+04
37500.000000 8.43445000e+04
37700.000000 8.66857000e+04
37900.000000 8.53877000e+04
38100.000000 8.35308000e+04
38300.000000 8.19364000e+04
38500.000000 8.05181000e+04
38700.000000 7.88705000e+04
38900.000000 7.71030000e+04
39100.000000 7.52912000e+04
39300.000000 7.42829000e+04
39500.000000 7.29458000e+04
39700.000000 7.15769000e+04
39900.000000 6.99856000e+04
40100.000000 6.80522000e+04
40300.000000 6.63067000e+04
40500.000000 6.18982000e+04
40700.000000 6.41865000e+04
40900.000000 6.36549000e+04
41100.000000 6.26065000e+04
41300.000000 6.13920000e+04
41500.000000 5.98764000e+04
41700.000000 5.76006000e+04
41900.000000 5.76035000e+04
42100.000000 5.69533000e+04
42300.000000 5.60728000e+04
42500.000000 5.51542000e+04
42700.000000 5.41635000e+04
42900.000000 5.31848000e+04
43100.000000 5.21995000e+04
43300.000000 5.11317000e+04
43500.000000 4.99200000e+04
43700.000000 4.75506000e+04
43900.000000 4.74565000e+04
44100.000000 4.74629000e+04
44300.000000 4.68375000e+04
44500.000000 4.60846000e+04
44700.000000 4.53431000e+04
44900.000000 4.44823000e+04
45100.000000 4.37293000e+04
45300.000000 4.29677000e+04
45500.000000 4.22359000e+04
45700.000000 4.14882000e+04
45900.000000 4.07430000e+04
46100.000000 3.99631000e+04
46300.000000 3.88875000e+04
46500.000000 3.59367000e+04
46700.000000 3.58852000e+04
46900.000000 3.67102000e+04
47100.000000 3.66861000e+04
47300.000000 3.62317000e+04
47500.000000 3.56718000e+04
47700.000000 3.51183000e+04
47900.000000 3.45728000e+04
48100.000000 3.40205000e+04
48300.000000 3.34761000e+04
48500.000000 3.29443000e+04
48700.000000 3.24201000e+04
48900.000000 3.19050000e+04
49100.000000 3.13956000e+04
49300.000000 3.09042000e+04
49500.000000 3.04197000e+04
49700.000000 2.99405000e+04
49900.000000 2.94710000e+04
50100.000000 2.90111000e+04
50300.000000 2.85530000e+04
50500.000000 2.81057000e+04
50700.000000 2.76426000e+04
50900.000000 2.71204000e+04
51100.000000 2.63026000e+04
51300.000000 2.47981000e+04
51500.000000 2.56143000e+04
51700.000000 2.55321000e+04
51900.000000 2.52294000e+04
52100.000000 2.48779000e+04
52300.000000 2.45158000e+04
52500.000000 2.41476000e+04
52700.000000 2.37883000e+04
52900.000000 2.34526000e+04
53100.000000 2.31159000e+04
53300.000000 2.27784000e+04
53500.000000 2.24373000e+04
53700.000000 2.20889000e+04
53900.000000 2.17709000e+04
54100.000000 2.14790000e+04
54300.000000 2.11779000e+04
54500.000000 2.08782000e+04
54700.000000 2.05772000e+04
54900.000000 2.02751000e+04
55100.000000 1.99582000e+04
55300.000000 1.96527000e+04
55500.000000 1.94147000e+04
55700.000000 1.91601000e+04
55900.000000 1.89148000e+04
56100.000000 1.86676000e+04
56300.000000 1.84140000e+04
56500.000000 1.81364000e+04
56700.000000 1.78622000e+04
56900.000000 1.75797000e+04
57100.000000 1.72708000e+04
57300.000000 1.70907000e+04
57500.000000 1.69003000e+04
57700.000000 1.66860000e+04
57900.000000 1.64788000e+04
58100.000000 1.62483000e+04
58300.000000 1.60096000e+04
58500.000000 1.57803000e+04
58700.000000 1.55079000e+04
58900.000000 1.50411000e+04
59100.000000 1.41575000e+04
59300.000000 1.46943000e+04
59500.000000 1.45520000e+04
59700.000000 1.44473000e+04
59900.000000 1.43573000e+04
60100.000000 1.42066000e+04
60300.000000 1.40369000e+04
60500.000000 1.38619000e+04
60700.000000 1.36858000e+04
60900.000000 1.35118000e+04
61100.000000 1.33377000e+04
61300.000000 1.31716000e+04
61500.000000 1.30034000e+04
61700.000000 1.28381000e+04
61900.000000 1.26736000e+04
62100.000000 1.25101000e+04
62300.000000 1.23416000e+04
62500.000000 1.21624000e+04
62700.000000 1.19326000e+04
62900.000000 1.16035000e+04
63100.000000 1.16086000e+04
63300.000000 1.15579000e+04
63500.000000 1.14460000e+04
63700.000000 1.13185000e+04
63900.000000 1.11841000e+04
64200.000000 1.09839000e+04
64600.000000 1.07201000e+04
65000.000000 1.04771000e+04
65400.000000 1.02322000e+04
65800.000000 9.98546000e+03
66200.000000 9.74309000e+03
66600.000000 9.50325000e+03
67000.000000 9.27011000e+03
67400.000000 8.97713000e+03
67800.000000 8.60845000e+03
68200.000000 8.61711000e+03
68600.000000 8.45127000e+03
69000.000000 8.27365000e+03
69400.000000 8.08860000e+03
69800.000000 7.91110000e+03
70200.000000 7.73482000e+03
70600.000000 7.56277000e+03
71000.000000 7.39872000e+03
71400.000000 7.23492000e+03
71800.000000 7.07751000e+03
72200.000000 6.91858000e+03
72600.000000 6.76042000e+03
73000.000000 6.61705000e+03
73400.000000 6.47338000e+03
73800.000000 6.32531000e+03
74200.000000 6.14795000e+03
74600.000000 5.75334000e+03
75000.000000 5.58551000e+03
75400.000000 5.72321000e+03
75800.000000 5.67916000e+03
76200.000000 5.57746000e+03
76600.000000 5.46754000e+03
77000.000000 5.35745000e+03
77400.000000 5.24550000e+03
77800.000000 5.13145000e+03
78200.000000 5.03763000e+03
78600.000000 4.94179000e+03
79000.000000 4.85396000e+03
79400.000000 4.75809000e+03
79800.000000 4.66442000e+03
80200.000000 4.57268000e+03
80600.000000 4.47892000e+03
81000.000000 4.38519000e+03
81400.000000 4.28522000e+03
81800.000000 4.20834000e+03
82200.000000 4.13899000e+03
82600.000000 4.07007000e+03
83000.000000 3.99304000e+03
83400.000000 3.91691000e+03
83800.000000 3.84291000e+03
84200.000000 3.77168000e+03
84600.000000 3.70252000e+03
85000.000000 3.63433000e+03
85400.000000 3.56674000e+03
85800.000000 3.49349000e+03
86200.000000 3.42119000e+03
86600.000000 3.33189000e+03
87000.000000 3.28355000e+03
87400.000000 3.15281000e+03
87800.000000 3.09717000e+03
88200.000000 3.12237000e+03
88600.000000 3.07629000e+03
89000.000000 3.02886000e+03
89400.000000 2.97599000e+03
89800.000000 2.92375000e+03
90200.000000 2.87301000e+03
90600.000000 2.82296000e+03
91000.000000 2.77400000e+03
91400.000000 2.72596000e+03
91800.000000 2.67950000e+03
92200.000000 2.63126000e+03
92600.000000 2.58314000e+03
93000.000000 2.53771000e+03
93400.000000 2.48777000e+03
93800.000000 2.41120000e+03
94200.000000 2.39025000e+03
94600.000000 2.36886000e+03
95000.000000 2.33309000e+03
95400.000000 2.29544000e+03
95800.000000 2.26289000e+03
96200.000000 2.22567000e+03
96600.000000 2.18951000e+03
97000.000000 2.15391000e+03
97400.000000 2.11890000e+03
97800.000000 2.08487000e+03
98200.000000 2.05010000e+03
98600.000000 2.01606000e+03
99000.000000 1.98643000e+03
99400.000000 1.95488000e+03
99800.000000 1.92385000e+03
100200.000000 1.89355000e+03
200000.000000 1.20374000e+02
400000.000000 7.44135000e+00
600000.000000 1.45271000e+00
800000.000000 4.55089000e-01
1000000.000000 1.84861000e-01
1200000.000000 8.85262000e-02
1400000.000000 4.74967000e-02
1600000.000000 2.76955000e-02
