# Kurucz ODFNEW /NOVER, alpha: 0.0 (2003)
# teff = 13000 K (value for the effective temperature for the model. Temperatures are given in K)
# logg = 3 log(cm/s2) (value for Log(G) for the model.)
# lh = 1.25  (l/Hp where l is the  mixing length of the convective element and Hp is the pressure scale height)
# meta = 0.2  (value for the Metallicity for the model.)
# vtur = 2 km/s (Microturbulence velocity)
# alpha = 0  (Alpha)
#
# column 1: WAVELENGTH (ANGSTROM), Wavelength in Angstrom
# column 2: FLUX (ERG/CM2/S/A), Flux in erg/cm2/s/A
216.200000 4.87418000e-23
219.800000 1.93667000e-22
223.000000 5.71590000e-22
226.800000 1.93454000e-21
230.000000 5.23590000e-21
234.000000 1.73641000e-20
240.000000 9.79954000e-20
246.500000 5.87629000e-19
252.400000 2.78376000e-18
256.800000 8.52103000e-18
260.000000 1.88270000e-17
264.000000 4.94998000e-17
268.500000 1.41610000e-16
273.500000 4.39330000e-16
278.500000 1.31929000e-15
284.000000 4.23452000e-15
290.000000 1.44125000e-14
296.000000 4.66698000e-14
301.000000 1.20731000e-13
308.000000 4.35170000e-13
318.000000 2.47688000e-12
328.000000 1.27603000e-11
338.000000 5.98809000e-11
348.000000 2.58333000e-10
357.000000 9.12966000e-10
366.000000 2.99176000e-09
375.000000 9.23412000e-09
385.000000 3.05120000e-08
395.000000 9.46695000e-08
405.000000 2.78485000e-07
414.000000 7.02571000e-07
422.000000 1.54543000e-06
430.000000 3.29623000e-06
441.000000 8.96336000e-06
451.000000 2.12553000e-05
460.000000 4.47411000e-05
470.000000 9.88467000e-05
480.000000 2.11011000e-04
490.000000 4.36448000e-04
500.000000 8.75052000e-04
506.000000 3.84195000e-02
512.000000 1.10979000e-01
520.000000 1.66157000e-01
530.000000 2.71664000e-01
540.000000 4.06728000e-01
550.000000 6.86793000e-01
560.000000 1.05206000e+00
570.000000 1.60571000e+00
580.000000 2.27225000e+00
590.000000 3.61178000e+00
600.000000 5.23214000e+00
610.000000 7.63624000e+00
620.000000 1.05727000e+01
630.000000 1.47987000e+01
640.000000 1.99172000e+01
650.000000 2.74553000e+01
658.000000 3.51780000e+01
665.000000 4.23170000e+01
675.000000 5.62086000e+01
685.000000 7.45021000e+01
695.000000 9.85451000e+01
705.000000 1.26899000e+02
716.000000 1.66754000e+02
726.000000 2.14698000e+02
735.000000 2.62387000e+02
745.000000 3.34636000e+02
755.000000 4.20709000e+02
765.000000 5.23350000e+02
775.000000 6.53949000e+02
785.000000 8.10834000e+02
795.000000 9.80471000e+02
805.000000 1.19950000e+03
815.000000 1.44532000e+03
825.000000 1.74564000e+03
835.000000 2.07383000e+03
845.000000 2.50147000e+03
855.000000 2.98714000e+03
865.000000 3.55988000e+03
875.000000 4.19693000e+03
885.000000 4.99757000e+03
895.000000 5.84218000e+03
905.000000 6.65305000e+03
915.000000 1.28783000e+05
925.000000 8.29520000e+05
935.000000 1.45068000e+06
945.000000 6.25952000e+06
955.000000 2.08811000e+07
965.000000 3.19103000e+07
975.000000 8.14191000e+06
985.000000 4.59426000e+07
995.000000 4.47802000e+07
1005.000000 5.61723000e+07
1015.000000 5.72869000e+07
1025.000000 9.01067000e+06
1035.000000 2.35570000e+07
1045.000000 8.78049000e+07
1055.000000 1.03607000e+08
1065.000000 8.66904000e+07
1075.000000 1.20381000e+08
1085.000000 1.04347000e+08
1095.000000 1.35450000e+08
1105.000000 1.54876000e+08
1115.000000 2.60287000e+08
1125.000000 2.71909000e+08
1135.000000 3.72920000e+08
1145.000000 3.41090000e+08
1155.000000 4.07391000e+08
1165.000000 4.58662000e+08
1175.000000 4.06902000e+08
1185.000000 3.87105000e+08
1195.000000 4.82168000e+07
1205.000000 6.60303000e+07
1215.000000 9.71360000e+06
1225.000000 1.02955000e+08
1235.000000 4.39832000e+08
1245.000000 6.24218000e+08
1255.000000 6.65473000e+08
1265.000000 4.30494000e+08
1275.000000 6.61120000e+08
1285.000000 7.90362000e+08
1295.000000 4.76173000e+08
1305.000000 2.67467000e+08
1315.000000 6.52666000e+08
1325.000000 7.20359000e+08
1335.000000 5.20654000e+08
1345.000000 8.03116000e+08
1355.000000 7.70602000e+08
1365.000000 6.28292000e+08
1375.000000 7.23500000e+08
1385.000000 7.37934000e+08
1395.000000 7.14596000e+08
1405.000000 7.26750000e+08
1415.000000 6.62062000e+08
1425.000000 7.23784000e+08
1435.000000 6.88668000e+08
1442.000000 7.66263000e+08
1447.000000 8.05382000e+08
1455.000000 7.80534000e+08
1465.000000 7.12867000e+08
1475.000000 6.83650000e+08
1485.000000 7.26783000e+08
1495.000000 7.57294000e+08
1505.000000 7.24394000e+08
1512.000000 6.39905000e+08
1517.000000 7.10523000e+08
1525.000000 6.64745000e+08
1535.000000 5.88847000e+08
1545.000000 6.73734000e+08
1555.000000 6.08401000e+08
1565.000000 5.91591000e+08
1575.000000 6.05865000e+08
1585.000000 6.68170000e+08
1595.000000 6.84666000e+08
1605.000000 6.44894000e+08
1615.000000 6.57197000e+08
1625.000000 5.98687000e+08
1635.000000 6.37807000e+08
1645.000000 6.48592000e+08
1655.000000 5.71540000e+08
1665.000000 6.33743000e+08
1672.000000 4.85751000e+08
1677.000000 6.11323000e+08
1685.000000 6.73190000e+08
1695.000000 6.30403000e+08
1705.000000 5.82727000e+08
1715.000000 5.29545000e+08
1725.000000 5.27665000e+08
1735.000000 5.64964000e+08
1745.000000 5.61860000e+08
1755.000000 6.18651000e+08
1765.000000 5.33176000e+08
1775.000000 5.59625000e+08
1785.000000 5.80248000e+08
1795.000000 6.29912000e+08
1805.000000 6.17297000e+08
1815.000000 5.69104000e+08
1825.000000 5.70949000e+08
1835.000000 5.42445000e+08
1845.000000 4.99052000e+08
1855.000000 4.64695000e+08
1865.000000 4.85460000e+08
1875.000000 5.65562000e+08
1885.000000 5.17761000e+08
1895.000000 4.88538000e+08
1905.000000 5.17161000e+08
1915.000000 4.97526000e+08
1925.000000 4.95074000e+08
1935.000000 5.19964000e+08
1945.000000 5.23185000e+08
1955.000000 4.90593000e+08
1967.000000 5.45938000e+08
1976.000000 5.65059000e+08
1984.000000 5.25339000e+08
1995.000000 4.99201000e+08
2005.000000 5.20324000e+08
2015.000000 4.83514000e+08
2025.000000 5.25889000e+08
2035.000000 4.85119000e+08
2045.000000 5.09546000e+08
2055.000000 4.73848000e+08
2065.000000 4.81400000e+08
2074.000000 5.14357000e+08
2078.000000 4.87156000e+08
2085.000000 5.03632000e+08
2095.000000 4.70579000e+08
2105.000000 4.68949000e+08
2115.000000 4.72113000e+08
2125.000000 4.79978000e+08
2135.000000 4.24316000e+08
2145.000000 4.51426000e+08
2155.000000 4.73554000e+08
2165.000000 4.48999000e+08
2175.000000 4.39489000e+08
2185.000000 4.24010000e+08
2195.000000 4.51447000e+08
2205.000000 4.33051000e+08
2215.000000 4.02443000e+08
2225.000000 3.80350000e+08
2235.000000 4.20779000e+08
2245.000000 3.83044000e+08
2255.000000 3.66118000e+08
2265.000000 3.81075000e+08
2275.000000 3.97822000e+08
2285.000000 4.08194000e+08
2295.000000 3.88272000e+08
2305.000000 3.66361000e+08
2315.000000 3.45453000e+08
2325.000000 3.41338000e+08
2335.000000 3.19447000e+08
2345.000000 3.09651000e+08
2355.000000 3.36345000e+08
2365.000000 3.02995000e+08
2375.000000 3.13045000e+08
2385.000000 2.83768000e+08
2395.000000 3.17007000e+08
2405.000000 2.95703000e+08
2415.000000 3.05209000e+08
2425.000000 3.22172000e+08
2435.000000 3.05083000e+08
2445.000000 3.30327000e+08
2455.000000 3.17428000e+08
2465.000000 3.20276000e+08
2475.000000 3.03850000e+08
2485.000000 3.26745000e+08
2495.000000 3.15302000e+08
2505.000000 3.39277000e+08
2513.000000 3.03255000e+08
2518.000000 3.19295000e+08
2525.000000 2.95699000e+08
2535.000000 3.01174000e+08
2545.000000 2.88813000e+08
2555.000000 3.06784000e+08
2565.000000 3.00217000e+08
2575.000000 3.25411000e+08
2585.000000 3.16979000e+08
2595.000000 3.18127000e+08
2605.000000 3.01738000e+08
2615.000000 2.99418000e+08
2625.000000 3.09349000e+08
2635.000000 3.11086000e+08
2645.000000 3.33180000e+08
2655.000000 3.27201000e+08
2665.000000 3.01528000e+08
2675.000000 3.16967000e+08
2685.000000 3.09599000e+08
2695.000000 3.00947000e+08
2705.000000 3.09847000e+08
2715.000000 2.95052000e+08
2725.000000 2.97132000e+08
2735.000000 3.14439000e+08
2745.000000 2.73699000e+08
2755.000000 2.72143000e+08
2765.000000 2.80314000e+08
2775.000000 2.95537000e+08
2785.000000 2.96693000e+08
2795.000000 2.65296000e+08
2805.000000 2.82963000e+08
2815.000000 2.98071000e+08
2825.000000 2.97357000e+08
2835.000000 2.79828000e+08
2845.000000 2.71278000e+08
2855.000000 2.72186000e+08
2865.000000 2.83003000e+08
2875.000000 2.74483000e+08
2885.000000 2.78550000e+08
2895.000000 2.71284000e+08
2910.000000 2.88852000e+08
2930.000000 2.78700000e+08
2950.000000 2.75778000e+08
2970.000000 2.74750000e+08
2990.000000 2.72612000e+08
3010.000000 2.76889000e+08
3030.000000 2.72601000e+08
3050.000000 2.67123000e+08
3070.000000 2.62798000e+08
3090.000000 2.63254000e+08
3110.000000 2.55478000e+08
3130.000000 2.52346000e+08
3150.000000 2.52208000e+08
3170.000000 2.47353000e+08
3190.000000 2.38415000e+08
3210.000000 2.40777000e+08
3230.000000 2.37187000e+08
3250.000000 2.34776000e+08
3270.000000 2.33181000e+08
3290.000000 2.30964000e+08
3310.000000 2.29808000e+08
3330.000000 2.25218000e+08
3350.000000 2.20999000e+08
3370.000000 2.18622000e+08
3390.000000 2.15060000e+08
3410.000000 2.14952000e+08
3430.000000 2.12158000e+08
3450.000000 2.09668000e+08
3470.000000 2.06078000e+08
3490.000000 2.03853000e+08
3510.000000 2.02931000e+08
3530.000000 2.01496000e+08
3550.000000 1.99307000e+08
3570.000000 1.96309000e+08
3590.000000 1.93496000e+08
3610.000000 1.91560000e+08
3630.000000 1.88969000e+08
3640.000000 1.88541000e+08
3650.000000 1.88004000e+08
3670.000000 1.85225000e+08
3690.000000 1.77938000e+08
3710.000000 1.90775000e+08
3730.000000 2.04039000e+08
3750.000000 2.54065000e+08
3770.000000 2.57958000e+08
3790.000000 2.81627000e+08
3810.000000 3.02503000e+08
3830.000000 2.57284000e+08
3850.000000 3.07992000e+08
3870.000000 3.15155000e+08
3890.000000 2.41499000e+08
3910.000000 3.09380000e+08
3930.000000 3.02825000e+08
3950.000000 3.02156000e+08
3970.000000 2.25659000e+08
3990.000000 2.91183000e+08
4010.000000 2.90206000e+08
4030.000000 2.80305000e+08
4050.000000 2.84273000e+08
4070.000000 2.76892000e+08
4090.000000 2.58471000e+08
4110.000000 2.16884000e+08
4130.000000 2.61020000e+08
4150.000000 2.61616000e+08
4170.000000 2.58159000e+08
4190.000000 2.55572000e+08
4210.000000 2.52724000e+08
4230.000000 2.48487000e+08
4250.000000 2.44465000e+08
4270.000000 2.39081000e+08
4290.000000 2.38228000e+08
4310.000000 2.33224000e+08
4330.000000 2.10760000e+08
4350.000000 1.86755000e+08
4370.000000 2.23451000e+08
4390.000000 2.18116000e+08
4410.000000 2.18757000e+08
4430.000000 2.14195000e+08
4450.000000 2.13092000e+08
4470.000000 2.06494000e+08
4490.000000 2.04285000e+08
4510.000000 2.03551000e+08
4530.000000 2.00179000e+08
4550.000000 1.96349000e+08
4570.000000 1.96257000e+08
4590.000000 1.91922000e+08
4610.000000 1.91236000e+08
4630.000000 1.86248000e+08
4650.000000 1.85851000e+08
4670.000000 1.82916000e+08
4690.000000 1.80879000e+08
4710.000000 1.75797000e+08
4730.000000 1.75476000e+08
4750.000000 1.72916000e+08
4770.000000 1.72131000e+08
4790.000000 1.69596000e+08
4810.000000 1.66561000e+08
4830.000000 1.63585000e+08
4850.000000 1.50633000e+08
4870.000000 1.30097000e+08
4890.000000 1.57418000e+08
4910.000000 1.56026000e+08
4930.000000 1.52335000e+08
4950.000000 1.52385000e+08
4970.000000 1.50834000e+08
4990.000000 1.48411000e+08
5010.000000 1.43617000e+08
5030.000000 1.43463000e+08
5050.000000 1.40088000e+08
5070.000000 1.40471000e+08
5090.000000 1.38615000e+08
5110.000000 1.36320000e+08
5130.000000 1.35308000e+08
5150.000000 1.32607000e+08
5170.000000 1.31218000e+08
5190.000000 1.30020000e+08
5210.000000 1.27212000e+08
5230.000000 1.26225000e+08
5250.000000 1.25481000e+08
5270.000000 1.23090000e+08
5290.000000 1.23087000e+08
5310.000000 1.20579000e+08
5330.000000 1.19872000e+08
5350.000000 1.18378000e+08
5370.000000 1.17193000e+08
5390.000000 1.15761000e+08
5410.000000 1.14115000e+08
5430.000000 1.12667000e+08
5450.000000 1.11648000e+08
5470.000000 1.10127000e+08
5490.000000 1.09169000e+08
5510.000000 1.07706000e+08
5530.000000 1.06746000e+08
5550.000000 1.05553000e+08
5570.000000 1.04291000e+08
5590.000000 1.03147000e+08
5610.000000 1.02132000e+08
5630.000000 1.01129000e+08
5650.000000 9.90183000e+07
5670.000000 9.82049000e+07
5690.000000 9.75042000e+07
5710.000000 9.65369000e+07
5730.000000 9.54546000e+07
5750.000000 9.43712000e+07
5770.000000 9.33289000e+07
5790.000000 9.20930000e+07
5810.000000 9.11297000e+07
5830.000000 9.01531000e+07
5850.000000 8.91755000e+07
5870.000000 8.70470000e+07
5890.000000 8.68771000e+07
5910.000000 8.62049000e+07
5930.000000 8.54144000e+07
5950.000000 8.38515000e+07
5970.000000 8.33361000e+07
5990.000000 8.22272000e+07
6010.000000 8.17110000e+07
6030.000000 8.07897000e+07
6050.000000 7.98921000e+07
6070.000000 7.90147000e+07
6090.000000 7.81360000e+07
6110.000000 7.74215000e+07
6130.000000 7.65552000e+07
6150.000000 7.51666000e+07
6170.000000 7.48889000e+07
6190.000000 7.41619000e+07
6210.000000 7.33733000e+07
6230.000000 7.24487000e+07
6250.000000 7.12249000e+07
6270.000000 7.10693000e+07
6290.000000 7.02733000e+07
6310.000000 6.93782000e+07
6330.000000 6.87928000e+07
6350.000000 6.73007000e+07
6370.000000 6.68593000e+07
6390.000000 6.66185000e+07
6410.000000 6.58523000e+07
6430.000000 6.53695000e+07
6450.000000 6.44277000e+07
6470.000000 6.40309000e+07
6490.000000 6.32174000e+07
6510.000000 6.24429000e+07
6530.000000 6.16192000e+07
6550.000000 5.84388000e+07
6570.000000 5.00864000e+07
6590.000000 5.93963000e+07
6610.000000 5.94754000e+07
6630.000000 5.89808000e+07
6650.000000 5.84741000e+07
6670.000000 5.76421000e+07
6690.000000 5.71111000e+07
6710.000000 5.67201000e+07
6730.000000 5.61565000e+07
6750.000000 5.56175000e+07
6770.000000 5.50986000e+07
6790.000000 5.44910000e+07
6810.000000 5.39813000e+07
6830.000000 5.33595000e+07
6850.000000 5.29151000e+07
6870.000000 5.24183000e+07
6890.000000 5.19248000e+07
6910.000000 5.14037000e+07
6930.000000 5.07874000e+07
6950.000000 5.04370000e+07
6970.000000 4.99696000e+07
6990.000000 4.95067000e+07
7010.000000 4.89824000e+07
7030.000000 4.85493000e+07
7050.000000 4.79173000e+07
7070.000000 4.73624000e+07
7090.000000 4.72095000e+07
7110.000000 4.66760000e+07
7130.000000 4.62574000e+07
7150.000000 4.58568000e+07
7170.000000 4.54320000e+07
7190.000000 4.50302000e+07
7210.000000 4.46191000e+07
7230.000000 4.40173000e+07
7250.000000 4.37368000e+07
7270.000000 4.33867000e+07
7290.000000 4.29144000e+07
7310.000000 4.25748000e+07
7330.000000 4.21948000e+07
7350.000000 4.18414000e+07
7370.000000 4.14551000e+07
7390.000000 4.10758000e+07
7410.000000 4.06911000e+07
7430.000000 4.02403000e+07
7450.000000 3.99132000e+07
7470.000000 3.94635000e+07
7490.000000 3.91778000e+07
7510.000000 3.88077000e+07
7530.000000 3.85248000e+07
7550.000000 3.81822000e+07
7570.000000 3.78485000e+07
7590.000000 3.74911000e+07
7610.000000 3.72006000e+07
7630.000000 3.68563000e+07
7650.000000 3.65017000e+07
7670.000000 3.61950000e+07
7690.000000 3.58668000e+07
7710.000000 3.55460000e+07
7730.000000 3.52457000e+07
7750.000000 3.49360000e+07
7770.000000 3.41717000e+07
7790.000000 3.43311000e+07
7810.000000 3.40573000e+07
7830.000000 3.37520000e+07
7850.000000 3.33125000e+07
7870.000000 3.30303000e+07
7890.000000 3.26742000e+07
7910.000000 3.25796000e+07
7930.000000 3.23292000e+07
7950.000000 3.19134000e+07
7970.000000 3.17695000e+07
7990.000000 3.12560000e+07
8010.000000 3.12357000e+07
8030.000000 3.09617000e+07
8050.000000 3.06947000e+07
8070.000000 3.04444000e+07
8090.000000 3.01732000e+07
8110.000000 2.99106000e+07
8130.000000 2.96730000e+07
8150.000000 2.94283000e+07
8170.000000 2.91963000e+07
8190.000000 2.89045000e+07
8210.000000 2.85777000e+07
8230.000000 2.82760000e+07
8250.000000 2.82337000e+07
8270.000000 2.80423000e+07
8290.000000 2.77251000e+07
8310.000000 2.75689000e+07
8330.000000 2.73113000e+07
8350.000000 2.70688000e+07
8370.000000 2.67874000e+07
8390.000000 2.65463000e+07
8410.000000 2.62264000e+07
8430.000000 2.61010000e+07
8450.000000 2.57206000e+07
8470.000000 2.51031000e+07
8490.000000 2.59999000e+07
8510.000000 2.44463000e+07
8530.000000 2.60627000e+07
8550.000000 2.34956000e+07
8570.000000 2.61436000e+07
8590.000000 2.44929000e+07
8610.000000 2.38893000e+07
8630.000000 2.60939000e+07
8650.000000 2.53833000e+07
8670.000000 2.18593000e+07
8690.000000 2.56161000e+07
8710.000000 2.59331000e+07
8730.000000 2.52791000e+07
8750.000000 2.11323000e+07
8770.000000 2.43937000e+07
8790.000000 2.51970000e+07
8810.000000 2.50721000e+07
8830.000000 2.46455000e+07
8850.000000 2.32740000e+07
8870.000000 2.03532000e+07
8890.000000 2.39331000e+07
8910.000000 2.40479000e+07
8930.000000 2.38392000e+07
8950.000000 2.37798000e+07
8970.000000 2.35484000e+07
8990.000000 2.30717000e+07
9010.000000 1.97465000e+07
9030.000000 2.12161000e+07
9050.000000 2.26758000e+07
9070.000000 2.24412000e+07
9090.000000 2.23148000e+07
9110.000000 2.22777000e+07
9130.000000 2.21111000e+07
9150.000000 2.20114000e+07
9170.000000 2.17470000e+07
9190.000000 2.14214000e+07
9210.000000 2.07755000e+07
9230.000000 1.73628000e+07
9250.000000 2.02312000e+07
9270.000000 2.05000000e+07
9290.000000 2.07383000e+07
9310.000000 2.06645000e+07
9330.000000 2.04834000e+07
9350.000000 2.03782000e+07
9370.000000 2.02197000e+07
9390.000000 2.00358000e+07
9410.000000 1.96878000e+07
9430.000000 1.97522000e+07
9450.000000 1.96295000e+07
9470.000000 1.94488000e+07
9490.000000 1.92857000e+07
9510.000000 1.90193000e+07
9530.000000 1.82879000e+07
9550.000000 1.55500000e+07
9570.000000 1.82468000e+07
9590.000000 1.85239000e+07
9610.000000 1.84322000e+07
9630.000000 1.81384000e+07
9650.000000 1.82093000e+07
9670.000000 1.80257000e+07
9690.000000 1.79329000e+07
9710.000000 1.78148000e+07
9730.000000 1.76847000e+07
9750.000000 1.75417000e+07
9770.000000 1.74316000e+07
9790.000000 1.72972000e+07
9810.000000 1.71649000e+07
9830.000000 1.70226000e+07
9850.000000 1.69089000e+07
9870.000000 1.67882000e+07
9890.000000 1.66380000e+07
9910.000000 1.65360000e+07
9930.000000 1.64286000e+07
9950.000000 1.63066000e+07
9970.000000 1.61833000e+07
9990.000000 1.60518000e+07
10025.000000 1.52456000e+07
10075.000000 1.45450000e+07
10125.000000 1.51896000e+07
10175.000000 1.50272000e+07
10225.000000 1.47884000e+07
10275.000000 1.45317000e+07
10325.000000 1.42658000e+07
10375.000000 1.40307000e+07
10425.000000 1.37938000e+07
10475.000000 1.35454000e+07
10525.000000 1.33037000e+07
10575.000000 1.30923000e+07
10625.000000 1.28776000e+07
10675.000000 1.25969000e+07
10725.000000 1.24313000e+07
10775.000000 1.22324000e+07
10825.000000 1.19741000e+07
10875.000000 1.18078000e+07
10925.000000 1.06470000e+07
10975.000000 1.12092000e+07
11025.000000 1.12436000e+07
11075.000000 1.10805000e+07
11125.000000 1.08993000e+07
11175.000000 1.07202000e+07
11225.000000 1.05511000e+07
11275.000000 1.03163000e+07
11325.000000 1.01685000e+07
11375.000000 1.00516000e+07
11425.000000 9.89080000e+06
11475.000000 9.73927000e+06
11525.000000 9.58631000e+06
11575.000000 9.43619000e+06
11625.000000 9.26849000e+06
11675.000000 9.12488000e+06
11725.000000 8.99817000e+06
11775.000000 8.82355000e+06
11825.000000 8.72323000e+06
11875.000000 8.58314000e+06
11925.000000 8.46548000e+06
11975.000000 8.32505000e+06
12025.000000 8.21037000e+06
12075.000000 8.08619000e+06
12125.000000 7.96301000e+06
12175.000000 7.84538000e+06
12225.000000 7.72790000e+06
12275.000000 7.61132000e+06
12325.000000 7.49984000e+06
12375.000000 7.39040000e+06
12425.000000 7.28419000e+06
12475.000000 7.16394000e+06
12525.000000 7.07108000e+06
12575.000000 6.96064000e+06
12625.000000 6.86591000e+06
12675.000000 6.77011000e+06
12725.000000 6.67164000e+06
12775.000000 6.51726000e+06
12825.000000 5.93631000e+06
12875.000000 6.35846000e+06
12925.000000 6.30146000e+06
12975.000000 6.21092000e+06
13025.000000 6.12669000e+06
13075.000000 6.04069000e+06
13125.000000 5.95649000e+06
13175.000000 5.86492000e+06
13225.000000 5.79244000e+06
13275.000000 5.71254000e+06
13325.000000 5.63389000e+06
13375.000000 5.55668000e+06
13425.000000 5.47879000e+06
13475.000000 5.40439000e+06
13525.000000 5.32990000e+06
13575.000000 5.25882000e+06
13625.000000 5.18783000e+06
13675.000000 5.11470000e+06
13725.000000 5.04711000e+06
13775.000000 4.98373000e+06
13825.000000 4.91759000e+06
13875.000000 4.85266000e+06
13925.000000 4.78757000e+06
13975.000000 4.72482000e+06
14025.000000 4.66362000e+06
14075.000000 4.60221000e+06
14125.000000 4.54136000e+06
14175.000000 4.48369000e+06
14225.000000 4.42560000e+06
14275.000000 4.36877000e+06
14325.000000 4.31226000e+06
14375.000000 4.25661000e+06
14425.000000 4.19438000e+06
14475.000000 4.14729000e+06
14525.000000 4.09272000e+06
14570.000000 4.05008000e+06
14620.000000 3.99864000e+06
14675.000000 3.94563000e+06
14725.000000 3.89629000e+06
14775.000000 3.84563000e+06
14825.000000 3.80139000e+06
14875.000000 3.75392000e+06
14925.000000 3.70902000e+06
14975.000000 3.66145000e+06
15025.000000 3.61643000e+06
15075.000000 3.56860000e+06
15125.000000 3.52348000e+06
15175.000000 3.47936000e+06
15225.000000 3.44435000e+06
15275.000000 3.38535000e+06
15325.000000 3.34308000e+06
15375.000000 3.32313000e+06
15425.000000 3.24256000e+06
15475.000000 3.24901000e+06
15525.000000 3.21593000e+06
15575.000000 3.09794000e+06
15625.000000 3.17027000e+06
15675.000000 3.08123000e+06
15725.000000 2.98412000e+06
15775.000000 3.07120000e+06
15825.000000 3.03468000e+06
15875.000000 2.81991000e+06
15925.000000 2.94395000e+06
15975.000000 2.94710000e+06
16050.000000 2.87648000e+06
16150.000000 2.72874000e+06
16250.000000 2.78000000e+06
16350.000000 2.68424000e+06
16450.000000 2.54673000e+06
16550.000000 2.59582000e+06
16650.000000 2.53783000e+06
16750.000000 2.44880000e+06
16850.000000 2.32495000e+06
16950.000000 2.37011000e+06
17050.000000 2.31841000e+06
17150.000000 2.26930000e+06
17250.000000 2.21800000e+06
17350.000000 2.06310000e+06
17450.000000 2.11573000e+06
17550.000000 2.07933000e+06
17650.000000 2.03576000e+06
17750.000000 1.99197000e+06
17850.000000 1.95091000e+06
17950.000000 1.91123000e+06
18050.000000 1.86687000e+06
18150.000000 1.74812000e+06
18250.000000 1.77923000e+06
18350.000000 1.75777000e+06
18450.000000 1.72227000e+06
18550.000000 1.68591000e+06
18650.000000 1.64925000e+06
18750.000000 1.54555000e+06
18850.000000 1.58475000e+06
18950.000000 1.55600000e+06
19050.000000 1.52528000e+06
19150.000000 1.49563000e+06
19250.000000 1.46620000e+06
19350.000000 1.43509000e+06
19450.000000 1.34140000e+06
19550.000000 1.38005000e+06
19650.000000 1.35658000e+06
19750.000000 1.33051000e+06
19850.000000 1.30528000e+06
19950.000000 1.28068000e+06
20050.000000 1.25660000e+06
20150.000000 1.23302000e+06
20250.000000 1.21004000e+06
20350.000000 1.18753000e+06
20450.000000 1.16558000e+06
20550.000000 1.14383000e+06
20650.000000 1.12324000e+06
20750.000000 1.10281000e+06
20850.000000 1.08281000e+06
20950.000000 1.06315000e+06
21050.000000 1.04414000e+06
21150.000000 1.02494000e+06
21250.000000 1.00698000e+06
21350.000000 9.88887000e+05
21450.000000 9.71582000e+05
21550.000000 9.53338000e+05
21650.000000 8.93594000e+05
21750.000000 9.18445000e+05
21850.000000 9.05718000e+05
21950.000000 8.89978000e+05
22050.000000 8.74872000e+05
22150.000000 8.59773000e+05
22250.000000 8.45137000e+05
22350.000000 8.30879000e+05
22450.000000 8.16841000e+05
22550.000000 8.03019000e+05
22650.000000 7.89628000e+05
22750.000000 7.76442000e+05
22850.000000 7.63672000e+05
22950.000000 7.51023000e+05
23050.000000 7.38778000e+05
23150.000000 7.26715000e+05
23250.000000 7.14902000e+05
23350.000000 7.03264000e+05
23450.000000 6.91935000e+05
23550.000000 6.80773000e+05
23650.000000 6.69821000e+05
23750.000000 6.59103000e+05
23850.000000 6.48561000e+05
23950.000000 6.38158000e+05
24050.000000 6.27645000e+05
24150.000000 6.17433000e+05
24250.000000 6.08648000e+05
24350.000000 5.98309000e+05
24450.000000 5.88396000e+05
24550.000000 5.80731000e+05
24650.000000 5.70337000e+05
24750.000000 5.61623000e+05
24850.000000 5.55801000e+05
24950.000000 5.40067000e+05
25050.000000 5.39222000e+05
25150.000000 5.31345000e+05
25250.000000 5.13194000e+05
25350.000000 5.15010000e+05
25450.000000 5.08621000e+05
25550.000000 4.99811000e+05
25650.000000 4.79762000e+05
25750.000000 4.85787000e+05
25850.000000 4.79589000e+05
25950.000000 4.72544000e+05
26050.000000 4.62733000e+05
26150.000000 4.42397000e+05
26250.000000 4.29990000e+05
26350.000000 4.44025000e+05
26450.000000 4.40076000e+05
26550.000000 4.33945000e+05
26650.000000 4.25979000e+05
26750.000000 4.02668000e+05
26850.000000 4.13883000e+05
26950.000000 4.09650000e+05
27050.000000 4.03862000e+05
27150.000000 3.98163000e+05
27250.000000 3.92557000e+05
27350.000000 3.87043000e+05
27450.000000 3.81098000e+05
27550.000000 3.60999000e+05
27650.000000 3.66025000e+05
27750.000000 3.65921000e+05
27850.000000 3.60904000e+05
27950.000000 3.55948000e+05
28050.000000 3.51069000e+05
28150.000000 3.46259000e+05
28250.000000 3.41537000e+05
28350.000000 3.36881000e+05
28450.000000 3.32362000e+05
28550.000000 3.27880000e+05
28650.000000 3.20835000e+05
28750.000000 3.04492000e+05
28850.000000 3.14262000e+05
28950.000000 3.10566000e+05
29050.000000 3.06624000e+05
29150.000000 3.02528000e+05
29250.000000 2.98587000e+05
29350.000000 2.94654000e+05
29450.000000 2.90814000e+05
29550.000000 2.87042000e+05
29650.000000 2.83309000e+05
29750.000000 2.79645000e+05
29850.000000 2.76037000e+05
29950.000000 2.72488000e+05
30050.000000 2.68987000e+05
30150.000000 2.65548000e+05
30250.000000 2.61889000e+05
30350.000000 2.49406000e+05
30450.000000 2.50785000e+05
30550.000000 2.52113000e+05
30650.000000 2.49167000e+05
30750.000000 2.46035000e+05
30850.000000 2.42772000e+05
30950.000000 2.39940000e+05
31050.000000 2.36963000e+05
31150.000000 2.34027000e+05
31250.000000 2.31131000e+05
31350.000000 2.28298000e+05
31450.000000 2.25481000e+05
31550.000000 2.22737000e+05
31650.000000 2.20004000e+05
31750.000000 2.17338000e+05
31850.000000 2.14717000e+05
31950.000000 2.12116000e+05
32100.000000 2.08303000e+05
32300.000000 2.03348000e+05
32500.000000 1.98535000e+05
32700.000000 1.93859000e+05
32900.000000 1.83901000e+05
33100.000000 1.83759000e+05
33300.000000 1.80342000e+05
33500.000000 1.76245000e+05
33700.000000 1.72218000e+05
33900.000000 1.68330000e+05
34100.000000 1.64544000e+05
34300.000000 1.60857000e+05
34500.000000 1.57282000e+05
34700.000000 1.53790000e+05
34900.000000 1.50387000e+05
35100.000000 1.47098000e+05
35300.000000 1.43891000e+05
35500.000000 1.40740000e+05
35700.000000 1.37657000e+05
35900.000000 1.34853000e+05
36100.000000 1.31753000e+05
36300.000000 1.29207000e+05
36500.000000 1.26135000e+05
36700.000000 1.23881000e+05
36900.000000 1.20701000e+05
37100.000000 1.18727000e+05
37300.000000 1.15034000e+05
37500.000000 1.11153000e+05
37700.000000 1.11609000e+05
37900.000000 1.09414000e+05
38100.000000 1.06465000e+05
38300.000000 1.04511000e+05
38500.000000 1.03047000e+05
38700.000000 1.01069000e+05
38900.000000 9.87975000e+04
39100.000000 9.54434000e+04
39300.000000 9.51281000e+04
39500.000000 9.33053000e+04
39700.000000 9.15262000e+04
39900.000000 8.97353000e+04
40100.000000 8.71814000e+04
40300.000000 8.49635000e+04
40500.000000 8.25256000e+04
40700.000000 8.29810000e+04
40900.000000 8.14688000e+04
41100.000000 7.99330000e+04
41300.000000 7.84274000e+04
41500.000000 7.68990000e+04
41700.000000 7.35611000e+04
41900.000000 7.40343000e+04
42100.000000 7.27608000e+04
42300.000000 7.14238000e+04
42500.000000 7.01170000e+04
42700.000000 6.88419000e+04
42900.000000 6.75915000e+04
43100.000000 6.63735000e+04
43300.000000 6.51810000e+04
43500.000000 6.40156000e+04
43700.000000 6.13241000e+04
43900.000000 6.14332000e+04
44100.000000 6.06720000e+04
44300.000000 5.96071000e+04
44500.000000 5.85626000e+04
44700.000000 5.75985000e+04
44900.000000 5.65409000e+04
45100.000000 5.55664000e+04
45300.000000 5.46032000e+04
45500.000000 5.36765000e+04
45700.000000 5.27604000e+04
45900.000000 5.18635000e+04
46100.000000 5.09802000e+04
46300.000000 5.00768000e+04
46500.000000 4.78454000e+04
46700.000000 4.69942000e+04
46900.000000 4.75294000e+04
47100.000000 4.68634000e+04
47300.000000 4.61042000e+04
47500.000000 4.53428000e+04
47700.000000 4.46090000e+04
47900.000000 4.38859000e+04
48100.000000 4.31732000e+04
48300.000000 4.24773000e+04
48500.000000 4.17898000e+04
48700.000000 4.11248000e+04
48900.000000 4.04630000e+04
49100.000000 3.98246000e+04
49300.000000 3.91844000e+04
49500.000000 3.86270000e+04
49700.000000 3.79476000e+04
49900.000000 3.74247000e+04
50100.000000 3.68278000e+04
50300.000000 3.61856000e+04
50500.000000 3.57297000e+04
50700.000000 3.51552000e+04
50900.000000 3.45043000e+04
51100.000000 3.39693000e+04
51300.000000 3.25168000e+04
51500.000000 3.29692000e+04
51700.000000 3.24215000e+04
51900.000000 3.20644000e+04
52100.000000 3.16077000e+04
52300.000000 3.11351000e+04
52500.000000 3.06017000e+04
52700.000000 3.00443000e+04
52900.000000 2.97691000e+04
53100.000000 2.93315000e+04
53300.000000 2.89009000e+04
53500.000000 2.84773000e+04
53700.000000 2.79089000e+04
53900.000000 2.75103000e+04
54100.000000 2.72545000e+04
54300.000000 2.68611000e+04
54500.000000 2.64754000e+04
54700.000000 2.60958000e+04
54900.000000 2.57235000e+04
55100.000000 2.52877000e+04
55300.000000 2.47121000e+04
55500.000000 2.46359000e+04
55700.000000 2.42978000e+04
55900.000000 2.39578000e+04
56100.000000 2.36221000e+04
56300.000000 2.32941000e+04
56500.000000 2.29702000e+04
56700.000000 2.26526000e+04
56900.000000 2.23168000e+04
57100.000000 2.16569000e+04
57300.000000 2.16896000e+04
57500.000000 2.14364000e+04
57700.000000 2.11443000e+04
57900.000000 2.08581000e+04
58100.000000 2.05763000e+04
58300.000000 2.02990000e+04
58500.000000 2.00526000e+04
58700.000000 1.97456000e+04
58900.000000 1.94315000e+04
59100.000000 1.86067000e+04
59300.000000 1.89281000e+04
59500.000000 1.83552000e+04
59700.000000 1.83582000e+04
59900.000000 1.82400000e+04
60100.000000 1.80302000e+04
60300.000000 1.77958000e+04
60500.000000 1.75651000e+04
60700.000000 1.73371000e+04
60900.000000 1.71137000e+04
61100.000000 1.68938000e+04
61300.000000 1.66765000e+04
61500.000000 1.64636000e+04
61700.000000 1.62542000e+04
61900.000000 1.60480000e+04
62100.000000 1.58442000e+04
62300.000000 1.56446000e+04
62500.000000 1.54463000e+04
62700.000000 1.52013000e+04
62900.000000 1.46239000e+04
63100.000000 1.48029000e+04
63300.000000 1.46850000e+04
63500.000000 1.45077000e+04
63700.000000 1.43294000e+04
63900.000000 1.41532000e+04
64200.000000 1.38932000e+04
64600.000000 1.35565000e+04
65000.000000 1.32297000e+04
65400.000000 1.29133000e+04
65800.000000 1.26054000e+04
66200.000000 1.23057000e+04
66600.000000 1.20173000e+04
67000.000000 1.17349000e+04
67400.000000 1.14368000e+04
67800.000000 1.09917000e+04
68200.000000 1.09239000e+04
68600.000000 1.06888000e+04
69000.000000 1.04465000e+04
69400.000000 1.01942000e+04
69800.000000 9.98108000e+03
70200.000000 9.75758000e+03
70600.000000 9.54000000e+03
71000.000000 9.30800000e+03
71400.000000 9.12346000e+03
71800.000000 8.92416000e+03
72200.000000 8.73016000e+03
72600.000000 8.51486000e+03
73000.000000 8.35252000e+03
73400.000000 8.17852000e+03
73800.000000 8.00433000e+03
74200.000000 7.82521000e+03
74600.000000 7.50594000e+03
75000.000000 7.24727000e+03
75400.000000 7.32763000e+03
75800.000000 7.20066000e+03
76200.000000 7.05195000e+03
76600.000000 6.90658000e+03
77000.000000 6.76639000e+03
77400.000000 6.62620000e+03
77800.000000 6.43998000e+03
78200.000000 6.36133000e+03
78600.000000 6.23638000e+03
79000.000000 6.11242000e+03
79400.000000 5.99123000e+03
79800.000000 5.87317000e+03
80200.000000 5.75791000e+03
80600.000000 5.64547000e+03
81000.000000 5.53570000e+03
81400.000000 5.37482000e+03
81800.000000 5.30685000e+03
82200.000000 5.22209000e+03
82600.000000 5.12255000e+03
83000.000000 5.02534000e+03
83400.000000 4.93040000e+03
83800.000000 4.83763000e+03
84200.000000 4.74714000e+03
84600.000000 4.65872000e+03
85000.000000 4.57232000e+03
85400.000000 4.48790000e+03
85800.000000 4.40542000e+03
86200.000000 4.32311000e+03
86600.000000 4.17662000e+03
87000.000000 4.16284000e+03
87400.000000 4.04285000e+03
87800.000000 3.97194000e+03
88200.000000 3.94844000e+03
88600.000000 3.87808000e+03
89000.000000 3.80939000e+03
89400.000000 3.74214000e+03
89800.000000 3.67636000e+03
90200.000000 3.61202000e+03
90600.000000 3.54775000e+03
91000.000000 3.48751000e+03
91400.000000 3.42724000e+03
91800.000000 3.36830000e+03
92200.000000 3.31059000e+03
92600.000000 3.24734000e+03
93000.000000 3.19882000e+03
93400.000000 3.14354000e+03
93800.000000 3.03359000e+03
94200.000000 3.02759000e+03
94600.000000 2.98915000e+03
95000.000000 2.93536000e+03
95400.000000 2.88534000e+03
95800.000000 2.84303000e+03
96200.000000 2.79631000e+03
96600.000000 2.75055000e+03
97000.000000 2.70569000e+03
97400.000000 2.66179000e+03
97800.000000 2.61876000e+03
98200.000000 2.57375000e+03
98600.000000 2.52656000e+03
99000.000000 2.49469000e+03
99400.000000 2.45502000e+03
99800.000000 2.41609000e+03
100200.000000 2.37793000e+03
200000.000000 1.49985000e+02
400000.000000 9.21551000e+00
600000.000000 1.79355000e+00
800000.000000 5.60850000e-01
1000000.000000 2.27545000e-01
1200000.000000 1.08864000e-01
1400000.000000 5.83642000e-02
1600000.000000 3.40087000e-02
