# Kurucz ODFNEW /NOVER, alpha: 0.0 (2003)
# teff = 27000 K (value for the effective temperature for the model. Temperatures are given in K)
# logg = 4 log(cm/s2) (value for Log(G) for the model.)
# lh = 1.25  (l/Hp where l is the  mixing length of the convective element and Hp is the pressure scale height)
# meta = -1.5  (value for the Metallicity for the model.)
# vtur = 2 km/s (Microturbulence velocity)
# alpha = 0  (Alpha)
#
# column 1: WAVELENGTH (ANGSTROM), Wavelength in Angstrom
# column 2: FLUX (ERG/CM2/S/A), Flux in erg/cm2/s/A
147.200000 6.74182000e-12
151.000000 2.75860000e-11
155.200000 1.20839000e-10
158.800000 4.02986000e-10
162.000000 1.12433000e-09
166.000000 3.83333000e-09
170.300000 1.34353000e-08
173.400000 3.19187000e-08
176.800000 7.95491000e-08
180.200000 1.91474000e-07
181.700000 2.79179000e-07
186.100000 8.14511000e-07
191.000000 2.52922000e-06
193.900000 4.81227000e-06
198.400000 1.25693000e-05
201.800000 2.52126000e-05
205.000000 4.75114000e-05
210.500000 1.34979000e-04
216.200000 3.75896000e-04
219.800000 6.97579000e-04
223.000000 1.18824000e-03
226.800000 2.19271000e-03
230.000000 1.98086000e-01
234.000000 4.72859000e-01
240.000000 1.00841000e+00
246.500000 2.21782000e+00
252.400000 4.41325000e+00
256.800000 6.44447000e+00
260.000000 1.00039000e+01
264.000000 1.48198000e+01
268.500000 2.32510000e+01
273.500000 3.74119000e+01
278.500000 5.90529000e+01
284.000000 9.67233000e+01
290.000000 1.59494000e+02
296.000000 2.57346000e+02
301.000000 3.70571000e+02
308.000000 5.77699000e+02
318.000000 1.28024000e+03
328.000000 2.42610000e+03
338.000000 4.52462000e+03
348.000000 8.00967000e+03
357.000000 1.33664000e+04
366.000000 2.14742000e+04
375.000000 3.25173000e+04
385.000000 5.17242000e+04
395.000000 7.93709000e+04
405.000000 1.18659000e+05
414.000000 1.68769000e+05
422.000000 2.23646000e+05
430.000000 2.95862000e+05
441.000000 4.27964000e+05
451.000000 5.89503000e+05
460.000000 7.67524000e+05
470.000000 1.02955000e+06
480.000000 1.35003000e+06
490.000000 1.75451000e+06
500.000000 2.25706000e+06
506.000000 1.42887000e+07
512.000000 4.59171000e+07
520.000000 5.08027000e+07
530.000000 5.97993000e+07
540.000000 6.10196000e+07
550.000000 7.71766000e+07
560.000000 8.56339000e+07
570.000000 9.74800000e+07
580.000000 9.57715000e+07
590.000000 1.15735000e+08
600.000000 1.27648000e+08
610.000000 1.41965000e+08
620.000000 1.54063000e+08
630.000000 1.68365000e+08
640.000000 1.75304000e+08
650.000000 1.91798000e+08
658.000000 2.07227000e+08
665.000000 2.19457000e+08
675.000000 2.29076000e+08
685.000000 2.41232000e+08
695.000000 2.72783000e+08
705.000000 2.82904000e+08
716.000000 3.09926000e+08
726.000000 3.25241000e+08
735.000000 3.43762000e+08
745.000000 3.69823000e+08
755.000000 3.90612000e+08
765.000000 4.12376000e+08
775.000000 4.37003000e+08
785.000000 4.63446000e+08
795.000000 4.82624000e+08
805.000000 5.05833000e+08
815.000000 5.24356000e+08
825.000000 5.54667000e+08
835.000000 5.53241000e+08
845.000000 5.94779000e+08
855.000000 6.17279000e+08
865.000000 6.46239000e+08
875.000000 6.77855000e+08
885.000000 7.07355000e+08
895.000000 7.33212000e+08
905.000000 7.50216000e+08
915.000000 1.05861000e+09
925.000000 7.41945000e+09
935.000000 1.67774000e+10
945.000000 3.36191000e+10
955.000000 3.93585000e+10
965.000000 4.79516000e+10
975.000000 2.11258000e+10
985.000000 4.69638000e+10
995.000000 4.40230000e+10
1005.000000 4.59114000e+10
1015.000000 4.38337000e+10
1025.000000 2.29840000e+10
1035.000000 3.99685000e+10
1045.000000 4.60655000e+10
1055.000000 4.43773000e+10
1065.000000 4.02396000e+10
1075.000000 4.16949000e+10
1085.000000 3.84658000e+10
1095.000000 4.08644000e+10
1105.000000 3.91408000e+10
1115.000000 3.85055000e+10
1125.000000 3.55052000e+10
1135.000000 3.72160000e+10
1145.000000 3.49797000e+10
1155.000000 3.54441000e+10
1165.000000 3.48743000e+10
1175.000000 2.87767000e+10
1185.000000 3.28405000e+10
1195.000000 3.14094000e+10
1205.000000 2.82490000e+10
1215.000000 1.56380000e+10
1225.000000 2.85944000e+10
1235.000000 2.99783000e+10
1245.000000 2.91803000e+10
1255.000000 2.88989000e+10
1265.000000 2.83449000e+10
1275.000000 2.81454000e+10
1285.000000 2.75835000e+10
1295.000000 2.52834000e+10
1305.000000 2.55079000e+10
1315.000000 2.59167000e+10
1325.000000 2.49862000e+10
1335.000000 2.40616000e+10
1345.000000 2.40695000e+10
1355.000000 2.39064000e+10
1365.000000 2.30924000e+10
1375.000000 2.26880000e+10
1385.000000 2.22947000e+10
1395.000000 2.04411000e+10
1405.000000 2.04813000e+10
1415.000000 2.08006000e+10
1425.000000 2.02036000e+10
1435.000000 2.01077000e+10
1442.000000 2.00416000e+10
1447.000000 1.97666000e+10
1455.000000 1.93932000e+10
1465.000000 1.89170000e+10
1475.000000 1.85886000e+10
1485.000000 1.82691000e+10
1495.000000 1.78704000e+10
1505.000000 1.72445000e+10
1512.000000 1.68364000e+10
1517.000000 1.68140000e+10
1525.000000 1.65538000e+10
1535.000000 1.55343000e+10
1545.000000 1.53177000e+10
1555.000000 1.48146000e+10
1565.000000 1.50496000e+10
1575.000000 1.50655000e+10
1585.000000 1.48684000e+10
1595.000000 1.46535000e+10
1605.000000 1.40620000e+10
1615.000000 1.37568000e+10
1625.000000 1.36999000e+10
1635.000000 1.36248000e+10
1645.000000 1.31418000e+10
1655.000000 1.32410000e+10
1665.000000 1.30560000e+10
1672.000000 1.27859000e+10
1677.000000 1.30188000e+10
1685.000000 1.27475000e+10
1695.000000 1.24354000e+10
1705.000000 1.21283000e+10
1715.000000 1.17801000e+10
1725.000000 1.16098000e+10
1735.000000 1.15649000e+10
1745.000000 1.13461000e+10
1755.000000 1.12308000e+10
1765.000000 1.08916000e+10
1775.000000 1.07166000e+10
1785.000000 1.06479000e+10
1795.000000 1.05328000e+10
1805.000000 1.04375000e+10
1815.000000 1.01114000e+10
1825.000000 1.00127000e+10
1835.000000 9.85059000e+09
1845.000000 9.34457000e+09
1855.000000 9.18453000e+09
1865.000000 9.20014000e+09
1875.000000 9.19356000e+09
1885.000000 8.68257000e+09
1895.000000 8.34779000e+09
1905.000000 8.56350000e+09
1915.000000 8.25467000e+09
1925.000000 8.03757000e+09
1935.000000 8.14930000e+09
1945.000000 8.16550000e+09
1955.000000 7.69885000e+09
1967.000000 7.84483000e+09
1976.000000 7.93032000e+09
1984.000000 7.61746000e+09
1995.000000 7.38565000e+09
2005.000000 7.44870000e+09
2015.000000 7.43359000e+09
2025.000000 7.40307000e+09
2035.000000 7.14000000e+09
2045.000000 7.04332000e+09
2055.000000 6.70178000e+09
2065.000000 6.61397000e+09
2074.000000 6.73685000e+09
2078.000000 6.54343000e+09
2085.000000 6.57799000e+09
2095.000000 6.45801000e+09
2105.000000 6.51625000e+09
2115.000000 6.46606000e+09
2125.000000 6.42946000e+09
2135.000000 6.31854000e+09
2145.000000 6.17838000e+09
2155.000000 6.14437000e+09
2165.000000 6.06451000e+09
2175.000000 5.97416000e+09
2185.000000 5.89285000e+09
2195.000000 5.83466000e+09
2205.000000 5.75110000e+09
2215.000000 5.66788000e+09
2225.000000 5.58547000e+09
2235.000000 5.49902000e+09
2245.000000 5.44386000e+09
2255.000000 5.35153000e+09
2265.000000 5.29660000e+09
2275.000000 5.22612000e+09
2285.000000 5.15811000e+09
2295.000000 4.99538000e+09
2305.000000 5.00999000e+09
2315.000000 4.94086000e+09
2325.000000 4.87664000e+09
2335.000000 4.80241000e+09
2345.000000 4.75359000e+09
2355.000000 4.69341000e+09
2365.000000 4.63245000e+09
2375.000000 4.56720000e+09
2385.000000 4.50196000e+09
2395.000000 4.44757000e+09
2405.000000 4.39177000e+09
2415.000000 4.33203000e+09
2425.000000 4.28260000e+09
2435.000000 4.22068000e+09
2445.000000 4.17079000e+09
2455.000000 4.12107000e+09
2465.000000 4.06829000e+09
2475.000000 4.01537000e+09
2485.000000 3.96403000e+09
2495.000000 3.78616000e+09
2505.000000 3.86148000e+09
2513.000000 3.77889000e+09
2518.000000 3.79598000e+09
2525.000000 3.76870000e+09
2535.000000 3.72243000e+09
2545.000000 3.65467000e+09
2555.000000 3.62364000e+09
2565.000000 3.58479000e+09
2575.000000 3.54274000e+09
2585.000000 3.49965000e+09
2595.000000 3.45735000e+09
2605.000000 3.43458000e+09
2615.000000 3.39282000e+09
2625.000000 3.35188000e+09
2635.000000 3.30733000e+09
2645.000000 3.26675000e+09
2655.000000 3.22493000e+09
2665.000000 3.17844000e+09
2675.000000 3.13993000e+09
2685.000000 3.12097000e+09
2695.000000 3.05745000e+09
2705.000000 3.04338000e+09
2715.000000 3.00930000e+09
2725.000000 2.95397000e+09
2735.000000 2.93649000e+09
2745.000000 2.90303000e+09
2755.000000 2.87147000e+09
2765.000000 2.81694000e+09
2775.000000 2.80783000e+09
2785.000000 2.77444000e+09
2795.000000 2.71908000e+09
2805.000000 2.70394000e+09
2815.000000 2.68148000e+09
2825.000000 2.62633000e+09
2835.000000 2.59733000e+09
2845.000000 2.59144000e+09
2855.000000 2.56079000e+09
2865.000000 2.53308000e+09
2875.000000 2.50487000e+09
2885.000000 2.47735000e+09
2895.000000 2.44939000e+09
2910.000000 2.40774000e+09
2930.000000 2.35550000e+09
2950.000000 2.28864000e+09
2970.000000 2.25434000e+09
2990.000000 2.20515000e+09
3010.000000 2.15594000e+09
3030.000000 2.11276000e+09
3050.000000 2.06838000e+09
3070.000000 2.02517000e+09
3090.000000 1.97753000e+09
3110.000000 1.94112000e+09
3130.000000 1.90174000e+09
3150.000000 1.86290000e+09
3170.000000 1.82383000e+09
3190.000000 1.77338000e+09
3210.000000 1.74996000e+09
3230.000000 1.71467000e+09
3250.000000 1.68044000e+09
3270.000000 1.64853000e+09
3290.000000 1.61358000e+09
3310.000000 1.58424000e+09
3330.000000 1.55297000e+09
3350.000000 1.52011000e+09
3370.000000 1.49310000e+09
3390.000000 1.46452000e+09
3410.000000 1.43644000e+09
3430.000000 1.40241000e+09
3450.000000 1.37091000e+09
3470.000000 1.34877000e+09
3490.000000 1.32318000e+09
3510.000000 1.30231000e+09
3530.000000 1.28064000e+09
3550.000000 1.25707000e+09
3570.000000 1.24019000e+09
3590.000000 1.20963000e+09
3610.000000 1.19013000e+09
3630.000000 1.16613000e+09
3640.000000 1.16346000e+09
3650.000000 1.14100000e+09
3670.000000 1.12530000e+09
3690.000000 1.10082000e+09
3710.000000 1.06394000e+09
3730.000000 1.02367000e+09
3750.000000 1.06465000e+09
3770.000000 1.05995000e+09
3790.000000 1.10193000e+09
3810.000000 1.14017000e+09
3830.000000 1.00841000e+09
3850.000000 1.15684000e+09
3870.000000 1.15568000e+09
3890.000000 9.56083000e+08
3910.000000 1.13181000e+09
3930.000000 1.11127000e+09
3950.000000 1.09331000e+09
3970.000000 8.86889000e+08
3990.000000 1.05062000e+09
4010.000000 1.03902000e+09
4030.000000 9.86935000e+08
4050.000000 1.01313000e+09
4070.000000 9.88599000e+08
4090.000000 9.25806000e+08
4110.000000 8.20628000e+08
4130.000000 9.30488000e+08
4150.000000 9.20359000e+08
4170.000000 9.11249000e+08
4190.000000 8.97592000e+08
4210.000000 8.83196000e+08
4230.000000 8.68274000e+08
4250.000000 8.52926000e+08
4270.000000 8.35884000e+08
4290.000000 8.24444000e+08
4310.000000 8.07096000e+08
4330.000000 7.44843000e+08
4350.000000 6.83359000e+08
4370.000000 7.66976000e+08
4390.000000 7.42098000e+08
4410.000000 7.46191000e+08
4430.000000 7.32942000e+08
4450.000000 7.23705000e+08
4470.000000 6.86510000e+08
4490.000000 7.00459000e+08
4510.000000 6.90112000e+08
4530.000000 6.79148000e+08
4550.000000 6.67968000e+08
4570.000000 6.57372000e+08
4590.000000 6.47185000e+08
4610.000000 6.37275000e+08
4630.000000 6.27440000e+08
4650.000000 6.14946000e+08
4670.000000 6.07997000e+08
4690.000000 5.98215000e+08
4710.000000 5.82600000e+08
4730.000000 5.80883000e+08
4750.000000 5.71727000e+08
4770.000000 5.64045000e+08
4790.000000 5.55536000e+08
4810.000000 5.46887000e+08
4830.000000 5.36263000e+08
4850.000000 5.02621000e+08
4870.000000 4.53215000e+08
4890.000000 5.11856000e+08
4910.000000 5.06882000e+08
4930.000000 4.89960000e+08
4950.000000 4.92942000e+08
4970.000000 4.86146000e+08
4990.000000 4.79080000e+08
5010.000000 4.66467000e+08
5030.000000 4.65401000e+08
5050.000000 4.56212000e+08
5070.000000 4.52224000e+08
5090.000000 4.45783000e+08
5110.000000 4.39473000e+08
5130.000000 4.33161000e+08
5150.000000 4.27048000e+08
5170.000000 4.21199000e+08
5190.000000 4.15343000e+08
5210.000000 4.09538000e+08
5230.000000 4.03891000e+08
5250.000000 3.98318000e+08
5270.000000 3.92832000e+08
5290.000000 3.87458000e+08
5310.000000 3.82153000e+08
5330.000000 3.76969000e+08
5350.000000 3.71827000e+08
5370.000000 3.66841000e+08
5390.000000 3.61868000e+08
5410.000000 3.56957000e+08
5430.000000 3.52237000e+08
5450.000000 3.47539000e+08
5470.000000 3.42924000e+08
5490.000000 3.38380000e+08
5510.000000 3.33931000e+08
5530.000000 3.29524000e+08
5550.000000 3.25209000e+08
5570.000000 3.20947000e+08
5590.000000 3.16773000e+08
5610.000000 3.12651000e+08
5630.000000 3.08616000e+08
5650.000000 3.04605000e+08
5670.000000 3.00585000e+08
5690.000000 2.96603000e+08
5710.000000 2.93038000e+08
5730.000000 2.89309000e+08
5750.000000 2.85557000e+08
5770.000000 2.82053000e+08
5790.000000 2.78489000e+08
5810.000000 2.74991000e+08
5830.000000 2.71522000e+08
5850.000000 2.68150000e+08
5870.000000 2.57655000e+08
5890.000000 2.61164000e+08
5910.000000 2.58267000e+08
5930.000000 2.55039000e+08
5950.000000 2.51901000e+08
5970.000000 2.48885000e+08
5990.000000 2.45808000e+08
6010.000000 2.42829000e+08
6030.000000 2.39864000e+08
6050.000000 2.36984000e+08
6070.000000 2.34126000e+08
6090.000000 2.31311000e+08
6110.000000 2.28538000e+08
6130.000000 2.25796000e+08
6150.000000 2.23074000e+08
6170.000000 2.20433000e+08
6190.000000 2.17841000e+08
6210.000000 2.15268000e+08
6230.000000 2.12733000e+08
6250.000000 2.10226000e+08
6270.000000 2.07766000e+08
6290.000000 2.05342000e+08
6310.000000 2.02945000e+08
6330.000000 2.00593000e+08
6350.000000 1.98247000e+08
6370.000000 1.95974000e+08
6390.000000 1.93716000e+08
6410.000000 1.91491000e+08
6430.000000 1.89308000e+08
6450.000000 1.87140000e+08
6470.000000 1.84986000e+08
6490.000000 1.82890000e+08
6510.000000 1.80826000e+08
6530.000000 1.78245000e+08
6550.000000 1.71740000e+08
6570.000000 1.53939000e+08
6590.000000 1.71414000e+08
6610.000000 1.70766000e+08
6630.000000 1.69017000e+08
6650.000000 1.67227000e+08
6670.000000 1.63897000e+08
6690.000000 1.62119000e+08
6710.000000 1.61773000e+08
6730.000000 1.59973000e+08
6750.000000 1.58249000e+08
6770.000000 1.56518000e+08
6790.000000 1.54756000e+08
6810.000000 1.53125000e+08
6830.000000 1.51471000e+08
6850.000000 1.49841000e+08
6870.000000 1.48227000e+08
6890.000000 1.46630000e+08
6910.000000 1.45056000e+08
6930.000000 1.43522000e+08
6950.000000 1.41995000e+08
6970.000000 1.40484000e+08
6990.000000 1.38995000e+08
7010.000000 1.37528000e+08
7030.000000 1.36084000e+08
7050.000000 1.34653000e+08
7070.000000 1.31202000e+08
7090.000000 1.31849000e+08
7110.000000 1.30475000e+08
7130.000000 1.29114000e+08
7150.000000 1.27781000e+08
7170.000000 1.26432000e+08
7190.000000 1.25154000e+08
7210.000000 1.23866000e+08
7230.000000 1.22317000e+08
7250.000000 1.21327000e+08
7270.000000 1.20098000e+08
7290.000000 1.17937000e+08
7310.000000 1.17652000e+08
7330.000000 1.16478000e+08
7350.000000 1.15301000e+08
7370.000000 1.14142000e+08
7390.000000 1.12994000e+08
7410.000000 1.11856000e+08
7430.000000 1.10736000e+08
7450.000000 1.09647000e+08
7470.000000 1.08541000e+08
7490.000000 1.07478000e+08
7510.000000 1.06372000e+08
7530.000000 1.05363000e+08
7550.000000 1.04323000e+08
7570.000000 1.03299000e+08
7590.000000 1.02285000e+08
7610.000000 1.01279000e+08
7630.000000 1.00296000e+08
7650.000000 9.93153000e+07
7670.000000 9.83562000e+07
7690.000000 9.73993000e+07
7710.000000 9.64574000e+07
7730.000000 9.55302000e+07
7750.000000 9.46050000e+07
7770.000000 9.36880000e+07
7790.000000 9.28040000e+07
7810.000000 9.18661000e+07
7830.000000 9.10471000e+07
7850.000000 9.02598000e+07
7870.000000 8.94002000e+07
7890.000000 8.84936000e+07
7910.000000 8.77276000e+07
7930.000000 8.68962000e+07
7950.000000 8.60364000e+07
7970.000000 8.50595000e+07
7990.000000 8.42860000e+07
8010.000000 8.34781000e+07
8030.000000 8.27005000e+07
8050.000000 8.19936000e+07
8070.000000 8.12753000e+07
8090.000000 8.03674000e+07
8110.000000 7.97138000e+07
8130.000000 7.90770000e+07
8150.000000 7.82300000e+07
8170.000000 7.76555000e+07
8190.000000 7.68330000e+07
8210.000000 7.59114000e+07
8230.000000 7.54261000e+07
8250.000000 7.47785000e+07
8270.000000 7.37232000e+07
8290.000000 7.33570000e+07
8310.000000 7.27261000e+07
8330.000000 7.20407000e+07
8350.000000 7.10584000e+07
8370.000000 7.06385000e+07
8390.000000 7.01042000e+07
8410.000000 6.94675000e+07
8430.000000 6.87778000e+07
8450.000000 6.77351000e+07
8470.000000 6.74576000e+07
8490.000000 6.68317000e+07
8510.000000 6.60706000e+07
8530.000000 6.57301000e+07
8550.000000 6.42428000e+07
8570.000000 6.53026000e+07
8590.000000 6.27116000e+07
8610.000000 6.25070000e+07
8630.000000 6.41246000e+07
8650.000000 6.23229000e+07
8670.000000 5.86377000e+07
8690.000000 6.25188000e+07
8710.000000 6.27087000e+07
8730.000000 6.08300000e+07
8750.000000 5.54103000e+07
8770.000000 5.90959000e+07
8790.000000 6.08216000e+07
8810.000000 6.04535000e+07
8830.000000 5.97209000e+07
8850.000000 5.62190000e+07
8870.000000 5.22788000e+07
8890.000000 5.76543000e+07
8910.000000 5.79557000e+07
8930.000000 5.75311000e+07
8950.000000 5.72037000e+07
8970.000000 5.66212000e+07
8990.000000 5.50876000e+07
9010.000000 4.93906000e+07
9030.000000 5.17454000e+07
9050.000000 5.43964000e+07
9070.000000 5.38500000e+07
9090.000000 5.38230000e+07
9110.000000 5.36005000e+07
9130.000000 5.31942000e+07
9150.000000 5.27504000e+07
9170.000000 5.20860000e+07
9190.000000 5.15562000e+07
9210.000000 4.94006000e+07
9230.000000 4.40081000e+07
9250.000000 4.87277000e+07
9270.000000 4.98197000e+07
9290.000000 4.96709000e+07
9310.000000 4.91361000e+07
9330.000000 4.89646000e+07
9350.000000 4.85442000e+07
9370.000000 4.81870000e+07
9390.000000 4.77982000e+07
9410.000000 4.74081000e+07
9430.000000 4.70293000e+07
9450.000000 4.66532000e+07
9470.000000 4.59859000e+07
9490.000000 4.57923000e+07
9510.000000 4.48376000e+07
9530.000000 4.30070000e+07
9550.000000 3.86232000e+07
9570.000000 4.32241000e+07
9590.000000 4.38346000e+07
9610.000000 4.35544000e+07
9630.000000 4.31827000e+07
9650.000000 4.30727000e+07
9670.000000 4.27336000e+07
9690.000000 4.23567000e+07
9710.000000 4.19387000e+07
9730.000000 4.17346000e+07
9750.000000 4.14090000e+07
9770.000000 4.10857000e+07
9790.000000 4.07687000e+07
9810.000000 4.04499000e+07
9830.000000 4.01374000e+07
9850.000000 3.98270000e+07
9870.000000 3.95188000e+07
9890.000000 3.92166000e+07
9910.000000 3.88820000e+07
9930.000000 3.86148000e+07
9950.000000 3.83189000e+07
9970.000000 3.80251000e+07
9990.000000 3.76593000e+07
10025.000000 3.57924000e+07
10075.000000 3.46390000e+07
10125.000000 3.57232000e+07
10175.000000 3.51808000e+07
10225.000000 3.45122000e+07
10275.000000 3.38896000e+07
10325.000000 3.31395000e+07
10375.000000 3.26567000e+07
10425.000000 3.20610000e+07
10475.000000 3.14793000e+07
10525.000000 3.09105000e+07
10575.000000 3.03545000e+07
10625.000000 2.98111000e+07
10675.000000 2.92231000e+07
10725.000000 2.87600000e+07
10775.000000 2.82516000e+07
10825.000000 2.74618000e+07
10875.000000 2.71983000e+07
10925.000000 2.48093000e+07
10975.000000 2.58189000e+07
11025.000000 2.57002000e+07
11075.000000 2.54097000e+07
11125.000000 2.49913000e+07
11175.000000 2.45648000e+07
11225.000000 2.41339000e+07
11275.000000 2.37381000e+07
11325.000000 2.33380000e+07
11375.000000 2.29469000e+07
11425.000000 2.25630000e+07
11475.000000 2.21879000e+07
11525.000000 2.18203000e+07
11575.000000 2.14598000e+07
11625.000000 2.11072000e+07
11675.000000 2.07616000e+07
11725.000000 2.04237000e+07
11775.000000 2.00920000e+07
11825.000000 1.97672000e+07
11875.000000 1.94488000e+07
11925.000000 1.91369000e+07
11975.000000 1.86554000e+07
12025.000000 1.85316000e+07
12075.000000 1.82379000e+07
12125.000000 1.79499000e+07
12175.000000 1.76676000e+07
12225.000000 1.73910000e+07
12275.000000 1.71196000e+07
12325.000000 1.68535000e+07
12375.000000 1.65926000e+07
12425.000000 1.63368000e+07
12475.000000 1.60856000e+07
12525.000000 1.58073000e+07
12575.000000 1.55980000e+07
12625.000000 1.53613000e+07
12675.000000 1.51289000e+07
12725.000000 1.48979000e+07
12775.000000 1.44336000e+07
12825.000000 1.33985000e+07
12875.000000 1.41582000e+07
12925.000000 1.40302000e+07
12975.000000 1.37278000e+07
13025.000000 1.36191000e+07
13075.000000 1.34192000e+07
13125.000000 1.32229000e+07
13175.000000 1.30301000e+07
13225.000000 1.28408000e+07
13275.000000 1.26549000e+07
13325.000000 1.24723000e+07
13375.000000 1.22931000e+07
13425.000000 1.21064000e+07
13475.000000 1.19443000e+07
13525.000000 1.17744000e+07
13575.000000 1.16077000e+07
13625.000000 1.14435000e+07
13675.000000 1.12828000e+07
13725.000000 1.11244000e+07
13775.000000 1.09691000e+07
13825.000000 1.08164000e+07
13875.000000 1.06664000e+07
13925.000000 1.05188000e+07
13975.000000 1.03738000e+07
14025.000000 1.02314000e+07
14075.000000 1.00915000e+07
14125.000000 9.95394000e+06
14175.000000 9.81860000e+06
14225.000000 9.68565000e+06
14275.000000 9.55488000e+06
14325.000000 9.42624000e+06
14375.000000 9.29989000e+06
14425.000000 9.17560000e+06
14475.000000 9.05335000e+06
14525.000000 8.93309000e+06
14570.000000 8.82671000e+06
14620.000000 8.70739000e+06
14675.000000 8.58242000e+06
14725.000000 8.47055000e+06
14775.000000 8.36068000e+06
14825.000000 8.25244000e+06
14875.000000 8.14597000e+06
14925.000000 8.04126000e+06
14975.000000 7.93809000e+06
15025.000000 7.83628000e+06
15075.000000 7.72040000e+06
15125.000000 7.63733000e+06
15175.000000 7.53931000e+06
15225.000000 7.44388000e+06
15275.000000 7.34663000e+06
15325.000000 7.25209000e+06
15375.000000 7.16500000e+06
15425.000000 7.06162000e+06
15475.000000 6.98601000e+06
15525.000000 6.89670000e+06
15575.000000 6.78167000e+06
15625.000000 6.74652000e+06
15675.000000 6.62474000e+06
15725.000000 6.51533000e+06
15775.000000 6.50937000e+06
15825.000000 6.42453000e+06
15875.000000 6.20982000e+06
15925.000000 6.24293000e+06
15975.000000 6.21203000e+06
16050.000000 6.07017000e+06
16150.000000 5.84328000e+06
16250.000000 5.83336000e+06
16350.000000 5.63961000e+06
16450.000000 5.41283000e+06
16550.000000 5.43729000e+06
16650.000000 5.31211000e+06
16750.000000 5.12668000e+06
16850.000000 4.91169000e+06
16950.000000 4.95264000e+06
17050.000000 4.81619000e+06
17150.000000 4.73316000e+06
17250.000000 4.62185000e+06
17350.000000 4.33569000e+06
17450.000000 4.40417000e+06
17550.000000 4.32575000e+06
17650.000000 4.23080000e+06
17750.000000 4.13842000e+06
17850.000000 4.04843000e+06
17950.000000 3.96124000e+06
18050.000000 3.87341000e+06
18150.000000 3.63975000e+06
18250.000000 3.68311000e+06
18350.000000 3.63413000e+06
18450.000000 3.55776000e+06
18550.000000 3.48185000e+06
18650.000000 3.38471000e+06
18750.000000 3.20426000e+06
18850.000000 3.26747000e+06
18950.000000 3.20422000e+06
19050.000000 3.12655000e+06
19150.000000 3.07498000e+06
19250.000000 3.01323000e+06
19350.000000 2.94574000e+06
19450.000000 2.75739000e+06
19550.000000 2.82526000e+06
19650.000000 2.78008000e+06
19750.000000 2.72535000e+06
19850.000000 2.67195000e+06
19950.000000 2.61986000e+06
20050.000000 2.56896000e+06
20150.000000 2.51940000e+06
20250.000000 2.47097000e+06
20350.000000 2.42364000e+06
20450.000000 2.37666000e+06
20550.000000 2.32780000e+06
20650.000000 2.28844000e+06
20750.000000 2.24552000e+06
20850.000000 2.20358000e+06
20950.000000 2.16260000e+06
21050.000000 2.12255000e+06
21150.000000 2.07540000e+06
21250.000000 2.04515000e+06
21350.000000 2.00786000e+06
21450.000000 1.97084000e+06
21550.000000 1.93158000e+06
21650.000000 1.80937000e+06
21750.000000 1.85863000e+06
21850.000000 1.83203000e+06
21950.000000 1.80075000e+06
22050.000000 1.76888000e+06
22150.000000 1.73767000e+06
22250.000000 1.70694000e+06
22350.000000 1.67737000e+06
22450.000000 1.64818000e+06
22550.000000 1.61967000e+06
22650.000000 1.59167000e+06
22750.000000 1.56438000e+06
22850.000000 1.53745000e+06
22950.000000 1.51135000e+06
23050.000000 1.48535000e+06
23150.000000 1.46074000e+06
23250.000000 1.43622000e+06
23350.000000 1.41219000e+06
23450.000000 1.38867000e+06
23550.000000 1.36569000e+06
23650.000000 1.34312000e+06
23750.000000 1.32101000e+06
23850.000000 1.29936000e+06
23950.000000 1.27816000e+06
24050.000000 1.25732000e+06
24150.000000 1.23685000e+06
24250.000000 1.21694000e+06
24350.000000 1.19724000e+06
24450.000000 1.17783000e+06
24550.000000 1.15937000e+06
24650.000000 1.14044000e+06
24750.000000 1.12054000e+06
24850.000000 1.10562000e+06
24950.000000 1.08546000e+06
25050.000000 1.07135000e+06
25150.000000 1.05480000e+06
25250.000000 1.03359000e+06
25350.000000 1.02193000e+06
25450.000000 1.00746000e+06
25550.000000 9.90585000e+05
25650.000000 9.67988000e+05
25750.000000 9.61166000e+05
25850.000000 9.48952000e+05
25950.000000 9.33652000e+05
26050.000000 9.15284000e+05
26150.000000 8.88464000e+05
26250.000000 8.49724000e+05
26350.000000 8.75082000e+05
26450.000000 8.66916000e+05
26550.000000 8.53664000e+05
26650.000000 8.38040000e+05
26750.000000 8.08358000e+05
26850.000000 8.13217000e+05
26950.000000 8.05585000e+05
27050.000000 7.93873000e+05
27150.000000 7.82363000e+05
27250.000000 7.71101000e+05
27350.000000 7.59983000e+05
27450.000000 7.47657000e+05
27550.000000 7.17223000e+05
27650.000000 7.19140000e+05
27750.000000 7.17195000e+05
27850.000000 7.07489000e+05
27950.000000 6.97516000e+05
28050.000000 6.87764000e+05
28150.000000 6.78132000e+05
28250.000000 6.68713000e+05
28350.000000 6.59410000e+05
28450.000000 6.50268000e+05
28550.000000 6.40822000e+05
28650.000000 6.26672000e+05
28750.000000 6.00625000e+05
28850.000000 6.13442000e+05
28950.000000 6.06964000e+05
29050.000000 5.98730000e+05
29150.000000 5.90683000e+05
29250.000000 5.82732000e+05
29350.000000 5.74876000e+05
29450.000000 5.67199000e+05
29550.000000 5.59656000e+05
29650.000000 5.52202000e+05
29750.000000 5.44921000e+05
29850.000000 5.37724000e+05
29950.000000 5.30654000e+05
30050.000000 5.23665000e+05
30150.000000 5.16840000e+05
30250.000000 5.09188000e+05
30350.000000 4.87066000e+05
30450.000000 4.87244000e+05
30550.000000 4.90034000e+05
30650.000000 4.84234000e+05
30750.000000 4.78022000e+05
30850.000000 4.71920000e+05
30950.000000 4.65926000e+05
31050.000000 4.59999000e+05
31150.000000 4.54177000e+05
31250.000000 4.48420000e+05
31350.000000 4.42804000e+05
31450.000000 4.37250000e+05
31550.000000 4.31758000e+05
31650.000000 4.26401000e+05
31750.000000 4.21104000e+05
31850.000000 4.15864000e+05
31950.000000 4.10755000e+05
32100.000000 4.03196000e+05
32300.000000 3.93380000e+05
32500.000000 3.83881000e+05
32700.000000 3.74619000e+05
32900.000000 3.55634000e+05
33100.000000 3.54651000e+05
33300.000000 3.48161000e+05
33500.000000 3.40122000e+05
33700.000000 3.32216000e+05
33900.000000 3.24535000e+05
34100.000000 3.17058000e+05
34300.000000 3.09795000e+05
34500.000000 3.02738000e+05
34700.000000 2.95879000e+05
34900.000000 2.89216000e+05
35100.000000 2.82734000e+05
35300.000000 2.76432000e+05
35500.000000 2.70301000e+05
35700.000000 2.64333000e+05
35900.000000 2.58567000e+05
36100.000000 2.52874000e+05
36300.000000 2.47445000e+05
36500.000000 2.42003000e+05
36700.000000 2.36987000e+05
36900.000000 2.31633000e+05
37100.000000 2.26567000e+05
37300.000000 2.19126000e+05
37500.000000 2.13187000e+05
37700.000000 2.12996000e+05
37900.000000 2.08920000e+05
38100.000000 2.03880000e+05
38300.000000 1.99784000e+05
38500.000000 1.96270000e+05
38700.000000 1.92267000e+05
38900.000000 1.88110000e+05
39100.000000 1.83287000e+05
39300.000000 1.80746000e+05
39500.000000 1.77240000e+05
39700.000000 1.73713000e+05
39900.000000 1.70273000e+05
40100.000000 1.65959000e+05
40300.000000 1.62047000e+05
40500.000000 1.56436000e+05
40700.000000 1.57206000e+05
40900.000000 1.54301000e+05
41100.000000 1.51335000e+05
41300.000000 1.48312000e+05
41500.000000 1.45438000e+05
41700.000000 1.40532000e+05
41900.000000 1.39919000e+05
42100.000000 1.37523000e+05
42300.000000 1.34952000e+05
42500.000000 1.32375000e+05
42700.000000 1.29987000e+05
42900.000000 1.27384000e+05
43100.000000 1.25249000e+05
43300.000000 1.22962000e+05
43500.000000 1.20675000e+05
43700.000000 1.16365000e+05
43900.000000 1.15685000e+05
44100.000000 1.14312000e+05
44300.000000 1.12271000e+05
44500.000000 1.10275000e+05
44700.000000 1.08442000e+05
44900.000000 1.06528000e+05
45100.000000 1.04660000e+05
45300.000000 1.02829000e+05
45500.000000 1.01039000e+05
45700.000000 9.92886000e+04
45900.000000 9.75740000e+04
46100.000000 9.58535000e+04
46300.000000 9.40396000e+04
46500.000000 8.96363000e+04
46700.000000 8.85506000e+04
46900.000000 8.90027000e+04
47100.000000 8.80005000e+04
47300.000000 8.65591000e+04
47500.000000 8.51137000e+04
47700.000000 8.36994000e+04
47900.000000 8.23140000e+04
48100.000000 8.09584000e+04
48300.000000 7.96288000e+04
48500.000000 7.83264000e+04
48700.000000 7.70522000e+04
48900.000000 7.58025000e+04
49100.000000 7.45783000e+04
49300.000000 7.33777000e+04
49500.000000 7.22017000e+04
49700.000000 7.10498000e+04
49900.000000 6.99201000e+04
50100.000000 6.88136000e+04
50300.000000 6.77285000e+04
50500.000000 6.66642000e+04
50700.000000 6.56205000e+04
50900.000000 6.45591000e+04
51100.000000 6.33132000e+04
51300.000000 6.07977000e+04
51500.000000 6.14386000e+04
51700.000000 6.06499000e+04
51900.000000 5.97707000e+04
52100.000000 5.88603000e+04
52300.000000 5.79675000e+04
52500.000000 5.70893000e+04
52700.000000 5.61956000e+04
52900.000000 5.53865000e+04
53100.000000 5.45585000e+04
53300.000000 5.37454000e+04
53500.000000 5.29481000e+04
53700.000000 5.20998000e+04
53900.000000 5.13339000e+04
54100.000000 5.06423000e+04
54300.000000 4.99020000e+04
54500.000000 4.91736000e+04
54700.000000 4.84596000e+04
54900.000000 4.77585000e+04
55100.000000 4.70128000e+04
55300.000000 4.62287000e+04
55500.000000 4.57285000e+04
55700.000000 4.50777000e+04
55900.000000 4.44375000e+04
56100.000000 4.38076000e+04
56300.000000 4.31891000e+04
56500.000000 4.25817000e+04
56700.000000 4.19842000e+04
56900.000000 4.13696000e+04
57100.000000 4.05730000e+04
57300.000000 4.02031000e+04
57500.000000 3.96994000e+04
57700.000000 3.91520000e+04
57900.000000 3.86145000e+04
58100.000000 3.80869000e+04
58300.000000 3.75666000e+04
58500.000000 3.70801000e+04
58700.000000 3.65710000e+04
58900.000000 3.58952000e+04
59100.000000 3.44770000e+04
59300.000000 3.49637000e+04
59500.000000 3.43119000e+04
59700.000000 3.40031000e+04
59900.000000 3.37229000e+04
60100.000000 3.32891000e+04
60300.000000 3.28501000e+04
60500.000000 3.24181000e+04
60700.000000 3.19932000e+04
60900.000000 3.15752000e+04
61100.000000 3.11640000e+04
61300.000000 3.07604000e+04
61500.000000 3.03615000e+04
61700.000000 2.99700000e+04
61900.000000 2.95849000e+04
62100.000000 2.92061000e+04
62300.000000 2.88325000e+04
62500.000000 2.84651000e+04
62700.000000 2.80164000e+04
62900.000000 2.72882000e+04
63100.000000 2.72735000e+04
63300.000000 2.70534000e+04
63500.000000 2.67151000e+04
63700.000000 2.63814000e+04
63900.000000 2.60523000e+04
64200.000000 2.55690000e+04
64600.000000 2.49419000e+04
65000.000000 2.43336000e+04
65400.000000 2.37435000e+04
65800.000000 2.31721000e+04
66200.000000 2.26170000e+04
66600.000000 2.20786000e+04
67000.000000 2.15556000e+04
67400.000000 2.10077000e+04
67800.000000 2.02803000e+04
68200.000000 2.00739000e+04
68600.000000 1.96140000e+04
69000.000000 1.91633000e+04
69400.000000 1.87248000e+04
69800.000000 1.82989000e+04
70200.000000 1.78853000e+04
70600.000000 1.74837000e+04
71000.000000 1.70922000e+04
71400.000000 1.67128000e+04
71800.000000 1.63429000e+04
72200.000000 1.59838000e+04
72600.000000 1.56338000e+04
73000.000000 1.52940000e+04
73400.000000 1.49634000e+04
73800.000000 1.46412000e+04
74200.000000 1.42976000e+04
74600.000000 1.37446000e+04
75000.000000 1.33459000e+04
75400.000000 1.33883000e+04
75800.000000 1.31555000e+04
76200.000000 1.28815000e+04
76600.000000 1.26144000e+04
77000.000000 1.23541000e+04
77400.000000 1.21010000e+04
77800.000000 1.18225000e+04
78200.000000 1.16125000e+04
78600.000000 1.13782000e+04
79000.000000 1.11492000e+04
79400.000000 1.09266000e+04
79800.000000 1.07090000e+04
80200.000000 1.04965000e+04
80600.000000 1.02893000e+04
81000.000000 1.00875000e+04
81400.000000 9.85723000e+03
81800.000000 9.68336000e+03
82200.000000 9.51073000e+03
82600.000000 9.32774000e+03
83000.000000 9.14891000e+03
83400.000000 8.97470000e+03
83800.000000 8.80447000e+03
84200.000000 8.63812000e+03
84600.000000 8.47556000e+03
85000.000000 8.31725000e+03
85400.000000 8.16203000e+03
85800.000000 8.01088000e+03
86200.000000 7.86015000e+03
86600.000000 7.66313000e+03
87000.000000 7.56744000e+03
87400.000000 7.36024000e+03
87800.000000 7.22833000e+03
88200.000000 7.17260000e+03
88600.000000 7.04368000e+03
89000.000000 6.91772000e+03
89400.000000 6.79468000e+03
89800.000000 6.67402000e+03
90200.000000 6.55662000e+03
90600.000000 6.44102000e+03
91000.000000 6.32856000e+03
91400.000000 6.21827000e+03
91800.000000 6.11056000e+03
92200.000000 6.00492000e+03
92600.000000 5.90175000e+03
93000.000000 5.80056000e+03
93400.000000 5.70046000e+03
93800.000000 5.54832000e+03
94200.000000 5.49112000e+03
94600.000000 5.41741000e+03
95000.000000 5.32639000e+03
95400.000000 5.23753000e+03
95800.000000 5.15037000e+03
96200.000000 5.06529000e+03
96600.000000 4.98185000e+03
97000.000000 4.90000000e+03
97400.000000 4.81973000e+03
97800.000000 4.74140000e+03
98200.000000 4.66417000e+03
98600.000000 4.58882000e+03
99000.000000 4.51491000e+03
99400.000000 4.44280000e+03
99800.000000 4.37171000e+03
100200.000000 4.30235000e+03
200000.000000 2.68985000e+02
400000.000000 1.66164000e+01
600000.000000 3.25243000e+00
800000.000000 1.02158000e+00
1000000.000000 4.15947000e-01
1200000.000000 1.99593000e-01
1400000.000000 1.07291000e-01
1600000.000000 6.26725000e-02
