# Kurucz ODFNEW /NOVER, alpha: 0.0 (2003)
# teff = 47000 K (value for the effective temperature for the model. Temperatures are given in K)
# logg = 5 log(cm/s2) (value for Log(G) for the model.)
# lh = 1.25  (l/Hp where l is the  mixing length of the convective element and Hp is the pressure scale height)
# meta = -2.5  (value for the Metallicity for the model.)
# vtur = 2 km/s (Microturbulence velocity)
# alpha = 0  (Alpha)
#
# column 1: WAVELENGTH (ANGSTROM), Wavelength in Angstrom
# column 2: FLUX (ERG/CM2/S/A), Flux in erg/cm2/s/A
147.200000 4.25728000e+03
151.000000 7.66512000e+03
155.200000 1.41711000e+04
158.800000 2.33620000e+04
162.000000 3.57537000e+04
166.000000 5.93845000e+04
170.300000 9.95689000e+04
173.400000 1.42134000e+05
176.800000 2.06924000e+05
180.200000 2.96643000e+05
181.700000 3.45704000e+05
186.100000 5.35998000e+05
191.000000 8.50189000e+05
193.900000 1.10432000e+06
198.400000 1.62923000e+06
201.800000 2.15871000e+06
205.000000 2.78704000e+06
210.500000 4.23871000e+06
216.200000 6.38504000e+06
219.800000 8.17135000e+06
223.000000 1.00983000e+07
226.800000 1.28696000e+07
230.000000 1.22661000e+08
234.000000 5.18825000e+08
240.000000 4.76157000e+09
246.500000 4.50775000e+10
252.400000 1.01377000e+11
256.800000 6.21539000e+10
260.000000 1.67784000e+11
264.000000 2.13516000e+11
268.500000 2.43150000e+11
273.500000 2.74596000e+11
278.500000 2.84618000e+11
284.000000 3.01286000e+11
290.000000 3.18697000e+11
296.000000 2.76527000e+11
301.000000 1.14697000e+11
308.000000 1.67428000e+11
318.000000 2.89845000e+11
328.000000 3.03746000e+11
338.000000 2.93300000e+11
348.000000 2.92582000e+11
357.000000 3.01386000e+11
366.000000 3.04070000e+11
375.000000 2.97070000e+11
385.000000 2.70833000e+11
395.000000 2.86631000e+11
405.000000 2.88958000e+11
414.000000 2.84026000e+11
422.000000 2.73571000e+11
430.000000 2.71229000e+11
441.000000 2.71582000e+11
451.000000 2.65506000e+11
460.000000 2.56144000e+11
470.000000 2.50442000e+11
480.000000 2.48946000e+11
490.000000 2.38025000e+11
500.000000 2.39525000e+11
506.000000 2.36482000e+11
512.000000 2.64988000e+11
520.000000 2.59712000e+11
530.000000 2.56602000e+11
540.000000 2.43091000e+11
550.000000 2.38230000e+11
560.000000 2.41258000e+11
570.000000 2.38549000e+11
580.000000 2.30719000e+11
590.000000 2.29079000e+11
600.000000 2.21465000e+11
610.000000 2.13777000e+11
620.000000 2.13503000e+11
630.000000 2.08222000e+11
640.000000 2.06751000e+11
650.000000 2.01035000e+11
658.000000 1.94671000e+11
665.000000 1.95927000e+11
675.000000 1.93183000e+11
685.000000 1.86050000e+11
695.000000 1.85844000e+11
705.000000 1.77971000e+11
716.000000 1.78335000e+11
726.000000 1.75300000e+11
735.000000 1.72310000e+11
745.000000 1.68448000e+11
755.000000 1.64795000e+11
765.000000 1.60142000e+11
775.000000 1.58833000e+11
785.000000 1.54727000e+11
795.000000 1.51979000e+11
805.000000 1.50122000e+11
815.000000 1.47408000e+11
825.000000 1.45085000e+11
835.000000 1.39307000e+11
845.000000 1.39469000e+11
855.000000 1.36108000e+11
865.000000 1.34560000e+11
875.000000 1.32176000e+11
885.000000 1.29638000e+11
895.000000 1.27148000e+11
905.000000 1.23728000e+11
915.000000 9.53135000e+10
925.000000 1.48081000e+11
935.000000 1.82408000e+11
945.000000 2.24108000e+11
955.000000 2.38626000e+11
965.000000 2.68522000e+11
975.000000 2.13057000e+11
985.000000 2.58244000e+11
995.000000 2.36694000e+11
1005.000000 2.47322000e+11
1015.000000 2.39138000e+11
1025.000000 1.86869000e+11
1035.000000 2.25899000e+11
1045.000000 2.22738000e+11
1055.000000 2.17022000e+11
1065.000000 2.10143000e+11
1075.000000 2.05182000e+11
1085.000000 1.89362000e+11
1095.000000 1.94918000e+11
1105.000000 1.89450000e+11
1115.000000 1.84473000e+11
1125.000000 1.78333000e+11
1135.000000 1.75608000e+11
1145.000000 1.71151000e+11
1155.000000 1.66390000e+11
1165.000000 1.61825000e+11
1175.000000 1.53420000e+11
1185.000000 1.54343000e+11
1195.000000 1.50249000e+11
1205.000000 1.45902000e+11
1215.000000 1.17120000e+11
1225.000000 1.38491000e+11
1235.000000 1.35296000e+11
1245.000000 1.32021000e+11
1255.000000 1.29999000e+11
1265.000000 1.26914000e+11
1275.000000 1.23902000e+11
1285.000000 1.20982000e+11
1295.000000 1.18137000e+11
1305.000000 1.15338000e+11
1315.000000 1.12675000e+11
1325.000000 1.09998000e+11
1335.000000 1.07542000e+11
1345.000000 1.05141000e+11
1355.000000 1.02645000e+11
1365.000000 1.00194000e+11
1375.000000 9.75606000e+10
1385.000000 9.57719000e+10
1395.000000 9.31571000e+10
1405.000000 9.08605000e+10
1415.000000 8.96222000e+10
1425.000000 8.76322000e+10
1435.000000 8.57931000e+10
1442.000000 8.42972000e+10
1447.000000 8.34332000e+10
1455.000000 8.19737000e+10
1465.000000 8.02353000e+10
1475.000000 7.86177000e+10
1485.000000 7.70431000e+10
1495.000000 7.53956000e+10
1505.000000 7.38415000e+10
1512.000000 7.27721000e+10
1517.000000 7.19707000e+10
1525.000000 7.07915000e+10
1535.000000 6.92582000e+10
1545.000000 6.67611000e+10
1555.000000 6.55328000e+10
1565.000000 6.50671000e+10
1575.000000 6.37940000e+10
1585.000000 6.24967000e+10
1595.000000 6.12475000e+10
1605.000000 5.99617000e+10
1615.000000 5.87766000e+10
1625.000000 5.75518000e+10
1635.000000 5.52180000e+10
1645.000000 5.21667000e+10
1655.000000 5.43261000e+10
1665.000000 5.32950000e+10
1672.000000 5.25074000e+10
1677.000000 5.20755000e+10
1685.000000 5.12717000e+10
1695.000000 5.02962000e+10
1705.000000 4.93282000e+10
1715.000000 4.80553000e+10
1725.000000 4.74238000e+10
1735.000000 4.66046000e+10
1745.000000 4.57255000e+10
1755.000000 4.48635000e+10
1765.000000 4.40469000e+10
1775.000000 4.32376000e+10
1785.000000 4.24435000e+10
1795.000000 4.16632000e+10
1805.000000 4.09069000e+10
1815.000000 4.01657000e+10
1825.000000 3.94394000e+10
1835.000000 3.87333000e+10
1845.000000 3.80401000e+10
1855.000000 3.73606000e+10
1865.000000 3.66979000e+10
1875.000000 3.60503000e+10
1885.000000 3.54154000e+10
1895.000000 3.48003000e+10
1905.000000 3.41950000e+10
1915.000000 3.36015000e+10
1925.000000 3.30063000e+10
1935.000000 3.24527000e+10
1945.000000 3.18978000e+10
1955.000000 3.13535000e+10
1967.000000 3.07160000e+10
1976.000000 3.02487000e+10
1984.000000 2.98407000e+10
1995.000000 2.92901000e+10
2005.000000 2.88018000e+10
2015.000000 2.83227000e+10
2025.000000 2.78535000e+10
2035.000000 2.73940000e+10
2045.000000 2.69420000e+10
2055.000000 2.06812000e+10
2065.000000 1.97861000e+10
2074.000000 1.99011000e+10
2078.000000 2.01962000e+10
2085.000000 2.10852000e+10
2095.000000 2.31289000e+10
2105.000000 2.42734000e+10
2115.000000 2.41068000e+10
2125.000000 2.37403000e+10
2135.000000 2.33052000e+10
2145.000000 2.29811000e+10
2155.000000 2.29646000e+10
2165.000000 2.20610000e+10
2175.000000 2.24423000e+10
2185.000000 2.13417000e+10
2195.000000 2.17529000e+10
2205.000000 2.14693000e+10
2215.000000 2.03183000e+10
2225.000000 2.08134000e+10
2235.000000 2.05182000e+10
2245.000000 2.01676000e+10
2255.000000 1.91209000e+10
2265.000000 1.95913000e+10
2275.000000 1.92993000e+10
2285.000000 1.90074000e+10
2295.000000 1.86576000e+10
2305.000000 1.77536000e+10
2315.000000 1.81376000e+10
2325.000000 1.78990000e+10
2335.000000 1.76348000e+10
2345.000000 1.73744000e+10
2355.000000 1.71198000e+10
2365.000000 1.68690000e+10
2375.000000 1.66217000e+10
2385.000000 1.57931000e+10
2395.000000 1.61292000e+10
2405.000000 1.59113000e+10
2415.000000 1.56829000e+10
2425.000000 1.54596000e+10
2435.000000 1.52389000e+10
2445.000000 1.50225000e+10
2455.000000 1.48085000e+10
2465.000000 1.46005000e+10
2475.000000 1.43954000e+10
2485.000000 1.41932000e+10
2495.000000 1.38690000e+10
2505.000000 1.37219000e+10
2513.000000 1.26790000e+10
2518.000000 1.35170000e+10
2525.000000 1.34162000e+10
2535.000000 1.32361000e+10
2545.000000 1.30549000e+10
2555.000000 1.28762000e+10
2565.000000 1.27009000e+10
2575.000000 1.25281000e+10
2585.000000 1.23586000e+10
2595.000000 1.21908000e+10
2605.000000 1.20302000e+10
2615.000000 1.18690000e+10
2625.000000 1.17104000e+10
2635.000000 1.15544000e+10
2645.000000 1.14015000e+10
2655.000000 1.12505000e+10
2665.000000 1.11021000e+10
2675.000000 1.09545000e+10
2685.000000 1.08129000e+10
2695.000000 1.06696000e+10
2705.000000 1.05331000e+10
2715.000000 1.03964000e+10
2725.000000 1.02528000e+10
2735.000000 9.80122000e+09
2745.000000 9.99992000e+09
2755.000000 9.87187000e+09
2765.000000 9.74146000e+09
2775.000000 9.62196000e+09
2785.000000 9.50005000e+09
2795.000000 9.38011000e+09
2805.000000 9.26211000e+09
2815.000000 9.14556000e+09
2825.000000 9.02711000e+09
2835.000000 8.91666000e+09
2845.000000 8.80755000e+09
2855.000000 8.69835000e+09
2865.000000 8.59046000e+09
2875.000000 8.48477000e+09
2885.000000 8.38034000e+09
2895.000000 8.27759000e+09
2910.000000 8.12664000e+09
2930.000000 7.93050000e+09
2950.000000 7.73675000e+09
2970.000000 7.55560000e+09
2990.000000 7.37606000e+09
3010.000000 7.20269000e+09
3030.000000 7.03364000e+09
3050.000000 6.86962000e+09
3070.000000 6.71085000e+09
3090.000000 6.55679000e+09
3110.000000 6.40652000e+09
3130.000000 6.26069000e+09
3150.000000 6.11955000e+09
3170.000000 5.98184000e+09
3190.000000 5.83969000e+09
3210.000000 5.62310000e+09
3230.000000 5.59123000e+09
3250.000000 5.46842000e+09
3270.000000 5.34783000e+09
3290.000000 5.23219000e+09
3310.000000 5.11895000e+09
3330.000000 5.00906000e+09
3350.000000 4.90109000e+09
3370.000000 4.79731000e+09
3390.000000 4.69564000e+09
3410.000000 4.59666000e+09
3430.000000 4.50126000e+09
3450.000000 4.40649000e+09
3470.000000 4.31611000e+09
3490.000000 4.22688000e+09
3510.000000 4.14001000e+09
3530.000000 4.05484000e+09
3550.000000 3.97191000e+09
3570.000000 3.89295000e+09
3590.000000 3.81228000e+09
3610.000000 3.73720000e+09
3630.000000 3.66097000e+09
3640.000000 3.55757000e+09
3650.000000 3.25024000e+09
3670.000000 3.19029000e+09
3690.000000 3.13505000e+09
3710.000000 3.09478000e+09
3730.000000 3.07359000e+09
3750.000000 3.07277000e+09
3770.000000 3.06941000e+09
3790.000000 3.08195000e+09
3810.000000 3.09484000e+09
3830.000000 2.94010000e+09
3850.000000 3.01892000e+09
3870.000000 3.00540000e+09
3890.000000 2.74354000e+09
3910.000000 2.90332000e+09
3930.000000 2.84262000e+09
3950.000000 2.80377000e+09
3970.000000 2.53967000e+09
3990.000000 2.69649000e+09
4010.000000 2.66356000e+09
4030.000000 2.56760000e+09
4050.000000 2.57561000e+09
4070.000000 2.52489000e+09
4090.000000 2.41603000e+09
4110.000000 2.27125000e+09
4130.000000 2.38690000e+09
4150.000000 2.35083000e+09
4170.000000 2.31100000e+09
4190.000000 2.25659000e+09
4210.000000 2.19566000e+09
4230.000000 2.19137000e+09
4250.000000 2.15328000e+09
4270.000000 2.11580000e+09
4290.000000 2.07912000e+09
4310.000000 2.03959000e+09
4330.000000 1.94008000e+09
4350.000000 1.85628000e+09
4370.000000 1.93501000e+09
4390.000000 1.90377000e+09
4410.000000 1.87550000e+09
4430.000000 1.84380000e+09
4450.000000 1.81319000e+09
4470.000000 1.77098000e+09
4490.000000 1.75345000e+09
4510.000000 1.72448000e+09
4530.000000 1.69194000e+09
4550.000000 1.63594000e+09
4570.000000 1.64113000e+09
4590.000000 1.61449000e+09
4610.000000 1.58836000e+09
4630.000000 1.56274000e+09
4650.000000 1.53741000e+09
4670.000000 1.51110000e+09
4690.000000 1.43922000e+09
4710.000000 1.46320000e+09
4730.000000 1.44226000e+09
4750.000000 1.41957000e+09
4770.000000 1.39731000e+09
4790.000000 1.37551000e+09
4810.000000 1.35409000e+09
4830.000000 1.33069000e+09
4850.000000 1.27828000e+09
4870.000000 1.21066000e+09
4890.000000 1.26818000e+09
4910.000000 1.25318000e+09
4930.000000 1.23000000e+09
4950.000000 1.21548000e+09
4970.000000 1.19715000e+09
4990.000000 1.17917000e+09
5010.000000 1.15972000e+09
5030.000000 1.14420000e+09
5050.000000 1.12686000e+09
5070.000000 1.11052000e+09
5090.000000 1.09415000e+09
5110.000000 1.07807000e+09
5130.000000 1.06230000e+09
5150.000000 1.04680000e+09
5170.000000 1.03160000e+09
5190.000000 1.01666000e+09
5210.000000 1.00200000e+09
5230.000000 9.87588000e+08
5250.000000 9.73448000e+08
5270.000000 9.59549000e+08
5290.000000 9.45899000e+08
5310.000000 9.32494000e+08
5330.000000 9.19330000e+08
5350.000000 9.06388000e+08
5370.000000 8.93679000e+08
5390.000000 8.81172000e+08
5410.000000 8.51384000e+08
5430.000000 8.56470000e+08
5450.000000 8.45008000e+08
5470.000000 8.33363000e+08
5490.000000 8.21927000e+08
5510.000000 8.10673000e+08
5530.000000 7.99609000e+08
5550.000000 7.88744000e+08
5570.000000 7.78063000e+08
5590.000000 7.67538000e+08
5610.000000 7.57227000e+08
5630.000000 7.47067000e+08
5650.000000 7.37079000e+08
5670.000000 7.27259000e+08
5690.000000 7.09612000e+08
5710.000000 6.65017000e+08
5730.000000 6.56551000e+08
5750.000000 6.48220000e+08
5770.000000 6.40056000e+08
5790.000000 6.32169000e+08
5810.000000 6.24622000e+08
5830.000000 6.17794000e+08
5850.000000 6.11541000e+08
5870.000000 6.03095000e+08
5890.000000 6.00439000e+08
5910.000000 5.95681000e+08
5930.000000 5.91273000e+08
5950.000000 5.87337000e+08
5970.000000 5.83704000e+08
5990.000000 5.80821000e+08
6010.000000 5.76430000e+08
6030.000000 5.72167000e+08
6050.000000 5.67762000e+08
6070.000000 5.60694000e+08
6090.000000 5.54214000e+08
6110.000000 5.47766000e+08
6130.000000 5.41220000e+08
6150.000000 5.35185000e+08
6170.000000 5.27021000e+08
6190.000000 5.21930000e+08
6210.000000 5.15740000e+08
6230.000000 5.07707000e+08
6250.000000 5.02766000e+08
6270.000000 4.97168000e+08
6290.000000 4.91154000e+08
6310.000000 4.82813000e+08
6330.000000 4.79090000e+08
6350.000000 4.73685000e+08
6370.000000 4.68023000e+08
6390.000000 4.62127000e+08
6410.000000 4.53884000e+08
6430.000000 4.51521000e+08
6450.000000 4.46235000e+08
6470.000000 4.40987000e+08
6490.000000 4.35814000e+08
6510.000000 4.30251000e+08
6530.000000 4.21214000e+08
6550.000000 4.14246000e+08
6570.000000 3.90380000e+08
6590.000000 4.09675000e+08
6610.000000 4.06329000e+08
6630.000000 4.01662000e+08
6650.000000 3.97068000e+08
6670.000000 3.91024000e+08
6690.000000 3.82966000e+08
6710.000000 3.83648000e+08
6730.000000 3.79309000e+08
6750.000000 3.75022000e+08
6770.000000 3.70796000e+08
6790.000000 3.66637000e+08
6810.000000 3.62529000e+08
6830.000000 3.58479000e+08
6850.000000 3.54486000e+08
6870.000000 3.50533000e+08
6890.000000 3.41875000e+08
6910.000000 3.42478000e+08
6930.000000 3.39053000e+08
6950.000000 3.35334000e+08
6970.000000 3.31660000e+08
6990.000000 3.28038000e+08
7010.000000 3.24459000e+08
7030.000000 3.20931000e+08
7050.000000 3.17460000e+08
7070.000000 3.13157000e+08
7090.000000 3.10643000e+08
7110.000000 3.07303000e+08
7130.000000 3.04010000e+08
7150.000000 3.00757000e+08
7170.000000 2.94553000e+08
7190.000000 2.92443000e+08
7210.000000 2.91257000e+08
7230.000000 2.88185000e+08
7250.000000 2.85143000e+08
7270.000000 2.82143000e+08
7290.000000 2.78924000e+08
7310.000000 2.76258000e+08
7330.000000 2.73378000e+08
7350.000000 2.70526000e+08
7370.000000 2.67721000e+08
7390.000000 2.64942000e+08
7410.000000 2.62210000e+08
7430.000000 2.59504000e+08
7450.000000 2.56836000e+08
7470.000000 2.54207000e+08
7490.000000 2.51609000e+08
7510.000000 2.49042000e+08
7530.000000 2.46505000e+08
7550.000000 2.44004000e+08
7570.000000 2.41533000e+08
7590.000000 2.35168000e+08
7610.000000 2.36347000e+08
7630.000000 2.34307000e+08
7650.000000 2.31963000e+08
7670.000000 2.29641000e+08
7690.000000 2.27352000e+08
7710.000000 2.25090000e+08
7730.000000 2.22862000e+08
7750.000000 2.20653000e+08
7770.000000 2.18476000e+08
7790.000000 2.16325000e+08
7810.000000 2.14200000e+08
7830.000000 2.12099000e+08
7850.000000 2.10036000e+08
7870.000000 2.07990000e+08
7890.000000 2.05963000e+08
7910.000000 2.03965000e+08
7930.000000 2.01991000e+08
7950.000000 2.00040000e+08
7970.000000 1.98112000e+08
7990.000000 1.96207000e+08
8010.000000 1.94324000e+08
8030.000000 1.92464000e+08
8050.000000 1.90631000e+08
8070.000000 1.88813000e+08
8090.000000 1.87023000e+08
8110.000000 1.85249000e+08
8130.000000 1.83495000e+08
8150.000000 1.81767000e+08
8170.000000 1.80054000e+08
8190.000000 1.77665000e+08
8210.000000 1.70183000e+08
8230.000000 1.67633000e+08
8250.000000 1.66832000e+08
8270.000000 1.65563000e+08
8290.000000 1.64086000e+08
8310.000000 1.62599000e+08
8330.000000 1.61135000e+08
8350.000000 1.59672000e+08
8370.000000 1.58259000e+08
8390.000000 1.56858000e+08
8410.000000 1.55500000e+08
8430.000000 1.54159000e+08
8450.000000 1.52813000e+08
8470.000000 1.51562000e+08
8490.000000 1.50352000e+08
8510.000000 1.49141000e+08
8530.000000 1.47966000e+08
8550.000000 1.46739000e+08
8570.000000 1.45701000e+08
8590.000000 1.44431000e+08
8610.000000 1.43375000e+08
8630.000000 1.42504000e+08
8650.000000 1.41297000e+08
8670.000000 1.39869000e+08
8690.000000 1.39415000e+08
8710.000000 1.38562000e+08
8730.000000 1.37345000e+08
8750.000000 1.35226000e+08
8770.000000 1.35174000e+08
8790.000000 1.34827000e+08
8810.000000 1.34036000e+08
8830.000000 1.33014000e+08
8850.000000 1.30677000e+08
8870.000000 1.28226000e+08
8890.000000 1.29504000e+08
8910.000000 1.29094000e+08
8930.000000 1.28224000e+08
8950.000000 1.27280000e+08
8970.000000 1.26053000e+08
8990.000000 1.24239000e+08
9010.000000 1.20128000e+08
9030.000000 1.20419000e+08
9050.000000 1.21447000e+08
9070.000000 1.20774000e+08
9090.000000 1.19984000e+08
9110.000000 1.18867000e+08
9130.000000 1.18139000e+08
9150.000000 1.17142000e+08
9170.000000 1.16018000e+08
9190.000000 1.14688000e+08
9210.000000 1.12498000e+08
9230.000000 1.07877000e+08
9250.000000 1.10365000e+08
9270.000000 1.10836000e+08
9290.000000 1.10294000e+08
9310.000000 1.09473000e+08
9330.000000 1.08381000e+08
9350.000000 1.05315000e+08
9370.000000 1.06393000e+08
9390.000000 1.05902000e+08
9410.000000 1.05074000e+08
9430.000000 1.04209000e+08
9450.000000 1.03355000e+08
9470.000000 1.02465000e+08
9490.000000 1.01561000e+08
9510.000000 1.00276000e+08
9530.000000 9.80764000e+07
9550.000000 9.38328000e+07
9570.000000 9.69745000e+07
9590.000000 9.72299000e+07
9610.000000 9.67481000e+07
9630.000000 9.60136000e+07
9650.000000 9.52802000e+07
9670.000000 9.45199000e+07
9690.000000 9.37610000e+07
9710.000000 9.29995000e+07
9730.000000 9.22714000e+07
9750.000000 9.14058000e+07
9770.000000 9.03492000e+07
9790.000000 9.00944000e+07
9810.000000 8.93829000e+07
9830.000000 8.86804000e+07
9850.000000 8.79789000e+07
9870.000000 8.72902000e+07
9890.000000 8.66062000e+07
9910.000000 8.59271000e+07
9930.000000 8.52566000e+07
9950.000000 8.45907000e+07
9970.000000 8.39333000e+07
9990.000000 8.32314000e+07
10025.000000 8.07433000e+07
10075.000000 7.86671000e+07
10125.000000 7.78223000e+07
10175.000000 7.75433000e+07
10225.000000 7.60805000e+07
10275.000000 7.46496000e+07
10325.000000 7.32181000e+07
10375.000000 7.18841000e+07
10425.000000 7.02187000e+07
10475.000000 6.92512000e+07
10525.000000 6.79793000e+07
10575.000000 6.67349000e+07
10625.000000 6.55210000e+07
10675.000000 6.43268000e+07
10725.000000 6.31716000e+07
10775.000000 6.20351000e+07
10825.000000 6.08139000e+07
10875.000000 5.97623000e+07
10925.000000 5.68397000e+07
10975.000000 5.71675000e+07
11025.000000 5.67059000e+07
11075.000000 5.57374000e+07
11125.000000 5.47657000e+07
11175.000000 5.38454000e+07
11225.000000 5.29123000e+07
11275.000000 5.20054000e+07
11325.000000 5.11155000e+07
11375.000000 5.02420000e+07
11425.000000 4.93905000e+07
11475.000000 4.85547000e+07
11525.000000 4.77373000e+07
11575.000000 4.69377000e+07
11625.000000 4.56651000e+07
11675.000000 4.50454000e+07
11725.000000 4.46346000e+07
11775.000000 4.38977000e+07
11825.000000 4.31770000e+07
11875.000000 4.24722000e+07
11925.000000 4.17803000e+07
11975.000000 4.10644000e+07
12025.000000 4.04370000e+07
12075.000000 3.97876000e+07
12125.000000 3.91501000e+07
12175.000000 3.85242000e+07
12225.000000 3.79123000e+07
12275.000000 3.73115000e+07
12325.000000 3.67242000e+07
12375.000000 3.61451000e+07
12425.000000 3.55790000e+07
12475.000000 3.50257000e+07
12525.000000 3.44777000e+07
12575.000000 3.39467000e+07
12625.000000 3.34255000e+07
12675.000000 3.29114000e+07
12725.000000 3.24066000e+07
12775.000000 3.17310000e+07
12825.000000 3.02862000e+07
12875.000000 3.08696000e+07
12925.000000 3.04869000e+07
12975.000000 3.00219000e+07
13025.000000 2.95809000e+07
13075.000000 2.91413000e+07
13125.000000 2.87076000e+07
13175.000000 2.82839000e+07
13225.000000 2.78658000e+07
13275.000000 2.74575000e+07
13325.000000 2.70566000e+07
13375.000000 2.66610000e+07
13425.000000 2.62725000e+07
13475.000000 2.58933000e+07
13525.000000 2.55209000e+07
13575.000000 2.51534000e+07
13625.000000 2.47946000e+07
13675.000000 2.44403000e+07
13725.000000 2.40926000e+07
13775.000000 2.37512000e+07
13825.000000 2.34162000e+07
13875.000000 2.30872000e+07
13925.000000 2.27644000e+07
13975.000000 2.24455000e+07
14025.000000 2.21345000e+07
14075.000000 2.18272000e+07
14125.000000 2.15257000e+07
14175.000000 2.12279000e+07
14225.000000 2.09374000e+07
14275.000000 2.06505000e+07
14325.000000 2.03689000e+07
14375.000000 2.00925000e+07
14425.000000 1.98213000e+07
14475.000000 1.95534000e+07
14525.000000 1.92904000e+07
14570.000000 1.90579000e+07
14620.000000 1.88079000e+07
14675.000000 1.85307000e+07
14725.000000 1.82748000e+07
14775.000000 1.78769000e+07
14825.000000 1.78045000e+07
14875.000000 1.76016000e+07
14925.000000 1.73773000e+07
14975.000000 1.71506000e+07
15025.000000 1.69265000e+07
15075.000000 1.66984000e+07
15125.000000 1.64910000e+07
15175.000000 1.62781000e+07
15225.000000 1.60690000e+07
15275.000000 1.58630000e+07
15325.000000 1.56606000e+07
15375.000000 1.54612000e+07
15425.000000 1.52650000e+07
15475.000000 1.50718000e+07
15525.000000 1.48764000e+07
15575.000000 1.46767000e+07
15625.000000 1.45107000e+07
15675.000000 1.43106000e+07
15725.000000 1.41247000e+07
15775.000000 1.39754000e+07
15825.000000 1.37944000e+07
15875.000000 1.35894000e+07
15925.000000 1.34427000e+07
15975.000000 1.32993000e+07
16050.000000 1.30384000e+07
16150.000000 1.27027000e+07
16250.000000 1.24351000e+07
16350.000000 1.21107000e+07
16450.000000 1.17950000e+07
16550.000000 1.15709000e+07
16650.000000 1.12996000e+07
16750.000000 1.09976000e+07
16850.000000 1.07034000e+07
16950.000000 1.05319000e+07
17050.000000 1.02825000e+07
17150.000000 1.00563000e+07
17250.000000 9.82469000e+06
17350.000000 9.49150000e+06
17450.000000 9.37498000e+06
17550.000000 9.18246000e+06
17650.000000 8.97906000e+06
17750.000000 8.78120000e+06
17850.000000 8.58885000e+06
17950.000000 8.40152000e+06
18050.000000 8.21918000e+06
18150.000000 7.92873000e+06
18250.000000 7.84287000e+06
18350.000000 7.70179000e+06
18450.000000 7.53852000e+06
18550.000000 7.38038000e+06
18650.000000 7.14721000e+06
18750.000000 6.92255000e+06
18850.000000 6.92500000e+06
18950.000000 6.78444000e+06
19050.000000 6.64239000e+06
19150.000000 6.50889000e+06
19250.000000 6.37638000e+06
19350.000000 6.24061000e+06
19450.000000 6.00612000e+06
19550.000000 5.99156000e+06
19650.000000 5.87892000e+06
19750.000000 5.76217000e+06
19850.000000 5.64832000e+06
19950.000000 5.53732000e+06
20050.000000 5.42899000e+06
20150.000000 5.32328000e+06
20250.000000 5.22012000e+06
20350.000000 5.11946000e+06
20450.000000 5.02114000e+06
20550.000000 4.92457000e+06
20650.000000 4.83167000e+06
20750.000000 4.74024000e+06
20850.000000 4.65094000e+06
20950.000000 4.56382000e+06
21050.000000 4.47864000e+06
21150.000000 4.39411000e+06
21250.000000 4.31423000e+06
21350.000000 4.23481000e+06
21450.000000 4.15718000e+06
21550.000000 4.07846000e+06
21650.000000 3.92119000e+06
21750.000000 3.92734000e+06
21850.000000 3.86402000e+06
21950.000000 3.79488000e+06
22050.000000 3.72722000e+06
22150.000000 3.66108000e+06
22250.000000 3.59636000e+06
22350.000000 3.53310000e+06
22450.000000 3.47120000e+06
22550.000000 3.41063000e+06
22650.000000 3.35142000e+06
22750.000000 3.29342000e+06
22850.000000 3.23919000e+06
22950.000000 3.18362000e+06
23050.000000 3.12926000e+06
23150.000000 3.07606000e+06
23250.000000 3.02401000e+06
23350.000000 2.97301000e+06
23450.000000 2.92312000e+06
23550.000000 2.87423000e+06
23650.000000 2.82640000e+06
23750.000000 2.77954000e+06
23850.000000 2.73363000e+06
23950.000000 2.68865000e+06
24050.000000 2.64465000e+06
24150.000000 2.60148000e+06
24250.000000 2.55925000e+06
24350.000000 2.51781000e+06
24450.000000 2.47728000e+06
24550.000000 2.43751000e+06
24650.000000 2.39855000e+06
24750.000000 2.35984000e+06
24850.000000 2.32289000e+06
24950.000000 2.28621000e+06
25050.000000 2.25022000e+06
25150.000000 2.21497000e+06
25250.000000 2.18033000e+06
25350.000000 2.14645000e+06
25450.000000 2.11321000e+06
25550.000000 2.08054000e+06
25650.000000 2.04855000e+06
25750.000000 2.01722000e+06
25850.000000 1.98642000e+06
25950.000000 1.95620000e+06
26050.000000 1.92583000e+06
26150.000000 1.89069000e+06
26250.000000 1.82252000e+06
26350.000000 1.83687000e+06
26450.000000 1.81353000e+06
26550.000000 1.78648000e+06
26650.000000 1.75978000e+06
26750.000000 1.72849000e+06
26850.000000 1.70832000e+06
26950.000000 1.68363000e+06
27050.000000 1.65906000e+06
27150.000000 1.63490000e+06
27250.000000 1.61120000e+06
27350.000000 1.58796000e+06
27450.000000 1.56506000e+06
27550.000000 1.53506000e+06
27650.000000 1.51707000e+06
27750.000000 1.49897000e+06
27850.000000 1.47773000e+06
27950.000000 1.45681000e+06
28050.000000 1.43629000e+06
28150.000000 1.41617000e+06
28250.000000 1.39634000e+06
28350.000000 1.37685000e+06
28450.000000 1.35774000e+06
28550.000000 1.33891000e+06
28650.000000 1.31709000e+06
28750.000000 1.29149000e+06
28850.000000 1.28360000e+06
28950.000000 1.26692000e+06
29050.000000 1.24969000e+06
29150.000000 1.23275000e+06
29250.000000 1.21606000e+06
29350.000000 1.19969000e+06
29450.000000 1.18357000e+06
29550.000000 1.16772000e+06
29650.000000 1.15214000e+06
29750.000000 1.13683000e+06
29850.000000 1.12179000e+06
29950.000000 1.10696000e+06
30050.000000 1.09239000e+06
30150.000000 1.07802000e+06
30250.000000 1.06354000e+06
30350.000000 1.03986000e+06
30450.000000 1.02991000e+06
30550.000000 1.02298000e+06
30650.000000 1.00977000e+06
30750.000000 9.96803000e+05
30850.000000 9.84018000e+05
30950.000000 9.71416000e+05
31050.000000 9.59034000e+05
31150.000000 9.46868000e+05
31250.000000 9.34877000e+05
31350.000000 9.23058000e+05
31450.000000 9.11446000e+05
31550.000000 9.00000000e+05
31650.000000 8.88756000e+05
31750.000000 8.77673000e+05
31850.000000 8.66748000e+05
31950.000000 8.56017000e+05
32100.000000 8.40211000e+05
32300.000000 8.19691000e+05
32500.000000 7.99790000e+05
32700.000000 7.80489000e+05
32900.000000 7.53730000e+05
33100.000000 7.41933000e+05
33300.000000 7.26253000e+05
33500.000000 7.09181000e+05
33700.000000 6.92562000e+05
33900.000000 6.76416000e+05
34100.000000 6.60761000e+05
34300.000000 6.45553000e+05
34500.000000 6.30778000e+05
34700.000000 6.16426000e+05
34900.000000 6.02453000e+05
35100.000000 5.88910000e+05
35300.000000 5.75726000e+05
35500.000000 5.62919000e+05
35700.000000 5.50452000e+05
35900.000000 5.38344000e+05
36100.000000 5.26556000e+05
36300.000000 5.15080000e+05
36500.000000 5.03908000e+05
36700.000000 4.93061000e+05
36900.000000 4.82501000e+05
37100.000000 4.72140000e+05
37300.000000 4.59292000e+05
37500.000000 4.48164000e+05
37700.000000 4.42944000e+05
37900.000000 4.33718000e+05
38100.000000 4.24687000e+05
38300.000000 4.15923000e+05
38500.000000 4.07368000e+05
38700.000000 3.99044000e+05
38900.000000 3.90918000e+05
39100.000000 3.83011000e+05
39300.000000 3.75293000e+05
39500.000000 3.67759000e+05
39700.000000 3.60430000e+05
39900.000000 3.53276000e+05
40100.000000 3.46223000e+05
40300.000000 3.39177000e+05
40500.000000 3.27980000e+05
40700.000000 3.26334000e+05
40900.000000 3.20042000e+05
41100.000000 3.13880000e+05
41300.000000 3.07843000e+05
41500.000000 3.01974000e+05
41700.000000 2.95618000e+05
41900.000000 2.90614000e+05
42100.000000 2.85160000e+05
42300.000000 2.79817000e+05
42500.000000 2.74582000e+05
42700.000000 2.69495000e+05
42900.000000 2.64471000e+05
43100.000000 2.59629000e+05
43300.000000 2.54885000e+05
43500.000000 2.50237000e+05
43700.000000 2.44796000e+05
43900.000000 2.40967000e+05
44100.000000 2.36908000e+05
44300.000000 2.32662000e+05
44500.000000 2.28520000e+05
44700.000000 2.24500000e+05
44900.000000 2.20543000e+05
45100.000000 2.16665000e+05
45300.000000 2.12865000e+05
45500.000000 2.09141000e+05
45700.000000 2.05511000e+05
45900.000000 2.01954000e+05
46100.000000 1.98468000e+05
46300.000000 1.95035000e+05
46500.000000 1.88151000e+05
46700.000000 1.86854000e+05
46900.000000 1.85024000e+05
47100.000000 1.82165000e+05
47300.000000 1.79096000e+05
47500.000000 1.76105000e+05
47700.000000 1.73174000e+05
47900.000000 1.70302000e+05
48100.000000 1.67489000e+05
48300.000000 1.64732000e+05
48500.000000 1.62031000e+05
48700.000000 1.59384000e+05
48900.000000 1.56795000e+05
49100.000000 1.54257000e+05
49300.000000 1.51770000e+05
49500.000000 1.49333000e+05
49700.000000 1.46944000e+05
49900.000000 1.44601000e+05
50100.000000 1.42307000e+05
50300.000000 1.40056000e+05
50500.000000 1.37852000e+05
50700.000000 1.35689000e+05
50900.000000 1.33568000e+05
51100.000000 1.31312000e+05
51300.000000 1.28090000e+05
51500.000000 1.27361000e+05
51700.000000 1.25489000e+05
51900.000000 1.23567000e+05
52100.000000 1.21679000e+05
52300.000000 1.19829000e+05
52500.000000 1.18011000e+05
52700.000000 1.16230000e+05
52900.000000 1.14480000e+05
53100.000000 1.12765000e+05
53300.000000 1.11080000e+05
53500.000000 1.09428000e+05
53700.000000 1.07805000e+05
53900.000000 1.06213000e+05
54100.000000 1.04651000e+05
54300.000000 1.03116000e+05
54500.000000 1.01609000e+05
54700.000000 1.00131000e+05
54900.000000 9.86780000e+04
55100.000000 9.72520000e+04
55300.000000 9.58513000e+04
55500.000000 9.44756000e+04
55700.000000 9.31256000e+04
55900.000000 9.17986000e+04
56100.000000 9.04952000e+04
56300.000000 8.92152000e+04
56500.000000 8.79568000e+04
56700.000000 8.67210000e+04
56900.000000 8.55062000e+04
57100.000000 8.43121000e+04
57300.000000 8.31405000e+04
57500.000000 8.19889000e+04
57700.000000 8.08568000e+04
57900.000000 7.97440000e+04
58100.000000 7.86502000e+04
58300.000000 7.75751000e+04
58500.000000 7.65293000e+04
58700.000000 7.54893000e+04
58900.000000 7.43140000e+04
59100.000000 7.23159000e+04
59300.000000 7.23817000e+04
59500.000000 7.14246000e+04
59700.000000 7.05483000e+04
59900.000000 6.96118000e+04
60100.000000 6.86883000e+04
60300.000000 6.77806000e+04
60500.000000 6.68875000e+04
60700.000000 6.60089000e+04
60900.000000 6.51443000e+04
61100.000000 6.42937000e+04
61300.000000 6.34578000e+04
61500.000000 6.26343000e+04
61700.000000 6.18252000e+04
61900.000000 6.10281000e+04
62100.000000 6.02449000e+04
62300.000000 5.94734000e+04
62500.000000 5.87134000e+04
62700.000000 5.79657000e+04
62900.000000 5.70549000e+04
63100.000000 5.64970000e+04
63300.000000 5.57955000e+04
63500.000000 5.50951000e+04
63700.000000 5.44053000e+04
63900.000000 5.37257000e+04
64200.000000 5.27266000e+04
64600.000000 5.14293000e+04
65000.000000 5.01723000e+04
65400.000000 4.89536000e+04
65800.000000 4.77712000e+04
66200.000000 4.66248000e+04
66600.000000 4.55118000e+04
67000.000000 4.44321000e+04
67400.000000 4.33664000e+04
67800.000000 4.22202000e+04
68200.000000 4.13782000e+04
68600.000000 4.04199000e+04
69000.000000 3.94881000e+04
69400.000000 3.85829000e+04
69800.000000 3.77036000e+04
70200.000000 3.68493000e+04
70600.000000 3.60187000e+04
71000.000000 3.52112000e+04
71400.000000 3.44269000e+04
71800.000000 3.36636000e+04
72200.000000 3.29217000e+04
72600.000000 3.21996000e+04
73000.000000 3.14978000e+04
73400.000000 3.08149000e+04
73800.000000 3.01498000e+04
74200.000000 2.94958000e+04
74600.000000 2.84181000e+04
75000.000000 2.77802000e+04
75400.000000 2.76207000e+04
75800.000000 2.70822000e+04
76200.000000 2.65163000e+04
76600.000000 2.59647000e+04
77000.000000 2.54275000e+04
77400.000000 2.49044000e+04
77800.000000 2.43944000e+04
78200.000000 2.38972000e+04
78600.000000 2.34131000e+04
79000.000000 2.29406000e+04
79400.000000 2.24800000e+04
79800.000000 2.20310000e+04
80200.000000 2.15933000e+04
80600.000000 2.11661000e+04
81000.000000 2.07497000e+04
81400.000000 2.03433000e+04
81800.000000 1.99466000e+04
82200.000000 1.95601000e+04
82600.000000 1.91822000e+04
83000.000000 1.88140000e+04
83400.000000 1.84542000e+04
83800.000000 1.81030000e+04
84200.000000 1.77598000e+04
84600.000000 1.74254000e+04
85000.000000 1.70980000e+04
85400.000000 1.67786000e+04
85800.000000 1.64670000e+04
86200.000000 1.61619000e+04
86600.000000 1.58537000e+04
87000.000000 1.55729000e+04
87400.000000 1.52092000e+04
87800.000000 1.49327000e+04
88200.000000 1.47389000e+04
88600.000000 1.44737000e+04
89000.000000 1.42140000e+04
89400.000000 1.39603000e+04
89800.000000 1.37120000e+04
90200.000000 1.34693000e+04
90600.000000 1.32322000e+04
91000.000000 1.30001000e+04
91400.000000 1.27730000e+04
91800.000000 1.25506000e+04
92200.000000 1.23333000e+04
92600.000000 1.21207000e+04
93000.000000 1.19126000e+04
93400.000000 1.17088000e+04
93800.000000 1.14833000e+04
94200.000000 1.13070000e+04
94600.000000 1.11232000e+04
95000.000000 1.09362000e+04
95400.000000 1.07528000e+04
95800.000000 1.05737000e+04
96200.000000 1.03980000e+04
96600.000000 1.02261000e+04
97000.000000 1.00575000e+04
97400.000000 9.89282000e+03
97800.000000 9.73093000e+03
98200.000000 9.57251000e+03
98600.000000 9.41750000e+03
99000.000000 9.26545000e+03
99400.000000 9.11629000e+03
99800.000000 8.97036000e+03
100200.000000 8.82722000e+03
200000.000000 5.46088000e+02
400000.000000 3.34230000e+01
600000.000000 6.52516000e+00
800000.000000 2.04853000e+00
1000000.000000 8.34267000e-01
1200000.000000 4.00537000e-01
1400000.000000 2.15428000e-01
1600000.000000 1.25894000e-01
