# Kurucz ODFNEW /NOVER, alpha: 0.0 (2003)
# teff = 7000 K (value for the effective temperature for the model. Temperatures are given in K)
# logg = 1 log(cm/s2) (value for Log(G) for the model.)
# lh = 1.25  (l/Hp where l is the  mixing length of the convective element and Hp is the pressure scale height)
# meta = -1  (value for the Metallicity for the model.)
# vtur = 2 km/s (Microturbulence velocity)
# alpha = 0  (Alpha)
#
# column 1: WAVELENGTH (ANGSTROM), Wavelength in Angstrom
# column 2: FLUX (ERG/CM2/S/A), Flux in erg/cm2/s/A
308.000000 7.43618000e-35
318.000000 1.87478000e-33
328.000000 3.85190000e-32
338.000000 6.56319000e-31
348.000000 9.43908000e-30
357.000000 9.08976000e-29
366.000000 7.80339000e-28
375.000000 6.00651000e-27
385.000000 5.15895000e-26
395.000000 3.94947000e-25
405.000000 2.72077000e-24
414.000000 1.42141000e-23
422.000000 5.80313000e-23
430.000000 2.24184000e-22
441.000000 1.32124000e-21
451.000000 6.11729000e-21
460.000000 2.28797000e-20
470.000000 9.30636000e-20
480.000000 3.55604000e-19
490.000000 1.28257000e-18
500.000000 4.37564000e-18
506.000000 1.18424000e-17
512.000000 2.66569000e-17
520.000000 6.52575000e-17
530.000000 1.93153000e-16
540.000000 5.39062000e-16
550.000000 1.46296000e-15
560.000000 3.79853000e-15
570.000000 9.51216000e-15
580.000000 2.27617000e-14
590.000000 5.39034000e-14
600.000000 1.22406000e-13
610.000000 2.69998000e-13
620.000000 5.79089000e-13
630.000000 1.20973000e-12
640.000000 2.46520000e-12
650.000000 4.90577000e-12
658.000000 8.36731000e-12
665.000000 1.31942000e-11
675.000000 2.48441000e-11
685.000000 4.58338000e-11
695.000000 8.29386000e-11
705.000000 1.47228000e-10
716.000000 2.71435000e-10
726.000000 4.64790000e-10
735.000000 7.43940000e-10
745.000000 1.23636000e-09
755.000000 2.02427000e-09
765.000000 3.26676000e-09
775.000000 5.19979000e-09
785.000000 8.16825000e-09
795.000000 1.26462000e-08
805.000000 1.93962000e-08
815.000000 2.93761000e-08
825.000000 4.39804000e-08
835.000000 6.51364000e-08
845.000000 9.54664000e-08
855.000000 1.38488000e-07
865.000000 1.98977000e-07
875.000000 2.83079000e-07
885.000000 3.99401000e-07
895.000000 5.58445000e-07
905.000000 7.73629000e-07
915.000000 2.40750000e-03
925.000000 7.91567000e-03
935.000000 1.03884000e-02
945.000000 1.46680000e-02
955.000000 2.10707000e-02
965.000000 2.78158000e-02
975.000000 3.43165000e-02
985.000000 4.84393000e-02
995.000000 6.11200000e-02
1005.000000 8.40272000e-02
1015.000000 1.06119000e-01
1025.000000 1.33846000e-01
1035.000000 1.76118000e-01
1045.000000 2.27630000e-01
1055.000000 2.89006000e-01
1065.000000 3.55630000e-01
1075.000000 4.51635000e-01
1085.000000 5.66618000e-01
1095.000000 6.88499000e-01
1105.000000 2.12078000e+00
1115.000000 6.83536000e+00
1125.000000 9.52223000e+00
1135.000000 1.25188000e+01
1145.000000 1.45657000e+01
1155.000000 1.43524000e+01
1165.000000 1.64756000e+01
1175.000000 1.55786000e+01
1185.000000 2.64055000e+01
1195.000000 6.26974000e+00
1205.000000 4.25396000e+00
1215.000000 1.24947000e+00
1225.000000 5.23411000e+00
1235.000000 1.33046000e+01
1245.000000 2.68713000e+01
1255.000000 5.34708000e+01
1265.000000 7.52223000e+01
1275.000000 1.22660000e+02
1285.000000 1.98113000e+02
1295.000000 2.82329000e+02
1305.000000 2.97021000e+02
1315.000000 4.67637000e+02
1325.000000 6.20170000e+02
1335.000000 7.60593000e+02
1345.000000 1.01255000e+03
1355.000000 1.15475000e+03
1365.000000 1.38261000e+03
1375.000000 1.63279000e+03
1385.000000 1.95085000e+03
1395.000000 2.35153000e+03
1405.000000 2.74681000e+03
1415.000000 3.03043000e+03
1425.000000 3.54165000e+03
1435.000000 3.76176000e+03
1442.000000 4.47231000e+03
1447.000000 4.85835000e+03
1455.000000 5.55282000e+03
1465.000000 5.87520000e+03
1475.000000 6.74611000e+03
1485.000000 7.72618000e+03
1495.000000 8.99202000e+03
1505.000000 1.01546000e+04
1512.000000 1.05600000e+04
1517.000000 1.15342000e+04
1525.000000 1.24376000e+04
1535.000000 2.30589000e+04
1545.000000 4.50666000e+04
1555.000000 4.29199000e+04
1565.000000 3.67666000e+04
1575.000000 5.50281000e+04
1585.000000 6.22658000e+04
1595.000000 7.78433000e+04
1605.000000 7.51126000e+04
1615.000000 9.28179000e+04
1625.000000 1.12177000e+05
1635.000000 1.64335000e+05
1645.000000 2.72020000e+05
1655.000000 1.39096000e+05
1665.000000 3.00517000e+05
1672.000000 1.19275000e+05
1677.000000 4.57943000e+05
1685.000000 7.18343000e+05
1695.000000 8.09627000e+05
1705.000000 7.61021000e+05
1715.000000 1.03150000e+06
1725.000000 1.12929000e+06
1735.000000 1.36651000e+06
1745.000000 1.26206000e+06
1755.000000 1.58886000e+06
1765.000000 1.28091000e+06
1775.000000 1.59522000e+06
1785.000000 1.50315000e+06
1795.000000 2.06252000e+06
1805.000000 1.70464000e+06
1815.000000 1.98473000e+06
1825.000000 1.68297000e+06
1835.000000 1.72252000e+06
1845.000000 1.58106000e+06
1855.000000 1.77503000e+06
1865.000000 1.97310000e+06
1875.000000 1.96593000e+06
1885.000000 2.08063000e+06
1895.000000 2.26582000e+06
1905.000000 2.08575000e+06
1915.000000 2.30092000e+06
1925.000000 2.34468000e+06
1935.000000 1.83604000e+06
1945.000000 2.61767000e+06
1955.000000 2.70303000e+06
1967.000000 2.94308000e+06
1976.000000 2.90504000e+06
1984.000000 2.84280000e+06
1995.000000 2.78873000e+06
2005.000000 2.70025000e+06
2015.000000 2.61135000e+06
2025.000000 2.44129000e+06
2035.000000 2.86448000e+06
2045.000000 3.16336000e+06
2055.000000 2.91658000e+06
2065.000000 2.78733000e+06
2074.000000 3.48522000e+06
2078.000000 3.63941000e+06
2085.000000 3.51197000e+06
2095.000000 3.36110000e+06
2105.000000 3.16788000e+06
2115.000000 3.27207000e+06
2125.000000 3.36557000e+06
2135.000000 2.66028000e+06
2145.000000 3.24030000e+06
2155.000000 3.32403000e+06
2165.000000 3.07140000e+06
2175.000000 3.10335000e+06
2185.000000 3.27796000e+06
2195.000000 3.67446000e+06
2205.000000 3.52676000e+06
2215.000000 3.08503000e+06
2225.000000 3.06566000e+06
2235.000000 3.78213000e+06
2245.000000 3.37986000e+06
2255.000000 3.06590000e+06
2265.000000 3.06753000e+06
2275.000000 3.53915000e+06
2285.000000 3.70133000e+06
2295.000000 3.40979000e+06
2305.000000 3.64184000e+06
2315.000000 3.54233000e+06
2325.000000 3.40718000e+06
2335.000000 2.65095000e+06
2345.000000 2.13041000e+06
2355.000000 3.29885000e+06
2365.000000 2.19771000e+06
2375.000000 2.92067000e+06
2385.000000 1.76111000e+06
2395.000000 2.30674000e+06
2405.000000 2.22220000e+06
2415.000000 2.63313000e+06
2425.000000 3.71821000e+06
2435.000000 3.67197000e+06
2445.000000 3.94562000e+06
2455.000000 3.89604000e+06
2465.000000 3.87609000e+06
2475.000000 3.62472000e+06
2485.000000 3.75898000e+06
2495.000000 3.64812000e+06
2505.000000 4.49942000e+06
2513.000000 3.69292000e+06
2518.000000 3.90454000e+06
2525.000000 3.41168000e+06
2535.000000 3.28580000e+06
2545.000000 3.38229000e+06
2555.000000 3.81801000e+06
2565.000000 3.58765000e+06
2575.000000 4.04477000e+06
2585.000000 3.82388000e+06
2595.000000 3.57343000e+06
2605.000000 3.21601000e+06
2615.000000 3.02800000e+06
2625.000000 3.79659000e+06
2635.000000 4.31692000e+06
2645.000000 5.68431000e+06
2655.000000 5.73991000e+06
2665.000000 4.95907000e+06
2675.000000 5.32956000e+06
2685.000000 5.34585000e+06
2695.000000 5.00468000e+06
2705.000000 5.21921000e+06
2715.000000 4.68677000e+06
2725.000000 4.78738000e+06
2735.000000 5.20254000e+06
2745.000000 3.53120000e+06
2755.000000 4.10505000e+06
2765.000000 4.54555000e+06
2775.000000 5.29140000e+06
2785.000000 4.69596000e+06
2795.000000 1.98718000e+06
2805.000000 2.53755000e+06
2815.000000 5.42068000e+06
2825.000000 6.01493000e+06
2835.000000 5.79164000e+06
2845.000000 5.60671000e+06
2855.000000 5.20699000e+06
2865.000000 5.90964000e+06
2875.000000 5.76423000e+06
2885.000000 5.94703000e+06
2895.000000 5.67452000e+06
2910.000000 6.62160000e+06
2930.000000 6.40777000e+06
2950.000000 6.37745000e+06
2970.000000 6.69075000e+06
2990.000000 6.82699000e+06
3010.000000 7.03096000e+06
3030.000000 7.04431000e+06
3050.000000 7.08547000e+06
3070.000000 7.13855000e+06
3090.000000 7.40470000e+06
3110.000000 7.20460000e+06
3130.000000 7.20281000e+06
3150.000000 7.54788000e+06
3170.000000 7.59240000e+06
3190.000000 7.16616000e+06
3210.000000 7.50783000e+06
3230.000000 7.26998000e+06
3250.000000 7.60949000e+06
3270.000000 7.76578000e+06
3290.000000 7.93965000e+06
3310.000000 8.11770000e+06
3330.000000 7.96986000e+06
3350.000000 7.89009000e+06
3370.000000 7.88064000e+06
3390.000000 7.98953000e+06
3410.000000 8.21651000e+06
3430.000000 8.39059000e+06
3450.000000 8.35119000e+06
3470.000000 8.25364000e+06
3490.000000 8.23694000e+06
3510.000000 8.51426000e+06
3530.000000 8.61427000e+06
3550.000000 8.81731000e+06
3570.000000 8.52695000e+06
3590.000000 8.55205000e+06
3610.000000 8.64459000e+06
3630.000000 8.79747000e+06
3640.000000 8.67243000e+06
3650.000000 8.99174000e+06
3670.000000 8.98379000e+06
3690.000000 9.96544000e+06
3710.000000 1.32432000e+07
3730.000000 1.85444000e+07
3750.000000 2.66466000e+07
3770.000000 2.80488000e+07
3790.000000 3.36757000e+07
3810.000000 3.77635000e+07
3830.000000 3.02228000e+07
3850.000000 3.94813000e+07
3870.000000 4.17507000e+07
3890.000000 2.84089000e+07
3910.000000 4.02897000e+07
3930.000000 3.11289000e+07
3950.000000 3.96130000e+07
3970.000000 2.44908000e+07
3990.000000 4.00414000e+07
4010.000000 4.10042000e+07
4030.000000 4.03431000e+07
4050.000000 4.00949000e+07
4070.000000 3.90923000e+07
4090.000000 3.62089000e+07
4110.000000 2.87943000e+07
4130.000000 3.81392000e+07
4150.000000 3.85665000e+07
4170.000000 3.75973000e+07
4190.000000 3.73251000e+07
4210.000000 3.70712000e+07
4230.000000 3.64036000e+07
4250.000000 3.62828000e+07
4270.000000 3.56565000e+07
4290.000000 3.53965000e+07
4310.000000 3.35437000e+07
4330.000000 3.03792000e+07
4350.000000 2.64890000e+07
4370.000000 3.42939000e+07
4390.000000 3.36166000e+07
4410.000000 3.28610000e+07
4430.000000 3.32119000e+07
4450.000000 3.30262000e+07
4470.000000 3.26861000e+07
4490.000000 3.24946000e+07
4510.000000 3.26960000e+07
4530.000000 3.16553000e+07
4550.000000 3.09682000e+07
4570.000000 3.17331000e+07
4590.000000 3.08259000e+07
4610.000000 3.14436000e+07
4630.000000 3.05961000e+07
4650.000000 3.07429000e+07
4670.000000 3.04508000e+07
4690.000000 2.99707000e+07
4710.000000 2.90510000e+07
4730.000000 2.96680000e+07
4750.000000 2.95974000e+07
4770.000000 2.91394000e+07
4790.000000 2.88408000e+07
4810.000000 2.85216000e+07
4830.000000 2.79985000e+07
4850.000000 2.48099000e+07
4870.000000 2.04004000e+07
4890.000000 2.69280000e+07
4910.000000 2.71138000e+07
4930.000000 2.65471000e+07
4950.000000 2.66959000e+07
4970.000000 2.67377000e+07
4990.000000 2.60729000e+07
5010.000000 2.53713000e+07
5030.000000 2.57209000e+07
5050.000000 2.54171000e+07
5070.000000 2.54310000e+07
5090.000000 2.51312000e+07
5110.000000 2.49421000e+07
5130.000000 2.44688000e+07
5150.000000 2.41541000e+07
5170.000000 2.35561000e+07
5190.000000 2.33539000e+07
5210.000000 2.33776000e+07
5230.000000 2.30834000e+07
5250.000000 2.33562000e+07
5270.000000 2.24522000e+07
5290.000000 2.29141000e+07
5310.000000 2.25214000e+07
5330.000000 2.21153000e+07
5350.000000 2.24399000e+07
5370.000000 2.20967000e+07
5390.000000 2.18954000e+07
5410.000000 2.15948000e+07
5430.000000 2.14335000e+07
5450.000000 2.14388000e+07
5470.000000 2.12823000e+07
5490.000000 2.11738000e+07
5510.000000 2.09670000e+07
5530.000000 2.07060000e+07
5550.000000 2.07294000e+07
5570.000000 2.04691000e+07
5590.000000 2.02663000e+07
5610.000000 2.01424000e+07
5630.000000 2.00542000e+07
5650.000000 1.97909000e+07
5670.000000 1.96093000e+07
5690.000000 1.95520000e+07
5710.000000 1.93887000e+07
5730.000000 1.92915000e+07
5750.000000 1.91097000e+07
5770.000000 1.89684000e+07
5790.000000 1.87971000e+07
5810.000000 1.86556000e+07
5830.000000 1.85123000e+07
5850.000000 1.83408000e+07
5870.000000 1.82117000e+07
5890.000000 1.78569000e+07
5910.000000 1.79207000e+07
5930.000000 1.77754000e+07
5950.000000 1.76359000e+07
5970.000000 1.75073000e+07
5990.000000 1.73360000e+07
6010.000000 1.71937000e+07
6030.000000 1.70736000e+07
6050.000000 1.69506000e+07
6070.000000 1.68340000e+07
6090.000000 1.66830000e+07
6110.000000 1.65336000e+07
6130.000000 1.63447000e+07
6150.000000 1.61160000e+07
6170.000000 1.60869000e+07
6190.000000 1.60500000e+07
6210.000000 1.59390000e+07
6230.000000 1.57708000e+07
6250.000000 1.54627000e+07
6270.000000 1.55769000e+07
6290.000000 1.54552000e+07
6310.000000 1.52750000e+07
6330.000000 1.52003000e+07
6350.000000 1.50440000e+07
6370.000000 1.49311000e+07
6390.000000 1.48617000e+07
6410.000000 1.46885000e+07
6430.000000 1.46127000e+07
6450.000000 1.44163000e+07
6470.000000 1.44164000e+07
6490.000000 1.41810000e+07
6510.000000 1.41304000e+07
6530.000000 1.39742000e+07
6550.000000 1.29459000e+07
6570.000000 1.04043000e+07
6590.000000 1.35023000e+07
6610.000000 1.36173000e+07
6630.000000 1.35841000e+07
6650.000000 1.35085000e+07
6670.000000 1.34022000e+07
6690.000000 1.33205000e+07
6710.000000 1.32195000e+07
6730.000000 1.31269000e+07
6750.000000 1.30178000e+07
6770.000000 1.29459000e+07
6790.000000 1.28444000e+07
6810.000000 1.27569000e+07
6830.000000 1.26508000e+07
6850.000000 1.25666000e+07
6870.000000 1.24864000e+07
6890.000000 1.23989000e+07
6910.000000 1.23091000e+07
6930.000000 1.22193000e+07
6950.000000 1.21335000e+07
6970.000000 1.20461000e+07
6990.000000 1.19642000e+07
7010.000000 1.18538000e+07
7030.000000 1.17865000e+07
7050.000000 1.17121000e+07
7070.000000 1.16316000e+07
7090.000000 1.15519000e+07
7110.000000 1.13856000e+07
7130.000000 1.13693000e+07
7150.000000 1.12969000e+07
7170.000000 1.12215000e+07
7190.000000 1.11286000e+07
7210.000000 1.10531000e+07
7230.000000 1.09726000e+07
7250.000000 1.09122000e+07
7270.000000 1.08451000e+07
7290.000000 1.07509000e+07
7310.000000 1.06647000e+07
7330.000000 1.06038000e+07
7350.000000 1.05433000e+07
7370.000000 1.04834000e+07
7390.000000 1.03985000e+07
7410.000000 1.03095000e+07
7430.000000 1.02411000e+07
7450.000000 1.01760000e+07
7470.000000 1.00844000e+07
7490.000000 1.00280000e+07
7510.000000 9.97062000e+06
7530.000000 9.91839000e+06
7550.000000 9.86459000e+06
7570.000000 9.78953000e+06
7590.000000 9.73015000e+06
7610.000000 9.66607000e+06
7630.000000 9.60187000e+06
7650.000000 9.52791000e+06
7670.000000 9.45587000e+06
7690.000000 9.40548000e+06
7710.000000 9.31872000e+06
7730.000000 9.28443000e+06
7750.000000 9.22027000e+06
7770.000000 9.03121000e+06
7790.000000 9.10720000e+06
7810.000000 9.04641000e+06
7830.000000 8.97567000e+06
7850.000000 8.90676000e+06
7870.000000 8.85000000e+06
7890.000000 8.78461000e+06
7910.000000 8.74024000e+06
7930.000000 8.67824000e+06
7950.000000 8.61913000e+06
7970.000000 8.58660000e+06
7990.000000 8.51004000e+06
8010.000000 8.46935000e+06
8030.000000 8.41261000e+06
8050.000000 8.36214000e+06
8070.000000 8.30744000e+06
8090.000000 8.25202000e+06
8110.000000 8.20622000e+06
8130.000000 8.15563000e+06
8150.000000 8.10318000e+06
8170.000000 8.05114000e+06
8190.000000 7.94896000e+06
8210.000000 7.94269000e+06
8230.000000 7.88801000e+06
8250.000000 7.82712000e+06
8270.000000 7.82070000e+06
8290.000000 7.76163000e+06
8310.000000 7.68504000e+06
8330.000000 7.55805000e+06
8350.000000 7.60024000e+06
8370.000000 7.42415000e+06
8390.000000 7.43964000e+06
8410.000000 7.40323000e+06
8430.000000 7.55951000e+06
8450.000000 7.45096000e+06
8470.000000 7.22309000e+06
8490.000000 7.76559000e+06
8510.000000 7.04351000e+06
8530.000000 7.85862000e+06
8550.000000 6.69226000e+06
8570.000000 7.99317000e+06
8590.000000 7.58380000e+06
8610.000000 7.35753000e+06
8630.000000 8.13786000e+06
8650.000000 7.98698000e+06
8670.000000 6.57845000e+06
8690.000000 7.98496000e+06
8710.000000 8.12512000e+06
8730.000000 7.97869000e+06
8750.000000 6.68998000e+06
8770.000000 7.75472000e+06
8790.000000 7.93840000e+06
8810.000000 7.86696000e+06
8830.000000 7.77532000e+06
8850.000000 7.44392000e+06
8870.000000 6.49774000e+06
8890.000000 7.61399000e+06
8910.000000 7.61259000e+06
8930.000000 7.57523000e+06
8950.000000 7.58185000e+06
8970.000000 7.51343000e+06
8990.000000 7.39940000e+06
9010.000000 6.35817000e+06
9030.000000 6.91356000e+06
9050.000000 7.30069000e+06
9070.000000 7.16961000e+06
9090.000000 7.06971000e+06
9110.000000 7.15445000e+06
9130.000000 7.16382000e+06
9150.000000 7.12804000e+06
9170.000000 7.07413000e+06
9190.000000 7.00010000e+06
9210.000000 6.79786000e+06
9230.000000 5.72040000e+06
9250.000000 6.63000000e+06
9270.000000 6.74127000e+06
9290.000000 6.81573000e+06
9310.000000 6.78170000e+06
9330.000000 6.73707000e+06
9350.000000 6.69837000e+06
9370.000000 6.65951000e+06
9390.000000 6.60767000e+06
9410.000000 6.46304000e+06
9430.000000 6.51403000e+06
9450.000000 6.48606000e+06
9470.000000 6.45533000e+06
9490.000000 6.41351000e+06
9510.000000 6.34658000e+06
9530.000000 6.15529000e+06
9550.000000 5.25011000e+06
9570.000000 6.12903000e+06
9590.000000 6.20099000e+06
9610.000000 6.14950000e+06
9630.000000 6.09189000e+06
9650.000000 6.10510000e+06
9670.000000 6.02267000e+06
9690.000000 6.02351000e+06
9710.000000 6.00751000e+06
9730.000000 5.97010000e+06
9750.000000 5.92146000e+06
9770.000000 5.90040000e+06
9790.000000 5.86492000e+06
9810.000000 5.82968000e+06
9830.000000 5.79506000e+06
9850.000000 5.74593000e+06
9870.000000 5.71880000e+06
9890.000000 5.66334000e+06
9910.000000 5.65163000e+06
9930.000000 5.61207000e+06
9950.000000 5.58801000e+06
9970.000000 5.56069000e+06
9990.000000 5.52486000e+06
10025.000000 5.29892000e+06
10075.000000 5.07387000e+06
10125.000000 5.29031000e+06
10175.000000 5.23335000e+06
10225.000000 5.16320000e+06
10275.000000 5.09273000e+06
10325.000000 5.00430000e+06
10375.000000 4.94603000e+06
10425.000000 4.87756000e+06
10475.000000 4.77754000e+06
10525.000000 4.73328000e+06
10575.000000 4.66942000e+06
10625.000000 4.59888000e+06
10675.000000 4.47987000e+06
10725.000000 4.45359000e+06
10775.000000 4.40554000e+06
10825.000000 4.34082000e+06
10875.000000 4.28125000e+06
10925.000000 3.90347000e+06
10975.000000 4.11132000e+06
11025.000000 4.12866000e+06
11075.000000 4.07611000e+06
11125.000000 4.01764000e+06
11175.000000 3.96457000e+06
11225.000000 3.91438000e+06
11275.000000 3.83618000e+06
11325.000000 3.78093000e+06
11375.000000 3.75301000e+06
11425.000000 3.69628000e+06
11475.000000 3.66242000e+06
11525.000000 3.61539000e+06
11575.000000 3.56679000e+06
11625.000000 3.49994000e+06
11675.000000 3.43962000e+06
11725.000000 3.43090000e+06
11775.000000 3.34477000e+06
11825.000000 3.32139000e+06
11875.000000 3.27024000e+06
11925.000000 3.25930000e+06
11975.000000 3.19562000e+06
12025.000000 3.17144000e+06
12075.000000 3.12689000e+06
12125.000000 3.08988000e+06
12175.000000 3.05667000e+06
12225.000000 3.01710000e+06
12275.000000 2.97557000e+06
12325.000000 2.94106000e+06
12375.000000 2.90602000e+06
12425.000000 2.87195000e+06
12475.000000 2.83493000e+06
12525.000000 2.79889000e+06
12575.000000 2.75619000e+06
12625.000000 2.72471000e+06
12675.000000 2.69904000e+06
12725.000000 2.66670000e+06
12775.000000 2.61863000e+06
12825.000000 2.38524000e+06
12875.000000 2.56106000e+06
12925.000000 2.53858000e+06
12975.000000 2.50854000e+06
13025.000000 2.47932000e+06
13075.000000 2.45004000e+06
13125.000000 2.41960000e+06
13175.000000 2.38824000e+06
13225.000000 2.36354000e+06
13275.000000 2.33508000e+06
13325.000000 2.30804000e+06
13375.000000 2.28071000e+06
13425.000000 2.25393000e+06
13475.000000 2.22769000e+06
13525.000000 2.19931000e+06
13575.000000 2.17353000e+06
13625.000000 2.15050000e+06
13675.000000 2.12493000e+06
13725.000000 2.08888000e+06
13775.000000 2.07374000e+06
13825.000000 2.05049000e+06
13875.000000 2.02967000e+06
13925.000000 2.00405000e+06
13975.000000 1.98260000e+06
14025.000000 1.96006000e+06
14075.000000 1.93855000e+06
14125.000000 1.91560000e+06
14175.000000 1.89442000e+06
14225.000000 1.87219000e+06
14275.000000 1.85059000e+06
14325.000000 1.83098000e+06
14375.000000 1.81099000e+06
14425.000000 1.77045000e+06
14475.000000 1.77012000e+06
14525.000000 1.74049000e+06
14570.000000 1.73219000e+06
14620.000000 1.71102000e+06
14675.000000 1.69477000e+06
14725.000000 1.67489000e+06
14775.000000 1.65346000e+06
14825.000000 1.63719000e+06
14875.000000 1.61360000e+06
14925.000000 1.60248000e+06
14975.000000 1.58538000e+06
15025.000000 1.55379000e+06
15075.000000 1.54269000e+06
15125.000000 1.52649000e+06
15175.000000 1.51073000e+06
15225.000000 1.51709000e+06
15275.000000 1.46711000e+06
15325.000000 1.45517000e+06
15375.000000 1.47550000e+06
15425.000000 1.41084000e+06
15475.000000 1.45270000e+06
15525.000000 1.44566000e+06
15575.000000 1.36017000e+06
15625.000000 1.43291000e+06
15675.000000 1.39371000e+06
15725.000000 1.32683000e+06
15775.000000 1.39437000e+06
15825.000000 1.38541000e+06
15875.000000 1.26165000e+06
15925.000000 1.35242000e+06
15975.000000 1.35395000e+06
16050.000000 1.32464000e+06
16150.000000 1.24943000e+06
16250.000000 1.28366000e+06
16350.000000 1.24322000e+06
16450.000000 1.17251000e+06
16550.000000 1.20291000e+06
16650.000000 1.17756000e+06
16750.000000 1.14071000e+06
16850.000000 1.07648000e+06
16950.000000 1.10483000e+06
17050.000000 1.08036000e+06
17150.000000 1.05917000e+06
17250.000000 1.03433000e+06
17350.000000 9.61765000e+05
17450.000000 9.89064000e+05
17550.000000 9.72774000e+05
17650.000000 9.52579000e+05
17750.000000 9.35060000e+05
17850.000000 9.16005000e+05
17950.000000 8.99256000e+05
18050.000000 8.79803000e+05
18150.000000 8.23316000e+05
18250.000000 8.41193000e+05
18350.000000 8.29980000e+05
18450.000000 8.14024000e+05
18550.000000 7.97607000e+05
18650.000000 7.82026000e+05
18750.000000 7.25174000e+05
18850.000000 7.50538000e+05
18950.000000 7.36595000e+05
19050.000000 7.25404000e+05
19150.000000 7.11694000e+05
19250.000000 6.98260000e+05
19350.000000 6.84502000e+05
19450.000000 6.40426000e+05
19550.000000 6.59479000e+05
19650.000000 6.48130000e+05
19750.000000 6.35479000e+05
19850.000000 6.24714000e+05
19950.000000 6.13412000e+05
20050.000000 6.02463000e+05
20150.000000 5.91701000e+05
20250.000000 5.80994000e+05
20350.000000 5.70522000e+05
20450.000000 5.60713000e+05
20550.000000 5.50791000e+05
20650.000000 5.40831000e+05
20750.000000 5.31536000e+05
20850.000000 5.22385000e+05
20950.000000 5.13221000e+05
21050.000000 5.04310000e+05
21150.000000 4.95147000e+05
21250.000000 4.86569000e+05
21350.000000 4.78558000e+05
21450.000000 4.70913000e+05
21550.000000 4.62684000e+05
21650.000000 4.34613000e+05
21750.000000 4.46576000e+05
21850.000000 4.39989000e+05
21950.000000 4.32869000e+05
22050.000000 4.25442000e+05
22150.000000 4.18008000e+05
22250.000000 4.11831000e+05
22350.000000 4.05100000e+05
22450.000000 3.98524000e+05
22550.000000 3.91537000e+05
22650.000000 3.85650000e+05
22750.000000 3.79472000e+05
22850.000000 3.73560000e+05
22950.000000 3.67565000e+05
23050.000000 3.61986000e+05
23150.000000 3.56272000e+05
23250.000000 3.50753000e+05
23350.000000 3.45213000e+05
23450.000000 3.39774000e+05
23550.000000 3.34511000e+05
23650.000000 3.29142000e+05
23750.000000 3.24205000e+05
23850.000000 3.19081000e+05
23950.000000 3.14045000e+05
24050.000000 3.08833000e+05
24150.000000 3.03587000e+05
24250.000000 3.01569000e+05
24350.000000 2.94294000e+05
24450.000000 2.89339000e+05
24550.000000 2.88318000e+05
24650.000000 2.82003000e+05
24750.000000 2.78001000e+05
24850.000000 2.76897000e+05
24950.000000 2.65652000e+05
25050.000000 2.69353000e+05
25150.000000 2.65589000e+05
25250.000000 2.53427000e+05
25350.000000 2.57991000e+05
25450.000000 2.54735000e+05
25550.000000 2.50760000e+05
25650.000000 2.38244000e+05
25750.000000 2.43982000e+05
25850.000000 2.40615000e+05
25950.000000 2.37612000e+05
26050.000000 2.33354000e+05
26150.000000 2.21513000e+05
26250.000000 2.16892000e+05
26350.000000 2.24148000e+05
26450.000000 2.21804000e+05
26550.000000 2.18603000e+05
26650.000000 2.14981000e+05
26750.000000 2.03248000e+05
26850.000000 2.09371000e+05
26950.000000 2.06866000e+05
27050.000000 2.03939000e+05
27150.000000 2.01218000e+05
27250.000000 1.98465000e+05
27350.000000 1.95757000e+05
27450.000000 1.93079000e+05
27550.000000 1.83004000e+05
27650.000000 1.86452000e+05
27750.000000 1.85390000e+05
27850.000000 1.82914000e+05
27950.000000 1.80484000e+05
28050.000000 1.78079000e+05
28150.000000 1.75709000e+05
28250.000000 1.73391000e+05
28350.000000 1.71110000e+05
28450.000000 1.68811000e+05
28550.000000 1.66651000e+05
28650.000000 1.63828000e+05
28750.000000 1.55607000e+05
28850.000000 1.60116000e+05
28950.000000 1.58135000e+05
29050.000000 1.56129000e+05
29150.000000 1.54026000e+05
29250.000000 1.52134000e+05
29350.000000 1.50216000e+05
29450.000000 1.48298000e+05
29550.000000 1.46424000e+05
29650.000000 1.44577000e+05
29750.000000 1.42755000e+05
29850.000000 1.40963000e+05
29950.000000 1.39188000e+05
30050.000000 1.37450000e+05
30150.000000 1.35739000e+05
30250.000000 1.34061000e+05
30350.000000 1.28140000e+05
30450.000000 1.29206000e+05
30550.000000 1.29165000e+05
30650.000000 1.27581000e+05
30750.000000 1.26028000e+05
30850.000000 1.24424000e+05
30950.000000 1.22957000e+05
31050.000000 1.21455000e+05
31150.000000 1.19915000e+05
31250.000000 1.18536000e+05
31350.000000 1.17125000e+05
31450.000000 1.15700000e+05
31550.000000 1.14373000e+05
31650.000000 1.13035000e+05
31750.000000 1.11655000e+05
31850.000000 1.10376000e+05
31950.000000 1.09073000e+05
32100.000000 1.07153000e+05
32300.000000 1.04675000e+05
32500.000000 1.02260000e+05
32700.000000 9.99066000e+04
32900.000000 9.52291000e+04
33100.000000 9.49311000e+04
33300.000000 9.29890000e+04
33500.000000 9.09488000e+04
33700.000000 8.88574000e+04
33900.000000 8.69204000e+04
34100.000000 8.50193000e+04
34300.000000 8.31918000e+04
34500.000000 8.14071000e+04
34700.000000 7.96548000e+04
34900.000000 7.79279000e+04
35100.000000 7.62779000e+04
35300.000000 7.46421000e+04
35500.000000 7.29993000e+04
35700.000000 7.13885000e+04
35900.000000 7.02241000e+04
36100.000000 6.83699000e+04
36300.000000 6.73755000e+04
36500.000000 6.54798000e+04
36700.000000 6.46702000e+04
36900.000000 6.26762000e+04
37100.000000 6.20570000e+04
37300.000000 6.03535000e+04
37500.000000 5.80398000e+04
37700.000000 5.84275000e+04
37900.000000 5.73011000e+04
38100.000000 5.55877000e+04
38300.000000 5.47852000e+04
38500.000000 5.40117000e+04
38700.000000 5.29945000e+04
38900.000000 5.19381000e+04
39100.000000 5.00307000e+04
39300.000000 5.00228000e+04
39500.000000 4.90708000e+04
39700.000000 4.81378000e+04
39900.000000 4.71855000e+04
40100.000000 4.60249000e+04
40300.000000 4.47852000e+04
40500.000000 4.36825000e+04
40700.000000 4.37545000e+04
40900.000000 4.29336000e+04
41100.000000 4.21577000e+04
41300.000000 4.13793000e+04
41500.000000 4.06117000e+04
41700.000000 3.90575000e+04
41900.000000 3.91405000e+04
42100.000000 3.84252000e+04
42300.000000 3.77532000e+04
42500.000000 3.70733000e+04
42700.000000 3.64128000e+04
42900.000000 3.57649000e+04
43100.000000 3.51316000e+04
43300.000000 3.45124000e+04
43500.000000 3.39071000e+04
43700.000000 3.26920000e+04
43900.000000 3.26763000e+04
44100.000000 3.21636000e+04
44300.000000 3.16128000e+04
44500.000000 3.10686000e+04
44700.000000 3.05857000e+04
44900.000000 3.00149000e+04
45100.000000 2.95103000e+04
45300.000000 2.90117000e+04
45500.000000 2.85261000e+04
45700.000000 2.80479000e+04
45900.000000 2.75787000e+04
46100.000000 2.71236000e+04
46300.000000 2.66684000e+04
46500.000000 2.57025000e+04
46700.000000 2.52789000e+04
46900.000000 2.53652000e+04
47100.000000 2.49720000e+04
47300.000000 2.45710000e+04
47500.000000 2.41708000e+04
47700.000000 2.37831000e+04
47900.000000 2.34010000e+04
48100.000000 2.30277000e+04
48300.000000 2.26775000e+04
48500.000000 2.22955000e+04
48700.000000 2.19682000e+04
48900.000000 2.15998000e+04
49100.000000 2.12867000e+04
49300.000000 2.09205000e+04
49500.000000 2.06396000e+04
49700.000000 2.02588000e+04
49900.000000 2.00089000e+04
50100.000000 1.97009000e+04
50300.000000 1.93257000e+04
50500.000000 1.91375000e+04
50700.000000 1.88431000e+04
50900.000000 1.84351000e+04
51100.000000 1.82463000e+04
51300.000000 1.76391000e+04
51500.000000 1.77154000e+04
51700.000000 1.73305000e+04
51900.000000 1.72238000e+04
52100.000000 1.69711000e+04
52300.000000 1.67217000e+04
52500.000000 1.64510000e+04
52700.000000 1.60795000e+04
52900.000000 1.59999000e+04
53100.000000 1.57674000e+04
53300.000000 1.55405000e+04
53500.000000 1.53166000e+04
53700.000000 1.49859000e+04
53900.000000 1.47945000e+04
54100.000000 1.46686000e+04
54300.000000 1.44598000e+04
54500.000000 1.42549000e+04
54700.000000 1.40526000e+04
54900.000000 1.38567000e+04
55100.000000 1.36508000e+04
55300.000000 1.32800000e+04
55500.000000 1.32847000e+04
55700.000000 1.30997000e+04
55900.000000 1.29169000e+04
56100.000000 1.27423000e+04
56300.000000 1.25676000e+04
56500.000000 1.23962000e+04
56700.000000 1.22268000e+04
56900.000000 1.20607000e+04
57100.000000 1.16991000e+04
57300.000000 1.17358000e+04
57500.000000 1.15802000e+04
57700.000000 1.14254000e+04
57900.000000 1.12724000e+04
58100.000000 1.11228000e+04
58300.000000 1.09705000e+04
58500.000000 1.08280000e+04
58700.000000 1.06849000e+04
58900.000000 1.05366000e+04
59100.000000 1.02097000e+04
59300.000000 1.02657000e+04
59500.000000 9.96847000e+03
59700.000000 9.98181000e+03
59900.000000 9.88786000e+03
60100.000000 9.76845000e+03
60300.000000 9.64439000e+03
60500.000000 9.52093000e+03
60700.000000 9.39848000e+03
60900.000000 9.27875000e+03
61100.000000 9.16018000e+03
61300.000000 9.04646000e+03
61500.000000 8.93244000e+03
61700.000000 8.82039000e+03
61900.000000 8.70902000e+03
62100.000000 8.60133000e+03
62300.000000 8.49262000e+03
62500.000000 8.38608000e+03
62700.000000 8.27565000e+03
62900.000000 8.01876000e+03
63100.000000 8.06320000e+03
63300.000000 7.98252000e+03
63500.000000 7.87972000e+03
63700.000000 7.79002000e+03
63900.000000 7.68745000e+03
64200.000000 7.55636000e+03
64600.000000 7.37081000e+03
65000.000000 7.19353000e+03
65400.000000 7.03014000e+03
65800.000000 6.85792000e+03
66200.000000 6.69861000e+03
66600.000000 6.54628000e+03
67000.000000 6.39701000e+03
67400.000000 6.24120000e+03
67800.000000 6.04689000e+03
68200.000000 5.95697000e+03
68600.000000 5.83519000e+03
69000.000000 5.70396000e+03
69400.000000 5.56151000e+03
69800.000000 5.45310000e+03
70200.000000 5.33280000e+03
70600.000000 5.21563000e+03
71000.000000 5.08454000e+03
71400.000000 4.99137000e+03
71800.000000 4.88352000e+03
72200.000000 4.77781000e+03
72600.000000 4.65569000e+03
73000.000000 4.57717000e+03
73400.000000 4.48057000e+03
73800.000000 4.38627000e+03
74200.000000 4.29408000e+03
74600.000000 4.15521000e+03
75000.000000 4.02595000e+03
75400.000000 4.03112000e+03
75800.000000 3.95112000e+03
76200.000000 3.87075000e+03
76600.000000 3.79236000e+03
77000.000000 3.71608000e+03
77400.000000 3.64155000e+03
77800.000000 3.54184000e+03
78200.000000 3.49806000e+03
78600.000000 3.42894000e+03
79000.000000 3.36153000e+03
79400.000000 3.29572000e+03
79800.000000 3.23152000e+03
80200.000000 3.16891000e+03
80600.000000 3.10779000e+03
81000.000000 3.04817000e+03
81400.000000 2.96689000e+03
81800.000000 2.93023000e+03
82200.000000 2.87759000e+03
82600.000000 2.82344000e+03
83000.000000 2.77032000e+03
83400.000000 2.71857000e+03
83800.000000 2.66768000e+03
84200.000000 2.61880000e+03
84600.000000 2.57083000e+03
85000.000000 2.52276000e+03
85400.000000 2.47769000e+03
85800.000000 2.43115000e+03
86200.000000 2.38877000e+03
86600.000000 2.32390000e+03
87000.000000 2.30278000e+03
87400.000000 2.25088000e+03
87800.000000 2.21155000e+03
88200.000000 2.18326000e+03
88600.000000 2.14223000e+03
89000.000000 2.10723000e+03
89400.000000 2.07050000e+03
89800.000000 2.03453000e+03
90200.000000 1.99935000e+03
90600.000000 1.96186000e+03
91000.000000 1.93123000e+03
91400.000000 1.89827000e+03
91800.000000 1.86602000e+03
92200.000000 1.83445000e+03
92600.000000 1.79904000e+03
93000.000000 1.77323000e+03
93400.000000 1.74361000e+03
93800.000000 1.69824000e+03
94200.000000 1.68499000e+03
94600.000000 1.65831000e+03
95000.000000 1.62931000e+03
95400.000000 1.60040000e+03
95800.000000 1.57816000e+03
96200.000000 1.55252000e+03
96600.000000 1.52742000e+03
97000.000000 1.50283000e+03
97400.000000 1.47868000e+03
97800.000000 1.45507000e+03
98200.000000 1.43133000e+03
98600.000000 1.40346000e+03
99000.000000 1.38695000e+03
99400.000000 1.36510000e+03
99800.000000 1.34370000e+03
100200.000000 1.32275000e+03
200000.000000 8.58237000e+01
400000.000000 5.39170000e+00
600000.000000 1.06007000e+00
800000.000000 3.33541000e-01
1000000.000000 1.35879000e-01
1200000.000000 6.52030000e-02
1400000.000000 3.50378000e-02
1600000.000000 2.04552000e-02
