# Kurucz ODFNEW /NOVER, alpha: 0.0 (2003)
# teff = 38000 K (value for the effective temperature for the model. Temperatures are given in K)
# logg = 4.5 log(cm/s2) (value for Log(G) for the model.)
# lh = 1.25  (l/Hp where l is the  mixing length of the convective element and Hp is the pressure scale height)
# meta = -1  (value for the Metallicity for the model.)
# vtur = 2 km/s (Microturbulence velocity)
# alpha = 0  (Alpha)
#
# column 1: WAVELENGTH (ANGSTROM), Wavelength in Angstrom
# column 2: FLUX (ERG/CM2/S/A), Flux in erg/cm2/s/A
147.200000 3.73238000e-02
151.000000 8.45820000e-02
155.200000 1.99461000e-01
158.800000 4.02164000e-01
162.000000 7.31783000e-01
166.000000 1.50057000e+00
170.300000 3.12949000e+00
173.400000 5.20260000e+00
176.800000 8.91004000e+00
180.200000 1.49545000e+01
181.700000 1.86694000e+01
186.100000 3.51904000e+01
191.000000 6.88855000e+01
193.900000 1.00923000e+02
198.400000 1.78552000e+02
201.800000 2.70184000e+02
205.000000 3.94156000e+02
210.500000 7.34529000e+02
216.200000 1.35346000e+03
219.800000 1.96022000e+03
223.000000 2.69549000e+03
226.800000 3.88365000e+03
230.000000 1.50129000e+06
234.000000 6.78912000e+06
240.000000 1.40600000e+07
246.500000 3.21566000e+07
252.400000 7.20748000e+07
256.800000 6.88320000e+07
260.000000 2.15059000e+08
264.000000 1.07809000e+09
268.500000 1.78049000e+09
273.500000 2.22521000e+09
278.500000 1.70820000e+09
284.000000 3.58831000e+09
290.000000 4.20795000e+09
296.000000 2.51030000e+09
301.000000 6.50454000e+08
308.000000 2.73485000e+09
318.000000 5.33666000e+09
328.000000 6.83361000e+09
338.000000 6.89393000e+09
348.000000 7.74681000e+09
357.000000 1.16951000e+10
366.000000 1.57165000e+10
375.000000 1.68627000e+10
385.000000 1.58833000e+10
395.000000 1.91418000e+10
405.000000 2.11400000e+10
414.000000 2.12705000e+10
422.000000 2.06900000e+10
430.000000 1.97568000e+10
441.000000 2.15774000e+10
451.000000 2.21406000e+10
460.000000 2.10103000e+10
470.000000 2.11900000e+10
480.000000 2.24403000e+10
490.000000 2.11649000e+10
500.000000 2.33693000e+10
506.000000 3.38612000e+10
512.000000 7.13165000e+10
520.000000 6.68179000e+10
530.000000 6.26210000e+10
540.000000 5.65327000e+10
550.000000 5.67211000e+10
560.000000 6.75542000e+10
570.000000 6.85337000e+10
580.000000 6.49533000e+10
590.000000 6.62161000e+10
600.000000 6.06702000e+10
610.000000 6.14187000e+10
620.000000 6.81386000e+10
630.000000 6.62148000e+10
640.000000 6.74554000e+10
650.000000 6.54805000e+10
658.000000 6.14912000e+10
665.000000 6.47015000e+10
675.000000 6.66789000e+10
685.000000 6.12353000e+10
695.000000 6.46108000e+10
705.000000 5.98121000e+10
716.000000 6.47697000e+10
726.000000 6.42299000e+10
735.000000 6.42607000e+10
745.000000 6.19227000e+10
755.000000 6.10129000e+10
765.000000 5.93336000e+10
775.000000 5.97091000e+10
785.000000 5.89317000e+10
795.000000 5.89749000e+10
805.000000 5.80234000e+10
815.000000 5.78685000e+10
825.000000 5.77693000e+10
835.000000 5.30271000e+10
845.000000 5.60537000e+10
855.000000 5.50181000e+10
865.000000 5.52689000e+10
875.000000 5.47165000e+10
885.000000 5.39776000e+10
895.000000 5.33331000e+10
905.000000 5.21333000e+10
915.000000 4.47535000e+10
925.000000 8.31590000e+10
935.000000 1.12205000e+11
945.000000 1.39441000e+11
955.000000 1.50039000e+11
965.000000 1.68039000e+11
975.000000 1.21366000e+11
985.000000 1.55359000e+11
995.000000 1.42663000e+11
1005.000000 1.45697000e+11
1015.000000 1.45993000e+11
1025.000000 1.16717000e+11
1035.000000 1.40553000e+11
1045.000000 1.42171000e+11
1055.000000 1.38717000e+11
1065.000000 1.31859000e+11
1075.000000 1.30020000e+11
1085.000000 1.21484000e+11
1095.000000 1.25380000e+11
1105.000000 1.20937000e+11
1115.000000 1.17995000e+11
1125.000000 1.11701000e+11
1135.000000 1.13587000e+11
1145.000000 1.10928000e+11
1155.000000 1.06555000e+11
1165.000000 1.03643000e+11
1175.000000 9.09090000e+10
1185.000000 9.68367000e+10
1195.000000 9.50909000e+10
1205.000000 9.22271000e+10
1215.000000 7.37930000e+10
1225.000000 8.79548000e+10
1235.000000 8.78626000e+10
1245.000000 8.55599000e+10
1255.000000 8.48405000e+10
1265.000000 8.38317000e+10
1275.000000 8.24245000e+10
1285.000000 8.09824000e+10
1295.000000 7.83347000e+10
1305.000000 7.67627000e+10
1315.000000 7.59875000e+10
1325.000000 7.39994000e+10
1335.000000 7.24404000e+10
1345.000000 7.14381000e+10
1355.000000 6.92282000e+10
1365.000000 6.73280000e+10
1375.000000 6.56129000e+10
1385.000000 6.45137000e+10
1395.000000 6.17801000e+10
1405.000000 5.98962000e+10
1415.000000 6.08908000e+10
1425.000000 5.79447000e+10
1435.000000 5.81937000e+10
1442.000000 5.71608000e+10
1447.000000 5.65937000e+10
1455.000000 5.52061000e+10
1465.000000 5.44673000e+10
1475.000000 5.34058000e+10
1485.000000 5.29469000e+10
1495.000000 5.15026000e+10
1505.000000 5.09286000e+10
1512.000000 5.04202000e+10
1517.000000 4.95973000e+10
1525.000000 4.86442000e+10
1535.000000 4.60874000e+10
1545.000000 4.26093000e+10
1555.000000 4.23014000e+10
1565.000000 4.30361000e+10
1575.000000 4.31596000e+10
1585.000000 4.26887000e+10
1595.000000 4.19196000e+10
1605.000000 4.00461000e+10
1615.000000 3.90318000e+10
1625.000000 3.85371000e+10
1635.000000 3.77515000e+10
1645.000000 3.60716000e+10
1655.000000 3.74800000e+10
1665.000000 3.67852000e+10
1672.000000 3.54213000e+10
1677.000000 3.67576000e+10
1685.000000 3.59888000e+10
1695.000000 3.53792000e+10
1705.000000 3.45468000e+10
1715.000000 3.34522000e+10
1725.000000 3.29237000e+10
1735.000000 3.31347000e+10
1745.000000 3.25036000e+10
1755.000000 3.17294000e+10
1765.000000 3.14023000e+10
1775.000000 3.08953000e+10
1785.000000 3.04566000e+10
1795.000000 2.97488000e+10
1805.000000 2.93368000e+10
1815.000000 2.88246000e+10
1825.000000 2.82766000e+10
1835.000000 2.79714000e+10
1845.000000 2.74222000e+10
1855.000000 2.69303000e+10
1865.000000 2.64701000e+10
1875.000000 2.59699000e+10
1885.000000 2.55318000e+10
1895.000000 2.52714000e+10
1905.000000 2.49279000e+10
1915.000000 2.44895000e+10
1925.000000 2.37233000e+10
1935.000000 2.37182000e+10
1945.000000 2.33634000e+10
1955.000000 2.28215000e+10
1967.000000 2.25088000e+10
1976.000000 2.22010000e+10
1984.000000 2.19199000e+10
1995.000000 2.15018000e+10
2005.000000 2.12167000e+10
2015.000000 2.08804000e+10
2025.000000 2.05433000e+10
2035.000000 2.02082000e+10
2045.000000 1.98651000e+10
2055.000000 1.53626000e+10
2065.000000 1.47583000e+10
2074.000000 1.50123000e+10
2078.000000 1.53071000e+10
2085.000000 1.62452000e+10
2095.000000 1.77918000e+10
2105.000000 1.80822000e+10
2115.000000 1.79074000e+10
2125.000000 1.75933000e+10
2135.000000 1.73413000e+10
2145.000000 1.71071000e+10
2155.000000 1.70931000e+10
2165.000000 1.63793000e+10
2175.000000 1.66910000e+10
2185.000000 1.59736000e+10
2195.000000 1.62029000e+10
2205.000000 1.59795000e+10
2215.000000 1.52574000e+10
2225.000000 1.54980000e+10
2235.000000 1.52789000e+10
2245.000000 1.50325000e+10
2255.000000 1.43920000e+10
2265.000000 1.46088000e+10
2275.000000 1.44021000e+10
2285.000000 1.41580000e+10
2295.000000 1.37423000e+10
2305.000000 1.33858000e+10
2315.000000 1.35544000e+10
2325.000000 1.33830000e+10
2335.000000 1.31919000e+10
2345.000000 1.29974000e+10
2355.000000 1.28078000e+10
2365.000000 1.26270000e+10
2375.000000 1.24374000e+10
2385.000000 1.18869000e+10
2395.000000 1.20361000e+10
2405.000000 1.19173000e+10
2415.000000 1.17517000e+10
2425.000000 1.16043000e+10
2435.000000 1.14362000e+10
2445.000000 1.12804000e+10
2455.000000 1.11093000e+10
2465.000000 1.09716000e+10
2475.000000 1.08272000e+10
2485.000000 1.06676000e+10
2495.000000 9.98314000e+09
2505.000000 1.03437000e+10
2513.000000 9.67062000e+09
2518.000000 1.00904000e+10
2525.000000 1.00918000e+10
2535.000000 9.97659000e+09
2545.000000 9.84367000e+09
2555.000000 9.70906000e+09
2565.000000 9.58368000e+09
2575.000000 9.45598000e+09
2585.000000 9.33222000e+09
2595.000000 9.18939000e+09
2605.000000 9.09621000e+09
2615.000000 8.96893000e+09
2625.000000 8.86191000e+09
2635.000000 8.74757000e+09
2645.000000 8.62985000e+09
2655.000000 8.52007000e+09
2665.000000 8.40427000e+09
2675.000000 8.27785000e+09
2685.000000 8.19435000e+09
2695.000000 8.07867000e+09
2705.000000 7.99279000e+09
2715.000000 7.88547000e+09
2725.000000 7.77494000e+09
2735.000000 7.49508000e+09
2745.000000 7.59706000e+09
2755.000000 7.50131000e+09
2765.000000 7.39146000e+09
2775.000000 7.31627000e+09
2785.000000 7.22206000e+09
2795.000000 7.11646000e+09
2805.000000 7.04426000e+09
2815.000000 6.96102000e+09
2825.000000 6.85943000e+09
2835.000000 6.78488000e+09
2845.000000 6.71166000e+09
2855.000000 6.63007000e+09
2865.000000 6.54715000e+09
2875.000000 6.46978000e+09
2885.000000 6.39196000e+09
2895.000000 6.31462000e+09
2910.000000 6.20030000e+09
2930.000000 6.05670000e+09
2950.000000 5.90170000e+09
2970.000000 5.77251000e+09
2990.000000 5.62939000e+09
3010.000000 5.50451000e+09
3030.000000 5.36889000e+09
3050.000000 5.25012000e+09
3070.000000 5.13796000e+09
3090.000000 5.02117000e+09
3110.000000 4.90966000e+09
3130.000000 4.79982000e+09
3150.000000 4.69578000e+09
3170.000000 4.59098000e+09
3190.000000 4.47917000e+09
3210.000000 4.33615000e+09
3230.000000 4.29959000e+09
3250.000000 4.20724000e+09
3270.000000 4.10485000e+09
3290.000000 4.02655000e+09
3310.000000 3.94159000e+09
3330.000000 3.85838000e+09
3350.000000 3.77082000e+09
3370.000000 3.69800000e+09
3390.000000 3.62269000e+09
3410.000000 3.54728000e+09
3430.000000 3.47209000e+09
3450.000000 3.39460000e+09
3470.000000 3.33180000e+09
3490.000000 3.26682000e+09
3510.000000 3.20126000e+09
3530.000000 3.13546000e+09
3550.000000 3.07183000e+09
3570.000000 3.01652000e+09
3590.000000 2.94939000e+09
3610.000000 2.89367000e+09
3630.000000 2.83331000e+09
3640.000000 2.77204000e+09
3650.000000 2.56759000e+09
3670.000000 2.52206000e+09
3690.000000 2.47938000e+09
3710.000000 2.44265000e+09
3730.000000 2.42104000e+09
3750.000000 2.42184000e+09
3770.000000 2.40464000e+09
3790.000000 2.42638000e+09
3810.000000 2.44641000e+09
3830.000000 2.28605000e+09
3850.000000 2.40263000e+09
3870.000000 2.38694000e+09
3890.000000 2.14960000e+09
3910.000000 2.31509000e+09
3930.000000 2.26144000e+09
3950.000000 2.23210000e+09
3970.000000 1.98950000e+09
3990.000000 2.15047000e+09
4010.000000 2.11876000e+09
4030.000000 2.03752000e+09
4050.000000 2.05155000e+09
4070.000000 2.00999000e+09
4090.000000 1.92113000e+09
4110.000000 1.78749000e+09
4130.000000 1.89932000e+09
4150.000000 1.86902000e+09
4170.000000 1.84217000e+09
4190.000000 1.80435000e+09
4210.000000 1.75849000e+09
4230.000000 1.74937000e+09
4250.000000 1.71878000e+09
4270.000000 1.68879000e+09
4290.000000 1.66023000e+09
4310.000000 1.62900000e+09
4330.000000 1.54866000e+09
4350.000000 1.46792000e+09
4370.000000 1.54715000e+09
4390.000000 1.51262000e+09
4410.000000 1.49846000e+09
4430.000000 1.47379000e+09
4450.000000 1.45026000e+09
4470.000000 1.40609000e+09
4490.000000 1.40281000e+09
4510.000000 1.37883000e+09
4530.000000 1.35576000e+09
4550.000000 1.31626000e+09
4570.000000 1.31437000e+09
4590.000000 1.29274000e+09
4610.000000 1.27219000e+09
4630.000000 1.25001000e+09
4650.000000 1.22020000e+09
4670.000000 1.21095000e+09
4690.000000 1.15891000e+09
4710.000000 1.16933000e+09
4730.000000 1.15700000e+09
4750.000000 1.13896000e+09
4770.000000 1.12130000e+09
4790.000000 1.10398000e+09
4810.000000 1.08690000e+09
4830.000000 1.06875000e+09
4850.000000 1.02592000e+09
4870.000000 9.60134000e+08
4890.000000 1.01914000e+09
4910.000000 1.00644000e+09
4930.000000 9.83050000e+08
4950.000000 9.76429000e+08
4970.000000 9.62104000e+08
4990.000000 9.47811000e+08
5010.000000 9.29407000e+08
5030.000000 9.19827000e+08
5050.000000 9.04993000e+08
5070.000000 8.93104000e+08
5090.000000 8.80064000e+08
5110.000000 8.67245000e+08
5130.000000 8.54655000e+08
5150.000000 8.42292000e+08
5170.000000 8.30136000e+08
5190.000000 8.18253000e+08
5210.000000 8.06557000e+08
5230.000000 7.95070000e+08
5250.000000 7.83611000e+08
5270.000000 7.72479000e+08
5290.000000 7.61789000e+08
5310.000000 7.51078000e+08
5330.000000 7.40559000e+08
5350.000000 7.30228000e+08
5370.000000 7.20069000e+08
5390.000000 7.10080000e+08
5410.000000 6.89922000e+08
5430.000000 6.90624000e+08
5450.000000 6.81163000e+08
5470.000000 6.71835000e+08
5490.000000 6.62687000e+08
5510.000000 6.53604000e+08
5530.000000 6.44831000e+08
5550.000000 6.36132000e+08
5570.000000 6.27552000e+08
5590.000000 6.18694000e+08
5610.000000 6.10903000e+08
5630.000000 6.02767000e+08
5650.000000 5.94766000e+08
5670.000000 5.86898000e+08
5690.000000 5.73459000e+08
5710.000000 5.45057000e+08
5730.000000 5.38149000e+08
5750.000000 5.31324000e+08
5770.000000 5.24693000e+08
5790.000000 5.18232000e+08
5810.000000 5.11802000e+08
5830.000000 5.06445000e+08
5850.000000 5.01678000e+08
5870.000000 4.91279000e+08
5890.000000 4.92488000e+08
5910.000000 4.88491000e+08
5930.000000 4.84613000e+08
5950.000000 4.81009000e+08
5970.000000 4.77527000e+08
5990.000000 4.74249000e+08
6010.000000 4.69784000e+08
6030.000000 4.64601000e+08
6050.000000 4.59908000e+08
6070.000000 4.54295000e+08
6090.000000 4.48757000e+08
6110.000000 4.42948000e+08
6130.000000 4.37586000e+08
6150.000000 4.32393000e+08
6170.000000 4.26438000e+08
6190.000000 4.21907000e+08
6210.000000 4.16781000e+08
6230.000000 4.10906000e+08
6250.000000 4.06680000e+08
6270.000000 4.01857000e+08
6290.000000 3.97039000e+08
6310.000000 3.91035000e+08
6330.000000 3.87590000e+08
6350.000000 3.82984000e+08
6370.000000 3.78448000e+08
6390.000000 3.73961000e+08
6410.000000 3.67991000e+08
6430.000000 3.65204000e+08
6450.000000 3.60914000e+08
6470.000000 3.56670000e+08
6490.000000 3.52535000e+08
6510.000000 3.48309000e+08
6530.000000 3.41806000e+08
6550.000000 3.35208000e+08
6570.000000 3.11569000e+08
6590.000000 3.31628000e+08
6610.000000 3.28814000e+08
6630.000000 3.25059000e+08
6650.000000 3.21395000e+08
6670.000000 3.15956000e+08
6690.000000 3.10416000e+08
6710.000000 3.10476000e+08
6730.000000 3.07037000e+08
6750.000000 3.03591000e+08
6770.000000 3.00230000e+08
6790.000000 2.96879000e+08
6810.000000 2.93578000e+08
6830.000000 2.90311000e+08
6850.000000 2.87092000e+08
6870.000000 2.83915000e+08
6890.000000 2.78420000e+08
6910.000000 2.77647000e+08
6930.000000 2.74658000e+08
6950.000000 2.71660000e+08
6970.000000 2.68692000e+08
6990.000000 2.65769000e+08
7010.000000 2.62874000e+08
7030.000000 2.59971000e+08
7050.000000 2.57217000e+08
7070.000000 2.52643000e+08
7090.000000 2.51745000e+08
7110.000000 2.49048000e+08
7130.000000 2.46393000e+08
7150.000000 2.43772000e+08
7170.000000 2.39651000e+08
7190.000000 2.37838000e+08
7210.000000 2.36108000e+08
7230.000000 2.33607000e+08
7250.000000 2.31166000e+08
7270.000000 2.28748000e+08
7290.000000 2.25588000e+08
7310.000000 2.23981000e+08
7330.000000 2.21674000e+08
7350.000000 2.19374000e+08
7370.000000 2.17103000e+08
7390.000000 2.14868000e+08
7410.000000 2.12653000e+08
7430.000000 2.10472000e+08
7450.000000 2.08312000e+08
7470.000000 2.06199000e+08
7490.000000 2.04031000e+08
7510.000000 2.02004000e+08
7530.000000 1.99976000e+08
7550.000000 1.97959000e+08
7570.000000 1.95955000e+08
7590.000000 1.91981000e+08
7610.000000 1.91955000e+08
7630.000000 1.90122000e+08
7650.000000 1.88221000e+08
7670.000000 1.86351000e+08
7690.000000 1.84466000e+08
7710.000000 1.82661000e+08
7730.000000 1.80821000e+08
7750.000000 1.79086000e+08
7770.000000 1.77323000e+08
7790.000000 1.75582000e+08
7810.000000 1.73844000e+08
7830.000000 1.72170000e+08
7850.000000 1.70524000e+08
7870.000000 1.68868000e+08
7890.000000 1.67226000e+08
7910.000000 1.65623000e+08
7930.000000 1.64027000e+08
7950.000000 1.62446000e+08
7970.000000 1.60873000e+08
7990.000000 1.59349000e+08
8010.000000 1.57826000e+08
8030.000000 1.56310000e+08
8050.000000 1.54831000e+08
8070.000000 1.53365000e+08
8090.000000 1.51899000e+08
8110.000000 1.50469000e+08
8130.000000 1.49063000e+08
8150.000000 1.47629000e+08
8170.000000 1.46264000e+08
8190.000000 1.44472000e+08
8210.000000 1.39767000e+08
8230.000000 1.37776000e+08
8250.000000 1.37142000e+08
8270.000000 1.35934000e+08
8290.000000 1.34813000e+08
8310.000000 1.33608000e+08
8330.000000 1.32360000e+08
8350.000000 1.31051000e+08
8370.000000 1.29984000e+08
8390.000000 1.28868000e+08
8410.000000 1.27755000e+08
8430.000000 1.26640000e+08
8450.000000 1.25382000e+08
8470.000000 1.24497000e+08
8490.000000 1.23446000e+08
8510.000000 1.22398000e+08
8530.000000 1.21441000e+08
8550.000000 1.20317000e+08
8570.000000 1.19721000e+08
8590.000000 1.18066000e+08
8610.000000 1.17376000e+08
8630.000000 1.17131000e+08
8650.000000 1.15679000e+08
8670.000000 1.13622000e+08
8690.000000 1.14461000e+08
8710.000000 1.13976000e+08
8730.000000 1.12411000e+08
8750.000000 1.08828000e+08
8770.000000 1.10213000e+08
8790.000000 1.10750000e+08
8810.000000 1.10083000e+08
8830.000000 1.09063000e+08
8850.000000 1.05853000e+08
8870.000000 1.02384000e+08
8890.000000 1.05832000e+08
8910.000000 1.05699000e+08
8930.000000 1.04877000e+08
8950.000000 1.04089000e+08
8970.000000 1.03115000e+08
8990.000000 1.01309000e+08
9010.000000 9.58900000e+07
9030.000000 9.72907000e+07
9050.000000 9.92852000e+07
9070.000000 9.85501000e+07
9090.000000 9.81124000e+07
9110.000000 9.73053000e+07
9130.000000 9.65993000e+07
9150.000000 9.57859000e+07
9170.000000 9.48489000e+07
9190.000000 9.38165000e+07
9210.000000 9.14508000e+07
9230.000000 8.58679000e+07
9250.000000 8.98647000e+07
9270.000000 9.06654000e+07
9290.000000 9.02624000e+07
9310.000000 8.94403000e+07
9330.000000 8.87890000e+07
9350.000000 8.67073000e+07
9370.000000 8.71486000e+07
9390.000000 8.66495000e+07
9410.000000 8.59285000e+07
9430.000000 8.52297000e+07
9450.000000 8.45361000e+07
9470.000000 8.36837000e+07
9490.000000 8.30929000e+07
9510.000000 8.18315000e+07
9530.000000 7.96798000e+07
9550.000000 7.48894000e+07
9570.000000 7.91591000e+07
9590.000000 7.95502000e+07
9610.000000 7.90971000e+07
9630.000000 7.84398000e+07
9650.000000 7.79451000e+07
9670.000000 7.73209000e+07
9690.000000 7.66891000e+07
9710.000000 7.58780000e+07
9730.000000 7.54749000e+07
9750.000000 7.48565000e+07
9770.000000 7.40806000e+07
9790.000000 7.37075000e+07
9810.000000 7.31254000e+07
9830.000000 7.25514000e+07
9850.000000 7.19813000e+07
9870.000000 7.14192000e+07
9890.000000 7.08572000e+07
9910.000000 7.02991000e+07
9930.000000 6.97564000e+07
9950.000000 6.92137000e+07
9970.000000 6.86748000e+07
9990.000000 6.81170000e+07
10025.000000 6.57304000e+07
10075.000000 6.39365000e+07
10125.000000 6.38505000e+07
10175.000000 6.34574000e+07
10225.000000 6.22510000e+07
10275.000000 6.10899000e+07
10325.000000 5.98424000e+07
10375.000000 5.88330000e+07
10425.000000 5.76079000e+07
10475.000000 5.66816000e+07
10525.000000 5.56410000e+07
10575.000000 5.46243000e+07
10625.000000 5.36308000e+07
10675.000000 5.26337000e+07
10725.000000 5.17118000e+07
10775.000000 5.07852000e+07
10825.000000 4.96323000e+07
10875.000000 4.89349000e+07
10925.000000 4.60261000e+07
10975.000000 4.67305000e+07
11025.000000 4.63696000e+07
11075.000000 4.56262000e+07
11125.000000 4.48396000e+07
11175.000000 4.40742000e+07
11225.000000 4.33087000e+07
11275.000000 4.25698000e+07
11325.000000 4.18423000e+07
11375.000000 4.11288000e+07
11425.000000 4.04319000e+07
11475.000000 3.97513000e+07
11525.000000 3.90810000e+07
11575.000000 3.84263000e+07
11625.000000 3.75334000e+07
11675.000000 3.70136000e+07
11725.000000 3.65451000e+07
11775.000000 3.59420000e+07
11825.000000 3.53531000e+07
11875.000000 3.47755000e+07
11925.000000 3.42090000e+07
11975.000000 3.35114000e+07
12025.000000 3.31135000e+07
12075.000000 3.25814000e+07
12125.000000 3.20570000e+07
12175.000000 3.15477000e+07
12225.000000 3.10457000e+07
12275.000000 3.05558000e+07
12325.000000 3.00752000e+07
12375.000000 2.96015000e+07
12425.000000 2.91392000e+07
12475.000000 2.86858000e+07
12525.000000 2.82195000e+07
12575.000000 2.78049000e+07
12625.000000 2.73771000e+07
12675.000000 2.69552000e+07
12725.000000 2.65437000e+07
12775.000000 2.59070000e+07
12825.000000 2.45853000e+07
12875.000000 2.52788000e+07
12925.000000 2.49731000e+07
12975.000000 2.45416000e+07
13025.000000 2.42314000e+07
13075.000000 2.38723000e+07
13125.000000 2.35180000e+07
13175.000000 2.31706000e+07
13225.000000 2.28299000e+07
13275.000000 2.24957000e+07
13325.000000 2.21660000e+07
13375.000000 2.18426000e+07
13425.000000 2.15213000e+07
13475.000000 2.12146000e+07
13525.000000 2.09098000e+07
13575.000000 2.06109000e+07
13625.000000 2.03158000e+07
13675.000000 2.00259000e+07
13725.000000 1.97413000e+07
13775.000000 1.94624000e+07
13825.000000 1.91880000e+07
13875.000000 1.89185000e+07
13925.000000 1.86535000e+07
13975.000000 1.83933000e+07
14025.000000 1.81375000e+07
14075.000000 1.78864000e+07
14125.000000 1.76394000e+07
14175.000000 1.73967000e+07
14225.000000 1.71582000e+07
14275.000000 1.69236000e+07
14325.000000 1.66931000e+07
14375.000000 1.64665000e+07
14425.000000 1.62438000e+07
14475.000000 1.60248000e+07
14525.000000 1.58095000e+07
14570.000000 1.56186000e+07
14620.000000 1.54111000e+07
14675.000000 1.51860000e+07
14725.000000 1.49819000e+07
14775.000000 1.47059000e+07
14825.000000 1.45921000e+07
14875.000000 1.44015000e+07
14925.000000 1.42135000e+07
14975.000000 1.40284000e+07
15025.000000 1.38462000e+07
15075.000000 1.36579000e+07
15125.000000 1.34905000e+07
15175.000000 1.33169000e+07
15225.000000 1.31463000e+07
15275.000000 1.29773000e+07
15325.000000 1.28109000e+07
15375.000000 1.26488000e+07
15425.000000 1.24849000e+07
15475.000000 1.23305000e+07
15525.000000 1.21735000e+07
15575.000000 1.20127000e+07
15625.000000 1.18757000e+07
15675.000000 1.17135000e+07
15725.000000 1.15597000e+07
15775.000000 1.14414000e+07
15825.000000 1.12960000e+07
15875.000000 1.11063000e+07
15925.000000 1.10072000e+07
15975.000000 1.08974000e+07
16050.000000 1.06802000e+07
16150.000000 1.03839000e+07
16250.000000 1.02094000e+07
16350.000000 9.91957000e+06
16450.000000 9.62865000e+06
16550.000000 9.49999000e+06
16650.000000 9.27736000e+06
16750.000000 9.00807000e+06
16850.000000 8.73229000e+06
16950.000000 8.64713000e+06
17050.000000 8.42742000e+06
17150.000000 8.25680000e+06
17250.000000 8.06627000e+06
17350.000000 7.73064000e+06
17450.000000 7.69252000e+06
17550.000000 7.53966000e+06
17650.000000 7.37284000e+06
17750.000000 7.21037000e+06
17850.000000 7.05248000e+06
17950.000000 6.89882000e+06
18050.000000 6.74870000e+06
18150.000000 6.46435000e+06
18250.000000 6.43363000e+06
18350.000000 6.32442000e+06
18450.000000 6.19031000e+06
18550.000000 6.05949000e+06
18650.000000 5.87283000e+06
18750.000000 5.65712000e+06
18850.000000 5.68600000e+06
18950.000000 5.57075000e+06
19050.000000 5.44702000e+06
19150.000000 5.34446000e+06
19250.000000 5.23581000e+06
19350.000000 5.12357000e+06
19450.000000 4.89576000e+06
19550.000000 4.91677000e+06
19650.000000 4.82744000e+06
19750.000000 4.73164000e+06
19850.000000 4.63810000e+06
19950.000000 4.54694000e+06
20050.000000 4.45803000e+06
20150.000000 4.37130000e+06
20250.000000 4.28662000e+06
20350.000000 4.20393000e+06
20450.000000 4.12292000e+06
20550.000000 4.04186000e+06
20650.000000 3.96773000e+06
20750.000000 3.89266000e+06
20850.000000 3.81936000e+06
20950.000000 3.74779000e+06
21050.000000 3.67792000e+06
21150.000000 3.60439000e+06
21250.000000 3.54294000e+06
21350.000000 3.47776000e+06
21450.000000 3.41380000e+06
21550.000000 3.34853000e+06
21650.000000 3.19927000e+06
21750.000000 3.22408000e+06
21850.000000 3.17285000e+06
21950.000000 3.11672000e+06
22050.000000 3.06116000e+06
22150.000000 3.00686000e+06
22250.000000 2.95364000e+06
22350.000000 2.90178000e+06
22450.000000 2.85095000e+06
22550.000000 2.80127000e+06
22650.000000 2.75265000e+06
22750.000000 2.70506000e+06
22850.000000 2.66217000e+06
22950.000000 2.61657000e+06
23050.000000 2.57158000e+06
23150.000000 2.52818000e+06
23250.000000 2.48543000e+06
23350.000000 2.44353000e+06
23450.000000 2.40252000e+06
23550.000000 2.36233000e+06
23650.000000 2.32306000e+06
23750.000000 2.28450000e+06
23850.000000 2.24678000e+06
23950.000000 2.20986000e+06
24050.000000 2.17368000e+06
24150.000000 2.13821000e+06
24250.000000 2.10337000e+06
24350.000000 2.06949000e+06
24450.000000 2.03615000e+06
24550.000000 2.00346000e+06
24650.000000 1.97143000e+06
24750.000000 1.93819000e+06
24850.000000 1.90926000e+06
24950.000000 1.87910000e+06
25050.000000 1.84954000e+06
25150.000000 1.82057000e+06
25250.000000 1.78981000e+06
25350.000000 1.76428000e+06
25450.000000 1.73695000e+06
25550.000000 1.70988000e+06
25650.000000 1.67916000e+06
25750.000000 1.65808000e+06
25850.000000 1.63282000e+06
25950.000000 1.60795000e+06
26050.000000 1.58097000e+06
26150.000000 1.54907000e+06
26250.000000 1.49043000e+06
26350.000000 1.50909000e+06
26450.000000 1.49070000e+06
26550.000000 1.46806000e+06
26650.000000 1.44518000e+06
26750.000000 1.41507000e+06
26850.000000 1.40251000e+06
26950.000000 1.38398000e+06
27050.000000 1.36378000e+06
27150.000000 1.34399000e+06
27250.000000 1.32450000e+06
27350.000000 1.30537000e+06
27450.000000 1.28583000e+06
27550.000000 1.25556000e+06
27650.000000 1.24428000e+06
27750.000000 1.23225000e+06
27850.000000 1.21482000e+06
27950.000000 1.19765000e+06
28050.000000 1.18079000e+06
28150.000000 1.16424000e+06
28250.000000 1.14794000e+06
28350.000000 1.13194000e+06
28450.000000 1.11622000e+06
28550.000000 1.10065000e+06
28650.000000 1.08109000e+06
28750.000000 1.05472000e+06
28850.000000 1.05466000e+06
28950.000000 1.04159000e+06
29050.000000 1.02747000e+06
29150.000000 1.01351000e+06
29250.000000 9.99812000e+05
29350.000000 9.86363000e+05
29450.000000 9.73117000e+05
29550.000000 9.60114000e+05
29650.000000 9.47306000e+05
29750.000000 9.34734000e+05
29850.000000 9.22351000e+05
29950.000000 9.10154000e+05
30050.000000 8.98182000e+05
30150.000000 8.86390000e+05
30250.000000 8.74241000e+05
30350.000000 8.50085000e+05
30450.000000 8.44388000e+05
30550.000000 8.41090000e+05
30650.000000 8.30317000e+05
30750.000000 8.19626000e+05
30850.000000 8.09136000e+05
30950.000000 7.98763000e+05
31050.000000 7.88586000e+05
31150.000000 7.78561000e+05
31250.000000 7.68726000e+05
31350.000000 7.59000000e+05
31450.000000 7.49458000e+05
31550.000000 7.40059000e+05
31650.000000 7.30802000e+05
31750.000000 7.21684000e+05
31850.000000 7.12740000e+05
31950.000000 7.03893000e+05
32100.000000 6.90895000e+05
32300.000000 6.74061000e+05
32500.000000 6.57694000e+05
32700.000000 6.41852000e+05
32900.000000 6.17296000e+05
33100.000000 6.09756000e+05
33300.000000 5.97391000e+05
33500.000000 5.83364000e+05
33700.000000 5.69727000e+05
33900.000000 5.56468000e+05
34100.000000 5.43577000e+05
34300.000000 5.31076000e+05
34500.000000 5.18923000e+05
34700.000000 5.07107000e+05
34900.000000 4.95652000e+05
35100.000000 4.84485000e+05
35300.000000 4.73659000e+05
35500.000000 4.63136000e+05
35700.000000 4.52877000e+05
35900.000000 4.42905000e+05
36100.000000 4.33212000e+05
36300.000000 4.23792000e+05
36500.000000 4.14636000e+05
36700.000000 4.05709000e+05
36900.000000 3.97007000e+05
37100.000000 3.88304000e+05
37300.000000 3.77301000e+05
37500.000000 3.67741000e+05
37700.000000 3.64486000e+05
37900.000000 3.56899000e+05
38100.000000 3.49425000e+05
38300.000000 3.42266000e+05
38500.000000 3.35238000e+05
38700.000000 3.28386000e+05
38900.000000 3.21707000e+05
39100.000000 3.14802000e+05
39300.000000 3.08849000e+05
39500.000000 3.02663000e+05
39700.000000 2.96634000e+05
39900.000000 2.90733000e+05
40100.000000 2.84654000e+05
40300.000000 2.78542000e+05
40500.000000 2.69206000e+05
40700.000000 2.68568000e+05
40900.000000 2.63425000e+05
41100.000000 2.58348000e+05
41300.000000 2.53312000e+05
41500.000000 2.48535000e+05
41700.000000 2.42561000e+05
41900.000000 2.39178000e+05
42100.000000 2.34721000e+05
42300.000000 2.30317000e+05
42500.000000 2.25986000e+05
42700.000000 2.21828000e+05
42900.000000 2.17595000e+05
43100.000000 2.13734000e+05
43300.000000 2.09815000e+05
43500.000000 2.05999000e+05
43700.000000 2.00863000e+05
43900.000000 1.98157000e+05
44100.000000 1.95027000e+05
44300.000000 1.91545000e+05
44500.000000 1.88132000e+05
44700.000000 1.84861000e+05
44900.000000 1.81595000e+05
45100.000000 1.78401000e+05
45300.000000 1.75278000e+05
45500.000000 1.72223000e+05
45700.000000 1.69232000e+05
45900.000000 1.66307000e+05
46100.000000 1.63426000e+05
46300.000000 1.60583000e+05
46500.000000 1.54405000e+05
46700.000000 1.53227000e+05
46900.000000 1.52260000e+05
47100.000000 1.50020000e+05
47300.000000 1.47503000e+05
47500.000000 1.45038000e+05
47700.000000 1.42624000e+05
47900.000000 1.40260000e+05
48100.000000 1.37945000e+05
48300.000000 1.35676000e+05
48500.000000 1.33454000e+05
48700.000000 1.31278000e+05
48900.000000 1.29145000e+05
49100.000000 1.27056000e+05
49300.000000 1.25009000e+05
49500.000000 1.23001000e+05
49700.000000 1.21036000e+05
49900.000000 1.19108000e+05
50100.000000 1.17218000e+05
50300.000000 1.15366000e+05
50500.000000 1.13550000e+05
50700.000000 1.11769000e+05
50900.000000 1.10023000e+05
51100.000000 1.08143000e+05
51300.000000 1.04971000e+05
51500.000000 1.04886000e+05
51700.000000 1.03372000e+05
51900.000000 1.01789000e+05
52100.000000 1.00236000e+05
52300.000000 9.87119000e+04
52500.000000 9.72150000e+04
52700.000000 9.57487000e+04
52900.000000 9.43086000e+04
53100.000000 9.28967000e+04
53300.000000 9.15099000e+04
53500.000000 9.01492000e+04
53700.000000 8.88127000e+04
53900.000000 8.75012000e+04
54100.000000 8.62158000e+04
54300.000000 8.49519000e+04
54500.000000 8.37119000e+04
54700.000000 8.24940000e+04
54900.000000 8.12978000e+04
55100.000000 8.01230000e+04
55300.000000 7.89692000e+04
55500.000000 7.78372000e+04
55700.000000 7.67255000e+04
55900.000000 7.56338000e+04
56100.000000 7.45604000e+04
56300.000000 7.35063000e+04
56500.000000 7.24699000e+04
56700.000000 7.14521000e+04
56900.000000 7.04515000e+04
57100.000000 6.93881000e+04
57300.000000 6.85029000e+04
57500.000000 6.75555000e+04
57700.000000 6.66229000e+04
57900.000000 6.57072000e+04
58100.000000 6.48058000e+04
58300.000000 6.39197000e+04
58500.000000 6.30640000e+04
58700.000000 6.22075000e+04
58900.000000 6.12308000e+04
59100.000000 5.92726000e+04
59300.000000 5.96437000e+04
59500.000000 5.87327000e+04
59700.000000 5.80629000e+04
59900.000000 5.73660000e+04
60100.000000 5.66063000e+04
60300.000000 5.58584000e+04
60500.000000 5.51222000e+04
60700.000000 5.43987000e+04
60900.000000 5.36864000e+04
61100.000000 5.29864000e+04
61300.000000 5.22973000e+04
61500.000000 5.16191000e+04
61700.000000 5.09525000e+04
61900.000000 5.02963000e+04
62100.000000 4.96505000e+04
62300.000000 4.90148000e+04
62500.000000 4.83892000e+04
62700.000000 4.77436000e+04
62900.000000 4.68654000e+04
63100.000000 4.65129000e+04
63300.000000 4.59854000e+04
63500.000000 4.54075000e+04
63700.000000 4.48396000e+04
63900.000000 4.42798000e+04
64200.000000 4.34565000e+04
64600.000000 4.23883000e+04
65000.000000 4.13520000e+04
65400.000000 4.03483000e+04
65800.000000 3.93737000e+04
66200.000000 3.84291000e+04
66600.000000 3.75119000e+04
67000.000000 3.66222000e+04
67400.000000 3.57344000e+04
67800.000000 3.47042000e+04
68200.000000 3.41064000e+04
68600.000000 3.33159000e+04
69000.000000 3.25486000e+04
69400.000000 3.18029000e+04
69800.000000 3.10784000e+04
70200.000000 3.03743000e+04
70600.000000 2.96902000e+04
71000.000000 2.90248000e+04
71400.000000 2.83783000e+04
71800.000000 2.77495000e+04
72200.000000 2.71379000e+04
72600.000000 2.65431000e+04
73000.000000 2.59646000e+04
73400.000000 2.54012000e+04
73800.000000 2.48534000e+04
74200.000000 2.42981000e+04
74600.000000 2.33769000e+04
75000.000000 2.27812000e+04
75400.000000 2.27668000e+04
75800.000000 2.23252000e+04
76200.000000 2.18592000e+04
76600.000000 2.14048000e+04
77000.000000 2.09619000e+04
77400.000000 2.05307000e+04
77800.000000 2.01098000e+04
78200.000000 1.97007000e+04
78600.000000 1.93013000e+04
79000.000000 1.89119000e+04
79400.000000 1.85324000e+04
79800.000000 1.81625000e+04
80200.000000 1.78014000e+04
80600.000000 1.74494000e+04
81000.000000 1.71058000e+04
81400.000000 1.67551000e+04
81800.000000 1.64424000e+04
82200.000000 1.61250000e+04
82600.000000 1.58140000e+04
83000.000000 1.55099000e+04
83400.000000 1.52137000e+04
83800.000000 1.49239000e+04
84200.000000 1.46411000e+04
84600.000000 1.43651000e+04
85000.000000 1.40957000e+04
85400.000000 1.38322000e+04
85800.000000 1.35751000e+04
86200.000000 1.33237000e+04
86600.000000 1.30411000e+04
87000.000000 1.28384000e+04
87400.000000 1.25115000e+04
87800.000000 1.22834000e+04
88200.000000 1.21510000e+04
88600.000000 1.19321000e+04
89000.000000 1.17185000e+04
89400.000000 1.15092000e+04
89800.000000 1.13046000e+04
90200.000000 1.11046000e+04
90600.000000 1.09085000e+04
91000.000000 1.07173000e+04
91400.000000 1.05299000e+04
91800.000000 1.03467000e+04
92200.000000 1.01676000e+04
92600.000000 9.99207000e+03
93000.000000 9.82049000e+03
93400.000000 9.65234000e+03
93800.000000 9.43960000e+03
94200.000000 9.31375000e+03
94600.000000 9.16991000e+03
95000.000000 9.01563000e+03
95400.000000 8.86443000e+03
95800.000000 8.71667000e+03
96200.000000 8.57188000e+03
96600.000000 8.42998000e+03
97000.000000 8.29133000e+03
97400.000000 8.15507000e+03
97800.000000 8.02193000e+03
98200.000000 7.89147000e+03
98600.000000 7.76325000e+03
99000.000000 7.63799000e+03
99400.000000 7.51525000e+03
99800.000000 7.39461000e+03
100200.000000 7.27678000e+03
200000.000000 4.48506000e+02
400000.000000 2.71645000e+01
600000.000000 5.25956000e+00
800000.000000 1.64013000e+00
1000000.000000 6.64362000e-01
1200000.000000 3.17525000e-01
1400000.000000 1.70134000e-01
1600000.000000 9.91049000e-02
