# Kurucz ODFNEW /NOVER, alpha: 0.0 (2003)
# teff = 4000 K (value for the effective temperature for the model. Temperatures are given in K)
# logg = 4.5 log(cm/s2) (value for Log(G) for the model.)
# lh = 1.25  (l/Hp where l is the  mixing length of the convective element and Hp is the pressure scale height)
# meta = 0  (value for the Metallicity for the model.)
# vtur = 2 km/s (Microturbulence velocity)
# alpha = 0  (Alpha)
#
# column 1: WAVELENGTH (ANGSTROM), Wavelength in Angstrom
# column 2: FLUX (ERG/CM2/S/A), Flux in erg/cm2/s/A
147.200000 1.15421000e-144
151.000000 9.99016000e-141
155.200000 1.33249000e-136
158.800000 3.05074000e-133
162.000000 2.20879000e-130
166.000000 5.78191000e-127
170.300000 1.79960000e-123
173.400000 4.61847000e-121
176.800000 1.61680000e-118
180.200000 4.52523000e-116
181.700000 5.07762000e-115
186.100000 4.86537000e-112
191.000000 6.97168000e-109
193.900000 4.30766000e-107
198.400000 2.03398000e-104
201.800000 1.77563000e-102
205.000000 1.04023000e-100
210.500000 8.43696000e-98
216.200000 6.06314000e-95
219.800000 3.23103000e-93
223.000000 9.90289000e-92
226.800000 5.08192000e-90
230.000000 1.26536000e-88
234.000000 6.19151000e-87
240.000000 1.65545000e-84
246.500000 5.16378000e-82
252.400000 7.30683000e-80
256.800000 2.52483000e-78
260.000000 3.07486000e-77
264.000000 6.41396000e-76
268.500000 1.74892000e-74
273.500000 6.04361000e-73
278.500000 1.83701000e-71
284.000000 6.81192000e-70
290.000000 2.98933000e-68
296.000000 1.11983000e-66
301.000000 2.05161000e-65
308.000000 1.02252000e-63
318.000000 2.00368000e-61
328.000000 2.82400000e-59
338.000000 2.94534000e-57
348.000000 2.33680000e-55
357.000000 9.64399000e-54
366.000000 3.30309000e-52
375.000000 9.49318000e-51
385.000000 3.27867000e-49
395.000000 9.40683000e-48
405.000000 2.27531000e-46
414.000000 3.49527000e-45
422.000000 3.58105000e-44
430.000000 3.35511000e-43
441.000000 6.34323000e-42
451.000000 8.06649000e-41
460.000000 7.21394000e-40
470.000000 7.43414000e-39
480.000000 6.92289000e-38
490.000000 5.86810000e-37
500.000000 4.54697000e-36
506.000000 2.00727000e-35
512.000000 7.16011000e-35
520.000000 3.20499000e-34
530.000000 1.96438000e-33
540.000000 1.10728000e-32
550.000000 5.90811000e-32
560.000000 2.94596000e-31
570.000000 1.38459000e-30
580.000000 6.08994000e-30
590.000000 2.59338000e-29
600.000000 1.03919000e-28
610.000000 3.96988000e-28
620.000000 1.44860000e-27
630.000000 5.06254000e-27
640.000000 1.69869000e-26
650.000000 5.48019000e-26
658.000000 1.36130000e-25
665.000000 2.95974000e-25
675.000000 8.72235000e-25
685.000000 2.48643000e-24
695.000000 6.86236000e-24
705.000000 1.83375000e-23
716.000000 5.24593000e-23
726.000000 1.32244000e-22
735.000000 2.97095000e-22
745.000000 7.12631000e-22
755.000000 1.66805000e-21
765.000000 3.81368000e-21
775.000000 8.51840000e-21
785.000000 1.86260000e-20
795.000000 3.96629000e-20
805.000000 8.34528000e-20
815.000000 1.71927000e-19
825.000000 3.47153000e-19
835.000000 6.88430000e-19
845.000000 1.34098000e-18
855.000000 2.56476000e-18
865.000000 4.82476000e-18
875.000000 8.92292000e-18
885.000000 1.62827000e-17
895.000000 2.92927000e-17
905.000000 5.17746000e-17
915.000000 1.25570000e-12
925.000000 7.07602000e-12
935.000000 1.11990000e-11
945.000000 1.57404000e-11
955.000000 1.89264000e-11
965.000000 3.84171000e-11
975.000000 3.09975000e-11
985.000000 6.83974000e-11
995.000000 1.03640000e-10
1005.000000 1.16384000e-10
1015.000000 1.58016000e-10
1025.000000 2.01624000e-10
1035.000000 4.56165000e-10
1045.000000 6.27661000e-10
1055.000000 7.39937000e-10
1065.000000 1.76490000e-09
1075.000000 2.28109000e-09
1085.000000 4.30228000e-09
1095.000000 5.70361000e-09
1105.000000 7.72511000e-09
1115.000000 9.91501000e-09
1125.000000 2.24494000e-08
1135.000000 3.65902000e-08
1145.000000 5.82037000e-08
1155.000000 8.19159000e-08
1165.000000 1.00171000e-07
1175.000000 1.53961000e-07
1185.000000 1.89617000e-07
1195.000000 1.94155000e-07
1205.000000 1.44154000e-07
1215.000000 3.81801000e-08
1225.000000 2.23320000e-07
1235.000000 7.06862000e-07
1245.000000 1.15586000e-06
1255.000000 1.62053000e-06
1265.000000 2.08175000e-06
1275.000000 2.78534000e-06
1285.000000 2.95525000e-06
1295.000000 3.73646000e-06
1305.000000 4.76712000e-06
1315.000000 5.97482000e-06
1325.000000 6.83365000e-06
1335.000000 7.73445000e-06
1345.000000 1.03115000e-05
1355.000000 1.35069000e-05
1365.000000 1.52394000e-05
1375.000000 1.72585000e-05
1385.000000 2.07000000e-05
1395.000000 2.43245000e-05
1405.000000 3.33842000e-05
1415.000000 4.24704000e-05
1425.000000 4.87297000e-05
1435.000000 6.59909000e-05
1442.000000 9.26023000e-05
1447.000000 8.17095000e-05
1455.000000 9.64306000e-05
1465.000000 1.36358000e-04
1475.000000 1.35497000e-04
1485.000000 1.70148000e-04
1495.000000 2.51942000e-04
1505.000000 3.52242000e-04
1512.000000 2.31890000e-04
1517.000000 3.56694000e-04
1525.000000 5.75196000e-04
1535.000000 1.13855000e-03
1545.000000 8.48950000e-04
1555.000000 1.35020000e-03
1565.000000 1.24252000e-03
1575.000000 2.28122000e-03
1585.000000 2.36215000e-03
1595.000000 2.31174000e-03
1605.000000 2.43044000e-03
1615.000000 2.52956000e-03
1625.000000 2.51950000e-03
1635.000000 3.31178000e-03
1645.000000 4.39472000e-03
1655.000000 3.77716000e-03
1665.000000 5.83842000e-03
1672.000000 5.00966000e-03
1677.000000 7.50102000e-03
1685.000000 9.83744000e-03
1695.000000 1.35047000e-02
1705.000000 1.44651000e-02
1715.000000 1.59172000e-02
1725.000000 2.14938000e-02
1735.000000 2.43354000e-02
1745.000000 3.35256000e-02
1755.000000 3.42381000e-02
1765.000000 4.17275000e-02
1775.000000 4.02447000e-02
1785.000000 7.11112000e-02
1795.000000 6.02295000e-02
1805.000000 9.97897000e-02
1815.000000 7.58794000e-02
1825.000000 1.16334000e-01
1835.000000 1.06402000e-01
1845.000000 1.52782000e-01
1855.000000 1.25521000e-01
1865.000000 2.00397000e-01
1875.000000 1.92500000e-01
1885.000000 2.39626000e-01
1895.000000 2.95087000e-01
1905.000000 3.11991000e-01
1915.000000 4.29293000e-01
1925.000000 3.82573000e-01
1935.000000 2.90479000e-01
1945.000000 5.23733000e-01
1955.000000 7.12164000e-01
1967.000000 7.78037000e-01
1976.000000 8.84595000e-01
1984.000000 1.10427000e+00
1995.000000 1.02010000e+00
2005.000000 1.20253000e+00
2015.000000 1.36469000e+00
2025.000000 1.30577000e+00
2035.000000 1.61918000e+00
2045.000000 1.71356000e+00
2055.000000 2.00353000e+00
2065.000000 1.96041000e+00
2074.000000 1.82861000e+00
2078.000000 2.40603000e+00
2085.000000 2.86350000e+00
2095.000000 3.81465000e+00
2105.000000 4.12504000e+00
2115.000000 4.24378000e+00
2125.000000 4.86952000e+00
2135.000000 6.00357000e+00
2145.000000 4.83416000e+00
2155.000000 5.88284000e+00
2165.000000 5.81118000e+00
2175.000000 6.30281000e+00
2185.000000 6.03244000e+00
2195.000000 9.38222000e+00
2205.000000 8.14667000e+00
2215.000000 9.55986000e+00
2225.000000 8.64314000e+00
2235.000000 1.34530000e+01
2245.000000 1.52679000e+01
2255.000000 1.80622000e+01
2265.000000 1.11009000e+01
2275.000000 1.97368000e+01
2285.000000 1.93213000e+01
2295.000000 2.94902000e+01
2305.000000 1.34063000e+01
2315.000000 3.70296000e+01
2325.000000 3.06597000e+01
2335.000000 4.48084000e+01
2345.000000 2.92901000e+01
2355.000000 2.72275000e+01
2365.000000 3.49557000e+01
2375.000000 3.47554000e+01
2385.000000 5.46157000e+01
2395.000000 5.27491000e+01
2405.000000 8.67959000e+01
2415.000000 5.69962000e+01
2425.000000 7.04307000e+01
2435.000000 9.95763000e+01
2445.000000 1.29706000e+02
2455.000000 1.48147000e+02
2465.000000 1.04254000e+02
2475.000000 1.71771000e+02
2485.000000 8.16939000e+01
2495.000000 8.84902000e+01
2505.000000 1.57151000e+02
2513.000000 1.18928000e+02
2518.000000 1.35241000e+02
2525.000000 1.60734000e+02
2535.000000 2.83118000e+02
2545.000000 3.41969000e+02
2555.000000 3.66017000e+02
2565.000000 2.31292000e+02
2575.000000 3.27269000e+02
2585.000000 2.71679000e+02
2595.000000 3.10552000e+02
2605.000000 4.03925000e+02
2615.000000 3.84535000e+02
2625.000000 5.35006000e+02
2635.000000 7.43776000e+02
2645.000000 6.41289000e+02
2655.000000 7.97601000e+02
2665.000000 7.64309000e+02
2675.000000 6.69735000e+02
2685.000000 8.70751000e+02
2695.000000 6.87478000e+02
2705.000000 9.83396000e+02
2715.000000 9.98448000e+02
2725.000000 9.22237000e+02
2735.000000 9.50659000e+02
2745.000000 1.25063000e+03
2755.000000 1.20915000e+03
2765.000000 1.51826000e+03
2775.000000 1.89000000e+03
2785.000000 1.40609000e+03
2795.000000 1.76134000e+03
2805.000000 1.82369000e+03
2815.000000 1.88949000e+03
2825.000000 2.00274000e+03
2835.000000 1.85711000e+03
2845.000000 1.57398000e+03
2855.000000 9.28764000e+02
2865.000000 2.18697000e+03
2875.000000 2.31968000e+03
2885.000000 3.10971000e+03
2895.000000 3.42598000e+03
2910.000000 3.93279000e+03
2930.000000 4.39047000e+03
2950.000000 4.46231000e+03
2970.000000 4.50065000e+03
2990.000000 5.12877000e+03
3010.000000 5.47665000e+03
3030.000000 6.46902000e+03
3050.000000 7.54876000e+03
3070.000000 7.95757000e+03
3090.000000 7.83359000e+03
3110.000000 1.08671000e+04
3130.000000 1.10624000e+04
3150.000000 1.56345000e+04
3170.000000 2.25478000e+04
3190.000000 1.83887000e+04
3210.000000 2.22076000e+04
3230.000000 2.26527000e+04
3250.000000 3.47839000e+04
3270.000000 4.82217000e+04
3290.000000 6.19454000e+04
3310.000000 4.94840000e+04
3330.000000 5.52988000e+04
3350.000000 4.97998000e+04
3370.000000 3.31025000e+04
3390.000000 4.36848000e+04
3410.000000 4.99807000e+04
3430.000000 5.66300000e+04
3450.000000 5.04363000e+04
3470.000000 5.09861000e+04
3490.000000 6.97377000e+04
3510.000000 9.55851000e+04
3530.000000 9.09618000e+04
3550.000000 1.33748000e+05
3570.000000 5.92958000e+04
3590.000000 5.39162000e+04
3610.000000 8.15749000e+04
3630.000000 1.06704000e+05
3640.000000 1.15467000e+05
3650.000000 1.41168000e+05
3670.000000 1.88951000e+05
3690.000000 1.44294000e+05
3710.000000 1.12914000e+05
3730.000000 5.29098000e+04
3750.000000 6.58704000e+04
3770.000000 1.51358000e+05
3790.000000 1.71486000e+05
3810.000000 1.50250000e+05
3830.000000 6.63936000e+04
3850.000000 1.12674000e+05
3870.000000 1.09501000e+05
3890.000000 1.19055000e+05
3910.000000 1.65737000e+05
3930.000000 6.79020000e+04
3950.000000 1.20235000e+05
3970.000000 9.24775000e+04
3990.000000 2.67164000e+05
4010.000000 3.67543000e+05
4030.000000 2.80722000e+05
4050.000000 3.05357000e+05
4070.000000 2.80439000e+05
4090.000000 4.06837000e+05
4110.000000 2.72197000e+05
4130.000000 3.13586000e+05
4150.000000 3.01690000e+05
4170.000000 3.01641000e+05
4190.000000 3.14433000e+05
4210.000000 2.52023000e+05
4230.000000 1.37523000e+05
4250.000000 2.71704000e+05
4270.000000 2.78008000e+05
4290.000000 2.71328000e+05
4310.000000 3.11749000e+05
4330.000000 4.49369000e+05
4350.000000 4.77380000e+05
4370.000000 5.14901000e+05
4390.000000 4.23467000e+05
4410.000000 4.50763000e+05
4430.000000 4.53018000e+05
4450.000000 4.79984000e+05
4470.000000 5.56716000e+05
4490.000000 5.81050000e+05
4510.000000 6.86963000e+05
4530.000000 5.32649000e+05
4550.000000 6.14541000e+05
4570.000000 6.85692000e+05
4590.000000 6.29930000e+05
4610.000000 6.68137000e+05
4630.000000 6.57474000e+05
4650.000000 6.19563000e+05
4670.000000 6.86093000e+05
4690.000000 6.54033000e+05
4710.000000 6.12981000e+05
4730.000000 5.97486000e+05
4750.000000 5.90996000e+05
4770.000000 4.57896000e+05
4790.000000 5.16375000e+05
4810.000000 6.06598000e+05
4830.000000 6.20866000e+05
4850.000000 6.73044000e+05
4870.000000 6.63461000e+05
4890.000000 6.94722000e+05
4910.000000 7.04216000e+05
4930.000000 6.57966000e+05
4950.000000 6.37300000e+05
4970.000000 5.24794000e+05
4990.000000 4.95874000e+05
5010.000000 4.15061000e+05
5030.000000 4.68706000e+05
5050.000000 4.45029000e+05
5070.000000 4.38242000e+05
5090.000000 4.27069000e+05
5110.000000 4.50077000e+05
5130.000000 4.32316000e+05
5150.000000 4.08909000e+05
5170.000000 3.82763000e+05
5190.000000 4.00434000e+05
5210.000000 4.86940000e+05
5230.000000 7.56795000e+05
5250.000000 7.93739000e+05
5270.000000 6.72643000e+05
5290.000000 8.54625000e+05
5310.000000 9.47405000e+05
5330.000000 8.15470000e+05
5350.000000 8.84039000e+05
5370.000000 8.78106000e+05
5390.000000 8.62447000e+05
5410.000000 8.55078000e+05
5430.000000 8.54336000e+05
5450.000000 8.16939000e+05
5470.000000 8.15358000e+05
5490.000000 8.53938000e+05
5510.000000 8.01776000e+05
5530.000000 9.06920000e+05
5550.000000 9.40549000e+05
5570.000000 9.21906000e+05
5590.000000 8.27071000e+05
5610.000000 8.19568000e+05
5630.000000 8.77378000e+05
5650.000000 9.35672000e+05
5670.000000 9.09912000e+05
5690.000000 9.58251000e+05
5710.000000 9.27493000e+05
5730.000000 1.03317000e+06
5750.000000 1.05499000e+06
5770.000000 1.03314000e+06
5790.000000 1.00673000e+06
5810.000000 1.05251000e+06
5830.000000 1.08508000e+06
5850.000000 1.01835000e+06
5870.000000 9.47320000e+05
5890.000000 5.03130000e+05
5910.000000 8.25290000e+05
5930.000000 9.38307000e+05
5950.000000 9.56495000e+05
5970.000000 9.83161000e+05
5990.000000 1.00381000e+06
6010.000000 1.00575000e+06
6030.000000 1.06022000e+06
6050.000000 1.09100000e+06
6070.000000 1.10110000e+06
6090.000000 1.09337000e+06
6110.000000 1.08451000e+06
6130.000000 1.01048000e+06
6150.000000 1.08947000e+06
6170.000000 8.44524000e+05
6190.000000 9.74582000e+05
6210.000000 9.53876000e+05
6230.000000 8.82865000e+05
6250.000000 8.89530000e+05
6270.000000 9.59434000e+05
6290.000000 1.00667000e+06
6310.000000 1.01392000e+06
6330.000000 1.04767000e+06
6350.000000 1.07032000e+06
6370.000000 1.06473000e+06
6390.000000 1.09664000e+06
6410.000000 1.08357000e+06
6430.000000 1.05115000e+06
6450.000000 1.01955000e+06
6470.000000 1.04044000e+06
6490.000000 1.02643000e+06
6510.000000 1.08903000e+06
6530.000000 1.14050000e+06
6550.000000 1.10966000e+06
6570.000000 1.11147000e+06
6590.000000 1.12217000e+06
6610.000000 1.12470000e+06
6630.000000 1.11578000e+06
6650.000000 1.08293000e+06
6670.000000 1.04909000e+06
6690.000000 9.98218000e+05
6710.000000 9.84327000e+05
6730.000000 9.47294000e+05
6750.000000 9.44500000e+05
6770.000000 9.97123000e+05
6790.000000 9.51954000e+05
6810.000000 9.86744000e+05
6830.000000 1.02531000e+06
6850.000000 1.03451000e+06
6870.000000 1.03983000e+06
6890.000000 1.07562000e+06
6910.000000 1.11303000e+06
6930.000000 1.10442000e+06
6950.000000 1.13239000e+06
6970.000000 1.17336000e+06
6990.000000 1.16095000e+06
7010.000000 1.17833000e+06
7030.000000 1.19984000e+06
7050.000000 1.16720000e+06
7070.000000 1.03187000e+06
7090.000000 9.81092000e+05
7110.000000 9.77742000e+05
7130.000000 8.88303000e+05
7150.000000 8.70886000e+05
7170.000000 9.37483000e+05
7190.000000 9.78915000e+05
7210.000000 9.62113000e+05
7230.000000 1.04782000e+06
7250.000000 1.07100000e+06
7270.000000 1.11972000e+06
7290.000000 1.14151000e+06
7310.000000 1.16122000e+06
7330.000000 1.15545000e+06
7350.000000 1.17212000e+06
7370.000000 1.20668000e+06
7390.000000 1.21030000e+06
7410.000000 1.20542000e+06
7430.000000 1.22201000e+06
7450.000000 1.21593000e+06
7470.000000 1.22908000e+06
7490.000000 1.22917000e+06
7510.000000 1.24027000e+06
7530.000000 1.24864000e+06
7550.000000 1.24963000e+06
7570.000000 1.24698000e+06
7590.000000 1.21720000e+06
7610.000000 1.20476000e+06
7630.000000 1.19716000e+06
7650.000000 1.18814000e+06
7670.000000 1.09025000e+06
7690.000000 1.13848000e+06
7710.000000 1.10140000e+06
7730.000000 1.14577000e+06
7750.000000 1.12249000e+06
7770.000000 1.14137000e+06
7790.000000 1.14079000e+06
7810.000000 1.16022000e+06
7830.000000 1.13900000e+06
7850.000000 1.14585000e+06
7870.000000 1.17094000e+06
7890.000000 1.17862000e+06
7910.000000 1.16521000e+06
7930.000000 1.16646000e+06
7950.000000 1.15405000e+06
7970.000000 1.19618000e+06
7990.000000 1.18442000e+06
8010.000000 1.18820000e+06
8030.000000 1.19204000e+06
8050.000000 1.19136000e+06
8070.000000 1.18720000e+06
8090.000000 1.18922000e+06
8110.000000 1.19705000e+06
8130.000000 1.20873000e+06
8150.000000 1.20949000e+06
8170.000000 1.20420000e+06
8190.000000 1.09689000e+06
8210.000000 1.15823000e+06
8230.000000 1.17514000e+06
8250.000000 1.17421000e+06
8270.000000 1.18566000e+06
8290.000000 1.17003000e+06
8310.000000 1.15180000e+06
8330.000000 1.13249000e+06
8350.000000 1.14501000e+06
8370.000000 1.14234000e+06
8390.000000 1.07744000e+06
8410.000000 1.14332000e+06
8430.000000 1.08924000e+06
8450.000000 1.12588000e+06
8470.000000 1.11563000e+06
8490.000000 1.11451000e+06
8510.000000 1.06709000e+06
8530.000000 1.10361000e+06
8550.000000 9.69002000e+05
8570.000000 1.13883000e+06
8590.000000 1.13435000e+06
8610.000000 1.13199000e+06
8630.000000 1.14040000e+06
8650.000000 1.13700000e+06
8670.000000 9.85365000e+05
8690.000000 1.08011000e+06
8710.000000 1.14398000e+06
8730.000000 1.13894000e+06
8750.000000 1.14127000e+06
8770.000000 1.13103000e+06
8790.000000 1.14383000e+06
8810.000000 1.10437000e+06
8830.000000 1.11295000e+06
8850.000000 1.13174000e+06
8870.000000 1.07273000e+06
8890.000000 1.08873000e+06
8910.000000 1.09581000e+06
8930.000000 1.08694000e+06
8950.000000 1.07390000e+06
8970.000000 1.08064000e+06
8990.000000 1.09332000e+06
9010.000000 1.05510000e+06
9030.000000 1.08448000e+06
9050.000000 1.10605000e+06
9070.000000 1.10965000e+06
9090.000000 1.07856000e+06
9110.000000 1.08377000e+06
9130.000000 1.10271000e+06
9150.000000 1.09942000e+06
9170.000000 1.09745000e+06
9190.000000 1.10374000e+06
9210.000000 1.08887000e+06
9230.000000 1.09424000e+06
9250.000000 1.07886000e+06
9270.000000 1.08407000e+06
9290.000000 1.07579000e+06
9310.000000 1.08882000e+06
9330.000000 1.08718000e+06
9350.000000 1.08232000e+06
9370.000000 1.06702000e+06
9390.000000 1.07838000e+06
9410.000000 1.06146000e+06
9430.000000 1.07484000e+06
9450.000000 1.05329000e+06
9470.000000 1.07153000e+06
9490.000000 1.07372000e+06
9510.000000 1.06941000e+06
9530.000000 1.06269000e+06
9550.000000 1.04395000e+06
9570.000000 1.05214000e+06
9590.000000 1.06594000e+06
9610.000000 1.04544000e+06
9630.000000 1.05617000e+06
9650.000000 1.00835000e+06
9670.000000 1.01405000e+06
9690.000000 1.04048000e+06
9710.000000 1.02765000e+06
9730.000000 1.01332000e+06
9750.000000 1.01559000e+06
9770.000000 1.02481000e+06
9790.000000 9.96262000e+05
9810.000000 1.03401000e+06
9830.000000 1.01636000e+06
9850.000000 1.03126000e+06
9870.000000 1.02755000e+06
9890.000000 1.02625000e+06
9910.000000 1.02119000e+06
9930.000000 1.01953000e+06
9950.000000 1.01874000e+06
9970.000000 1.01902000e+06
9990.000000 1.01917000e+06
10025.000000 1.00828000e+06
10075.000000 1.00245000e+06
10125.000000 1.00342000e+06
10175.000000 9.95290000e+05
10225.000000 9.91201000e+05
10275.000000 9.91677000e+05
10325.000000 9.74003000e+05
10375.000000 9.72862000e+05
10425.000000 9.76690000e+05
10475.000000 9.64848000e+05
10525.000000 9.67469000e+05
10575.000000 9.54973000e+05
10625.000000 9.54416000e+05
10675.000000 9.40141000e+05
10725.000000 9.36963000e+05
10775.000000 9.32928000e+05
10825.000000 9.12370000e+05
10875.000000 9.20564000e+05
10925.000000 9.20111000e+05
10975.000000 9.05366000e+05
11025.000000 9.01759000e+05
11075.000000 9.00454000e+05
11125.000000 8.94813000e+05
11175.000000 8.88272000e+05
11225.000000 8.88658000e+05
11275.000000 8.70096000e+05
11325.000000 8.74473000e+05
11375.000000 8.58039000e+05
11425.000000 8.48034000e+05
11475.000000 8.65608000e+05
11525.000000 8.65913000e+05
11575.000000 8.55468000e+05
11625.000000 8.38452000e+05
11675.000000 8.41429000e+05
11725.000000 8.49504000e+05
11775.000000 8.28611000e+05
11825.000000 8.22992000e+05
11875.000000 8.15542000e+05
11925.000000 8.32454000e+05
11975.000000 7.96987000e+05
12025.000000 8.17885000e+05
12075.000000 8.07224000e+05
12125.000000 8.13726000e+05
12175.000000 8.12342000e+05
12225.000000 8.08106000e+05
12275.000000 8.01961000e+05
12325.000000 7.97675000e+05
12375.000000 7.95473000e+05
12425.000000 7.86961000e+05
12475.000000 7.88121000e+05
12525.000000 7.79319000e+05
12575.000000 7.80139000e+05
12625.000000 7.74988000e+05
12675.000000 7.66588000e+05
12725.000000 7.68625000e+05
12775.000000 7.67352000e+05
12825.000000 7.44065000e+05
12875.000000 7.54388000e+05
12925.000000 7.42654000e+05
12975.000000 7.52024000e+05
13025.000000 7.45751000e+05
13075.000000 7.46316000e+05
13125.000000 7.19996000e+05
13175.000000 7.26175000e+05
13225.000000 7.35772000e+05
13275.000000 7.25238000e+05
13325.000000 7.20887000e+05
13375.000000 7.21194000e+05
13425.000000 7.19176000e+05
13475.000000 7.18392000e+05
13525.000000 7.14368000e+05
13575.000000 7.08113000e+05
13625.000000 7.00653000e+05
13675.000000 7.07102000e+05
13725.000000 7.07879000e+05
13775.000000 7.03226000e+05
13825.000000 7.03155000e+05
13875.000000 6.92695000e+05
13925.000000 6.67582000e+05
13975.000000 6.79075000e+05
14025.000000 6.76310000e+05
14075.000000 6.82049000e+05
14125.000000 6.73415000e+05
14175.000000 6.76641000e+05
14225.000000 6.70794000e+05
14275.000000 6.47357000e+05
14325.000000 6.69007000e+05
14375.000000 6.67515000e+05
14425.000000 6.59456000e+05
14475.000000 6.67907000e+05
14525.000000 6.58531000e+05
14570.000000 6.56599000e+05
14620.000000 6.39761000e+05
14675.000000 6.42706000e+05
14725.000000 6.43492000e+05
14775.000000 6.41336000e+05
14825.000000 6.47233000e+05
14875.000000 6.24433000e+05
14925.000000 6.52440000e+05
14975.000000 6.52089000e+05
15025.000000 5.99511000e+05
15075.000000 6.25861000e+05
15125.000000 6.42051000e+05
15175.000000 6.42375000e+05
15225.000000 6.45346000e+05
15275.000000 6.38351000e+05
15325.000000 6.44860000e+05
15375.000000 6.35382000e+05
15425.000000 6.29132000e+05
15475.000000 6.48748000e+05
15525.000000 6.32416000e+05
15575.000000 6.33891000e+05
15625.000000 6.43728000e+05
15675.000000 6.35350000e+05
15725.000000 6.25771000e+05
15775.000000 5.96771000e+05
15825.000000 6.30614000e+05
15875.000000 6.13523000e+05
15925.000000 6.28676000e+05
15975.000000 6.32039000e+05
16050.000000 6.26614000e+05
16150.000000 6.16841000e+05
16250.000000 6.10699000e+05
16350.000000 6.13032000e+05
16450.000000 6.04293000e+05
16550.000000 6.04261000e+05
16650.000000 5.89305000e+05
16750.000000 5.66096000e+05
16850.000000 5.67584000e+05
16950.000000 5.62795000e+05
17050.000000 5.45611000e+05
17150.000000 5.24998000e+05
17250.000000 5.21980000e+05
17350.000000 5.10324000e+05
17450.000000 5.03749000e+05
17550.000000 4.92105000e+05
17650.000000 4.84344000e+05
17750.000000 4.73389000e+05
17850.000000 4.64328000e+05
17950.000000 4.59450000e+05
18050.000000 4.41943000e+05
18150.000000 4.39499000e+05
18250.000000 4.25228000e+05
18350.000000 4.21155000e+05
18450.000000 4.01606000e+05
18550.000000 4.01316000e+05
18650.000000 3.94804000e+05
18750.000000 3.86210000e+05
18850.000000 3.82558000e+05
18950.000000 3.68009000e+05
19050.000000 3.70000000e+05
19150.000000 3.64112000e+05
19250.000000 3.59932000e+05
19350.000000 3.43252000e+05
19450.000000 3.35360000e+05
19550.000000 3.36580000e+05
19650.000000 3.34471000e+05
19750.000000 3.13630000e+05
19850.000000 3.12801000e+05
19950.000000 3.10885000e+05
20050.000000 3.14473000e+05
20150.000000 3.08790000e+05
20250.000000 3.00134000e+05
20350.000000 2.97037000e+05
20450.000000 2.94319000e+05
20550.000000 2.87679000e+05
20650.000000 2.80907000e+05
20750.000000 2.79702000e+05
20850.000000 2.73455000e+05
20950.000000 2.66919000e+05
21050.000000 2.65622000e+05
21150.000000 2.60607000e+05
21250.000000 2.58109000e+05
21350.000000 2.55193000e+05
21450.000000 2.51607000e+05
21550.000000 2.47753000e+05
21650.000000 2.44874000e+05
21750.000000 2.38821000e+05
21850.000000 2.36411000e+05
21950.000000 2.33300000e+05
22050.000000 2.22650000e+05
22150.000000 2.28185000e+05
22250.000000 2.20096000e+05
22350.000000 2.18855000e+05
22450.000000 2.16491000e+05
22550.000000 2.14487000e+05
22650.000000 2.07288000e+05
22750.000000 2.08206000e+05
22850.000000 2.02578000e+05
22950.000000 1.83886000e+05
23050.000000 1.90420000e+05
23150.000000 1.88849000e+05
23250.000000 1.70390000e+05
23350.000000 1.74648000e+05
23450.000000 1.77697000e+05
23550.000000 1.60330000e+05
23650.000000 1.68575000e+05
23750.000000 1.67659000e+05
23850.000000 1.52401000e+05
23950.000000 1.58671000e+05
24050.000000 1.58338000e+05
24150.000000 1.46733000e+05
24250.000000 1.49439000e+05
24350.000000 1.49472000e+05
24450.000000 1.41440000e+05
24550.000000 1.38790000e+05
24650.000000 1.40964000e+05
24750.000000 1.36064000e+05
24850.000000 1.30341000e+05
24950.000000 1.32965000e+05
25050.000000 1.31732000e+05
25150.000000 1.25630000e+05
25250.000000 1.22113000e+05
25350.000000 1.23602000e+05
25450.000000 1.22202000e+05
25550.000000 1.21577000e+05
25650.000000 1.19182000e+05
25750.000000 1.20093000e+05
25850.000000 1.16815000e+05
25950.000000 1.16923000e+05
26050.000000 1.16055000e+05
26150.000000 1.17020000e+05
26250.000000 1.13736000e+05
26350.000000 1.13270000e+05
26450.000000 1.11925000e+05
26550.000000 1.07482000e+05
26650.000000 1.07796000e+05
26750.000000 1.07749000e+05
26850.000000 1.06859000e+05
26950.000000 1.03921000e+05
27050.000000 1.03272000e+05
27150.000000 1.01358000e+05
27250.000000 9.99149000e+04
27350.000000 9.87173000e+04
27450.000000 9.82793000e+04
27550.000000 9.59242000e+04
27650.000000 9.50000000e+04
27750.000000 9.44585000e+04
27850.000000 9.22028000e+04
27950.000000 9.04977000e+04
28050.000000 8.66791000e+04
28150.000000 8.76760000e+04
28250.000000 8.70469000e+04
28350.000000 8.59277000e+04
28450.000000 8.62742000e+04
28550.000000 8.34108000e+04
28650.000000 8.39953000e+04
28750.000000 8.25050000e+04
28850.000000 8.12008000e+04
28950.000000 8.08880000e+04
29050.000000 7.81224000e+04
29150.000000 7.98351000e+04
29250.000000 7.42836000e+04
29350.000000 7.70364000e+04
29450.000000 7.22530000e+04
29550.000000 7.48927000e+04
29650.000000 7.13801000e+04
29750.000000 7.31357000e+04
29850.000000 7.03464000e+04
29950.000000 7.18304000e+04
30050.000000 6.80823000e+04
30150.000000 7.05490000e+04
30250.000000 6.74485000e+04
30350.000000 6.85671000e+04
30450.000000 6.53871000e+04
30550.000000 6.67317000e+04
30650.000000 6.57637000e+04
30750.000000 6.45717000e+04
30850.000000 6.35045000e+04
30950.000000 6.23673000e+04
31050.000000 6.33885000e+04
31150.000000 6.09672000e+04
31250.000000 6.18969000e+04
31350.000000 5.92986000e+04
31450.000000 6.00762000e+04
31550.000000 5.93327000e+04
31650.000000 5.94397000e+04
31750.000000 5.80008000e+04
31850.000000 5.76074000e+04
31950.000000 5.69374000e+04
32100.000000 5.69439000e+04
32300.000000 5.48074000e+04
32500.000000 5.46200000e+04
32700.000000 5.33655000e+04
32900.000000 5.18277000e+04
33100.000000 5.14611000e+04
33300.000000 4.98766000e+04
33500.000000 4.93030000e+04
33700.000000 4.87626000e+04
33900.000000 4.68875000e+04
34100.000000 4.65173000e+04
34300.000000 4.62710000e+04
34500.000000 4.42707000e+04
34700.000000 4.42780000e+04
34900.000000 4.34967000e+04
35100.000000 4.21004000e+04
35300.000000 4.13738000e+04
35500.000000 4.09986000e+04
35700.000000 3.96212000e+04
35900.000000 3.89734000e+04
36100.000000 3.88029000e+04
36300.000000 3.75274000e+04
36500.000000 3.69335000e+04
36700.000000 3.62747000e+04
36900.000000 3.55450000e+04
37100.000000 3.45880000e+04
37300.000000 3.41423000e+04
37500.000000 3.38059000e+04
37700.000000 3.26503000e+04
37900.000000 3.25505000e+04
38100.000000 3.16335000e+04
38300.000000 3.11011000e+04
38500.000000 3.05094000e+04
38700.000000 3.00289000e+04
38900.000000 2.93400000e+04
39100.000000 2.88435000e+04
39300.000000 2.83140000e+04
39500.000000 2.78977000e+04
39700.000000 2.73663000e+04
39900.000000 2.63094000e+04
40100.000000 2.62022000e+04
40300.000000 2.57758000e+04
40500.000000 2.49293000e+04
40700.000000 2.44711000e+04
40900.000000 2.41355000e+04
41100.000000 2.37294000e+04
41300.000000 2.31799000e+04
41500.000000 2.28914000e+04
41700.000000 2.22022000e+04
41900.000000 2.20444000e+04
42100.000000 2.13381000e+04
42300.000000 2.13284000e+04
42500.000000 2.07640000e+04
42700.000000 2.04724000e+04
42900.000000 1.94763000e+04
43100.000000 1.82438000e+04
43300.000000 1.83760000e+04
43500.000000 1.73084000e+04
43700.000000 1.67473000e+04
43900.000000 1.64247000e+04
44100.000000 1.56440000e+04
44300.000000 1.53841000e+04
44500.000000 1.51165000e+04
44700.000000 1.45032000e+04
44900.000000 1.44287000e+04
45100.000000 1.40284000e+04
45300.000000 1.36731000e+04
45500.000000 1.36283000e+04
45700.000000 1.35077000e+04
45900.000000 1.30199000e+04
46100.000000 1.30520000e+04
46300.000000 1.28154000e+04
46500.000000 1.27819000e+04
46700.000000 1.26837000e+04
46900.000000 1.24649000e+04
47100.000000 1.22690000e+04
47300.000000 1.22838000e+04
47500.000000 1.20037000e+04
47700.000000 1.18185000e+04
47900.000000 1.17522000e+04
48100.000000 1.13925000e+04
48300.000000 1.15258000e+04
48500.000000 1.12736000e+04
48700.000000 1.09868000e+04
48900.000000 1.08251000e+04
49100.000000 1.07940000e+04
49300.000000 1.05254000e+04
49500.000000 1.03810000e+04
49700.000000 1.02889000e+04
49900.000000 1.01753000e+04
50100.000000 9.84371000e+03
50300.000000 9.84837000e+03
50500.000000 9.65913000e+03
50700.000000 9.59656000e+03
50900.000000 9.43841000e+03
51100.000000 9.27926000e+03
51300.000000 9.24212000e+03
51500.000000 9.09946000e+03
51700.000000 8.97761000e+03
51900.000000 8.84631000e+03
52100.000000 8.78241000e+03
52300.000000 8.61799000e+03
52500.000000 8.51883000e+03
52700.000000 8.51073000e+03
52900.000000 8.26327000e+03
53100.000000 8.21517000e+03
53300.000000 8.07288000e+03
53500.000000 8.02619000e+03
53700.000000 7.91361000e+03
53900.000000 7.87003000e+03
54100.000000 7.75763000e+03
54300.000000 7.52861000e+03
54500.000000 7.57518000e+03
54700.000000 7.46096000e+03
54900.000000 7.38457000e+03
55100.000000 7.28316000e+03
55300.000000 7.29833000e+03
55500.000000 7.07032000e+03
55700.000000 7.06881000e+03
55900.000000 6.98891000e+03
56100.000000 6.88518000e+03
56300.000000 6.76848000e+03
56500.000000 6.75676000e+03
56700.000000 6.66301000e+03
56900.000000 6.52421000e+03
57100.000000 6.53682000e+03
57300.000000 6.40624000e+03
57500.000000 6.40711000e+03
57700.000000 6.27813000e+03
57900.000000 6.22415000e+03
58100.000000 6.16140000e+03
58300.000000 6.06023000e+03
58500.000000 6.01270000e+03
58700.000000 5.93266000e+03
58900.000000 5.87332000e+03
59100.000000 5.80150000e+03
59300.000000 5.75514000e+03
59500.000000 5.68151000e+03
59700.000000 5.61729000e+03
59900.000000 5.56903000e+03
60100.000000 5.52326000e+03
60300.000000 5.41975000e+03
60500.000000 5.33561000e+03
60700.000000 5.30756000e+03
60900.000000 5.25153000e+03
61100.000000 5.15776000e+03
61300.000000 5.15254000e+03
61500.000000 5.06828000e+03
61700.000000 5.02231000e+03
61900.000000 4.96769000e+03
62100.000000 4.91259000e+03
62300.000000 4.86586000e+03
62500.000000 4.78317000e+03
62700.000000 4.71831000e+03
62900.000000 4.69092000e+03
63100.000000 4.61912000e+03
63300.000000 4.58754000e+03
63500.000000 4.50225000e+03
63700.000000 4.47895000e+03
63900.000000 4.40464000e+03
64200.000000 4.31851000e+03
64600.000000 4.15542000e+03
65000.000000 4.04059000e+03
65400.000000 3.93715000e+03
65800.000000 3.80154000e+03
66200.000000 3.70287000e+03
66600.000000 3.63619000e+03
67000.000000 3.53642000e+03
67400.000000 3.47475000e+03
67800.000000 3.36692000e+03
68200.000000 3.28534000e+03
68600.000000 3.25170000e+03
69000.000000 3.16821000e+03
69400.000000 3.08745000e+03
69800.000000 3.05348000e+03
70200.000000 2.96122000e+03
70600.000000 2.90682000e+03
71000.000000 2.84471000e+03
71400.000000 2.79268000e+03
71800.000000 2.74368000e+03
72200.000000 2.66328000e+03
72600.000000 2.61385000e+03
73000.000000 2.57786000e+03
73400.000000 2.50915000e+03
73800.000000 2.47109000e+03
74200.000000 2.40456000e+03
74600.000000 2.37052000e+03
75000.000000 2.32253000e+03
75400.000000 2.26773000e+03
75800.000000 2.19010000e+03
76200.000000 2.13505000e+03
76600.000000 2.08180000e+03
77000.000000 2.04428000e+03
77400.000000 1.97516000e+03
77800.000000 1.94121000e+03
78200.000000 1.89269000e+03
78600.000000 1.85006000e+03
79000.000000 1.80777000e+03
79400.000000 1.77604000e+03
79800.000000 1.73254000e+03
80200.000000 1.70927000e+03
80600.000000 1.67170000e+03
81000.000000 1.64105000e+03
81400.000000 1.61751000e+03
81800.000000 1.58918000e+03
82200.000000 1.55713000e+03
82600.000000 1.53993000e+03
83000.000000 1.50418000e+03
83400.000000 1.47733000e+03
83800.000000 1.44679000e+03
84200.000000 1.43398000e+03
84600.000000 1.40287000e+03
85000.000000 1.37651000e+03
85400.000000 1.35884000e+03
85800.000000 1.33243000e+03
86200.000000 1.31330000e+03
86600.000000 1.28693000e+03
87000.000000 1.27314000e+03
87400.000000 1.24499000e+03
87800.000000 1.22292000e+03
88200.000000 1.20163000e+03
88600.000000 1.18462000e+03
89000.000000 1.16629000e+03
89400.000000 1.14664000e+03
89800.000000 1.12411000e+03
90200.000000 1.11254000e+03
90600.000000 1.09599000e+03
91000.000000 1.07578000e+03
91400.000000 1.05520000e+03
91800.000000 1.04057000e+03
92200.000000 1.02256000e+03
92600.000000 1.00681000e+03
93000.000000 9.93505000e+02
93400.000000 9.75858000e+02
93800.000000 9.58047000e+02
94200.000000 9.45088000e+02
94600.000000 9.26336000e+02
95000.000000 9.16673000e+02
95400.000000 9.07264000e+02
95800.000000 8.84187000e+02
96200.000000 8.74041000e+02
96600.000000 8.56563000e+02
97000.000000 8.47391000e+02
97400.000000 8.34647000e+02
97800.000000 8.18775000e+02
98200.000000 8.09462000e+02
98600.000000 7.97560000e+02
99000.000000 7.75714000e+02
99400.000000 7.69331000e+02
99800.000000 7.59243000e+02
100200.000000 7.47602000e+02
200000.000000 5.02783000e+01
400000.000000 3.20926000e+00
600000.000000 6.35982000e-01
800000.000000 2.01091000e-01
1000000.000000 8.22137000e-02
1200000.000000 3.95671000e-02
1400000.000000 2.13102000e-02
1600000.000000 1.24642000e-02
