# Kurucz ODFNEW /NOVER, alpha: 0.0 (2003)
# teff = 34000 K (value for the effective temperature for the model. Temperatures are given in K)
# logg = 4 log(cm/s2) (value for Log(G) for the model.)
# lh = 1.25  (l/Hp where l is the  mixing length of the convective element and Hp is the pressure scale height)
# meta = -1  (value for the Metallicity for the model.)
# vtur = 2 km/s (Microturbulence velocity)
# alpha = 0  (Alpha)
#
# column 1: WAVELENGTH (ANGSTROM), Wavelength in Angstrom
# column 2: FLUX (ERG/CM2/S/A), Flux in erg/cm2/s/A
147.200000 6.14441000e-05
151.000000 1.59031000e-04
155.200000 4.32440000e-04
158.800000 9.80866000e-04
162.000000 1.97552000e-03
166.000000 4.57787000e-03
170.300000 1.08419000e-02
173.400000 1.96988000e-02
176.800000 3.70797000e-02
180.200000 6.82282000e-02
181.700000 8.87140000e-02
186.100000 1.87281000e-01
191.000000 4.14195000e-01
193.900000 6.50808000e-01
198.400000 1.28009000e+00
201.800000 2.09331000e+00
205.000000 3.27757000e+00
210.500000 6.87402000e+00
216.200000 1.42390000e+01
219.800000 2.21435000e+01
223.000000 3.23920000e+01
226.800000 5.01344000e+01
230.000000 5.94898000e+04
234.000000 2.40654000e+05
240.000000 4.24867000e+05
246.500000 7.35017000e+05
252.400000 1.15711000e+06
256.800000 1.12917000e+06
260.000000 2.35406000e+06
264.000000 5.83829000e+06
268.500000 8.95103000e+06
273.500000 1.09843000e+07
278.500000 1.04035000e+07
284.000000 2.07436000e+07
290.000000 2.50254000e+07
296.000000 2.26732000e+07
301.000000 2.04542000e+07
308.000000 5.47597000e+07
318.000000 1.73538000e+08
328.000000 2.27689000e+08
338.000000 3.08133000e+08
348.000000 3.93298000e+08
357.000000 5.24203000e+08
366.000000 7.17230000e+08
375.000000 7.74596000e+08
385.000000 8.57817000e+08
395.000000 1.04176000e+09
405.000000 1.18663000e+09
414.000000 1.31362000e+09
422.000000 1.38450000e+09
430.000000 1.46391000e+09
441.000000 1.70618000e+09
451.000000 1.87678000e+09
460.000000 1.97249000e+09
470.000000 2.18414000e+09
480.000000 2.43631000e+09
490.000000 2.55599000e+09
500.000000 2.92493000e+09
506.000000 7.73025000e+09
512.000000 2.35427000e+10
520.000000 2.19977000e+10
530.000000 2.04016000e+10
540.000000 1.85613000e+10
550.000000 1.97904000e+10
560.000000 2.35336000e+10
570.000000 2.40833000e+10
580.000000 2.25231000e+10
590.000000 2.33851000e+10
600.000000 2.11827000e+10
610.000000 2.25623000e+10
620.000000 2.52146000e+10
630.000000 2.46948000e+10
640.000000 2.50567000e+10
650.000000 2.47366000e+10
658.000000 2.30799000e+10
665.000000 2.45031000e+10
675.000000 2.56428000e+10
685.000000 2.30305000e+10
695.000000 2.53363000e+10
705.000000 2.32189000e+10
716.000000 2.59706000e+10
726.000000 2.57104000e+10
735.000000 2.59995000e+10
745.000000 2.50952000e+10
755.000000 2.49093000e+10
765.000000 2.46228000e+10
775.000000 2.48646000e+10
785.000000 2.50678000e+10
795.000000 2.50450000e+10
805.000000 2.46306000e+10
815.000000 2.46759000e+10
825.000000 2.49587000e+10
835.000000 2.27132000e+10
845.000000 2.44322000e+10
855.000000 2.42227000e+10
865.000000 2.44896000e+10
875.000000 2.43715000e+10
885.000000 2.42673000e+10
895.000000 2.41819000e+10
905.000000 2.37240000e+10
915.000000 2.43458000e+10
925.000000 5.83482000e+10
935.000000 8.03856000e+10
945.000000 9.79596000e+10
955.000000 1.03829000e+11
965.000000 1.13469000e+11
975.000000 7.84112000e+10
985.000000 1.03153000e+11
995.000000 9.63756000e+10
1005.000000 9.72311000e+10
1015.000000 9.79977000e+10
1025.000000 8.12821000e+10
1035.000000 9.45072000e+10
1045.000000 9.73023000e+10
1055.000000 9.49993000e+10
1065.000000 8.95734000e+10
1075.000000 8.89970000e+10
1085.000000 8.38919000e+10
1095.000000 8.65957000e+10
1105.000000 8.34527000e+10
1115.000000 8.17140000e+10
1125.000000 7.61302000e+10
1135.000000 7.90029000e+10
1145.000000 7.69134000e+10
1155.000000 7.42572000e+10
1165.000000 7.26659000e+10
1175.000000 6.07979000e+10
1185.000000 6.75643000e+10
1195.000000 6.65491000e+10
1205.000000 6.44243000e+10
1215.000000 5.26830000e+10
1225.000000 6.20014000e+10
1235.000000 6.27180000e+10
1245.000000 6.08712000e+10
1255.000000 6.04336000e+10
1265.000000 6.00893000e+10
1275.000000 5.92779000e+10
1285.000000 5.84159000e+10
1295.000000 5.59852000e+10
1305.000000 5.52388000e+10
1315.000000 5.51971000e+10
1325.000000 5.37104000e+10
1335.000000 5.23529000e+10
1345.000000 5.20792000e+10
1355.000000 5.05951000e+10
1365.000000 4.93571000e+10
1375.000000 4.82851000e+10
1385.000000 4.74038000e+10
1395.000000 4.43493000e+10
1405.000000 4.34607000e+10
1415.000000 4.47095000e+10
1425.000000 4.22772000e+10
1435.000000 4.27657000e+10
1442.000000 4.23099000e+10
1447.000000 4.18560000e+10
1455.000000 4.07724000e+10
1465.000000 4.02774000e+10
1475.000000 3.95357000e+10
1485.000000 3.92203000e+10
1495.000000 3.81226000e+10
1505.000000 3.77324000e+10
1512.000000 3.73641000e+10
1517.000000 3.68546000e+10
1525.000000 3.60607000e+10
1535.000000 3.38385000e+10
1545.000000 3.12933000e+10
1555.000000 3.10199000e+10
1565.000000 3.17399000e+10
1575.000000 3.20990000e+10
1585.000000 3.18917000e+10
1595.000000 3.13494000e+10
1605.000000 2.97622000e+10
1615.000000 2.89730000e+10
1625.000000 2.87844000e+10
1635.000000 2.84362000e+10
1645.000000 2.73356000e+10
1655.000000 2.82263000e+10
1665.000000 2.76640000e+10
1672.000000 2.65596000e+10
1677.000000 2.79460000e+10
1685.000000 2.72712000e+10
1695.000000 2.67839000e+10
1705.000000 2.61803000e+10
1715.000000 2.54110000e+10
1725.000000 2.49235000e+10
1735.000000 2.52365000e+10
1745.000000 2.47736000e+10
1755.000000 2.41863000e+10
1765.000000 2.39735000e+10
1775.000000 2.36216000e+10
1785.000000 2.33270000e+10
1795.000000 2.27883000e+10
1805.000000 2.25412000e+10
1815.000000 2.21333000e+10
1825.000000 2.17240000e+10
1835.000000 2.15707000e+10
1845.000000 2.10708000e+10
1855.000000 2.07019000e+10
1865.000000 2.03863000e+10
1875.000000 2.00301000e+10
1885.000000 1.96485000e+10
1895.000000 1.94280000e+10
1905.000000 1.92900000e+10
1915.000000 1.88970000e+10
1925.000000 1.82762000e+10
1935.000000 1.83655000e+10
1945.000000 1.81671000e+10
1955.000000 1.76111000e+10
1967.000000 1.75108000e+10
1976.000000 1.73276000e+10
1984.000000 1.70704000e+10
1995.000000 1.66896000e+10
2005.000000 1.65919000e+10
2015.000000 1.63553000e+10
2025.000000 1.61041000e+10
2035.000000 1.58380000e+10
2045.000000 1.55808000e+10
2055.000000 1.26194000e+10
2065.000000 1.22077000e+10
2074.000000 1.24961000e+10
2078.000000 1.26697000e+10
2085.000000 1.35025000e+10
2095.000000 1.42828000e+10
2105.000000 1.42240000e+10
2115.000000 1.41201000e+10
2125.000000 1.38749000e+10
2135.000000 1.37031000e+10
2145.000000 1.35134000e+10
2155.000000 1.34807000e+10
2165.000000 1.29980000e+10
2175.000000 1.31296000e+10
2185.000000 1.27012000e+10
2195.000000 1.27664000e+10
2205.000000 1.25857000e+10
2215.000000 1.21598000e+10
2225.000000 1.22190000e+10
2235.000000 1.20457000e+10
2245.000000 1.18654000e+10
2255.000000 1.14870000e+10
2265.000000 1.15386000e+10
2275.000000 1.13799000e+10
2285.000000 1.11888000e+10
2295.000000 1.07668000e+10
2305.000000 1.06998000e+10
2315.000000 1.07341000e+10
2325.000000 1.05967000e+10
2335.000000 1.04495000e+10
2345.000000 1.03030000e+10
2355.000000 1.01572000e+10
2365.000000 1.00176000e+10
2375.000000 9.87336000e+09
2385.000000 9.53178000e+09
2395.000000 9.56400000e+09
2405.000000 9.47356000e+09
2415.000000 9.34423000e+09
2425.000000 9.22761000e+09
2435.000000 9.09797000e+09
2445.000000 8.97769000e+09
2455.000000 8.84845000e+09
2465.000000 8.73898000e+09
2475.000000 8.62484000e+09
2485.000000 8.49883000e+09
2495.000000 7.77300000e+09
2505.000000 8.25619000e+09
2513.000000 7.84936000e+09
2518.000000 8.04757000e+09
2525.000000 8.06329000e+09
2535.000000 7.96814000e+09
2545.000000 7.86086000e+09
2555.000000 7.75732000e+09
2565.000000 7.66145000e+09
2575.000000 7.56172000e+09
2585.000000 7.46555000e+09
2595.000000 7.35890000e+09
2605.000000 7.28641000e+09
2615.000000 7.18726000e+09
2625.000000 7.10144000e+09
2635.000000 7.01129000e+09
2645.000000 6.91853000e+09
2655.000000 6.83124000e+09
2665.000000 6.73869000e+09
2675.000000 6.63997000e+09
2685.000000 6.58119000e+09
2695.000000 6.48265000e+09
2705.000000 6.41936000e+09
2715.000000 6.33587000e+09
2725.000000 6.24430000e+09
2735.000000 6.07735000e+09
2745.000000 6.11065000e+09
2755.000000 6.03559000e+09
2765.000000 5.94175000e+09
2775.000000 5.89167000e+09
2785.000000 5.81738000e+09
2795.000000 5.72471000e+09
2805.000000 5.67391000e+09
2815.000000 5.61132000e+09
2825.000000 5.52399000e+09
2835.000000 5.46868000e+09
2845.000000 5.41448000e+09
2855.000000 5.34935000e+09
2865.000000 5.28361000e+09
2875.000000 5.22277000e+09
2885.000000 5.16128000e+09
2895.000000 5.10051000e+09
2910.000000 5.00891000e+09
2930.000000 4.89644000e+09
2950.000000 4.76837000e+09
2970.000000 4.67105000e+09
2990.000000 4.55736000e+09
3010.000000 4.45750000e+09
3030.000000 4.35125000e+09
3050.000000 4.25752000e+09
3070.000000 4.16825000e+09
3090.000000 4.07107000e+09
3110.000000 3.98499000e+09
3130.000000 3.89808000e+09
3150.000000 3.81304000e+09
3170.000000 3.73010000e+09
3190.000000 3.63854000e+09
3210.000000 3.54153000e+09
3230.000000 3.49784000e+09
3250.000000 3.42472000e+09
3270.000000 3.34494000e+09
3290.000000 3.27982000e+09
3310.000000 3.21245000e+09
3330.000000 3.14527000e+09
3350.000000 3.07486000e+09
3370.000000 3.01652000e+09
3390.000000 2.95693000e+09
3410.000000 2.89640000e+09
3430.000000 2.83390000e+09
3450.000000 2.77063000e+09
3470.000000 2.72038000e+09
3490.000000 2.66668000e+09
3510.000000 2.61657000e+09
3530.000000 2.56433000e+09
3550.000000 2.51336000e+09
3570.000000 2.47038000e+09
3590.000000 2.41429000e+09
3610.000000 2.36949000e+09
3630.000000 2.32080000e+09
3640.000000 2.28618000e+09
3650.000000 2.16189000e+09
3670.000000 2.12499000e+09
3690.000000 2.08746000e+09
3710.000000 2.04761000e+09
3730.000000 2.01112000e+09
3750.000000 2.02661000e+09
3770.000000 2.00972000e+09
3790.000000 2.02985000e+09
3810.000000 2.05310000e+09
3830.000000 1.90490000e+09
3850.000000 2.02086000e+09
3870.000000 1.99791000e+09
3890.000000 1.80344000e+09
3910.000000 1.94140000e+09
3930.000000 1.89466000e+09
3950.000000 1.87091000e+09
3970.000000 1.66944000e+09
3990.000000 1.80469000e+09
4010.000000 1.77319000e+09
4030.000000 1.71038000e+09
4050.000000 1.71792000e+09
4070.000000 1.68257000e+09
4090.000000 1.61654000e+09
4110.000000 1.49915000e+09
4130.000000 1.59152000e+09
4150.000000 1.56506000e+09
4170.000000 1.54439000e+09
4190.000000 1.51618000e+09
4210.000000 1.48217000e+09
4230.000000 1.46816000e+09
4250.000000 1.44218000e+09
4270.000000 1.41674000e+09
4290.000000 1.39381000e+09
4310.000000 1.36833000e+09
4330.000000 1.30814000e+09
4350.000000 1.23339000e+09
4370.000000 1.30133000e+09
4390.000000 1.26960000e+09
4410.000000 1.25904000e+09
4430.000000 1.23900000e+09
4450.000000 1.21994000e+09
4470.000000 1.18116000e+09
4490.000000 1.18043000e+09
4510.000000 1.16054000e+09
4530.000000 1.14235000e+09
4550.000000 1.11482000e+09
4570.000000 1.10705000e+09
4590.000000 1.08868000e+09
4610.000000 1.07170000e+09
4630.000000 1.05310000e+09
4650.000000 1.02487000e+09
4670.000000 1.02083000e+09
4690.000000 9.85065000e+08
4710.000000 9.84138000e+08
4730.000000 9.76002000e+08
4750.000000 9.60854000e+08
4770.000000 9.46290000e+08
4790.000000 9.31836000e+08
4810.000000 9.17525000e+08
4830.000000 9.02917000e+08
4850.000000 8.70422000e+08
4870.000000 8.10567000e+08
4890.000000 8.61896000e+08
4910.000000 8.50279000e+08
4930.000000 8.29397000e+08
4950.000000 8.24984000e+08
4970.000000 8.13248000e+08
4990.000000 8.01281000e+08
5010.000000 7.84540000e+08
5030.000000 7.77777000e+08
5050.000000 7.64760000e+08
5070.000000 7.55455000e+08
5090.000000 7.44528000e+08
5110.000000 7.33791000e+08
5130.000000 7.23200000e+08
5150.000000 7.12821000e+08
5170.000000 7.02623000e+08
5190.000000 6.92673000e+08
5210.000000 6.82882000e+08
5230.000000 6.73234000e+08
5250.000000 6.63577000e+08
5270.000000 6.54250000e+08
5290.000000 6.45287000e+08
5310.000000 6.36293000e+08
5330.000000 6.27456000e+08
5350.000000 6.18772000e+08
5370.000000 6.10239000e+08
5390.000000 6.01829000e+08
5410.000000 5.88338000e+08
5430.000000 5.85507000e+08
5450.000000 5.77540000e+08
5470.000000 5.69698000e+08
5490.000000 5.61992000e+08
5510.000000 5.54384000e+08
5530.000000 5.46981000e+08
5550.000000 5.39670000e+08
5570.000000 5.32438000e+08
5590.000000 5.25066000e+08
5610.000000 5.18420000e+08
5630.000000 5.11570000e+08
5650.000000 5.04839000e+08
5670.000000 4.98167000e+08
5690.000000 4.88201000e+08
5710.000000 4.71904000e+08
5730.000000 4.65931000e+08
5750.000000 4.59972000e+08
5770.000000 4.54265000e+08
5790.000000 4.48638000e+08
5810.000000 4.43166000e+08
5830.000000 4.38191000e+08
5850.000000 4.33780000e+08
5870.000000 4.22891000e+08
5890.000000 4.24835000e+08
5910.000000 4.20810000e+08
5930.000000 4.16777000e+08
5950.000000 4.12947000e+08
5970.000000 4.09117000e+08
5990.000000 4.05224000e+08
6010.000000 4.00821000e+08
6030.000000 3.95836000e+08
6050.000000 3.90948000e+08
6070.000000 3.86147000e+08
6090.000000 3.81411000e+08
6110.000000 3.76698000e+08
6130.000000 3.72099000e+08
6150.000000 3.67571000e+08
6170.000000 3.62876000e+08
6190.000000 3.58736000e+08
6210.000000 3.54406000e+08
6230.000000 3.49776000e+08
6250.000000 3.45921000e+08
6270.000000 3.41791000e+08
6290.000000 3.37717000e+08
6310.000000 3.33167000e+08
6330.000000 3.29730000e+08
6350.000000 3.25834000e+08
6370.000000 3.21990000e+08
6390.000000 3.18206000e+08
6410.000000 3.13840000e+08
6430.000000 3.10797000e+08
6450.000000 3.07170000e+08
6470.000000 3.03564000e+08
6490.000000 3.00059000e+08
6510.000000 2.96609000e+08
6530.000000 2.91941000e+08
6550.000000 2.86210000e+08
6570.000000 2.64876000e+08
6590.000000 2.82616000e+08
6610.000000 2.79986000e+08
6630.000000 2.76816000e+08
6650.000000 2.73731000e+08
6670.000000 2.69018000e+08
6690.000000 2.65148000e+08
6710.000000 2.64473000e+08
6730.000000 2.61556000e+08
6750.000000 2.58644000e+08
6770.000000 2.55811000e+08
6790.000000 2.52958000e+08
6810.000000 2.50167000e+08
6830.000000 2.47404000e+08
6850.000000 2.44676000e+08
6870.000000 2.41985000e+08
6890.000000 2.38392000e+08
6910.000000 2.36690000e+08
6930.000000 2.34141000e+08
6950.000000 2.31595000e+08
6970.000000 2.29081000e+08
6990.000000 2.26600000e+08
7010.000000 2.24144000e+08
7030.000000 2.21673000e+08
7050.000000 2.19349000e+08
7070.000000 2.14997000e+08
7090.000000 2.14707000e+08
7110.000000 2.12420000e+08
7130.000000 2.10163000e+08
7150.000000 2.07943000e+08
7170.000000 2.05121000e+08
7190.000000 2.03311000e+08
7210.000000 2.01438000e+08
7230.000000 1.99251000e+08
7250.000000 1.97236000e+08
7270.000000 1.95190000e+08
7290.000000 1.92256000e+08
7310.000000 1.91142000e+08
7330.000000 1.89182000e+08
7350.000000 1.87226000e+08
7370.000000 1.85303000e+08
7390.000000 1.83398000e+08
7410.000000 1.81524000e+08
7430.000000 1.79668000e+08
7450.000000 1.77842000e+08
7470.000000 1.76034000e+08
7490.000000 1.74195000e+08
7510.000000 1.72467000e+08
7530.000000 1.70755000e+08
7550.000000 1.69038000e+08
7570.000000 1.67338000e+08
7590.000000 1.64881000e+08
7610.000000 1.63989000e+08
7630.000000 1.62374000e+08
7650.000000 1.60760000e+08
7670.000000 1.59173000e+08
7690.000000 1.57569000e+08
7710.000000 1.56030000e+08
7730.000000 1.54467000e+08
7750.000000 1.52987000e+08
7770.000000 1.51489000e+08
7790.000000 1.50011000e+08
7810.000000 1.48515000e+08
7830.000000 1.47106000e+08
7850.000000 1.45740000e+08
7870.000000 1.44319000e+08
7890.000000 1.42910000e+08
7910.000000 1.41562000e+08
7930.000000 1.40202000e+08
7950.000000 1.38860000e+08
7970.000000 1.37500000e+08
7990.000000 1.36216000e+08
8010.000000 1.34920000e+08
8030.000000 1.33624000e+08
8050.000000 1.32350000e+08
8070.000000 1.31111000e+08
8090.000000 1.29790000e+08
8110.000000 1.28560000e+08
8130.000000 1.27450000e+08
8150.000000 1.26145000e+08
8170.000000 1.25076000e+08
8190.000000 1.23674000e+08
8210.000000 1.20960000e+08
8230.000000 1.19572000e+08
8250.000000 1.18843000e+08
8270.000000 1.17591000e+08
8290.000000 1.16712000e+08
8310.000000 1.15671000e+08
8330.000000 1.14579000e+08
8350.000000 1.13328000e+08
8370.000000 1.12470000e+08
8390.000000 1.11528000e+08
8410.000000 1.10556000e+08
8430.000000 1.09544000e+08
8450.000000 1.08309000e+08
8470.000000 1.07614000e+08
8490.000000 1.06663000e+08
8510.000000 1.05590000e+08
8530.000000 1.04894000e+08
8550.000000 1.03455000e+08
8570.000000 1.03604000e+08
8590.000000 1.01340000e+08
8610.000000 1.00758000e+08
8630.000000 1.01389000e+08
8650.000000 9.96875000e+07
8670.000000 9.64165000e+07
8690.000000 9.89515000e+07
8710.000000 9.86465000e+07
8730.000000 9.69049000e+07
8750.000000 9.17977000e+07
8770.000000 9.47249000e+07
8790.000000 9.56547000e+07
8810.000000 9.49637000e+07
8830.000000 9.40315000e+07
8850.000000 9.07065000e+07
8870.000000 8.65248000e+07
8890.000000 9.12078000e+07
8910.000000 9.10076000e+07
8930.000000 9.03216000e+07
8950.000000 8.96739000e+07
8970.000000 8.88343000e+07
8990.000000 8.71996000e+07
9010.000000 8.14251000e+07
9030.000000 8.34765000e+07
9050.000000 8.55504000e+07
9070.000000 8.47293000e+07
9090.000000 8.43705000e+07
9110.000000 8.37690000e+07
9130.000000 8.30996000e+07
9150.000000 8.24037000e+07
9170.000000 8.16056000e+07
9190.000000 8.08360000e+07
9210.000000 7.86910000e+07
9230.000000 7.29200000e+07
9250.000000 7.75099000e+07
9270.000000 7.81228000e+07
9290.000000 7.77038000e+07
9310.000000 7.69096000e+07
9330.000000 7.64245000e+07
9350.000000 7.52188000e+07
9370.000000 7.51469000e+07
9390.000000 7.45622000e+07
9410.000000 7.39478000e+07
9430.000000 7.33506000e+07
9450.000000 7.27536000e+07
9470.000000 7.19509000e+07
9490.000000 7.15685000e+07
9510.000000 7.04180000e+07
9530.000000 6.86129000e+07
9550.000000 6.38068000e+07
9570.000000 6.83325000e+07
9590.000000 6.85681000e+07
9610.000000 6.80871000e+07
9630.000000 6.74634000e+07
9650.000000 6.70950000e+07
9670.000000 6.65599000e+07
9690.000000 6.60086000e+07
9710.000000 6.52215000e+07
9730.000000 6.49656000e+07
9750.000000 6.44695000e+07
9770.000000 6.38980000e+07
9790.000000 6.34603000e+07
9810.000000 6.29591000e+07
9830.000000 6.24654000e+07
9850.000000 6.19751000e+07
9870.000000 6.14921000e+07
9890.000000 6.10088000e+07
9910.000000 6.05172000e+07
9930.000000 6.00636000e+07
9950.000000 5.95979000e+07
9970.000000 5.91354000e+07
9990.000000 5.86799000e+07
10025.000000 5.66028000e+07
10075.000000 5.50180000e+07
10125.000000 5.52661000e+07
10175.000000 5.46551000e+07
10225.000000 5.36138000e+07
10275.000000 5.26223000e+07
10325.000000 5.15237000e+07
10375.000000 5.06818000e+07
10425.000000 4.97080000e+07
10475.000000 4.88329000e+07
10525.000000 4.79381000e+07
10575.000000 4.70648000e+07
10625.000000 4.62124000e+07
10675.000000 4.53375000e+07
10725.000000 4.45621000e+07
10775.000000 4.37633000e+07
10825.000000 4.27106000e+07
10875.000000 4.21913000e+07
10925.000000 3.95618000e+07
10975.000000 4.03375000e+07
11025.000000 3.99291000e+07
11075.000000 3.93267000e+07
11125.000000 3.86514000e+07
11175.000000 3.79865000e+07
11225.000000 3.73229000e+07
11275.000000 3.66933000e+07
11325.000000 3.60675000e+07
11375.000000 3.54541000e+07
11425.000000 3.48530000e+07
11475.000000 3.42667000e+07
11525.000000 3.36921000e+07
11575.000000 3.31289000e+07
11625.000000 3.24765000e+07
11675.000000 3.19917000e+07
11725.000000 3.15111000e+07
11775.000000 3.09914000e+07
11825.000000 3.04847000e+07
11875.000000 2.99881000e+07
11925.000000 2.95014000e+07
11975.000000 2.88693000e+07
12025.000000 2.85568000e+07
12075.000000 2.80986000e+07
12125.000000 2.76470000e+07
12175.000000 2.72094000e+07
12225.000000 2.67781000e+07
12275.000000 2.63553000e+07
12325.000000 2.59410000e+07
12375.000000 2.55350000e+07
12425.000000 2.51347000e+07
12475.000000 2.47448000e+07
12525.000000 2.43363000e+07
12575.000000 2.39859000e+07
12625.000000 2.36174000e+07
12675.000000 2.32560000e+07
12725.000000 2.29010000e+07
12775.000000 2.23444000e+07
12825.000000 2.11891000e+07
12875.000000 2.18267000e+07
12925.000000 2.15483000e+07
12975.000000 2.11538000e+07
13025.000000 2.09091000e+07
13075.000000 2.05990000e+07
13125.000000 2.02943000e+07
13175.000000 1.99949000e+07
13225.000000 1.97012000e+07
13275.000000 1.94129000e+07
13325.000000 1.91297000e+07
13375.000000 1.88516000e+07
13425.000000 1.85705000e+07
13475.000000 1.83106000e+07
13525.000000 1.80471000e+07
13575.000000 1.77889000e+07
13625.000000 1.75346000e+07
13675.000000 1.72857000e+07
13725.000000 1.70398000e+07
13775.000000 1.68000000e+07
13825.000000 1.65636000e+07
13875.000000 1.63313000e+07
13925.000000 1.61029000e+07
13975.000000 1.58787000e+07
14025.000000 1.56581000e+07
14075.000000 1.54419000e+07
14125.000000 1.52291000e+07
14175.000000 1.50198000e+07
14225.000000 1.48143000e+07
14275.000000 1.46121000e+07
14325.000000 1.44134000e+07
14375.000000 1.42181000e+07
14425.000000 1.40261000e+07
14475.000000 1.38371000e+07
14525.000000 1.36515000e+07
14570.000000 1.34871000e+07
14620.000000 1.33060000e+07
14675.000000 1.31122000e+07
14725.000000 1.29385000e+07
14775.000000 1.27422000e+07
14825.000000 1.26012000e+07
14875.000000 1.24366000e+07
14925.000000 1.22744000e+07
14975.000000 1.21149000e+07
15025.000000 1.19577000e+07
15075.000000 1.17915000e+07
15125.000000 1.16507000e+07
15175.000000 1.15006000e+07
15225.000000 1.13537000e+07
15275.000000 1.12067000e+07
15325.000000 1.10623000e+07
15375.000000 1.09245000e+07
15425.000000 1.07774000e+07
15475.000000 1.06494000e+07
15525.000000 1.05134000e+07
15575.000000 1.03628000e+07
15625.000000 1.02651000e+07
15675.000000 1.01104000e+07
15725.000000 9.96596000e+06
15775.000000 9.89349000e+06
15825.000000 9.76714000e+06
15875.000000 9.54980000e+06
15925.000000 9.50909000e+06
15975.000000 9.42589000e+06
16050.000000 9.23110000e+06
16150.000000 8.94641000e+06
16250.000000 8.83435000e+06
16350.000000 8.57794000e+06
16450.000000 8.29577000e+06
16550.000000 8.22126000e+06
16650.000000 8.02877000e+06
16750.000000 7.79381000e+06
16850.000000 7.52855000e+06
16950.000000 7.48404000e+06
17050.000000 7.29037000e+06
17150.000000 7.14655000e+06
17250.000000 6.98341000e+06
17350.000000 6.66561000e+06
17450.000000 6.66181000e+06
17550.000000 6.52642000e+06
17650.000000 6.38205000e+06
17750.000000 6.24159000e+06
17850.000000 6.10493000e+06
17950.000000 5.97209000e+06
18050.000000 5.84273000e+06
18150.000000 5.58160000e+06
18250.000000 5.57308000e+06
18350.000000 5.47536000e+06
18450.000000 5.35939000e+06
18550.000000 5.24549000e+06
18650.000000 5.09917000e+06
18750.000000 4.89983000e+06
18850.000000 4.92389000e+06
18950.000000 4.82317000e+06
19050.000000 4.71391000e+06
19150.000000 4.62742000e+06
19250.000000 4.53341000e+06
19350.000000 4.43808000e+06
19450.000000 4.23123000e+06
19550.000000 4.25834000e+06
19650.000000 4.18008000e+06
19750.000000 4.09719000e+06
19850.000000 4.01634000e+06
19950.000000 3.93746000e+06
20050.000000 3.86052000e+06
20150.000000 3.78546000e+06
20250.000000 3.71215000e+06
20350.000000 3.64064000e+06
20450.000000 3.57026000e+06
20550.000000 3.49920000e+06
20650.000000 3.43624000e+06
20750.000000 3.37126000e+06
20850.000000 3.30789000e+06
20950.000000 3.24591000e+06
21050.000000 3.18539000e+06
21150.000000 3.11988000e+06
21250.000000 3.06865000e+06
21350.000000 3.01220000e+06
21450.000000 2.95675000e+06
21550.000000 2.90122000e+06
21650.000000 2.76831000e+06
21750.000000 2.79412000e+06
21850.000000 2.74801000e+06
21950.000000 2.69972000e+06
22050.000000 2.65166000e+06
22150.000000 2.60458000e+06
22250.000000 2.55847000e+06
22350.000000 2.51368000e+06
22450.000000 2.46966000e+06
22550.000000 2.42669000e+06
22650.000000 2.38460000e+06
22750.000000 2.34337000e+06
22850.000000 2.30299000e+06
22950.000000 2.26802000e+06
23050.000000 2.22874000e+06
23150.000000 2.19146000e+06
23250.000000 2.15439000e+06
23350.000000 2.11815000e+06
23450.000000 2.08259000e+06
23550.000000 2.04782000e+06
23650.000000 2.01377000e+06
23750.000000 1.98042000e+06
23850.000000 1.94775000e+06
23950.000000 1.91576000e+06
24050.000000 1.88436000e+06
24150.000000 1.85367000e+06
24250.000000 1.82323000e+06
24350.000000 1.79348000e+06
24450.000000 1.76378000e+06
24550.000000 1.73625000e+06
24650.000000 1.70731000e+06
24750.000000 1.67860000e+06
24850.000000 1.65535000e+06
24950.000000 1.62486000e+06
25050.000000 1.60333000e+06
25150.000000 1.57834000e+06
25250.000000 1.54843000e+06
25350.000000 1.52873000e+06
25450.000000 1.50604000e+06
25550.000000 1.48140000e+06
25650.000000 1.45264000e+06
25750.000000 1.43683000e+06
25850.000000 1.41576000e+06
25950.000000 1.39424000e+06
26050.000000 1.36979000e+06
26150.000000 1.33900000e+06
26250.000000 1.29257000e+06
26350.000000 1.30926000e+06
26450.000000 1.29265000e+06
26550.000000 1.27277000e+06
26650.000000 1.25263000e+06
26750.000000 1.22117000e+06
26850.000000 1.21575000e+06
26950.000000 1.20016000e+06
27050.000000 1.18265000e+06
27150.000000 1.16547000e+06
27250.000000 1.14861000e+06
27350.000000 1.13202000e+06
27450.000000 1.11529000e+06
27550.000000 1.08392000e+06
27650.000000 1.07797000e+06
27750.000000 1.06865000e+06
27850.000000 1.05351000e+06
27950.000000 1.03865000e+06
28050.000000 1.02403000e+06
28150.000000 1.00969000e+06
28250.000000 9.95564000e+05
28350.000000 9.81710000e+05
28450.000000 9.68072000e+05
28550.000000 9.54508000e+05
28650.000000 9.37621000e+05
28750.000000 9.10509000e+05
28850.000000 9.14980000e+05
28950.000000 9.03411000e+05
29050.000000 8.91131000e+05
29150.000000 8.79042000e+05
29250.000000 8.67185000e+05
29350.000000 8.55513000e+05
29450.000000 8.44023000e+05
29550.000000 8.32754000e+05
29650.000000 8.21661000e+05
29750.000000 8.10741000e+05
29850.000000 8.00033000e+05
29950.000000 7.89492000e+05
30050.000000 7.79073000e+05
30150.000000 7.68857000e+05
30250.000000 7.58554000e+05
30350.000000 7.35486000e+05
30450.000000 7.31963000e+05
30550.000000 7.29641000e+05
30650.000000 7.20276000e+05
30750.000000 7.11017000e+05
30850.000000 7.01903000e+05
30950.000000 6.92930000e+05
31050.000000 6.84098000e+05
31150.000000 6.75442000e+05
31250.000000 6.66882000e+05
31350.000000 6.58456000e+05
31450.000000 6.50200000e+05
31550.000000 6.42036000e+05
31650.000000 6.34036000e+05
31750.000000 6.26124000e+05
31850.000000 6.18337000e+05
31950.000000 6.10708000e+05
32100.000000 5.99420000e+05
32300.000000 5.84797000e+05
32500.000000 5.70631000e+05
32700.000000 5.56873000e+05
32900.000000 5.35087000e+05
33100.000000 5.29225000e+05
33300.000000 5.18437000e+05
33500.000000 5.06323000e+05
33700.000000 4.94460000e+05
33900.000000 4.82971000e+05
34100.000000 4.71782000e+05
34300.000000 4.60949000e+05
34500.000000 4.50398000e+05
34700.000000 4.40184000e+05
34900.000000 4.30235000e+05
35100.000000 4.20545000e+05
35300.000000 4.11138000e+05
35500.000000 4.02004000e+05
35700.000000 3.93138000e+05
35900.000000 3.84473000e+05
36100.000000 3.76062000e+05
36300.000000 3.67898000e+05
36500.000000 3.59947000e+05
36700.000000 3.52202000e+05
36900.000000 3.44660000e+05
37100.000000 3.37040000e+05
37300.000000 3.27667000e+05
37500.000000 3.19199000e+05
37700.000000 3.16457000e+05
37900.000000 3.09848000e+05
38100.000000 3.03125000e+05
38300.000000 2.96963000e+05
38500.000000 2.91065000e+05
38700.000000 2.85121000e+05
38900.000000 2.79334000e+05
39100.000000 2.72935000e+05
39300.000000 2.68188000e+05
39500.000000 2.62823000e+05
39700.000000 2.57576000e+05
39900.000000 2.52469000e+05
40100.000000 2.46981000e+05
40300.000000 2.41567000e+05
40500.000000 2.34134000e+05
40700.000000 2.33271000e+05
40900.000000 2.28766000e+05
41100.000000 2.24359000e+05
41300.000000 2.19970000e+05
41500.000000 2.15849000e+05
41700.000000 2.10150000e+05
41900.000000 2.07687000e+05
42100.000000 2.03865000e+05
42300.000000 2.00051000e+05
42500.000000 1.96281000e+05
42700.000000 1.92686000e+05
42900.000000 1.88970000e+05
43100.000000 1.85654000e+05
43300.000000 1.82259000e+05
43500.000000 1.78939000e+05
43700.000000 1.74101000e+05
43900.000000 1.72104000e+05
44100.000000 1.69429000e+05
44300.000000 1.66399000e+05
44500.000000 1.63436000e+05
44700.000000 1.60616000e+05
44900.000000 1.57781000e+05
45100.000000 1.55008000e+05
45300.000000 1.52297000e+05
45500.000000 1.49644000e+05
45700.000000 1.47049000e+05
45900.000000 1.44509000e+05
46100.000000 1.42001000e+05
46300.000000 1.39581000e+05
46500.000000 1.34410000e+05
46700.000000 1.32923000e+05
46900.000000 1.32314000e+05
47100.000000 1.30370000e+05
47300.000000 1.28186000e+05
47500.000000 1.26045000e+05
47700.000000 1.23951000e+05
47900.000000 1.21898000e+05
48100.000000 1.19887000e+05
48300.000000 1.17919000e+05
48500.000000 1.15991000e+05
48700.000000 1.14101000e+05
48900.000000 1.12250000e+05
49100.000000 1.10435000e+05
49300.000000 1.08658000e+05
49500.000000 1.06916000e+05
49700.000000 1.05209000e+05
49900.000000 1.03535000e+05
50100.000000 1.01895000e+05
50300.000000 1.00287000e+05
50500.000000 9.87112000e+04
50700.000000 9.71659000e+04
50900.000000 9.56492000e+04
51100.000000 9.40521000e+04
51300.000000 9.11672000e+04
51500.000000 9.12162000e+04
51700.000000 8.98747000e+04
51900.000000 8.85009000e+04
52100.000000 8.71524000e+04
52300.000000 8.58287000e+04
52500.000000 8.45295000e+04
52700.000000 8.32557000e+04
52900.000000 8.20054000e+04
53100.000000 8.07796000e+04
53300.000000 7.95751000e+04
53500.000000 7.83942000e+04
53700.000000 7.72313000e+04
53900.000000 7.60938000e+04
54100.000000 7.49775000e+04
54300.000000 7.38806000e+04
54500.000000 7.28029000e+04
54700.000000 7.17452000e+04
54900.000000 7.07059000e+04
55100.000000 6.96848000e+04
55300.000000 6.86174000e+04
55500.000000 6.77006000e+04
55700.000000 6.67344000e+04
55900.000000 6.57852000e+04
56100.000000 6.48525000e+04
56300.000000 6.39374000e+04
56500.000000 6.30370000e+04
56700.000000 6.21525000e+04
56900.000000 6.12835000e+04
57100.000000 6.02691000e+04
57300.000000 5.95898000e+04
57500.000000 5.87669000e+04
57700.000000 5.79574000e+04
57900.000000 5.71610000e+04
58100.000000 5.63787000e+04
58300.000000 5.56090000e+04
58500.000000 5.48684000e+04
58700.000000 5.41245000e+04
58900.000000 5.33047000e+04
59100.000000 5.16071000e+04
59300.000000 5.19174000e+04
59500.000000 5.10305000e+04
59700.000000 5.04915000e+04
59900.000000 4.99165000e+04
60100.000000 4.92553000e+04
60300.000000 4.86058000e+04
60500.000000 4.79659000e+04
60700.000000 4.73375000e+04
60900.000000 4.67183000e+04
61100.000000 4.61092000e+04
61300.000000 4.55110000e+04
61500.000000 4.49217000e+04
61700.000000 4.43419000e+04
61900.000000 4.37717000e+04
62100.000000 4.32099000e+04
62300.000000 4.26582000e+04
62500.000000 4.21136000e+04
62700.000000 4.15522000e+04
62900.000000 4.06885000e+04
63100.000000 4.04783000e+04
63300.000000 4.00245000e+04
63500.000000 3.95224000e+04
63700.000000 3.90285000e+04
63900.000000 3.85420000e+04
64200.000000 3.78261000e+04
64600.000000 3.68978000e+04
65000.000000 3.59975000e+04
65400.000000 3.51243000e+04
65800.000000 3.42774000e+04
66200.000000 3.34561000e+04
66600.000000 3.26588000e+04
67000.000000 3.18848000e+04
67400.000000 3.11193000e+04
67800.000000 3.01886000e+04
68200.000000 2.96978000e+04
68600.000000 2.90107000e+04
69000.000000 2.83429000e+04
69400.000000 2.76941000e+04
69800.000000 2.70644000e+04
70200.000000 2.64519000e+04
70600.000000 2.58567000e+04
71000.000000 2.52777000e+04
71400.000000 2.47159000e+04
71800.000000 2.41688000e+04
72200.000000 2.36372000e+04
72600.000000 2.31194000e+04
73000.000000 2.26158000e+04
73400.000000 2.21266000e+04
73800.000000 2.16502000e+04
74200.000000 2.11669000e+04
74600.000000 2.04281000e+04
75000.000000 1.98772000e+04
75400.000000 1.98438000e+04
75800.000000 1.94507000e+04
76200.000000 1.90446000e+04
76600.000000 1.86491000e+04
77000.000000 1.82640000e+04
77400.000000 1.78889000e+04
77800.000000 1.75106000e+04
78200.000000 1.71669000e+04
78600.000000 1.68194000e+04
79000.000000 1.64805000e+04
79400.000000 1.61505000e+04
79800.000000 1.58287000e+04
80200.000000 1.55142000e+04
80600.000000 1.52081000e+04
81000.000000 1.49090000e+04
81400.000000 1.45939000e+04
81800.000000 1.43271000e+04
82200.000000 1.40559000e+04
82600.000000 1.37848000e+04
83000.000000 1.35205000e+04
83400.000000 1.32622000e+04
83800.000000 1.30104000e+04
84200.000000 1.27643000e+04
84600.000000 1.25239000e+04
85000.000000 1.22895000e+04
85400.000000 1.20599000e+04
85800.000000 1.18362000e+04
86200.000000 1.16176000e+04
86600.000000 1.13573000e+04
87000.000000 1.11939000e+04
87400.000000 1.09166000e+04
87800.000000 1.07176000e+04
88200.000000 1.05964000e+04
88600.000000 1.04059000e+04
89000.000000 1.02194000e+04
89400.000000 1.00372000e+04
89800.000000 9.85920000e+03
90200.000000 9.68490000e+03
90600.000000 9.51420000e+03
91000.000000 9.34749000e+03
91400.000000 9.18468000e+03
91800.000000 9.02524000e+03
92200.000000 8.86911000e+03
92600.000000 8.71620000e+03
93000.000000 8.56690000e+03
93400.000000 8.42027000e+03
93800.000000 8.22529000e+03
94200.000000 8.12629000e+03
94600.000000 8.00004000e+03
95000.000000 7.86561000e+03
95400.000000 7.73397000e+03
95800.000000 7.60508000e+03
96200.000000 7.47927000e+03
96600.000000 7.35569000e+03
97000.000000 7.23469000e+03
97400.000000 7.11622000e+03
97800.000000 6.99984000e+03
98200.000000 6.88628000e+03
98600.000000 6.77472000e+03
99000.000000 6.66551000e+03
99400.000000 6.55859000e+03
99800.000000 6.45355000e+03
100200.000000 6.35072000e+03
200000.000000 3.93362000e+02
400000.000000 2.39482000e+01
600000.000000 4.65041000e+00
800000.000000 1.45270000e+00
1000000.000000 5.88979000e-01
1200000.000000 2.81631000e-01
1400000.000000 1.50907000e-01
1600000.000000 8.78957000e-02
