# Kurucz ODFNEW /NOVER, alpha: 0.0 (2003)
# teff = 12250 K (value for the effective temperature for the model. Temperatures are given in K)
# logg = 5 log(cm/s2) (value for Log(G) for the model.)
# lh = 1.25  (l/Hp where l is the  mixing length of the convective element and Hp is the pressure scale height)
# meta = -2.5  (value for the Metallicity for the model.)
# vtur = 2 km/s (Microturbulence velocity)
# alpha = 0  (Alpha)
#
# column 1: WAVELENGTH (ANGSTROM), Wavelength in Angstrom
# column 2: FLUX (ERG/CM2/S/A), Flux in erg/cm2/s/A
193.900000 2.95344000e-24
198.400000 1.66636000e-22
201.800000 6.52906000e-22
205.000000 2.20336000e-21
210.500000 1.61157000e-20
216.200000 1.13376000e-19
219.800000 3.68557000e-19
223.000000 1.01271000e-18
226.800000 3.24684000e-18
230.000000 8.41980000e-18
234.000000 2.65581000e-17
240.000000 1.38291000e-16
246.500000 7.53555000e-16
252.400000 3.25200000e-15
256.800000 9.25510000e-15
260.000000 1.93631000e-14
264.000000 4.74874000e-14
268.500000 1.25688000e-13
273.500000 3.56437000e-13
278.500000 9.76282000e-13
284.000000 2.83173000e-12
290.000000 8.62446000e-12
296.000000 2.49985000e-11
301.000000 5.89205000e-11
308.000000 1.86236000e-10
318.000000 8.80764000e-10
328.000000 3.78431000e-09
338.000000 1.48678000e-08
348.000000 5.40034000e-08
357.000000 1.61594000e-07
366.000000 4.59058000e-07
375.000000 1.23696000e-06
385.000000 3.52368000e-06
395.000000 9.50027000e-06
405.000000 2.43895000e-05
414.000000 5.48007000e-05
422.000000 1.09170000e-04
430.000000 2.11898000e-04
441.000000 5.07075000e-04
451.000000 1.07842000e-03
460.000000 2.06703000e-03
470.000000 4.13498000e-03
480.000000 8.02643000e-03
490.000000 1.51680000e-02
500.000000 2.78885000e-02
506.000000 1.32709000e-01
512.000000 2.51307000e-01
520.000000 3.84072000e-01
530.000000 6.51907000e-01
540.000000 1.04611000e+00
550.000000 1.70406000e+00
560.000000 2.67855000e+00
570.000000 4.13799000e+00
580.000000 6.14683000e+00
590.000000 9.39940000e+00
600.000000 1.38647000e+01
610.000000 2.01516000e+01
620.000000 2.88986000e+01
630.000000 4.09220000e+01
640.000000 5.72618000e+01
650.000000 7.92255000e+01
658.000000 1.01908000e+02
665.000000 1.26319000e+02
675.000000 1.70197000e+02
685.000000 2.27101000e+02
695.000000 3.00260000e+02
705.000000 3.93462000e+02
716.000000 5.24564000e+02
726.000000 6.75571000e+02
735.000000 8.42825000e+02
745.000000 1.07013000e+03
755.000000 1.34903000e+03
765.000000 1.68903000e+03
775.000000 2.10103000e+03
785.000000 2.59708000e+03
795.000000 3.19093000e+03
805.000000 3.89801000e+03
815.000000 4.73526000e+03
825.000000 5.72214000e+03
835.000000 6.87728000e+03
845.000000 8.22866000e+03
855.000000 9.79618000e+03
865.000000 1.16091000e+04
875.000000 1.36959000e+04
885.000000 1.60899000e+04
895.000000 1.88246000e+04
905.000000 2.19288000e+04
915.000000 4.04932000e+04
925.000000 9.63811000e+04
935.000000 1.39186000e+05
945.000000 2.46960000e+05
955.000000 5.24061000e+05
965.000000 8.10278000e+05
975.000000 3.64589000e+05
985.000000 1.44654000e+07
995.000000 1.02864000e+08
1005.000000 7.50270000e+07
1015.000000 4.93993000e+06
1025.000000 4.87592000e+05
1035.000000 3.24788000e+06
1045.000000 8.75703000e+07
1055.000000 3.42738000e+08
1065.000000 5.47744000e+08
1075.000000 6.92253000e+08
1085.000000 7.39522000e+08
1095.000000 7.83983000e+08
1105.000000 7.81736000e+08
1115.000000 7.88777000e+08
1125.000000 7.51956000e+08
1135.000000 7.49175000e+08
1145.000000 7.05198000e+08
1155.000000 6.48731000e+08
1165.000000 5.77130000e+08
1175.000000 4.31733000e+08
1185.000000 2.38632000e+08
1195.000000 4.22626000e+07
1205.000000 4.78791000e+06
1215.000000 1.80091000e+06
1225.000000 4.35795000e+06
1235.000000 2.92299000e+07
1245.000000 1.69557000e+08
1255.000000 3.52230000e+08
1265.000000 4.60746000e+08
1275.000000 5.50578000e+08
1285.000000 6.03598000e+08
1295.000000 6.21134000e+08
1305.000000 6.06298000e+08
1315.000000 6.46936000e+08
1325.000000 6.44654000e+08
1335.000000 6.39366000e+08
1345.000000 6.58653000e+08
1355.000000 6.47223000e+08
1365.000000 6.39493000e+08
1375.000000 6.25722000e+08
1385.000000 6.11986000e+08
1395.000000 5.97765000e+08
1405.000000 6.17626000e+08
1415.000000 6.27348000e+08
1425.000000 6.26922000e+08
1435.000000 6.18837000e+08
1442.000000 6.18569000e+08
1447.000000 6.15111000e+08
1455.000000 6.08988000e+08
1465.000000 5.99632000e+08
1475.000000 5.95460000e+08
1485.000000 5.88287000e+08
1495.000000 5.77797000e+08
1505.000000 5.76015000e+08
1512.000000 5.71172000e+08
1517.000000 5.69361000e+08
1525.000000 5.57798000e+08
1535.000000 5.50602000e+08
1545.000000 5.51721000e+08
1555.000000 5.39272000e+08
1565.000000 5.18436000e+08
1575.000000 5.23993000e+08
1585.000000 5.21046000e+08
1595.000000 5.21345000e+08
1605.000000 5.10554000e+08
1615.000000 5.03832000e+08
1625.000000 4.92172000e+08
1635.000000 4.87734000e+08
1645.000000 4.84871000e+08
1655.000000 4.63693000e+08
1665.000000 4.80644000e+08
1672.000000 4.62047000e+08
1677.000000 4.69731000e+08
1685.000000 4.69833000e+08
1695.000000 4.63506000e+08
1705.000000 4.53951000e+08
1715.000000 4.52323000e+08
1725.000000 4.45131000e+08
1735.000000 4.47036000e+08
1745.000000 4.38351000e+08
1755.000000 4.37736000e+08
1765.000000 4.27385000e+08
1775.000000 4.30044000e+08
1785.000000 4.21609000e+08
1795.000000 4.21356000e+08
1805.000000 4.15555000e+08
1815.000000 4.11458000e+08
1825.000000 4.08601000e+08
1835.000000 4.04115000e+08
1845.000000 3.99691000e+08
1855.000000 3.94430000e+08
1865.000000 3.90006000e+08
1875.000000 3.88686000e+08
1885.000000 3.85071000e+08
1895.000000 3.81668000e+08
1905.000000 3.78741000e+08
1915.000000 3.74323000e+08
1925.000000 3.71288000e+08
1935.000000 3.65760000e+08
1945.000000 3.65135000e+08
1955.000000 3.61626000e+08
1967.000000 3.57851000e+08
1976.000000 3.54704000e+08
1984.000000 3.52185000e+08
1995.000000 3.48378000e+08
2005.000000 3.44827000e+08
2015.000000 3.40726000e+08
2025.000000 3.38500000e+08
2035.000000 3.36063000e+08
2045.000000 3.33055000e+08
2055.000000 3.27529000e+08
2065.000000 3.26105000e+08
2074.000000 3.24691000e+08
2078.000000 3.23590000e+08
2085.000000 3.21967000e+08
2095.000000 3.19098000e+08
2105.000000 3.16448000e+08
2115.000000 3.13639000e+08
2125.000000 3.11086000e+08
2135.000000 3.08129000e+08
2145.000000 3.06074000e+08
2155.000000 3.03215000e+08
2165.000000 2.98902000e+08
2175.000000 2.97035000e+08
2185.000000 2.95301000e+08
2195.000000 2.93727000e+08
2205.000000 2.90364000e+08
2215.000000 2.86650000e+08
2225.000000 2.84094000e+08
2235.000000 2.84084000e+08
2245.000000 2.81238000e+08
2255.000000 2.78038000e+08
2265.000000 2.75860000e+08
2275.000000 2.74401000e+08
2285.000000 2.72690000e+08
2295.000000 2.69617000e+08
2305.000000 2.68148000e+08
2315.000000 2.65858000e+08
2325.000000 2.64084000e+08
2335.000000 2.59333000e+08
2345.000000 2.53317000e+08
2355.000000 2.56258000e+08
2365.000000 2.50357000e+08
2375.000000 2.51406000e+08
2385.000000 2.45348000e+08
2395.000000 2.46994000e+08
2405.000000 2.44997000e+08
2415.000000 2.43134000e+08
2425.000000 2.44374000e+08
2435.000000 2.41647000e+08
2445.000000 2.39882000e+08
2455.000000 2.39394000e+08
2465.000000 2.36191000e+08
2475.000000 2.35184000e+08
2485.000000 2.33692000e+08
2495.000000 2.30315000e+08
2505.000000 2.31074000e+08
2513.000000 2.29014000e+08
2518.000000 2.28949000e+08
2525.000000 2.26187000e+08
2535.000000 2.22753000e+08
2545.000000 2.23076000e+08
2555.000000 2.23163000e+08
2565.000000 2.20040000e+08
2575.000000 2.19704000e+08
2585.000000 2.17940000e+08
2595.000000 2.16012000e+08
2605.000000 2.13835000e+08
2615.000000 2.12356000e+08
2625.000000 2.11108000e+08
2635.000000 2.09937000e+08
2645.000000 2.11476000e+08
2655.000000 2.10073000e+08
2665.000000 2.08123000e+08
2675.000000 2.07180000e+08
2685.000000 2.05969000e+08
2695.000000 2.04485000e+08
2705.000000 2.03141000e+08
2715.000000 2.01264000e+08
2725.000000 1.99789000e+08
2735.000000 1.98855000e+08
2745.000000 1.94289000e+08
2755.000000 1.93859000e+08
2765.000000 1.94706000e+08
2775.000000 1.94401000e+08
2785.000000 1.92978000e+08
2795.000000 1.87216000e+08
2805.000000 1.88647000e+08
2815.000000 1.89776000e+08
2825.000000 1.88553000e+08
2835.000000 1.87066000e+08
2845.000000 1.85939000e+08
2855.000000 1.84708000e+08
2865.000000 1.83834000e+08
2875.000000 1.82690000e+08
2885.000000 1.81670000e+08
2895.000000 1.80655000e+08
2910.000000 1.79122000e+08
2930.000000 1.76576000e+08
2950.000000 1.74583000e+08
2970.000000 1.72731000e+08
2990.000000 1.70639000e+08
3010.000000 1.68795000e+08
3030.000000 1.66853000e+08
3050.000000 1.64910000e+08
3070.000000 1.63009000e+08
3090.000000 1.61162000e+08
3110.000000 1.59318000e+08
3130.000000 1.57492000e+08
3150.000000 1.55719000e+08
3170.000000 1.53996000e+08
3190.000000 1.52193000e+08
3210.000000 1.50577000e+08
3230.000000 1.48902000e+08
3250.000000 1.47300000e+08
3270.000000 1.45697000e+08
3290.000000 1.44112000e+08
3310.000000 1.42551000e+08
3330.000000 1.41004000e+08
3350.000000 1.39466000e+08
3370.000000 1.37968000e+08
3390.000000 1.36503000e+08
3410.000000 1.35058000e+08
3430.000000 1.33622000e+08
3450.000000 1.32217000e+08
3470.000000 1.30819000e+08
3490.000000 1.29445000e+08
3510.000000 1.28093000e+08
3530.000000 1.26758000e+08
3550.000000 1.25438000e+08
3570.000000 1.24137000e+08
3590.000000 1.22854000e+08
3610.000000 1.21592000e+08
3630.000000 1.20339000e+08
3640.000000 1.19724000e+08
3650.000000 1.21583000e+08
3670.000000 1.20762000e+08
3690.000000 1.18848000e+08
3710.000000 1.15446000e+08
3730.000000 1.09394000e+08
3750.000000 1.21159000e+08
3770.000000 1.25597000e+08
3790.000000 1.48220000e+08
3810.000000 1.72151000e+08
3830.000000 1.40648000e+08
3850.000000 1.90415000e+08
3870.000000 2.16315000e+08
3890.000000 1.20460000e+08
3910.000000 2.14918000e+08
3930.000000 2.36076000e+08
3950.000000 2.11987000e+08
3970.000000 1.15496000e+08
3990.000000 1.99462000e+08
4010.000000 2.27501000e+08
4030.000000 2.26540000e+08
4050.000000 2.24763000e+08
4070.000000 2.13233000e+08
4090.000000 1.58093000e+08
4110.000000 1.22626000e+08
4130.000000 1.98075000e+08
4150.000000 2.08335000e+08
4170.000000 2.08376000e+08
4190.000000 2.06286000e+08
4210.000000 2.03589000e+08
4230.000000 2.00636000e+08
4250.000000 1.97478000e+08
4270.000000 1.93868000e+08
4290.000000 1.88886000e+08
4310.000000 1.77585000e+08
4330.000000 1.28114000e+08
4350.000000 1.10326000e+08
4370.000000 1.67263000e+08
4390.000000 1.75001000e+08
4410.000000 1.75534000e+08
4430.000000 1.73901000e+08
4450.000000 1.71896000e+08
4470.000000 1.68280000e+08
4490.000000 1.67461000e+08
4510.000000 1.65421000e+08
4530.000000 1.63163000e+08
4550.000000 1.60937000e+08
4570.000000 1.58768000e+08
4590.000000 1.56615000e+08
4610.000000 1.54516000e+08
4630.000000 1.52434000e+08
4650.000000 1.50406000e+08
4670.000000 1.48402000e+08
4690.000000 1.46423000e+08
4710.000000 1.44207000e+08
4730.000000 1.42238000e+08
4750.000000 1.40198000e+08
4770.000000 1.38044000e+08
4790.000000 1.35564000e+08
4810.000000 1.32052000e+08
4830.000000 1.24262000e+08
4850.000000 9.46368000e+07
4870.000000 7.85533000e+07
4890.000000 1.16016000e+08
4910.000000 1.23033000e+08
4930.000000 1.23305000e+08
4950.000000 1.22795000e+08
4970.000000 1.21571000e+08
4990.000000 1.20205000e+08
5010.000000 1.18752000e+08
5030.000000 1.17501000e+08
5050.000000 1.15986000e+08
5070.000000 1.14595000e+08
5090.000000 1.13175000e+08
5110.000000 1.11776000e+08
5130.000000 1.10401000e+08
5150.000000 1.09045000e+08
5170.000000 1.07703000e+08
5190.000000 1.06396000e+08
5210.000000 1.05105000e+08
5230.000000 1.03830000e+08
5250.000000 1.02578000e+08
5270.000000 1.01341000e+08
5290.000000 1.00128000e+08
5310.000000 9.89305000e+07
5330.000000 9.77532000e+07
5350.000000 9.65920000e+07
5370.000000 9.54493000e+07
5390.000000 9.43234000e+07
5410.000000 9.32141000e+07
5430.000000 9.21211000e+07
5450.000000 9.10442000e+07
5470.000000 8.99830000e+07
5490.000000 8.89386000e+07
5510.000000 8.79082000e+07
5530.000000 8.68941000e+07
5550.000000 8.58935000e+07
5570.000000 8.49074000e+07
5590.000000 8.39356000e+07
5610.000000 8.29779000e+07
5630.000000 8.20352000e+07
5650.000000 8.11038000e+07
5670.000000 8.01869000e+07
5690.000000 7.92833000e+07
5710.000000 7.83926000e+07
5730.000000 7.75147000e+07
5750.000000 7.66483000e+07
5770.000000 7.57942000e+07
5790.000000 7.49535000e+07
5810.000000 7.41236000e+07
5830.000000 7.33056000e+07
5850.000000 7.24981000e+07
5870.000000 7.14462000e+07
5890.000000 7.09184000e+07
5910.000000 7.01458000e+07
5930.000000 6.93820000e+07
5950.000000 6.86301000e+07
5970.000000 6.78878000e+07
5990.000000 6.71559000e+07
6010.000000 6.64344000e+07
6030.000000 6.57219000e+07
6050.000000 6.50195000e+07
6070.000000 6.43279000e+07
6090.000000 6.36440000e+07
6110.000000 6.29707000e+07
6130.000000 6.23058000e+07
6150.000000 6.16493000e+07
6170.000000 6.10018000e+07
6190.000000 6.03635000e+07
6210.000000 5.97330000e+07
6230.000000 5.91113000e+07
6250.000000 5.84973000e+07
6270.000000 5.78919000e+07
6290.000000 5.72939000e+07
6310.000000 5.67032000e+07
6330.000000 5.61217000e+07
6350.000000 5.55380000e+07
6370.000000 5.49735000e+07
6390.000000 5.44186000e+07
6410.000000 5.38650000e+07
6430.000000 5.32243000e+07
6450.000000 5.26113000e+07
6470.000000 5.19850000e+07
6490.000000 5.12662000e+07
6510.000000 5.02770000e+07
6530.000000 4.82599000e+07
6550.000000 4.13254000e+07
6570.000000 3.45075000e+07
6590.000000 4.50924000e+07
6610.000000 4.74153000e+07
6630.000000 4.76713000e+07
6650.000000 4.74608000e+07
6670.000000 4.70843000e+07
6690.000000 4.66845000e+07
6710.000000 4.63631000e+07
6730.000000 4.59116000e+07
6750.000000 4.54663000e+07
6770.000000 4.50255000e+07
6790.000000 4.45907000e+07
6810.000000 4.41610000e+07
6830.000000 4.37364000e+07
6850.000000 4.33168000e+07
6870.000000 4.29029000e+07
6890.000000 4.24931000e+07
6910.000000 4.20889000e+07
6930.000000 4.16894000e+07
6950.000000 4.12946000e+07
6970.000000 4.09044000e+07
6990.000000 4.05195000e+07
7010.000000 4.01384000e+07
7030.000000 3.97624000e+07
7050.000000 3.93909000e+07
7070.000000 3.90055000e+07
7090.000000 3.86599000e+07
7110.000000 3.83011000e+07
7130.000000 3.79465000e+07
7150.000000 3.75959000e+07
7170.000000 3.72495000e+07
7190.000000 3.69070000e+07
7210.000000 3.65684000e+07
7230.000000 3.62338000e+07
7250.000000 3.59030000e+07
7270.000000 3.55760000e+07
7290.000000 3.52499000e+07
7310.000000 3.49339000e+07
7330.000000 3.46180000e+07
7350.000000 3.43058000e+07
7370.000000 3.39971000e+07
7390.000000 3.36919000e+07
7410.000000 3.33902000e+07
7430.000000 3.30919000e+07
7450.000000 3.27971000e+07
7470.000000 3.25049000e+07
7490.000000 3.22167000e+07
7510.000000 3.19318000e+07
7530.000000 3.16494000e+07
7550.000000 3.13709000e+07
7570.000000 3.10949000e+07
7590.000000 3.08221000e+07
7610.000000 3.05529000e+07
7630.000000 3.02862000e+07
7650.000000 3.00225000e+07
7670.000000 2.97617000e+07
7690.000000 2.95039000e+07
7710.000000 2.92484000e+07
7730.000000 2.89964000e+07
7750.000000 2.87465000e+07
7770.000000 2.84883000e+07
7790.000000 2.82553000e+07
7810.000000 2.80138000e+07
7830.000000 2.77750000e+07
7850.000000 2.75389000e+07
7870.000000 2.73042000e+07
7890.000000 2.70716000e+07
7910.000000 2.68445000e+07
7930.000000 2.66182000e+07
7950.000000 2.63945000e+07
7970.000000 2.61726000e+07
7990.000000 2.59526000e+07
8010.000000 2.57363000e+07
8030.000000 2.55218000e+07
8050.000000 2.53091000e+07
8070.000000 2.50988000e+07
8090.000000 2.48908000e+07
8110.000000 2.46851000e+07
8130.000000 2.44812000e+07
8150.000000 2.42795000e+07
8170.000000 2.40800000e+07
8190.000000 2.38823000e+07
8210.000000 2.38655000e+07
8230.000000 2.36807000e+07
8250.000000 2.35013000e+07
8270.000000 2.33233000e+07
8290.000000 2.31462000e+07
8310.000000 2.29716000e+07
8330.000000 2.27974000e+07
8350.000000 2.26235000e+07
8370.000000 2.24504000e+07
8390.000000 2.22761000e+07
8410.000000 2.20914000e+07
8430.000000 2.19088000e+07
8450.000000 2.17356000e+07
8470.000000 2.14918000e+07
8490.000000 2.13326000e+07
8510.000000 2.10332000e+07
8530.000000 2.09927000e+07
8550.000000 2.03664000e+07
8570.000000 2.08275000e+07
8590.000000 1.99888000e+07
8610.000000 1.97014000e+07
8630.000000 2.05945000e+07
8650.000000 1.97723000e+07
8670.000000 1.80173000e+07
8690.000000 1.99694000e+07
8710.000000 2.04911000e+07
8730.000000 1.95446000e+07
8750.000000 1.65385000e+07
8770.000000 1.85605000e+07
8790.000000 2.01817000e+07
8810.000000 2.04348000e+07
8830.000000 1.97867000e+07
8850.000000 1.73852000e+07
8870.000000 1.53978000e+07
8890.000000 1.84990000e+07
8910.000000 1.97324000e+07
8930.000000 2.00159000e+07
8950.000000 1.98842000e+07
8970.000000 1.93532000e+07
8990.000000 1.79820000e+07
9010.000000 1.47030000e+07
9030.000000 1.56225000e+07
9050.000000 1.80498000e+07
9070.000000 1.88303000e+07
9090.000000 1.90147000e+07
9110.000000 1.89835000e+07
9130.000000 1.88521000e+07
9150.000000 1.86393000e+07
9170.000000 1.82875000e+07
9190.000000 1.75794000e+07
9210.000000 1.58790000e+07
9230.000000 1.29483000e+07
9250.000000 1.52484000e+07
9270.000000 1.69231000e+07
9290.000000 1.74422000e+07
9310.000000 1.75521000e+07
9330.000000 1.75228000e+07
9350.000000 1.74376000e+07
9370.000000 1.73267000e+07
9390.000000 1.72009000e+07
9410.000000 1.70623000e+07
9430.000000 1.69121000e+07
9450.000000 1.67355000e+07
9470.000000 1.65070000e+07
9490.000000 1.61513000e+07
9510.000000 1.54395000e+07
9530.000000 1.37487000e+07
9550.000000 1.15469000e+07
9570.000000 1.38751000e+07
9590.000000 1.51207000e+07
9610.000000 1.55045000e+07
9630.000000 1.55832000e+07
9650.000000 1.55554000e+07
9670.000000 1.54851000e+07
9690.000000 1.53960000e+07
9710.000000 1.52975000e+07
9730.000000 1.51941000e+07
9750.000000 1.50941000e+07
9770.000000 1.50083000e+07
9790.000000 1.48987000e+07
9810.000000 1.47903000e+07
9830.000000 1.46775000e+07
9850.000000 1.45458000e+07
9870.000000 1.44347000e+07
9890.000000 1.43209000e+07
9910.000000 1.42033000e+07
9930.000000 1.40766000e+07
9950.000000 1.39333000e+07
9970.000000 1.37528000e+07
9990.000000 1.34830000e+07
10025.000000 1.19454000e+07
10075.000000 1.14026000e+07
10125.000000 1.29329000e+07
10175.000000 1.29029000e+07
10225.000000 1.27233000e+07
10275.000000 1.25277000e+07
10325.000000 1.23106000e+07
10375.000000 1.20994000e+07
10425.000000 1.18921000e+07
10475.000000 1.16893000e+07
10525.000000 1.14907000e+07
10575.000000 1.12961000e+07
10625.000000 1.11059000e+07
10675.000000 1.09185000e+07
10725.000000 1.07278000e+07
10775.000000 1.05218000e+07
10825.000000 1.02888000e+07
10875.000000 9.89656000e+06
10925.000000 8.28797000e+06
10975.000000 8.93011000e+06
11025.000000 9.54697000e+06
11075.000000 9.50764000e+06
11125.000000 9.38524000e+06
11175.000000 9.25589000e+06
11225.000000 9.10784000e+06
11275.000000 8.96204000e+06
11325.000000 8.81993000e+06
11375.000000 8.68054000e+06
11425.000000 8.54383000e+06
11475.000000 8.40975000e+06
11525.000000 8.27822000e+06
11575.000000 8.14950000e+06
11625.000000 8.02296000e+06
11675.000000 7.89911000e+06
11725.000000 7.77762000e+06
11775.000000 7.65818000e+06
11825.000000 7.54129000e+06
11875.000000 7.42662000e+06
11925.000000 7.31414000e+06
11975.000000 7.20380000e+06
12025.000000 7.09556000e+06
12075.000000 6.98912000e+06
12125.000000 6.88496000e+06
12175.000000 6.78252000e+06
12225.000000 6.68204000e+06
12275.000000 6.58346000e+06
12325.000000 6.48675000e+06
12375.000000 6.39188000e+06
12425.000000 6.29856000e+06
12475.000000 6.20702000e+06
12525.000000 6.11698000e+06
12575.000000 6.02865000e+06
12625.000000 5.92663000e+06
12675.000000 5.82603000e+06
12725.000000 5.69239000e+06
12775.000000 5.36560000e+06
12825.000000 4.65802000e+06
12875.000000 5.28121000e+06
12925.000000 5.39017000e+06
12975.000000 5.35274000e+06
13025.000000 5.29196000e+06
13075.000000 5.22820000e+06
13125.000000 5.15586000e+06
13175.000000 5.08446000e+06
13225.000000 5.01464000e+06
13275.000000 4.94573000e+06
13325.000000 4.87813000e+06
13375.000000 4.81161000e+06
13425.000000 4.74636000e+06
13475.000000 4.68216000e+06
13525.000000 4.61897000e+06
13575.000000 4.55680000e+06
13625.000000 4.49582000e+06
13675.000000 4.43581000e+06
13725.000000 4.37675000e+06
13775.000000 4.31882000e+06
13825.000000 4.26162000e+06
13875.000000 4.20552000e+06
13925.000000 4.15031000e+06
13975.000000 4.09598000e+06
14025.000000 4.04250000e+06
14075.000000 3.99006000e+06
14125.000000 3.93826000e+06
14175.000000 3.88747000e+06
14225.000000 3.83747000e+06
14275.000000 3.78808000e+06
14325.000000 3.73965000e+06
14375.000000 3.69199000e+06
14425.000000 3.64507000e+06
14475.000000 3.59890000e+06
14525.000000 3.55345000e+06
14570.000000 3.51326000e+06
14620.000000 3.47834000e+06
14675.000000 3.43132000e+06
14725.000000 3.38947000e+06
14775.000000 3.34810000e+06
14825.000000 3.30739000e+06
14875.000000 3.26731000e+06
14925.000000 3.22787000e+06
14975.000000 3.18888000e+06
15025.000000 3.15050000e+06
15075.000000 3.11273000e+06
15125.000000 3.07538000e+06
15175.000000 3.03846000e+06
15225.000000 3.00164000e+06
15275.000000 2.96507000e+06
15325.000000 2.92875000e+06
15375.000000 2.89459000e+06
15425.000000 2.85606000e+06
15475.000000 2.82395000e+06
15525.000000 2.78672000e+06
15575.000000 2.74572000e+06
15625.000000 2.72987000e+06
15675.000000 2.67614000e+06
15725.000000 2.63584000e+06
15775.000000 2.64035000e+06
15825.000000 2.60113000e+06
15875.000000 2.50240000e+06
15925.000000 2.51925000e+06
15975.000000 2.53229000e+06
16050.000000 2.45486000e+06
16150.000000 2.35190000e+06
16250.000000 2.39666000e+06
16350.000000 2.27456000e+06
16450.000000 2.16416000e+06
16550.000000 2.25197000e+06
16650.000000 2.20787000e+06
16750.000000 2.06477000e+06
16850.000000 1.95740000e+06
16950.000000 2.06222000e+06
17050.000000 2.03137000e+06
17150.000000 1.98597000e+06
17250.000000 1.91895000e+06
17350.000000 1.70980000e+06
17450.000000 1.80717000e+06
17550.000000 1.81893000e+06
17650.000000 1.78761000e+06
17750.000000 1.75234000e+06
17850.000000 1.71455000e+06
17950.000000 1.67411000e+06
18050.000000 1.62288000e+06
18150.000000 1.45318000e+06
18250.000000 1.50822000e+06
18350.000000 1.53501000e+06
18450.000000 1.50945000e+06
18550.000000 1.47735000e+06
18650.000000 1.42927000e+06
18750.000000 1.27937000e+06
18850.000000 1.36645000e+06
18950.000000 1.36287000e+06
19050.000000 1.33884000e+06
19150.000000 1.31246000e+06
19250.000000 1.28351000e+06
19350.000000 1.23506000e+06
19450.000000 1.10837000e+06
19550.000000 1.18745000e+06
19650.000000 1.18778000e+06
19750.000000 1.16980000e+06
19850.000000 1.14839000e+06
19950.000000 1.12677000e+06
20050.000000 1.10563000e+06
20150.000000 1.08494000e+06
20250.000000 1.06479000e+06
20350.000000 1.04507000e+06
20450.000000 1.02578000e+06
20550.000000 1.00698000e+06
20650.000000 9.88598000e+05
20750.000000 9.70692000e+05
20850.000000 9.53084000e+05
20950.000000 9.35939000e+05
21050.000000 9.19160000e+05
21150.000000 9.02741000e+05
21250.000000 8.86756000e+05
21350.000000 8.70121000e+05
21450.000000 8.51628000e+05
21550.000000 8.23706000e+05
21650.000000 7.45056000e+05
21750.000000 7.87125000e+05
21850.000000 7.92799000e+05
21950.000000 7.82777000e+05
22050.000000 7.70478000e+05
22150.000000 7.57333000e+05
22250.000000 7.44460000e+05
22350.000000 7.31863000e+05
22450.000000 7.19527000e+05
22550.000000 7.07455000e+05
22650.000000 6.95634000e+05
22750.000000 6.84058000e+05
22850.000000 6.73322000e+05
22950.000000 6.62295000e+05
23050.000000 6.51498000e+05
23150.000000 6.40905000e+05
23250.000000 6.30532000e+05
23350.000000 6.20362000e+05
23450.000000 6.10403000e+05
23550.000000 6.00638000e+05
23650.000000 5.91064000e+05
23750.000000 5.81682000e+05
23850.000000 5.72476000e+05
23950.000000 5.63443000e+05
24050.000000 5.54586000e+05
24150.000000 5.45894000e+05
24250.000000 5.37385000e+05
24350.000000 5.28990000e+05
24450.000000 5.20707000e+05
24550.000000 5.12717000e+05
24650.000000 5.04647000e+05
24750.000000 4.96912000e+05
24850.000000 4.89474000e+05
24950.000000 4.81195000e+05
25050.000000 4.74671000e+05
25150.000000 4.67396000e+05
25250.000000 4.58625000e+05
25350.000000 4.53138000e+05
25450.000000 4.47223000e+05
25550.000000 4.39141000e+05
25650.000000 4.29665000e+05
25750.000000 4.26482000e+05
25850.000000 4.21430000e+05
25950.000000 4.14451000e+05
26050.000000 4.03753000e+05
26150.000000 3.89085000e+05
26250.000000 3.62808000e+05
26350.000000 3.81004000e+05
26450.000000 3.84488000e+05
26550.000000 3.80122000e+05
26650.000000 3.71487000e+05
26750.000000 3.57206000e+05
26850.000000 3.60920000e+05
26950.000000 3.59959000e+05
27050.000000 3.55974000e+05
27150.000000 3.51281000e+05
27250.000000 3.46288000e+05
27350.000000 3.40708000e+05
27450.000000 3.32706000e+05
27550.000000 3.15598000e+05
27650.000000 3.16803000e+05
27750.000000 3.20722000e+05
27850.000000 3.18346000e+05
27950.000000 3.14721000e+05
28050.000000 3.10988000e+05
28150.000000 3.06757000e+05
28250.000000 3.02592000e+05
28350.000000 2.98103000e+05
28450.000000 2.93317000e+05
28550.000000 2.87526000e+05
28650.000000 2.76531000e+05
28750.000000 2.63941000e+05
28850.000000 2.73258000e+05
28950.000000 2.73549000e+05
29050.000000 2.70977000e+05
29150.000000 2.68124000e+05
29250.000000 2.64612000e+05
29350.000000 2.61150000e+05
29450.000000 2.57746000e+05
29550.000000 2.54395000e+05
29650.000000 2.51101000e+05
29750.000000 2.47858000e+05
29850.000000 2.44669000e+05
29950.000000 2.41526000e+05
30050.000000 2.37894000e+05
30150.000000 2.34072000e+05
30250.000000 2.28517000e+05
30350.000000 2.15231000e+05
30450.000000 2.15290000e+05
30550.000000 2.20677000e+05
30650.000000 2.19877000e+05
30750.000000 2.17843000e+05
30850.000000 2.15428000e+05
30950.000000 2.12756000e+05
31050.000000 2.10118000e+05
31150.000000 2.07524000e+05
31250.000000 2.04972000e+05
31350.000000 2.02455000e+05
31450.000000 1.99977000e+05
31550.000000 1.97538000e+05
31650.000000 1.95137000e+05
31750.000000 1.92770000e+05
31850.000000 1.90440000e+05
31950.000000 1.88143000e+05
32100.000000 1.84765000e+05
32300.000000 1.80375000e+05
32500.000000 1.76086000e+05
32700.000000 1.70944000e+05
32900.000000 1.59124000e+05
33100.000000 1.60002000e+05
33300.000000 1.59584000e+05
33500.000000 1.56271000e+05
33700.000000 1.52803000e+05
33900.000000 1.49379000e+05
34100.000000 1.46038000e+05
34300.000000 1.42787000e+05
34500.000000 1.39620000e+05
34700.000000 1.36542000e+05
34900.000000 1.33543000e+05
35100.000000 1.30628000e+05
35300.000000 1.27792000e+05
35500.000000 1.25028000e+05
35700.000000 1.22337000e+05
35900.000000 1.19723000e+05
36100.000000 1.17163000e+05
36300.000000 1.14681000e+05
36500.000000 1.12237000e+05
36700.000000 1.09884000e+05
36900.000000 1.07460000e+05
37100.000000 1.04977000e+05
37300.000000 9.99438000e+04
37500.000000 9.72812000e+04
37700.000000 9.86294000e+04
37900.000000 9.69644000e+04
38100.000000 9.48694000e+04
38300.000000 9.30003000e+04
38500.000000 9.13605000e+04
38700.000000 8.95634000e+04
38900.000000 8.76042000e+04
39100.000000 8.55176000e+04
39300.000000 8.42738000e+04
39500.000000 8.27706000e+04
39700.000000 8.11715000e+04
39900.000000 7.94960000e+04
40100.000000 7.73743000e+04
40300.000000 7.55203000e+04
40500.000000 7.17239000e+04
40700.000000 7.30766000e+04
40900.000000 7.22668000e+04
41100.000000 7.09765000e+04
41300.000000 6.96104000e+04
41500.000000 6.79830000e+04
41700.000000 6.56361000e+04
41900.000000 6.54273000e+04
42100.000000 6.46158000e+04
42300.000000 6.36125000e+04
42500.000000 6.24521000e+04
42700.000000 6.13188000e+04
42900.000000 6.02121000e+04
43100.000000 5.91273000e+04
43300.000000 5.79856000e+04
43500.000000 5.66533000e+04
43700.000000 5.43486000e+04
43900.000000 5.40402000e+04
44100.000000 5.38417000e+04
44300.000000 5.30975000e+04
44500.000000 5.21914000e+04
44700.000000 5.13313000e+04
44900.000000 5.03798000e+04
45100.000000 4.95154000e+04
45300.000000 4.86643000e+04
45500.000000 4.78298000e+04
45700.000000 4.70026000e+04
45900.000000 4.61772000e+04
46100.000000 4.53165000e+04
46300.000000 4.42352000e+04
46500.000000 4.17525000e+04
46700.000000 4.13508000e+04
46900.000000 4.18227000e+04
47100.000000 4.16228000e+04
47300.000000 4.10526000e+04
47500.000000 4.04188000e+04
47700.000000 3.97776000e+04
47900.000000 3.91390000e+04
48100.000000 3.85114000e+04
48300.000000 3.78960000e+04
48500.000000 3.72894000e+04
48700.000000 3.66962000e+04
48900.000000 3.61131000e+04
49100.000000 3.55413000e+04
49300.000000 3.49807000e+04
49500.000000 3.44311000e+04
49700.000000 3.38907000e+04
49900.000000 3.33608000e+04
50100.000000 3.28399000e+04
50300.000000 3.23261000e+04
50500.000000 3.18209000e+04
50700.000000 3.13080000e+04
50900.000000 3.07542000e+04
51100.000000 2.99541000e+04
51300.000000 2.86474000e+04
51500.000000 2.91370000e+04
51700.000000 2.89444000e+04
51900.000000 2.85707000e+04
52100.000000 2.81658000e+04
52300.000000 2.77511000e+04
52500.000000 2.73323000e+04
52700.000000 2.69258000e+04
52900.000000 2.65422000e+04
53100.000000 2.62064000e+04
53300.000000 2.58244000e+04
53500.000000 2.53987000e+04
53700.000000 2.50048000e+04
53900.000000 2.46445000e+04
54100.000000 2.43223000e+04
54300.000000 2.40080000e+04
54500.000000 2.36647000e+04
54700.000000 2.33258000e+04
54900.000000 2.29599000e+04
55100.000000 2.25938000e+04
55300.000000 2.22557000e+04
55500.000000 2.19782000e+04
55700.000000 2.17235000e+04
55900.000000 2.14212000e+04
56100.000000 2.11227000e+04
56300.000000 2.08303000e+04
56500.000000 2.05415000e+04
56700.000000 2.02328000e+04
56900.000000 1.99081000e+04
57100.000000 1.95748000e+04
57300.000000 1.93580000e+04
57500.000000 1.91393000e+04
57700.000000 1.89140000e+04
57900.000000 1.86589000e+04
58100.000000 1.84079000e+04
58300.000000 1.81421000e+04
58500.000000 1.78741000e+04
58700.000000 1.75885000e+04
58900.000000 1.71532000e+04
59100.000000 1.64420000e+04
59300.000000 1.67383000e+04
59500.000000 1.65515000e+04
59700.000000 1.63985000e+04
59900.000000 1.62682000e+04
60100.000000 1.60850000e+04
60300.000000 1.58883000e+04
60500.000000 1.56878000e+04
60700.000000 1.54884000e+04
60900.000000 1.52914000e+04
61100.000000 1.51077000e+04
61300.000000 1.49321000e+04
61500.000000 1.47425000e+04
61700.000000 1.45550000e+04
61900.000000 1.43510000e+04
62100.000000 1.41591000e+04
62300.000000 1.39732000e+04
62500.000000 1.37778000e+04
62700.000000 1.35425000e+04
62900.000000 1.32251000e+04
63100.000000 1.31840000e+04
63300.000000 1.30989000e+04
63500.000000 1.29614000e+04
63700.000000 1.28161000e+04
63900.000000 1.26797000e+04
64200.000000 1.24481000e+04
64600.000000 1.21482000e+04
65000.000000 1.18565000e+04
65400.000000 1.15727000e+04
65800.000000 1.12985000e+04
66200.000000 1.10317000e+04
66600.000000 1.07730000e+04
67000.000000 1.05013000e+04
67400.000000 1.01937000e+04
67800.000000 9.83448000e+03
68200.000000 9.76886000e+03
68600.000000 9.58163000e+03
69000.000000 9.37036000e+03
69400.000000 9.15941000e+03
69800.000000 8.95421000e+03
70200.000000 8.75461000e+03
70600.000000 8.56045000e+03
71000.000000 8.37235000e+03
71400.000000 8.18865000e+03
71800.000000 8.01070000e+03
72200.000000 7.83691000e+03
72600.000000 7.66788000e+03
73000.000000 7.50348000e+03
73400.000000 7.34361000e+03
73800.000000 7.17222000e+03
74200.000000 6.98699000e+03
74600.000000 6.66734000e+03
75000.000000 6.49321000e+03
75400.000000 6.52390000e+03
75800.000000 6.44309000e+03
76200.000000 6.32106000e+03
76600.000000 6.20604000e+03
77000.000000 6.07990000e+03
77400.000000 5.94610000e+03
77800.000000 5.81733000e+03
78200.000000 5.71115000e+03
78600.000000 5.60616000e+03
79000.000000 5.49502000e+03
79400.000000 5.38661000e+03
79800.000000 5.28086000e+03
80200.000000 5.17771000e+03
80600.000000 5.07698000e+03
81000.000000 4.97345000e+03
81400.000000 4.86169000e+03
81800.000000 4.77277000e+03
82200.000000 4.69621000e+03
82600.000000 4.60876000e+03
83000.000000 4.52168000e+03
83400.000000 4.43665000e+03
83800.000000 4.35363000e+03
84200.000000 4.27251000e+03
84600.000000 4.19325000e+03
85000.000000 4.11587000e+03
85400.000000 4.04021000e+03
85800.000000 3.96624000e+03
86200.000000 3.88181000e+03
86600.000000 3.79077000e+03
87000.000000 3.73235000e+03
87400.000000 3.61827000e+03
87800.000000 3.55430000e+03
88200.000000 3.54494000e+03
88600.000000 3.49357000e+03
89000.000000 3.43194000e+03
89400.000000 3.37170000e+03
89800.000000 3.31272000e+03
90200.000000 3.25502000e+03
90600.000000 3.19857000e+03
91000.000000 3.14331000e+03
91400.000000 3.08925000e+03
91800.000000 3.03637000e+03
92200.000000 2.98460000e+03
92600.000000 2.93391000e+03
93000.000000 2.88199000e+03
93400.000000 2.82553000e+03
93800.000000 2.75297000e+03
94200.000000 2.72102000e+03
94600.000000 2.68917000e+03
95000.000000 2.65101000e+03
95400.000000 2.60775000e+03
95800.000000 2.56496000e+03
96200.000000 2.52304000e+03
96600.000000 2.48192000e+03
97000.000000 2.44167000e+03
97400.000000 2.40224000e+03
97800.000000 2.36357000e+03
98200.000000 2.32568000e+03
98600.000000 2.28856000e+03
99000.000000 2.25219000e+03
99400.000000 2.21652000e+03
99800.000000 2.18154000e+03
100200.000000 2.14727000e+03
200000.000000 1.37685000e+02
400000.000000 8.63605000e+00
600000.000000 1.70407000e+00
800000.000000 5.38252000e-01
1000000.000000 2.20082000e-01
1200000.000000 1.05963000e-01
1400000.000000 5.71129000e-02
1600000.000000 3.34362000e-02
