# Kurucz ODFNEW /NOVER, alpha: 0.0 (2003)
# teff = 7000 K (value for the effective temperature for the model. Temperatures are given in K)
# logg = 4 log(cm/s2) (value for Log(G) for the model.)
# lh = 1.25  (l/Hp where l is the  mixing length of the convective element and Hp is the pressure scale height)
# meta = 0  (value for the Metallicity for the model.)
# vtur = 2 km/s (Microturbulence velocity)
# alpha = 0  (Alpha)
#
# column 1: WAVELENGTH (ANGSTROM), Wavelength in Angstrom
# column 2: FLUX (ERG/CM2/S/A), Flux in erg/cm2/s/A
166.000000 2.25770000e-68
170.300000 2.29464000e-66
173.400000 5.55066000e-65
176.800000 1.60270000e-63
180.200000 4.06476000e-62
181.700000 1.62697000e-61
186.100000 8.34123000e-60
191.000000 5.37289000e-58
193.900000 5.69926000e-57
198.400000 1.93463000e-55
201.800000 2.49767000e-54
205.000000 2.56553000e-53
210.500000 1.18119000e-51
216.200000 5.06277000e-50
219.800000 4.90227000e-49
223.000000 3.45548000e-48
226.800000 3.26713000e-47
230.000000 2.04417000e-46
234.000000 1.87663000e-45
240.000000 4.52664000e-44
246.500000 1.18954000e-42
252.400000 1.98939000e-41
256.800000 1.49032000e-40
260.000000 6.16755000e-40
264.000000 3.46265000e-39
268.500000 2.26010000e-38
273.500000 1.68516000e-37
278.500000 1.16770000e-36
284.000000 9.04177000e-36
290.000000 7.68868000e-35
296.000000 5.96508000e-34
301.000000 3.08678000e-33
308.000000 2.80764000e-32
318.000000 5.51437000e-31
328.000000 8.96196000e-30
338.000000 1.22462000e-28
348.000000 1.43053000e-27
357.000000 1.15387000e-26
366.000000 8.36952000e-26
375.000000 5.48732000e-25
385.000000 3.97837000e-24
395.000000 2.59298000e-23
405.000000 1.53285000e-22
414.000000 7.02241000e-22
422.000000 2.56309000e-21
430.000000 8.88910000e-21
441.000000 4.54521000e-20
451.000000 1.86067000e-19
460.000000 6.25805000e-19
470.000000 2.27300000e-18
480.000000 7.79245000e-18
490.000000 2.53261000e-17
500.000000 7.81864000e-17
506.000000 1.99227000e-16
512.000000 4.23588000e-16
520.000000 9.63516000e-16
530.000000 2.61028000e-15
540.000000 6.68501000e-15
550.000000 1.67143000e-14
560.000000 4.00840000e-14
570.000000 9.29683000e-14
580.000000 2.06496000e-13
590.000000 4.55409000e-13
600.000000 9.64940000e-13
610.000000 1.99178000e-12
620.000000 4.00388000e-12
630.000000 7.85579000e-12
640.000000 1.50655000e-11
650.000000 2.82676000e-11
658.000000 4.60536000e-11
665.000000 6.97643000e-11
675.000000 1.24423000e-10
685.000000 2.17844000e-10
695.000000 3.74448000e-10
705.000000 6.30357000e-10
716.000000 1.10508000e-09
726.000000 1.80532000e-09
735.000000 2.77241000e-09
745.000000 4.40346000e-09
755.000000 6.90112000e-09
765.000000 1.06789000e-08
775.000000 1.63061000e-08
785.000000 2.46215000e-08
795.000000 3.63839000e-08
805.000000 5.39237000e-08
815.000000 7.88992000e-08
825.000000 1.13922000e-07
835.000000 1.62855000e-07
845.000000 2.30546000e-07
855.000000 3.23384000e-07
865.000000 4.49462000e-07
875.000000 6.17726000e-07
885.000000 8.46171000e-07
895.000000 1.14713000e-06
905.000000 1.54073000e-06
915.000000 1.94218000e-03
925.000000 6.36758000e-03
935.000000 8.69056000e-03
945.000000 1.17909000e-02
955.000000 1.65393000e-02
965.000000 2.21602000e-02
975.000000 2.93580000e-02
985.000000 3.87883000e-02
995.000000 5.07164000e-02
1005.000000 6.77201000e-02
1015.000000 8.78429000e-02
1025.000000 1.11266000e-01
1035.000000 1.45529000e-01
1045.000000 1.85918000e-01
1055.000000 2.36370000e-01
1065.000000 2.98311000e-01
1075.000000 3.76330000e-01
1085.000000 4.72150000e-01
1095.000000 5.87642000e-01
1105.000000 1.34503000e+00
1115.000000 4.13691000e+00
1125.000000 6.13989000e+00
1135.000000 8.86271000e+00
1145.000000 1.14680000e+01
1155.000000 1.28786000e+01
1165.000000 1.76756000e+01
1175.000000 2.13634000e+01
1185.000000 2.29594000e+01
1195.000000 1.37612000e+01
1205.000000 1.33412000e+01
1215.000000 5.73276000e+00
1225.000000 1.64263000e+01
1235.000000 3.67510000e+01
1245.000000 7.73717000e+01
1255.000000 1.54390000e+02
1265.000000 1.56648000e+02
1275.000000 2.28593000e+02
1285.000000 3.11290000e+02
1295.000000 3.78139000e+02
1305.000000 3.55443000e+02
1315.000000 4.96264000e+02
1325.000000 5.79785000e+02
1335.000000 6.54289000e+02
1345.000000 7.79271000e+02
1355.000000 8.32282000e+02
1365.000000 9.45653000e+02
1375.000000 1.02672000e+03
1385.000000 1.11264000e+03
1395.000000 1.27200000e+03
1405.000000 1.44167000e+03
1415.000000 1.54874000e+03
1425.000000 1.70897000e+03
1435.000000 1.81152000e+03
1442.000000 2.12102000e+03
1447.000000 2.15677000e+03
1455.000000 2.40930000e+03
1465.000000 2.55117000e+03
1475.000000 2.77037000e+03
1485.000000 3.07571000e+03
1495.000000 3.55875000e+03
1505.000000 3.98896000e+03
1512.000000 3.96431000e+03
1517.000000 4.37596000e+03
1525.000000 5.05459000e+03
1535.000000 9.40295000e+03
1545.000000 1.27470000e+04
1555.000000 1.44768000e+04
1565.000000 1.37021000e+04
1575.000000 1.88773000e+04
1585.000000 2.11112000e+04
1595.000000 2.46989000e+04
1605.000000 2.49303000e+04
1615.000000 2.63977000e+04
1625.000000 2.73492000e+04
1635.000000 3.44919000e+04
1645.000000 4.28989000e+04
1655.000000 2.96924000e+04
1665.000000 4.90673000e+04
1672.000000 3.35361000e+04
1677.000000 5.72382000e+04
1685.000000 9.49777000e+04
1695.000000 1.27151000e+05
1705.000000 2.94487000e+05
1715.000000 7.83860000e+05
1725.000000 1.00170000e+06
1735.000000 1.43497000e+06
1745.000000 1.30908000e+06
1755.000000 1.94173000e+06
1765.000000 1.10347000e+06
1775.000000 1.73154000e+06
1785.000000 1.80926000e+06
1795.000000 2.80733000e+06
1805.000000 1.87265000e+06
1815.000000 2.08045000e+06
1825.000000 1.85762000e+06
1835.000000 1.85499000e+06
1845.000000 1.40929000e+06
1855.000000 2.04764000e+06
1865.000000 2.83904000e+06
1875.000000 2.53559000e+06
1885.000000 2.72239000e+06
1895.000000 3.10183000e+06
1905.000000 2.80848000e+06
1915.000000 3.02649000e+06
1925.000000 2.44726000e+06
1935.000000 1.06351000e+06
1945.000000 3.23539000e+06
1955.000000 3.49877000e+06
1967.000000 4.10342000e+06
1976.000000 3.77918000e+06
1984.000000 3.50605000e+06
1995.000000 3.68700000e+06
2005.000000 3.37995000e+06
2015.000000 3.33517000e+06
2025.000000 2.91250000e+06
2035.000000 3.92274000e+06
2045.000000 4.38065000e+06
2055.000000 3.99966000e+06
2065.000000 3.75702000e+06
2074.000000 4.51395000e+06
2078.000000 6.18224000e+06
2085.000000 5.77518000e+06
2095.000000 5.39152000e+06
2105.000000 5.48843000e+06
2115.000000 6.23665000e+06
2125.000000 5.98896000e+06
2135.000000 4.93675000e+06
2145.000000 6.37432000e+06
2155.000000 6.51834000e+06
2165.000000 5.79406000e+06
2175.000000 5.89149000e+06
2185.000000 6.74080000e+06
2195.000000 7.26025000e+06
2205.000000 6.77319000e+06
2215.000000 5.33325000e+06
2225.000000 5.50519000e+06
2235.000000 7.16221000e+06
2245.000000 6.56821000e+06
2255.000000 5.18802000e+06
2265.000000 5.21457000e+06
2275.000000 6.08466000e+06
2285.000000 6.87406000e+06
2295.000000 5.81128000e+06
2305.000000 6.66197000e+06
2315.000000 6.09912000e+06
2325.000000 5.88738000e+06
2335.000000 4.08312000e+06
2345.000000 2.70040000e+06
2355.000000 5.31175000e+06
2365.000000 2.92649000e+06
2375.000000 4.09875000e+06
2385.000000 2.11339000e+06
2395.000000 2.90184000e+06
2405.000000 2.86493000e+06
2415.000000 3.42189000e+06
2425.000000 5.65457000e+06
2435.000000 5.50383000e+06
2445.000000 6.42605000e+06
2455.000000 6.58133000e+06
2465.000000 6.19671000e+06
2475.000000 5.47533000e+06
2485.000000 4.89523000e+06
2495.000000 4.81576000e+06
2505.000000 6.99543000e+06
2513.000000 4.51485000e+06
2518.000000 4.21939000e+06
2525.000000 3.47898000e+06
2535.000000 3.19370000e+06
2545.000000 3.47361000e+06
2555.000000 5.18763000e+06
2565.000000 4.61565000e+06
2575.000000 5.86233000e+06
2585.000000 5.56196000e+06
2595.000000 5.18132000e+06
2605.000000 4.47383000e+06
2615.000000 4.00473000e+06
2625.000000 5.66300000e+06
2635.000000 7.39544000e+06
2645.000000 9.97554000e+06
2655.000000 1.12724000e+07
2665.000000 8.09078000e+06
2675.000000 9.37819000e+06
2685.000000 9.64813000e+06
2695.000000 8.12484000e+06
2705.000000 9.33093000e+06
2715.000000 7.62533000e+06
2725.000000 7.65267000e+06
2735.000000 8.54515000e+06
2745.000000 4.77552000e+06
2755.000000 6.01326000e+06
2765.000000 7.23427000e+06
2775.000000 8.71593000e+06
2785.000000 6.02818000e+06
2795.000000 1.95251000e+06
2805.000000 2.66113000e+06
2815.000000 8.47997000e+06
2825.000000 1.11358000e+07
2835.000000 1.04269000e+07
2845.000000 9.69375000e+06
2855.000000 6.99427000e+06
2865.000000 1.06705000e+07
2875.000000 1.08607000e+07
2885.000000 1.04905000e+07
2895.000000 1.02581000e+07
2910.000000 1.28802000e+07
2930.000000 1.17812000e+07
2950.000000 1.16060000e+07
2970.000000 1.27353000e+07
2990.000000 1.26629000e+07
3010.000000 1.33101000e+07
3030.000000 1.31293000e+07
3050.000000 1.33355000e+07
3070.000000 1.35828000e+07
3090.000000 1.40124000e+07
3110.000000 1.36306000e+07
3130.000000 1.34727000e+07
3150.000000 1.37578000e+07
3170.000000 1.39012000e+07
3190.000000 1.26386000e+07
3210.000000 1.35038000e+07
3230.000000 1.21163000e+07
3250.000000 1.35501000e+07
3270.000000 1.44901000e+07
3290.000000 1.43340000e+07
3310.000000 1.47603000e+07
3330.000000 1.44901000e+07
3350.000000 1.42843000e+07
3370.000000 1.36194000e+07
3390.000000 1.41246000e+07
3410.000000 1.40884000e+07
3430.000000 1.42259000e+07
3450.000000 1.44248000e+07
3470.000000 1.42399000e+07
3490.000000 1.44090000e+07
3510.000000 1.47945000e+07
3530.000000 1.43715000e+07
3550.000000 1.55358000e+07
3570.000000 1.40415000e+07
3590.000000 1.39019000e+07
3610.000000 1.41689000e+07
3630.000000 1.42851000e+07
3640.000000 1.41441000e+07
3650.000000 1.54099000e+07
3670.000000 1.51168000e+07
3690.000000 1.46189000e+07
3710.000000 1.52973000e+07
3730.000000 1.50151000e+07
3750.000000 1.74350000e+07
3770.000000 1.87931000e+07
3790.000000 2.14129000e+07
3810.000000 2.39381000e+07
3830.000000 1.91407000e+07
3850.000000 2.51855000e+07
3870.000000 2.69802000e+07
3890.000000 1.97727000e+07
3910.000000 2.64359000e+07
3930.000000 1.82556000e+07
3950.000000 2.51089000e+07
3970.000000 1.61987000e+07
3990.000000 2.72039000e+07
4010.000000 2.91401000e+07
4030.000000 2.90882000e+07
4050.000000 2.85697000e+07
4070.000000 2.80144000e+07
4090.000000 2.60317000e+07
4110.000000 2.19359000e+07
4130.000000 2.81362000e+07
4150.000000 2.93246000e+07
4170.000000 2.89639000e+07
4190.000000 2.87181000e+07
4210.000000 2.86860000e+07
4230.000000 2.77374000e+07
4250.000000 2.83655000e+07
4270.000000 2.74785000e+07
4290.000000 2.70305000e+07
4310.000000 2.49975000e+07
4330.000000 2.37866000e+07
4350.000000 2.11534000e+07
4370.000000 2.75905000e+07
4390.000000 2.71833000e+07
4410.000000 2.70187000e+07
4430.000000 2.67753000e+07
4450.000000 2.69156000e+07
4470.000000 2.71599000e+07
4490.000000 2.69969000e+07
4510.000000 2.82398000e+07
4530.000000 2.65682000e+07
4550.000000 2.66135000e+07
4570.000000 2.77214000e+07
4590.000000 2.64575000e+07
4610.000000 2.69889000e+07
4630.000000 2.63678000e+07
4650.000000 2.65666000e+07
4670.000000 2.68094000e+07
4690.000000 2.59424000e+07
4710.000000 2.49295000e+07
4730.000000 2.61268000e+07
4750.000000 2.61644000e+07
4770.000000 2.58528000e+07
4790.000000 2.56554000e+07
4810.000000 2.53008000e+07
4830.000000 2.48576000e+07
4850.000000 2.14514000e+07
4870.000000 1.79319000e+07
4890.000000 2.35628000e+07
4910.000000 2.40182000e+07
4930.000000 2.36641000e+07
4950.000000 2.42189000e+07
4970.000000 2.43874000e+07
4990.000000 2.31665000e+07
5010.000000 2.23815000e+07
5030.000000 2.32775000e+07
5050.000000 2.29753000e+07
5070.000000 2.34993000e+07
5090.000000 2.29777000e+07
5110.000000 2.30853000e+07
5130.000000 2.25578000e+07
5150.000000 2.20320000e+07
5170.000000 2.15335000e+07
5190.000000 2.12965000e+07
5210.000000 2.16163000e+07
5230.000000 2.16579000e+07
5250.000000 2.19812000e+07
5270.000000 2.02941000e+07
5290.000000 2.15383000e+07
5310.000000 2.15514000e+07
5330.000000 2.04272000e+07
5350.000000 2.12027000e+07
5370.000000 2.10437000e+07
5390.000000 2.08386000e+07
5410.000000 2.03051000e+07
5430.000000 2.05800000e+07
5450.000000 2.07450000e+07
5470.000000 2.04450000e+07
5490.000000 2.03063000e+07
5510.000000 2.02411000e+07
5530.000000 2.01233000e+07
5550.000000 2.01815000e+07
5570.000000 1.97758000e+07
5590.000000 1.95357000e+07
5610.000000 1.96253000e+07
5630.000000 1.96620000e+07
5650.000000 1.94652000e+07
5670.000000 1.91043000e+07
5690.000000 1.91901000e+07
5710.000000 1.89751000e+07
5730.000000 1.93638000e+07
5750.000000 1.89570000e+07
5770.000000 1.89502000e+07
5790.000000 1.86948000e+07
5810.000000 1.87047000e+07
5830.000000 1.86786000e+07
5850.000000 1.83959000e+07
5870.000000 1.83199000e+07
5890.000000 1.77994000e+07
5910.000000 1.80717000e+07
5930.000000 1.79425000e+07
5950.000000 1.78678000e+07
5970.000000 1.77674000e+07
5990.000000 1.75744000e+07
6010.000000 1.73314000e+07
6030.000000 1.72591000e+07
6050.000000 1.72923000e+07
6070.000000 1.72430000e+07
6090.000000 1.69928000e+07
6110.000000 1.67919000e+07
6130.000000 1.64189000e+07
6150.000000 1.62953000e+07
6170.000000 1.61067000e+07
6190.000000 1.64403000e+07
6210.000000 1.63786000e+07
6230.000000 1.60950000e+07
6250.000000 1.56382000e+07
6270.000000 1.60474000e+07
6290.000000 1.59713000e+07
6310.000000 1.56223000e+07
6330.000000 1.55961000e+07
6350.000000 1.54625000e+07
6370.000000 1.53711000e+07
6390.000000 1.53701000e+07
6410.000000 1.50827000e+07
6430.000000 1.51047000e+07
6450.000000 1.48691000e+07
6470.000000 1.48484000e+07
6490.000000 1.45915000e+07
6510.000000 1.46282000e+07
6530.000000 1.43824000e+07
6550.000000 1.31698000e+07
6570.000000 1.09515000e+07
6590.000000 1.37955000e+07
6610.000000 1.41821000e+07
6630.000000 1.41858000e+07
6650.000000 1.41253000e+07
6670.000000 1.39780000e+07
6690.000000 1.40091000e+07
6710.000000 1.38629000e+07
6730.000000 1.38197000e+07
6750.000000 1.36206000e+07
6770.000000 1.36429000e+07
6790.000000 1.35374000e+07
6810.000000 1.34377000e+07
6830.000000 1.33583000e+07
6850.000000 1.32105000e+07
6870.000000 1.32000000e+07
6890.000000 1.31282000e+07
6910.000000 1.30294000e+07
6930.000000 1.29418000e+07
6950.000000 1.28659000e+07
6970.000000 1.27820000e+07
6990.000000 1.27198000e+07
7010.000000 1.24618000e+07
7030.000000 1.24962000e+07
7050.000000 1.24602000e+07
7070.000000 1.23695000e+07
7090.000000 1.22916000e+07
7110.000000 1.20563000e+07
7130.000000 1.20570000e+07
7150.000000 1.19903000e+07
7170.000000 1.18942000e+07
7190.000000 1.17458000e+07
7210.000000 1.17547000e+07
7230.000000 1.16782000e+07
7250.000000 1.16246000e+07
7270.000000 1.15978000e+07
7290.000000 1.13981000e+07
7310.000000 1.14063000e+07
7330.000000 1.13379000e+07
7350.000000 1.13174000e+07
7370.000000 1.12588000e+07
7390.000000 1.10773000e+07
7410.000000 1.09297000e+07
7430.000000 1.09112000e+07
7450.000000 1.08785000e+07
7470.000000 1.08230000e+07
7490.000000 1.07526000e+07
7510.000000 1.07268000e+07
7530.000000 1.06778000e+07
7550.000000 1.06583000e+07
7570.000000 1.05534000e+07
7590.000000 1.05012000e+07
7610.000000 1.04220000e+07
7630.000000 1.03855000e+07
7650.000000 1.02985000e+07
7670.000000 1.01308000e+07
7690.000000 1.01432000e+07
7710.000000 1.00704000e+07
7730.000000 1.00467000e+07
7750.000000 9.93656000e+06
7770.000000 9.79312000e+06
7790.000000 9.90617000e+06
7810.000000 9.82338000e+06
7830.000000 9.70936000e+06
7850.000000 9.63977000e+06
7870.000000 9.62734000e+06
7890.000000 9.56043000e+06
7910.000000 9.47783000e+06
7930.000000 9.33962000e+06
7950.000000 9.32488000e+06
7970.000000 9.37303000e+06
7990.000000 9.28663000e+06
8010.000000 9.22152000e+06
8030.000000 9.15402000e+06
8050.000000 9.10162000e+06
8070.000000 9.07565000e+06
8090.000000 8.98133000e+06
8110.000000 8.98520000e+06
8130.000000 8.95245000e+06
8150.000000 8.88701000e+06
8170.000000 8.83339000e+06
8190.000000 8.62518000e+06
8210.000000 8.61339000e+06
8230.000000 8.56490000e+06
8250.000000 8.53782000e+06
8270.000000 8.58525000e+06
8290.000000 8.52305000e+06
8310.000000 8.41879000e+06
8330.000000 8.30838000e+06
8350.000000 8.34481000e+06
8370.000000 8.32810000e+06
8390.000000 8.22422000e+06
8410.000000 8.22457000e+06
8430.000000 8.13151000e+06
8450.000000 8.00970000e+06
8470.000000 7.98663000e+06
8490.000000 7.96629000e+06
8510.000000 7.58920000e+06
8530.000000 7.87622000e+06
8550.000000 6.91386000e+06
8570.000000 7.92136000e+06
8590.000000 7.63996000e+06
8610.000000 7.52065000e+06
8630.000000 7.81564000e+06
8650.000000 7.65064000e+06
8670.000000 6.55490000e+06
8690.000000 7.51003000e+06
8710.000000 7.69458000e+06
8730.000000 7.55210000e+06
8750.000000 6.71261000e+06
8770.000000 7.39765000e+06
8790.000000 7.56003000e+06
8810.000000 7.50633000e+06
8830.000000 7.39989000e+06
8850.000000 7.07067000e+06
8870.000000 6.40437000e+06
8890.000000 7.24838000e+06
8910.000000 7.34305000e+06
8930.000000 7.28374000e+06
8950.000000 7.31190000e+06
8970.000000 7.23672000e+06
8990.000000 7.09595000e+06
9010.000000 6.17904000e+06
9030.000000 6.62665000e+06
9050.000000 7.04771000e+06
9070.000000 6.94018000e+06
9090.000000 6.81074000e+06
9110.000000 6.93203000e+06
9130.000000 6.99163000e+06
9150.000000 6.96515000e+06
9170.000000 6.89716000e+06
9190.000000 6.81499000e+06
9210.000000 6.51672000e+06
9230.000000 5.61117000e+06
9250.000000 6.33544000e+06
9270.000000 6.54574000e+06
9290.000000 6.67604000e+06
9310.000000 6.67043000e+06
9330.000000 6.62758000e+06
9350.000000 6.60658000e+06
9370.000000 6.58141000e+06
9390.000000 6.52392000e+06
9410.000000 6.26563000e+06
9430.000000 6.40176000e+06
9450.000000 6.36119000e+06
9470.000000 6.37930000e+06
9490.000000 6.33654000e+06
9510.000000 6.22536000e+06
9530.000000 5.96531000e+06
9550.000000 5.16626000e+06
9570.000000 5.94681000e+06
9590.000000 6.11005000e+06
9610.000000 6.06996000e+06
9630.000000 6.01024000e+06
9650.000000 6.03795000e+06
9670.000000 5.96102000e+06
9690.000000 5.95610000e+06
9710.000000 5.99752000e+06
9730.000000 5.96533000e+06
9750.000000 5.87827000e+06
9770.000000 5.89488000e+06
9790.000000 5.85942000e+06
9810.000000 5.84064000e+06
9830.000000 5.80130000e+06
9850.000000 5.75136000e+06
9870.000000 5.71145000e+06
9890.000000 5.65949000e+06
9910.000000 5.62823000e+06
9930.000000 5.63958000e+06
9950.000000 5.60399000e+06
9970.000000 5.57471000e+06
9990.000000 5.52901000e+06
10025.000000 5.23857000e+06
10075.000000 5.02674000e+06
10125.000000 5.30942000e+06
10175.000000 5.26283000e+06
10225.000000 5.22698000e+06
10275.000000 5.17552000e+06
10325.000000 5.07886000e+06
10375.000000 5.02583000e+06
10425.000000 4.96803000e+06
10475.000000 4.84518000e+06
10525.000000 4.82170000e+06
10575.000000 4.76038000e+06
10625.000000 4.69966000e+06
10675.000000 4.55293000e+06
10725.000000 4.55086000e+06
10775.000000 4.50029000e+06
10825.000000 4.41637000e+06
10875.000000 4.34782000e+06
10925.000000 3.91515000e+06
10975.000000 4.12289000e+06
11025.000000 4.23993000e+06
11075.000000 4.22077000e+06
11125.000000 4.15644000e+06
11175.000000 4.10485000e+06
11225.000000 4.07105000e+06
11275.000000 3.95501000e+06
11325.000000 3.91693000e+06
11375.000000 3.89946000e+06
11425.000000 3.82298000e+06
11475.000000 3.83437000e+06
11525.000000 3.79096000e+06
11575.000000 3.73494000e+06
11625.000000 3.64518000e+06
11675.000000 3.58887000e+06
11725.000000 3.61587000e+06
11775.000000 3.50046000e+06
11825.000000 3.48897000e+06
11875.000000 3.42572000e+06
11925.000000 3.45772000e+06
11975.000000 3.35692000e+06
12025.000000 3.35199000e+06
12075.000000 3.30310000e+06
12125.000000 3.27207000e+06
12175.000000 3.25618000e+06
12225.000000 3.21473000e+06
12275.000000 3.16909000e+06
12325.000000 3.13772000e+06
12375.000000 3.10504000e+06
12425.000000 3.07473000e+06
12475.000000 3.03997000e+06
12525.000000 2.99605000e+06
12575.000000 2.95036000e+06
12625.000000 2.92632000e+06
12675.000000 2.89578000e+06
12725.000000 2.86097000e+06
12775.000000 2.76914000e+06
12825.000000 2.43586000e+06
12875.000000 2.71970000e+06
12925.000000 2.73072000e+06
12975.000000 2.71508000e+06
13025.000000 2.68584000e+06
13075.000000 2.66534000e+06
13125.000000 2.62342000e+06
13175.000000 2.58857000e+06
13225.000000 2.57894000e+06
13275.000000 2.54245000e+06
13325.000000 2.52128000e+06
13375.000000 2.49215000e+06
13425.000000 2.46965000e+06
13475.000000 2.44285000e+06
13525.000000 2.41143000e+06
13575.000000 2.37673000e+06
13625.000000 2.36318000e+06
13675.000000 2.33364000e+06
13725.000000 2.28987000e+06
13775.000000 2.27923000e+06
13825.000000 2.25824000e+06
13875.000000 2.24610000e+06
13925.000000 2.21077000e+06
13975.000000 2.19150000e+06
14025.000000 2.16614000e+06
14075.000000 2.15078000e+06
14125.000000 2.11839000e+06
14175.000000 2.10591000e+06
14225.000000 2.07140000e+06
14275.000000 2.04305000e+06
14325.000000 2.03818000e+06
14375.000000 2.02366000e+06
14425.000000 1.94900000e+06
14475.000000 1.97673000e+06
14525.000000 1.92958000e+06
14570.000000 1.93329000e+06
14620.000000 1.90864000e+06
14675.000000 1.89488000e+06
14725.000000 1.86310000e+06
14775.000000 1.84067000e+06
14825.000000 1.82948000e+06
14875.000000 1.79557000e+06
14925.000000 1.80792000e+06
14975.000000 1.77974000e+06
15025.000000 1.75022000e+06
15075.000000 1.72935000e+06
15125.000000 1.73078000e+06
15175.000000 1.71645000e+06
15225.000000 1.69024000e+06
15275.000000 1.67855000e+06
15325.000000 1.65847000e+06
15375.000000 1.64356000e+06
15425.000000 1.61360000e+06
15475.000000 1.60697000e+06
15525.000000 1.59179000e+06
15575.000000 1.56062000e+06
15625.000000 1.57225000e+06
15675.000000 1.53180000e+06
15725.000000 1.50516000e+06
15775.000000 1.50252000e+06
15825.000000 1.49935000e+06
15875.000000 1.41027000e+06
15925.000000 1.45921000e+06
15975.000000 1.46520000e+06
16050.000000 1.42648000e+06
16150.000000 1.36008000e+06
16250.000000 1.39866000e+06
16350.000000 1.33499000e+06
16450.000000 1.26049000e+06
16550.000000 1.31620000e+06
16650.000000 1.29187000e+06
16750.000000 1.22182000e+06
16850.000000 1.14735000e+06
16950.000000 1.21317000e+06
17050.000000 1.18393000e+06
17150.000000 1.16362000e+06
17250.000000 1.12300000e+06
17350.000000 1.00553000e+06
17450.000000 1.06403000e+06
17550.000000 1.06469000e+06
17650.000000 1.04412000e+06
17750.000000 1.02627000e+06
17850.000000 1.00558000e+06
17950.000000 9.88925000e+05
18050.000000 9.58178000e+05
18150.000000 8.64086000e+05
18250.000000 9.00678000e+05
18350.000000 9.07133000e+05
18450.000000 8.89214000e+05
18550.000000 8.71026000e+05
18650.000000 8.46839000e+05
18750.000000 7.56497000e+05
18850.000000 8.10792000e+05
18950.000000 7.95847000e+05
19050.000000 7.94998000e+05
19150.000000 7.78509000e+05
19250.000000 7.62349000e+05
19350.000000 7.38653000e+05
19450.000000 6.63798000e+05
19550.000000 7.12785000e+05
19650.000000 7.06680000e+05
19750.000000 6.92897000e+05
19850.000000 6.83008000e+05
19950.000000 6.70394000e+05
20050.000000 6.59404000e+05
20150.000000 6.48635000e+05
20250.000000 6.34674000e+05
20350.000000 6.21110000e+05
20450.000000 6.14087000e+05
20550.000000 6.02407000e+05
20650.000000 5.89642000e+05
20750.000000 5.80237000e+05
20850.000000 5.70264000e+05
20950.000000 5.58919000e+05
21050.000000 5.50374000e+05
21150.000000 5.39362000e+05
21250.000000 5.29926000e+05
21350.000000 5.21263000e+05
21450.000000 5.12909000e+05
21550.000000 4.99870000e+05
21650.000000 4.50888000e+05
21750.000000 4.78574000e+05
21850.000000 4.76973000e+05
21950.000000 4.72020000e+05
22050.000000 4.61743000e+05
22150.000000 4.54765000e+05
22250.000000 4.48556000e+05
22350.000000 4.41082000e+05
22450.000000 4.33812000e+05
22550.000000 4.24320000e+05
22650.000000 4.18687000e+05
22750.000000 4.12533000e+05
22850.000000 4.05134000e+05
22950.000000 3.98622000e+05
23050.000000 3.93405000e+05
23150.000000 3.86569000e+05
23250.000000 3.80986000e+05
23350.000000 3.74427000e+05
23450.000000 3.69068000e+05
23550.000000 3.63163000e+05
23650.000000 3.57734000e+05
23750.000000 3.50954000e+05
23850.000000 3.45712000e+05
23950.000000 3.40940000e+05
24050.000000 3.35355000e+05
24150.000000 3.29800000e+05
24250.000000 3.25228000e+05
24350.000000 3.19614000e+05
24450.000000 3.15265000e+05
24550.000000 3.09396000e+05
24650.000000 3.05663000e+05
24750.000000 3.00566000e+05
24850.000000 2.95455000e+05
24950.000000 2.90749000e+05
25050.000000 2.88024000e+05
25150.000000 2.83684000e+05
25250.000000 2.77943000e+05
25350.000000 2.75303000e+05
25450.000000 2.71253000e+05
25550.000000 2.66572000e+05
25650.000000 2.59607000e+05
25750.000000 2.59510000e+05
25850.000000 2.55059000e+05
25950.000000 2.52482000e+05
26050.000000 2.47210000e+05
26150.000000 2.38459000e+05
26250.000000 2.22376000e+05
26350.000000 2.35189000e+05
26450.000000 2.34340000e+05
26550.000000 2.31397000e+05
26650.000000 2.26450000e+05
26750.000000 2.17473000e+05
26850.000000 2.21343000e+05
26950.000000 2.19667000e+05
27050.000000 2.16857000e+05
27150.000000 2.13990000e+05
27250.000000 2.11037000e+05
27350.000000 2.07960000e+05
27450.000000 2.04373000e+05
27550.000000 1.93496000e+05
27650.000000 1.95618000e+05
27750.000000 1.96348000e+05
27850.000000 1.94285000e+05
27950.000000 1.91928000e+05
28050.000000 1.89303000e+05
28150.000000 1.86805000e+05
28250.000000 1.84257000e+05
28350.000000 1.81914000e+05
28450.000000 1.79074000e+05
28550.000000 1.76477000e+05
28650.000000 1.71878000e+05
28750.000000 1.62585000e+05
28850.000000 1.68770000e+05
28950.000000 1.67633000e+05
29050.000000 1.65744000e+05
29150.000000 1.63350000e+05
29250.000000 1.61205000e+05
29350.000000 1.59395000e+05
29450.000000 1.57246000e+05
29550.000000 1.55338000e+05
29650.000000 1.53379000e+05
29750.000000 1.51388000e+05
29850.000000 1.49513000e+05
29950.000000 1.47470000e+05
30050.000000 1.45568000e+05
30150.000000 1.43684000e+05
30250.000000 1.41303000e+05
30350.000000 1.33298000e+05
30450.000000 1.34512000e+05
30550.000000 1.36233000e+05
30650.000000 1.34916000e+05
30750.000000 1.33454000e+05
30850.000000 1.31530000e+05
30950.000000 1.30024000e+05
31050.000000 1.28481000e+05
31150.000000 1.26376000e+05
31250.000000 1.25306000e+05
31350.000000 1.23807000e+05
31450.000000 1.22323000e+05
31550.000000 1.20811000e+05
31650.000000 1.19541000e+05
31750.000000 1.17960000e+05
31850.000000 1.16704000e+05
31950.000000 1.15351000e+05
32100.000000 1.13212000e+05
32300.000000 1.10640000e+05
32500.000000 1.08013000e+05
32700.000000 1.05371000e+05
32900.000000 9.89706000e+04
33100.000000 9.95456000e+04
33300.000000 9.80307000e+04
33500.000000 9.60077000e+04
33700.000000 9.36574000e+04
33900.000000 9.15787000e+04
34100.000000 8.95259000e+04
34300.000000 8.77068000e+04
34500.000000 8.59301000e+04
34700.000000 8.39944000e+04
34900.000000 8.22024000e+04
35100.000000 8.04305000e+04
35300.000000 7.86540000e+04
35500.000000 7.69990000e+04
35700.000000 7.52992000e+04
35900.000000 7.37171000e+04
36100.000000 7.21915000e+04
36300.000000 7.07120000e+04
36500.000000 6.90824000e+04
36700.000000 6.76854000e+04
36900.000000 6.60157000e+04
37100.000000 6.47366000e+04
37300.000000 6.24899000e+04
37500.000000 6.04857000e+04
37700.000000 6.09562000e+04
37900.000000 5.98215000e+04
38100.000000 5.84814000e+04
38300.000000 5.74202000e+04
38500.000000 5.64668000e+04
38700.000000 5.52634000e+04
38900.000000 5.40916000e+04
39100.000000 5.28177000e+04
39300.000000 5.21497000e+04
39500.000000 5.11014000e+04
39700.000000 5.01743000e+04
39900.000000 4.90289000e+04
40100.000000 4.78968000e+04
40300.000000 4.69332000e+04
40500.000000 4.49572000e+04
40700.000000 4.54489000e+04
40900.000000 4.46677000e+04
41100.000000 4.39173000e+04
41300.000000 4.31153000e+04
41500.000000 4.21976000e+04
41700.000000 4.08297000e+04
41900.000000 4.06619000e+04
42100.000000 3.99067000e+04
42300.000000 3.93238000e+04
42500.000000 3.85833000e+04
42700.000000 3.79149000e+04
42900.000000 3.72367000e+04
43100.000000 3.65634000e+04
43300.000000 3.58868000e+04
43500.000000 3.52311000e+04
43700.000000 3.39506000e+04
43900.000000 3.38374000e+04
44100.000000 3.33782000e+04
44300.000000 3.28414000e+04
44500.000000 3.22786000e+04
44700.000000 3.17547000e+04
44900.000000 3.12090000e+04
45100.000000 3.06809000e+04
45300.000000 3.01591000e+04
45500.000000 2.96488000e+04
45700.000000 2.91374000e+04
45900.000000 2.86426000e+04
46100.000000 2.81801000e+04
46300.000000 2.76613000e+04
46500.000000 2.63140000e+04
46700.000000 2.60666000e+04
46900.000000 2.62610000e+04
47100.000000 2.59230000e+04
47300.000000 2.55190000e+04
47500.000000 2.50941000e+04
47700.000000 2.46888000e+04
47900.000000 2.43024000e+04
48100.000000 2.39053000e+04
48300.000000 2.35301000e+04
48500.000000 2.31523000e+04
48700.000000 2.27862000e+04
48900.000000 2.24269000e+04
49100.000000 2.20664000e+04
49300.000000 2.17266000e+04
49500.000000 2.13791000e+04
49700.000000 2.10518000e+04
49900.000000 2.07306000e+04
50100.000000 2.04063000e+04
50300.000000 2.00940000e+04
50500.000000 1.97874000e+04
50700.000000 1.94880000e+04
50900.000000 1.91796000e+04
51100.000000 1.88350000e+04
51300.000000 1.80986000e+04
51500.000000 1.83006000e+04
51700.000000 1.80508000e+04
51900.000000 1.77944000e+04
52100.000000 1.75221000e+04
52300.000000 1.72644000e+04
52500.000000 1.70142000e+04
52700.000000 1.67550000e+04
52900.000000 1.65209000e+04
53100.000000 1.62804000e+04
53300.000000 1.60458000e+04
53500.000000 1.58102000e+04
53700.000000 1.55516000e+04
53900.000000 1.53430000e+04
54100.000000 1.51422000e+04
54300.000000 1.49146000e+04
54500.000000 1.47115000e+04
54700.000000 1.44870000e+04
54900.000000 1.42942000e+04
55100.000000 1.40901000e+04
55300.000000 1.38578000e+04
55500.000000 1.37030000e+04
55700.000000 1.35137000e+04
55900.000000 1.33063000e+04
56100.000000 1.31422000e+04
56300.000000 1.29586000e+04
56500.000000 1.27868000e+04
56700.000000 1.26100000e+04
56900.000000 1.24296000e+04
57100.000000 1.22063000e+04
57300.000000 1.20972000e+04
57500.000000 1.19403000e+04
57700.000000 1.17784000e+04
57900.000000 1.16174000e+04
58100.000000 1.14650000e+04
58300.000000 1.13144000e+04
58500.000000 1.11679000e+04
58700.000000 1.10154000e+04
58900.000000 1.08311000e+04
59100.000000 1.04287000e+04
59300.000000 1.05621000e+04
59500.000000 1.03499000e+04
59700.000000 1.02807000e+04
59900.000000 1.01802000e+04
60100.000000 1.00440000e+04
60300.000000 9.92154000e+03
60500.000000 9.79440000e+03
60700.000000 9.66565000e+03
60900.000000 9.53919000e+03
61100.000000 9.40883000e+03
61300.000000 9.30151000e+03
61500.000000 9.18613000e+03
61700.000000 9.06918000e+03
61900.000000 8.95413000e+03
62100.000000 8.84409000e+03
62300.000000 8.72072000e+03
62500.000000 8.62092000e+03
62700.000000 8.50343000e+03
62900.000000 8.30357000e+03
63100.000000 8.28110000e+03
63300.000000 8.20469000e+03
63500.000000 8.10404000e+03
63700.000000 8.00486000e+03
63900.000000 7.90694000e+03
64200.000000 7.76522000e+03
64600.000000 7.57601000e+03
65000.000000 7.39388000e+03
65400.000000 7.22242000e+03
65800.000000 7.05169000e+03
66200.000000 6.88532000e+03
66600.000000 6.72600000e+03
67000.000000 6.56906000e+03
67400.000000 6.41229000e+03
67800.000000 6.21277000e+03
68200.000000 6.12779000e+03
68600.000000 5.98882000e+03
69000.000000 5.85327000e+03
69400.000000 5.72146000e+03
69800.000000 5.59514000e+03
70200.000000 5.46941000e+03
70600.000000 5.35032000e+03
71000.000000 5.23445000e+03
71400.000000 5.11973000e+03
71800.000000 5.00833000e+03
72200.000000 4.89792000e+03
72600.000000 4.79442000e+03
73000.000000 4.69410000e+03
73400.000000 4.59287000e+03
73800.000000 4.49735000e+03
74200.000000 4.40089000e+03
74600.000000 4.24084000e+03
75000.000000 4.12768000e+03
75400.000000 4.12886000e+03
75800.000000 4.04895000e+03
76200.000000 3.96639000e+03
76600.000000 3.88584000e+03
77000.000000 3.80650000e+03
77400.000000 3.73053000e+03
77800.000000 3.65144000e+03
78200.000000 3.58307000e+03
78600.000000 3.51200000e+03
79000.000000 3.44266000e+03
79400.000000 3.37483000e+03
79800.000000 3.30873000e+03
80200.000000 3.24382000e+03
80600.000000 3.18086000e+03
81000.000000 3.12029000e+03
81400.000000 3.05360000e+03
81800.000000 2.99954000e+03
82200.000000 2.94494000e+03
82600.000000 2.88921000e+03
83000.000000 2.83479000e+03
83400.000000 2.78059000e+03
83800.000000 2.72878000e+03
84200.000000 2.67874000e+03
84600.000000 2.62968000e+03
85000.000000 2.58147000e+03
85400.000000 2.53400000e+03
85800.000000 2.48780000e+03
86200.000000 2.44251000e+03
86600.000000 2.38896000e+03
87000.000000 2.35549000e+03
87400.000000 2.29872000e+03
87800.000000 2.25774000e+03
88200.000000 2.23130000e+03
88600.000000 2.19205000e+03
89000.000000 2.15346000e+03
89400.000000 2.11599000e+03
89800.000000 2.07850000e+03
90200.000000 2.04283000e+03
90600.000000 2.00799000e+03
91000.000000 1.97277000e+03
91400.000000 1.93908000e+03
91800.000000 1.90639000e+03
92200.000000 1.87415000e+03
92600.000000 1.84231000e+03
93000.000000 1.81139000e+03
93400.000000 1.78087000e+03
93800.000000 1.74118000e+03
94200.000000 1.72053000e+03
94600.000000 1.69346000e+03
95000.000000 1.66550000e+03
95400.000000 1.63774000e+03
95800.000000 1.61140000e+03
96200.000000 1.58488000e+03
96600.000000 1.55947000e+03
97000.000000 1.53426000e+03
97400.000000 1.50890000e+03
97800.000000 1.48500000e+03
98200.000000 1.46137000e+03
98600.000000 1.43822000e+03
99000.000000 1.41555000e+03
99400.000000 1.39301000e+03
99800.000000 1.37112000e+03
100200.000000 1.34965000e+03
200000.000000 8.69492000e+01
400000.000000 5.43573000e+00
600000.000000 1.06656000e+00
800000.000000 3.35189000e-01
1000000.000000 1.36459000e-01
1200000.000000 6.54541000e-02
1400000.000000 3.51627000e-02
1600000.000000 2.05244000e-02
