# Kurucz ODFNEW /NOVER, alpha: 0.0 (2003)
# teff = 12000 K (value for the effective temperature for the model. Temperatures are given in K)
# logg = 2.5 log(cm/s2) (value for Log(G) for the model.)
# lh = 1.25  (l/Hp where l is the  mixing length of the convective element and Hp is the pressure scale height)
# meta = -1  (value for the Metallicity for the model.)
# vtur = 2 km/s (Microturbulence velocity)
# alpha = 0  (Alpha)
#
# column 1: WAVELENGTH (ANGSTROM), Wavelength in Angstrom
# column 2: FLUX (ERG/CM2/S/A), Flux in erg/cm2/s/A
219.800000 3.68183000e-23
223.000000 1.64187000e-22
226.800000 6.64462000e-22
230.000000 2.01903000e-21
234.000000 7.71540000e-21
240.000000 5.27977000e-20
246.500000 3.80659000e-19
252.400000 2.09063000e-18
256.800000 7.06772000e-18
260.000000 1.66909000e-17
264.000000 4.74247000e-17
268.500000 1.47745000e-16
273.500000 4.99157000e-16
278.500000 1.61295000e-15
284.000000 5.57882000e-15
290.000000 2.04330000e-14
296.000000 7.08475000e-14
301.000000 1.92068000e-13
308.000000 7.33491000e-13
318.000000 4.47460000e-12
328.000000 2.43391000e-11
338.000000 1.19270000e-10
348.000000 5.31541000e-10
357.000000 1.89318000e-09
366.000000 6.31707000e-09
375.000000 1.98356000e-08
385.000000 6.62241000e-08
395.000000 2.07378000e-07
405.000000 6.12023000e-07
414.000000 1.54634000e-06
422.000000 3.40293000e-06
430.000000 7.25953000e-06
441.000000 1.96286000e-05
451.000000 4.63593000e-05
460.000000 9.71182000e-05
470.000000 2.13213000e-04
480.000000 4.52010000e-04
490.000000 9.27545000e-04
500.000000 1.84552000e-03
506.000000 7.11227000e-03
512.000000 1.43826000e-02
520.000000 2.26079000e-02
530.000000 4.00656000e-02
540.000000 6.53682000e-02
550.000000 1.12994000e-01
560.000000 1.84112000e-01
570.000000 2.95945000e-01
580.000000 4.42870000e-01
590.000000 7.15764000e-01
600.000000 1.09974000e+00
610.000000 1.66223000e+00
620.000000 2.46393000e+00
630.000000 3.61666000e+00
640.000000 5.20992000e+00
650.000000 7.49286000e+00
658.000000 9.90454000e+00
665.000000 1.25518000e+01
675.000000 1.74414000e+01
685.000000 2.40534000e+01
695.000000 3.29290000e+01
705.000000 4.45269000e+01
716.000000 6.14003000e+01
726.000000 8.15820000e+01
735.000000 1.04450000e+02
745.000000 1.36770000e+02
755.000000 1.77577000e+02
765.000000 2.28609000e+02
775.000000 2.92841000e+02
785.000000 3.72264000e+02
795.000000 4.69707000e+02
805.000000 5.89547000e+02
815.000000 7.34827000e+02
825.000000 9.11402000e+02
835.000000 1.11880000e+03
845.000000 1.37739000e+03
855.000000 1.67832000e+03
865.000000 2.03982000e+03
875.000000 2.46234000e+03
885.000000 2.96319000e+03
895.000000 3.54538000e+03
905.000000 4.20443000e+03
915.000000 4.11123000e+04
925.000000 2.32191000e+05
935.000000 5.79816000e+05
945.000000 8.48651000e+06
955.000000 5.18113000e+07
965.000000 7.92195000e+07
975.000000 1.58622000e+07
985.000000 1.63533000e+08
995.000000 1.76039000e+08
1005.000000 1.96760000e+08
1015.000000 1.45806000e+08
1025.000000 5.77918000e+06
1035.000000 8.14071000e+07
1045.000000 2.45107000e+08
1055.000000 2.82019000e+08
1065.000000 2.50233000e+08
1075.000000 2.89442000e+08
1085.000000 2.78374000e+08
1095.000000 3.00548000e+08
1105.000000 2.89351000e+08
1115.000000 3.06905000e+08
1125.000000 3.16118000e+08
1135.000000 3.51280000e+08
1145.000000 3.35745000e+08
1155.000000 3.47127000e+08
1165.000000 3.79637000e+08
1175.000000 3.64744000e+08
1185.000000 3.26071000e+08
1195.000000 8.71449000e+07
1205.000000 4.51393000e+07
1215.000000 2.17459000e+06
1225.000000 3.37610000e+07
1235.000000 2.07037000e+08
1245.000000 3.94757000e+08
1255.000000 4.22983000e+08
1265.000000 3.35430000e+08
1275.000000 4.37093000e+08
1285.000000 4.74943000e+08
1295.000000 4.04220000e+08
1305.000000 3.24828000e+08
1315.000000 4.56657000e+08
1325.000000 4.63953000e+08
1335.000000 4.14392000e+08
1345.000000 4.91178000e+08
1355.000000 4.70926000e+08
1365.000000 4.26585000e+08
1375.000000 4.52962000e+08
1385.000000 4.67891000e+08
1395.000000 4.68563000e+08
1405.000000 4.77032000e+08
1415.000000 4.45345000e+08
1425.000000 4.51695000e+08
1435.000000 4.37884000e+08
1442.000000 4.62649000e+08
1447.000000 4.74463000e+08
1455.000000 4.71734000e+08
1465.000000 4.55047000e+08
1475.000000 4.41677000e+08
1485.000000 4.48237000e+08
1495.000000 4.52508000e+08
1505.000000 4.51505000e+08
1512.000000 4.38139000e+08
1517.000000 4.55080000e+08
1525.000000 4.35755000e+08
1535.000000 4.19223000e+08
1545.000000 4.45758000e+08
1555.000000 4.19010000e+08
1565.000000 4.01782000e+08
1575.000000 4.06401000e+08
1585.000000 4.27667000e+08
1595.000000 4.38965000e+08
1605.000000 4.14413000e+08
1615.000000 4.15941000e+08
1625.000000 3.91863000e+08
1635.000000 4.01064000e+08
1645.000000 4.02802000e+08
1655.000000 3.69147000e+08
1665.000000 4.02097000e+08
1672.000000 3.55170000e+08
1677.000000 3.85593000e+08
1685.000000 4.02401000e+08
1695.000000 3.86456000e+08
1705.000000 3.73720000e+08
1715.000000 3.64584000e+08
1725.000000 3.60774000e+08
1735.000000 3.74761000e+08
1745.000000 3.66606000e+08
1755.000000 3.83551000e+08
1765.000000 3.50847000e+08
1775.000000 3.74837000e+08
1785.000000 3.70401000e+08
1795.000000 3.82619000e+08
1805.000000 3.74090000e+08
1815.000000 3.66629000e+08
1825.000000 3.60484000e+08
1835.000000 3.51855000e+08
1845.000000 3.40305000e+08
1855.000000 3.32463000e+08
1865.000000 3.34226000e+08
1875.000000 3.52252000e+08
1885.000000 3.41527000e+08
1895.000000 3.31847000e+08
1905.000000 3.41245000e+08
1915.000000 3.31485000e+08
1925.000000 3.30307000e+08
1935.000000 3.31047000e+08
1945.000000 3.38576000e+08
1955.000000 3.26960000e+08
1967.000000 3.37647000e+08
1976.000000 3.37443000e+08
1984.000000 3.29186000e+08
1995.000000 3.17019000e+08
2005.000000 3.21136000e+08
2015.000000 3.08817000e+08
2025.000000 3.17388000e+08
2035.000000 3.11592000e+08
2045.000000 3.15173000e+08
2055.000000 3.00945000e+08
2065.000000 3.02172000e+08
2074.000000 3.07411000e+08
2078.000000 3.05958000e+08
2085.000000 3.09809000e+08
2095.000000 2.99047000e+08
2105.000000 2.99698000e+08
2115.000000 2.97671000e+08
2125.000000 2.98297000e+08
2135.000000 2.79252000e+08
2145.000000 2.90934000e+08
2155.000000 2.92377000e+08
2165.000000 2.81316000e+08
2175.000000 2.77923000e+08
2185.000000 2.73459000e+08
2195.000000 2.84016000e+08
2205.000000 2.75588000e+08
2215.000000 2.63606000e+08
2225.000000 2.54645000e+08
2235.000000 2.72296000e+08
2245.000000 2.56451000e+08
2255.000000 2.51530000e+08
2265.000000 2.52633000e+08
2275.000000 2.61051000e+08
2285.000000 2.63555000e+08
2295.000000 2.52837000e+08
2305.000000 2.47578000e+08
2315.000000 2.42203000e+08
2325.000000 2.43393000e+08
2335.000000 2.35246000e+08
2345.000000 2.23468000e+08
2355.000000 2.35064000e+08
2365.000000 2.22573000e+08
2375.000000 2.28123000e+08
2385.000000 2.11856000e+08
2395.000000 2.24690000e+08
2405.000000 2.15309000e+08
2415.000000 2.17813000e+08
2425.000000 2.23323000e+08
2435.000000 2.13735000e+08
2445.000000 2.23157000e+08
2455.000000 2.17242000e+08
2465.000000 2.15836000e+08
2475.000000 2.09102000e+08
2485.000000 2.20014000e+08
2495.000000 2.13540000e+08
2505.000000 2.21804000e+08
2513.000000 2.12204000e+08
2518.000000 2.16751000e+08
2525.000000 2.04259000e+08
2535.000000 2.03682000e+08
2545.000000 2.00485000e+08
2555.000000 2.07864000e+08
2565.000000 2.04992000e+08
2575.000000 2.13449000e+08
2585.000000 2.12077000e+08
2595.000000 2.12235000e+08
2605.000000 2.04852000e+08
2615.000000 2.03156000e+08
2625.000000 2.04760000e+08
2635.000000 2.05504000e+08
2645.000000 2.14906000e+08
2655.000000 2.12200000e+08
2665.000000 2.04723000e+08
2675.000000 2.08444000e+08
2685.000000 2.07359000e+08
2695.000000 2.02581000e+08
2705.000000 2.03012000e+08
2715.000000 1.97584000e+08
2725.000000 1.97197000e+08
2735.000000 2.02526000e+08
2745.000000 1.87984000e+08
2755.000000 1.86840000e+08
2765.000000 1.91143000e+08
2775.000000 1.95536000e+08
2785.000000 1.95101000e+08
2795.000000 1.83643000e+08
2805.000000 1.89719000e+08
2815.000000 1.94602000e+08
2825.000000 1.92325000e+08
2835.000000 1.87459000e+08
2845.000000 1.82360000e+08
2855.000000 1.82476000e+08
2865.000000 1.85275000e+08
2875.000000 1.82307000e+08
2885.000000 1.84367000e+08
2895.000000 1.82768000e+08
2910.000000 1.86538000e+08
2930.000000 1.81420000e+08
2950.000000 1.79332000e+08
2970.000000 1.78044000e+08
2990.000000 1.76311000e+08
3010.000000 1.76807000e+08
3030.000000 1.75318000e+08
3050.000000 1.72593000e+08
3070.000000 1.70507000e+08
3090.000000 1.69519000e+08
3110.000000 1.66687000e+08
3130.000000 1.64494000e+08
3150.000000 1.63327000e+08
3170.000000 1.61363000e+08
3190.000000 1.57561000e+08
3210.000000 1.57575000e+08
3230.000000 1.55814000e+08
3250.000000 1.54415000e+08
3270.000000 1.53276000e+08
3290.000000 1.51776000e+08
3310.000000 1.50563000e+08
3330.000000 1.48641000e+08
3350.000000 1.46442000e+08
3370.000000 1.44961000e+08
3390.000000 1.43387000e+08
3410.000000 1.42328000e+08
3430.000000 1.40776000e+08
3450.000000 1.39557000e+08
3470.000000 1.37784000e+08
3490.000000 1.36447000e+08
3510.000000 1.35383000e+08
3530.000000 1.34140000e+08
3550.000000 1.32768000e+08
3570.000000 1.31323000e+08
3590.000000 1.29940000e+08
3610.000000 1.28622000e+08
3630.000000 1.27223000e+08
3640.000000 1.26679000e+08
3650.000000 1.26517000e+08
3670.000000 1.24367000e+08
3690.000000 1.21509000e+08
3710.000000 1.38995000e+08
3730.000000 1.58415000e+08
3750.000000 2.00930000e+08
3770.000000 2.02398000e+08
3790.000000 2.16188000e+08
3810.000000 2.31452000e+08
3830.000000 1.99497000e+08
3850.000000 2.35620000e+08
3870.000000 2.38611000e+08
3890.000000 1.88102000e+08
3910.000000 2.33759000e+08
3930.000000 2.29613000e+08
3950.000000 2.27899000e+08
3970.000000 1.76833000e+08
3990.000000 2.20757000e+08
4010.000000 2.19343000e+08
4030.000000 2.13993000e+08
4050.000000 2.14177000e+08
4070.000000 2.10567000e+08
4090.000000 1.98329000e+08
4110.000000 1.68071000e+08
4130.000000 1.99846000e+08
4150.000000 1.99104000e+08
4170.000000 1.96715000e+08
4190.000000 1.94368000e+08
4210.000000 1.91837000e+08
4230.000000 1.89130000e+08
4250.000000 1.86574000e+08
4270.000000 1.83781000e+08
4290.000000 1.81639000e+08
4310.000000 1.78627000e+08
4330.000000 1.64372000e+08
4350.000000 1.46276000e+08
4370.000000 1.71523000e+08
4390.000000 1.68630000e+08
4410.000000 1.67674000e+08
4430.000000 1.65224000e+08
4450.000000 1.63360000e+08
4470.000000 1.59511000e+08
4490.000000 1.57702000e+08
4510.000000 1.56827000e+08
4530.000000 1.54753000e+08
4550.000000 1.52295000e+08
4570.000000 1.51062000e+08
4590.000000 1.48733000e+08
4610.000000 1.47303000e+08
4630.000000 1.44990000e+08
4650.000000 1.43561000e+08
4670.000000 1.41670000e+08
4690.000000 1.39951000e+08
4710.000000 1.37476000e+08
4730.000000 1.36343000e+08
4750.000000 1.34579000e+08
4770.000000 1.33123000e+08
4790.000000 1.31452000e+08
4810.000000 1.29740000e+08
4830.000000 1.27716000e+08
4850.000000 1.19287000e+08
4870.000000 1.03362000e+08
4890.000000 1.22854000e+08
4910.000000 1.21946000e+08
4930.000000 1.19687000e+08
4950.000000 1.19062000e+08
4970.000000 1.17653000e+08
4990.000000 1.16182000e+08
5010.000000 1.13935000e+08
5030.000000 1.13284000e+08
5050.000000 1.11186000e+08
5070.000000 1.10679000e+08
5090.000000 1.09361000e+08
5110.000000 1.07998000e+08
5130.000000 1.06818000e+08
5150.000000 1.05460000e+08
5170.000000 1.04085000e+08
5190.000000 1.03016000e+08
5210.000000 1.01711000e+08
5230.000000 1.00508000e+08
5250.000000 9.94825000e+07
5270.000000 9.81320000e+07
5290.000000 9.72487000e+07
5310.000000 9.59590000e+07
5330.000000 9.50095000e+07
5350.000000 9.39188000e+07
5370.000000 9.28678000e+07
5390.000000 9.18168000e+07
5410.000000 9.07414000e+07
5430.000000 8.96756000e+07
5450.000000 8.87180000e+07
5470.000000 8.76952000e+07
5490.000000 8.67387000e+07
5510.000000 8.57429000e+07
5530.000000 8.48195000e+07
5550.000000 8.38877000e+07
5570.000000 8.29548000e+07
5590.000000 8.20356000e+07
5610.000000 8.11393000e+07
5630.000000 8.02607000e+07
5650.000000 7.92923000e+07
5670.000000 7.84597000e+07
5690.000000 7.76449000e+07
5710.000000 7.68062000e+07
5730.000000 7.59726000e+07
5750.000000 7.51488000e+07
5770.000000 7.43379000e+07
5790.000000 7.35173000e+07
5810.000000 7.27364000e+07
5830.000000 7.19611000e+07
5850.000000 7.11925000e+07
5870.000000 6.98269000e+07
5890.000000 6.96576000e+07
5910.000000 6.89443000e+07
5930.000000 6.82250000e+07
5950.000000 6.74287000e+07
5970.000000 6.67758000e+07
5990.000000 6.60209000e+07
6010.000000 6.53987000e+07
6030.000000 6.47148000e+07
6050.000000 6.40396000e+07
6070.000000 6.33729000e+07
6090.000000 6.27166000e+07
6110.000000 6.20736000e+07
6130.000000 6.14336000e+07
6150.000000 6.07399000e+07
6170.000000 6.01765000e+07
6190.000000 5.95661000e+07
6210.000000 5.89603000e+07
6230.000000 5.83494000e+07
6250.000000 5.76872000e+07
6270.000000 5.71856000e+07
6290.000000 5.66045000e+07
6310.000000 5.60182000e+07
6330.000000 5.54720000e+07
6350.000000 5.46448000e+07
6370.000000 5.41806000e+07
6390.000000 5.38235000e+07
6410.000000 5.32763000e+07
6430.000000 5.27659000e+07
6450.000000 5.22128000e+07
6470.000000 5.17312000e+07
6490.000000 5.12081000e+07
6510.000000 5.06859000e+07
6530.000000 5.00119000e+07
6550.000000 4.78436000e+07
6570.000000 4.11379000e+07
6590.000000 4.83359000e+07
6610.000000 4.82266000e+07
6630.000000 4.78230000e+07
6650.000000 4.73748000e+07
6670.000000 4.68260000e+07
6690.000000 4.63865000e+07
6710.000000 4.60217000e+07
6730.000000 4.55814000e+07
6750.000000 4.51505000e+07
6770.000000 4.47214000e+07
6790.000000 4.42949000e+07
6810.000000 4.38750000e+07
6830.000000 4.34545000e+07
6850.000000 4.30486000e+07
6870.000000 4.26467000e+07
6890.000000 4.22479000e+07
6910.000000 4.18514000e+07
6930.000000 4.14517000e+07
6950.000000 4.10762000e+07
6970.000000 4.06973000e+07
6990.000000 4.03214000e+07
7010.000000 3.99452000e+07
7030.000000 3.95810000e+07
7050.000000 3.91893000e+07
7070.000000 3.87448000e+07
7090.000000 3.85032000e+07
7110.000000 3.81461000e+07
7130.000000 3.78012000e+07
7150.000000 3.74589000e+07
7170.000000 3.71205000e+07
7190.000000 3.67845000e+07
7210.000000 3.64546000e+07
7230.000000 3.61098000e+07
7250.000000 3.57991000e+07
7270.000000 3.54798000e+07
7290.000000 3.51337000e+07
7310.000000 3.48465000e+07
7330.000000 3.45388000e+07
7350.000000 3.42346000e+07
7370.000000 3.39312000e+07
7390.000000 3.36312000e+07
7410.000000 3.33346000e+07
7430.000000 3.30353000e+07
7450.000000 3.27475000e+07
7470.000000 3.24529000e+07
7490.000000 3.21764000e+07
7510.000000 3.18910000e+07
7530.000000 3.16228000e+07
7550.000000 3.13478000e+07
7570.000000 3.10765000e+07
7590.000000 3.08070000e+07
7610.000000 3.05432000e+07
7630.000000 3.02797000e+07
7650.000000 3.00173000e+07
7670.000000 2.97617000e+07
7690.000000 2.95065000e+07
7710.000000 2.92522000e+07
7730.000000 2.90064000e+07
7750.000000 2.87597000e+07
7770.000000 2.83504000e+07
7790.000000 2.82751000e+07
7810.000000 2.80385000e+07
7830.000000 2.78020000e+07
7850.000000 2.75530000e+07
7870.000000 2.73066000e+07
7890.000000 2.70498000e+07
7910.000000 2.68825000e+07
7930.000000 2.66596000e+07
7950.000000 2.64266000e+07
7970.000000 2.62183000e+07
7990.000000 2.59692000e+07
8010.000000 2.57868000e+07
8030.000000 2.55744000e+07
8050.000000 2.53637000e+07
8070.000000 2.51554000e+07
8090.000000 2.49478000e+07
8110.000000 2.47435000e+07
8130.000000 2.45433000e+07
8150.000000 2.43424000e+07
8170.000000 2.41461000e+07
8190.000000 2.39457000e+07
8210.000000 2.37577000e+07
8230.000000 2.35678000e+07
8250.000000 2.34149000e+07
8270.000000 2.32374000e+07
8290.000000 2.30448000e+07
8310.000000 2.28625000e+07
8330.000000 2.26405000e+07
8350.000000 2.24295000e+07
8370.000000 2.21235000e+07
8390.000000 2.19271000e+07
8410.000000 2.16754000e+07
8430.000000 2.17482000e+07
8450.000000 2.15863000e+07
8470.000000 2.07881000e+07
8490.000000 2.19713000e+07
8510.000000 2.04153000e+07
8530.000000 2.20443000e+07
8550.000000 1.97604000e+07
8570.000000 2.21375000e+07
8590.000000 2.08363000e+07
8610.000000 2.02985000e+07
8630.000000 2.21960000e+07
8650.000000 2.17541000e+07
8670.000000 1.87110000e+07
8690.000000 2.18841000e+07
8710.000000 2.19639000e+07
8730.000000 2.15510000e+07
8750.000000 1.81494000e+07
8770.000000 2.08744000e+07
8790.000000 2.13036000e+07
8810.000000 2.11701000e+07
8830.000000 2.09453000e+07
8850.000000 1.99965000e+07
8870.000000 1.75046000e+07
8890.000000 2.03346000e+07
8910.000000 2.03555000e+07
8930.000000 2.02280000e+07
8950.000000 2.00944000e+07
8970.000000 1.99066000e+07
8990.000000 1.95944000e+07
9010.000000 1.69936000e+07
9030.000000 1.82472000e+07
9050.000000 1.92260000e+07
9070.000000 1.91284000e+07
9090.000000 1.89983000e+07
9110.000000 1.88823000e+07
9130.000000 1.87337000e+07
9150.000000 1.86060000e+07
9170.000000 1.84492000e+07
9190.000000 1.82490000e+07
9210.000000 1.78340000e+07
9230.000000 1.50572000e+07
9250.000000 1.73975000e+07
9270.000000 1.76000000e+07
9290.000000 1.76308000e+07
9310.000000 1.75069000e+07
9330.000000 1.73778000e+07
9350.000000 1.72518000e+07
9370.000000 1.71233000e+07
9390.000000 1.69924000e+07
9410.000000 1.68241000e+07
9430.000000 1.67439000e+07
9450.000000 1.66229000e+07
9470.000000 1.64914000e+07
9490.000000 1.63743000e+07
9510.000000 1.61797000e+07
9530.000000 1.57028000e+07
9550.000000 1.34694000e+07
9570.000000 1.56163000e+07
9590.000000 1.57364000e+07
9610.000000 1.56628000e+07
9630.000000 1.55161000e+07
9650.000000 1.54446000e+07
9670.000000 1.53272000e+07
9690.000000 1.52211000e+07
9710.000000 1.51105000e+07
9730.000000 1.50035000e+07
9750.000000 1.48948000e+07
9770.000000 1.47889000e+07
9790.000000 1.46825000e+07
9810.000000 1.45769000e+07
9830.000000 1.44717000e+07
9850.000000 1.43687000e+07
9870.000000 1.42668000e+07
9890.000000 1.41626000e+07
9910.000000 1.40648000e+07
9930.000000 1.39654000e+07
9950.000000 1.38667000e+07
9970.000000 1.37694000e+07
9990.000000 1.36713000e+07
10025.000000 1.30955000e+07
10075.000000 1.25509000e+07
10125.000000 1.30244000e+07
10175.000000 1.28127000e+07
10225.000000 1.25936000e+07
10275.000000 1.23786000e+07
10325.000000 1.21632000e+07
10375.000000 1.19605000e+07
10425.000000 1.17587000e+07
10475.000000 1.15602000e+07
10525.000000 1.13652000e+07
10575.000000 1.11775000e+07
10625.000000 1.09918000e+07
10675.000000 1.07992000e+07
10725.000000 1.06299000e+07
10775.000000 1.04569000e+07
10825.000000 1.02554000e+07
10875.000000 1.01081000e+07
10925.000000 9.23709000e+06
10975.000000 9.65417000e+06
11025.000000 9.63375000e+06
11075.000000 9.48246000e+06
11125.000000 9.33136000e+06
11175.000000 9.18288000e+06
11225.000000 9.03757000e+06
11275.000000 8.88529000e+06
11325.000000 8.75002000e+06
11375.000000 8.61882000e+06
11425.000000 8.48467000e+06
11475.000000 8.35310000e+06
11525.000000 8.22405000e+06
11575.000000 8.09748000e+06
11625.000000 7.97166000e+06
11675.000000 7.84963000e+06
11725.000000 7.73186000e+06
11775.000000 7.60955000e+06
11825.000000 7.49926000e+06
11875.000000 7.38602000e+06
11925.000000 7.27626000e+06
11975.000000 7.16466000e+06
12025.000000 7.06091000e+06
12075.000000 6.95631000e+06
12125.000000 6.85370000e+06
12175.000000 6.75279000e+06
12225.000000 6.65380000e+06
12275.000000 6.55670000e+06
12325.000000 6.46120000e+06
12375.000000 6.36752000e+06
12425.000000 6.27563000e+06
12475.000000 6.18427000e+06
12525.000000 6.09633000e+06
12575.000000 6.00887000e+06
12625.000000 5.92379000e+06
12675.000000 5.84010000e+06
12725.000000 5.75753000e+06
12775.000000 5.64584000e+06
12825.000000 5.19421000e+06
12875.000000 5.50234000e+06
12925.000000 5.44159000e+06
12975.000000 5.36527000e+06
13025.000000 5.29174000e+06
13075.000000 5.21895000e+06
13125.000000 5.14711000e+06
13175.000000 5.07578000e+06
13225.000000 5.00732000e+06
13275.000000 4.93931000e+06
13325.000000 4.87240000e+06
13375.000000 4.80655000e+06
13425.000000 4.74176000e+06
13475.000000 4.67801000e+06
13525.000000 4.61547000e+06
13575.000000 4.55414000e+06
13625.000000 4.49359000e+06
13675.000000 4.43379000e+06
13725.000000 4.37535000e+06
13775.000000 4.31803000e+06
13825.000000 4.26143000e+06
13875.000000 4.20592000e+06
13925.000000 4.15109000e+06
13975.000000 4.09714000e+06
14025.000000 4.04423000e+06
14075.000000 3.99196000e+06
14125.000000 3.94072000e+06
14175.000000 3.89028000e+06
14225.000000 3.84045000e+06
14275.000000 3.79159000e+06
14325.000000 3.74351000e+06
14375.000000 3.69618000e+06
14425.000000 3.64888000e+06
14475.000000 3.60357000e+06
14525.000000 3.55827000e+06
14570.000000 3.51858000e+06
14620.000000 3.47640000e+06
14675.000000 3.42992000e+06
14725.000000 3.38808000e+06
14775.000000 3.34672000e+06
14825.000000 3.30636000e+06
14875.000000 3.26595000e+06
14925.000000 3.22567000e+06
14975.000000 3.18535000e+06
15025.000000 3.14349000e+06
15075.000000 3.10361000e+06
15125.000000 3.06320000e+06
15175.000000 3.02620000e+06
15225.000000 3.00343000e+06
15275.000000 2.94085000e+06
15325.000000 2.90709000e+06
15375.000000 2.90128000e+06
15425.000000 2.81885000e+06
15475.000000 2.84141000e+06
15525.000000 2.81626000e+06
15575.000000 2.69664000e+06
15625.000000 2.77601000e+06
15675.000000 2.70206000e+06
15725.000000 2.60827000e+06
15775.000000 2.69152000e+06
15825.000000 2.66115000e+06
15875.000000 2.47520000e+06
15925.000000 2.58862000e+06
15975.000000 2.58440000e+06
16050.000000 2.52871000e+06
16150.000000 2.40101000e+06
16250.000000 2.43589000e+06
16350.000000 2.36095000e+06
16450.000000 2.24462000e+06
16550.000000 2.27562000e+06
16650.000000 2.22513000e+06
16750.000000 2.15688000e+06
16850.000000 2.05334000e+06
16950.000000 2.08150000e+06
17050.000000 2.03616000e+06
17150.000000 1.99263000e+06
17250.000000 1.94947000e+06
17350.000000 1.82907000e+06
17450.000000 1.86359000e+06
17550.000000 1.82810000e+06
17650.000000 1.78979000e+06
17750.000000 1.75222000e+06
17850.000000 1.71585000e+06
17950.000000 1.68042000e+06
18050.000000 1.64520000e+06
18150.000000 1.55027000e+06
18250.000000 1.57190000e+06
18350.000000 1.54732000e+06
18450.000000 1.51609000e+06
18550.000000 1.48556000e+06
18650.000000 1.45461000e+06
18750.000000 1.37174000e+06
18850.000000 1.39740000e+06
18950.000000 1.37137000e+06
19050.000000 1.34444000e+06
19150.000000 1.31842000e+06
19250.000000 1.29286000e+06
19350.000000 1.26676000e+06
19450.000000 1.19391000e+06
19550.000000 1.21850000e+06
19650.000000 1.19666000e+06
19750.000000 1.17405000e+06
19850.000000 1.15192000e+06
19950.000000 1.13028000e+06
20050.000000 1.10919000e+06
20150.000000 1.08865000e+06
20250.000000 1.06855000e+06
20350.000000 1.04889000e+06
20450.000000 1.02965000e+06
20550.000000 1.01082000e+06
20650.000000 9.92573000e+05
20750.000000 9.74629000e+05
20850.000000 9.57070000e+05
20950.000000 9.39973000e+05
21050.000000 9.23241000e+05
21150.000000 9.06783000e+05
21250.000000 8.90844000e+05
21350.000000 8.75163000e+05
21450.000000 8.59816000e+05
21550.000000 8.44311000e+05
21650.000000 7.98135000e+05
21750.000000 8.14201000e+05
21850.000000 8.01873000e+05
21950.000000 7.88094000e+05
22050.000000 7.74670000e+05
22150.000000 7.61518000e+05
22250.000000 7.48646000e+05
22350.000000 7.36041000e+05
22450.000000 7.23706000e+05
22550.000000 7.11626000e+05
22650.000000 6.99797000e+05
22750.000000 6.88207000e+05
22850.000000 6.77023000e+05
22950.000000 6.65972000e+05
23050.000000 6.55150000e+05
23150.000000 6.44547000e+05
23250.000000 6.34156000e+05
23350.000000 6.23962000e+05
23450.000000 6.13945000e+05
23550.000000 6.04109000e+05
23650.000000 5.94418000e+05
23750.000000 5.84955000e+05
23850.000000 5.75609000e+05
23950.000000 5.66438000e+05
24050.000000 5.57230000e+05
24150.000000 5.48026000e+05
24250.000000 5.40863000e+05
24350.000000 5.31074000e+05
24450.000000 5.22226000e+05
24550.000000 5.16268000e+05
24650.000000 5.06650000e+05
24750.000000 4.99034000e+05
24850.000000 4.94684000e+05
24950.000000 4.79186000e+05
25050.000000 4.80068000e+05
25150.000000 4.73131000e+05
25250.000000 4.55807000e+05
25350.000000 4.58889000e+05
25450.000000 4.52940000e+05
25550.000000 4.45610000e+05
25650.000000 4.27100000e+05
25750.000000 4.33101000e+05
25850.000000 4.27333000e+05
25950.000000 4.21125000e+05
26050.000000 4.13124000e+05
26150.000000 3.95261000e+05
26250.000000 3.86793000e+05
26350.000000 3.96538000e+05
26450.000000 3.92404000e+05
26550.000000 3.86781000e+05
26650.000000 3.80425000e+05
26750.000000 3.61007000e+05
26850.000000 3.69642000e+05
26950.000000 3.65260000e+05
27050.000000 3.60113000e+05
27150.000000 3.55058000e+05
27250.000000 3.50093000e+05
27350.000000 3.45211000e+05
27450.000000 3.40265000e+05
27550.000000 3.24095000e+05
27650.000000 3.28004000e+05
27750.000000 3.26515000e+05
27850.000000 3.22047000e+05
27950.000000 3.17653000e+05
28050.000000 3.13329000e+05
28150.000000 3.09081000e+05
28250.000000 3.04905000e+05
28350.000000 3.00794000e+05
28450.000000 2.96761000e+05
28550.000000 2.92786000e+05
28650.000000 2.87368000e+05
28750.000000 2.74196000e+05
28850.000000 2.80985000e+05
28950.000000 2.77541000e+05
29050.000000 2.73910000e+05
29150.000000 2.70314000e+05
29250.000000 2.66787000e+05
29350.000000 2.63310000e+05
29450.000000 2.59892000e+05
29550.000000 2.56526000e+05
29650.000000 2.53218000e+05
29750.000000 2.49960000e+05
29850.000000 2.46758000e+05
29950.000000 2.43605000e+05
30050.000000 2.40501000e+05
30150.000000 2.37446000e+05
30250.000000 2.34351000e+05
30350.000000 2.24723000e+05
30450.000000 2.25334000e+05
30550.000000 2.25690000e+05
30650.000000 2.22888000e+05
30750.000000 2.20110000e+05
30850.000000 2.17363000e+05
30950.000000 2.14687000e+05
31050.000000 2.12036000e+05
31150.000000 2.09427000e+05
31250.000000 2.06858000e+05
31350.000000 2.04329000e+05
31450.000000 2.01836000e+05
31550.000000 1.99385000e+05
31650.000000 1.96969000e+05
31750.000000 1.94590000e+05
31850.000000 1.92245000e+05
31950.000000 1.89936000e+05
32100.000000 1.86538000e+05
32300.000000 1.82123000e+05
32500.000000 1.77841000e+05
32700.000000 1.73678000e+05
32900.000000 1.65785000e+05
33100.000000 1.64953000e+05
33300.000000 1.61650000e+05
33500.000000 1.57990000e+05
33700.000000 1.54415000e+05
33900.000000 1.50943000e+05
34100.000000 1.47564000e+05
34300.000000 1.44276000e+05
34500.000000 1.41082000e+05
34700.000000 1.37975000e+05
34900.000000 1.34938000e+05
35100.000000 1.32001000e+05
35300.000000 1.29146000e+05
35500.000000 1.26314000e+05
35700.000000 1.23549000e+05
35900.000000 1.21127000e+05
36100.000000 1.18268000e+05
36300.000000 1.16090000e+05
36500.000000 1.13235000e+05
36700.000000 1.11344000e+05
36900.000000 1.08381000e+05
37100.000000 1.06758000e+05
37300.000000 1.03740000e+05
37500.000000 1.00298000e+05
37700.000000 1.00392000e+05
37900.000000 9.84069000e+04
38100.000000 9.57311000e+04
38300.000000 9.40328000e+04
38500.000000 9.27915000e+04
38700.000000 9.09595000e+04
38900.000000 8.90083000e+04
39100.000000 8.59538000e+04
39300.000000 8.56519000e+04
39500.000000 8.40069000e+04
39700.000000 8.23810000e+04
39900.000000 8.07857000e+04
40100.000000 7.86418000e+04
40300.000000 7.66778000e+04
40500.000000 7.47487000e+04
40700.000000 7.47573000e+04
40900.000000 7.33771000e+04
41100.000000 7.19979000e+04
41300.000000 7.06507000e+04
41500.000000 6.93086000e+04
41700.000000 6.66110000e+04
41900.000000 6.67513000e+04
42100.000000 6.55702000e+04
42300.000000 6.43726000e+04
42500.000000 6.32009000e+04
42700.000000 6.20565000e+04
42900.000000 6.09388000e+04
43100.000000 5.98452000e+04
43300.000000 5.87752000e+04
43500.000000 5.77303000e+04
43700.000000 5.56171000e+04
43900.000000 5.55141000e+04
44100.000000 5.47309000e+04
44300.000000 5.37752000e+04
44500.000000 5.28382000e+04
44700.000000 5.19761000e+04
44900.000000 5.10245000e+04
45100.000000 5.01488000e+04
45300.000000 4.92921000e+04
45500.000000 4.84539000e+04
45700.000000 4.76339000e+04
45900.000000 4.68281000e+04
46100.000000 4.60362000e+04
46300.000000 4.52404000e+04
46500.000000 4.35523000e+04
46700.000000 4.27759000e+04
46900.000000 4.29805000e+04
47100.000000 4.23411000e+04
47300.000000 4.16521000e+04
47500.000000 4.09748000e+04
47700.000000 4.03090000e+04
47900.000000 3.96546000e+04
48100.000000 3.90145000e+04
48300.000000 3.83917000e+04
48500.000000 3.77698000e+04
48700.000000 3.71743000e+04
48900.000000 3.65763000e+04
49100.000000 3.60289000e+04
49300.000000 3.54240000e+04
49500.000000 3.49446000e+04
49700.000000 3.43071000e+04
49900.000000 3.38541000e+04
50100.000000 3.33187000e+04
50300.000000 3.27222000e+04
50500.000000 3.23261000e+04
50700.000000 3.18195000e+04
50900.000000 3.12079000e+04
51100.000000 3.07707000e+04
51300.000000 2.96810000e+04
51500.000000 2.98614000e+04
51700.000000 2.93292000e+04
51900.000000 2.90350000e+04
52100.000000 2.86127000e+04
52300.000000 2.81863000e+04
52500.000000 2.77136000e+04
52700.000000 2.71957000e+04
52900.000000 2.69555000e+04
53100.000000 2.65604000e+04
53300.000000 2.61718000e+04
53500.000000 2.57909000e+04
53700.000000 2.52791000e+04
53900.000000 2.49259000e+04
54100.000000 2.46879000e+04
54300.000000 2.43339000e+04
54500.000000 2.39856000e+04
54700.000000 2.36443000e+04
54900.000000 2.33086000e+04
55100.000000 2.29350000e+04
55300.000000 2.23974000e+04
55500.000000 2.23353000e+04
55700.000000 2.20234000e+04
55900.000000 2.17166000e+04
56100.000000 2.14136000e+04
56300.000000 2.11179000e+04
56500.000000 2.08259000e+04
56700.000000 2.05386000e+04
56900.000000 2.02479000e+04
57100.000000 1.96707000e+04
57300.000000 1.96862000e+04
57500.000000 1.94412000e+04
57700.000000 1.91777000e+04
57900.000000 1.89196000e+04
58100.000000 1.86657000e+04
58300.000000 1.84148000e+04
58500.000000 1.81944000e+04
58700.000000 1.79427000e+04
58900.000000 1.76528000e+04
59100.000000 1.70535000e+04
59300.000000 1.71958000e+04
59500.000000 1.67175000e+04
59700.000000 1.66945000e+04
59900.000000 1.65716000e+04
60100.000000 1.63656000e+04
60300.000000 1.61536000e+04
60500.000000 1.59451000e+04
60700.000000 1.57389000e+04
60900.000000 1.55372000e+04
61100.000000 1.53388000e+04
61300.000000 1.51426000e+04
61500.000000 1.49506000e+04
61700.000000 1.47609000e+04
61900.000000 1.45742000e+04
62100.000000 1.43906000e+04
62300.000000 1.42100000e+04
62500.000000 1.40315000e+04
62700.000000 1.38290000e+04
62900.000000 1.33775000e+04
63100.000000 1.34707000e+04
63300.000000 1.33471000e+04
63500.000000 1.31828000e+04
63700.000000 1.30213000e+04
63900.000000 1.28615000e+04
64200.000000 1.26264000e+04
64600.000000 1.23215000e+04
65000.000000 1.20259000e+04
65400.000000 1.17392000e+04
65800.000000 1.14612000e+04
66200.000000 1.11890000e+04
66600.000000 1.09284000e+04
67000.000000 1.06733000e+04
67400.000000 1.04143000e+04
67800.000000 1.00549000e+04
68200.000000 9.94139000e+03
68600.000000 9.72732000e+03
69000.000000 9.50725000e+03
69400.000000 9.27908000e+03
69800.000000 9.08489000e+03
70200.000000 8.88304000e+03
70600.000000 8.68667000e+03
71000.000000 8.47623000e+03
71400.000000 8.30910000e+03
71800.000000 8.12835000e+03
72200.000000 7.95254000e+03
72600.000000 7.75722000e+03
73000.000000 7.61094000e+03
73400.000000 7.45199000e+03
73800.000000 7.29396000e+03
74200.000000 7.13753000e+03
74600.000000 6.88721000e+03
75000.000000 6.67464000e+03
75400.000000 6.69082000e+03
75800.000000 6.56466000e+03
76200.000000 6.42980000e+03
76600.000000 6.29843000e+03
77000.000000 6.17045000e+03
77400.000000 6.04558000e+03
77800.000000 5.87982000e+03
78200.000000 5.80535000e+03
78600.000000 5.68982000e+03
79000.000000 5.57700000e+03
79400.000000 5.46699000e+03
79800.000000 5.35972000e+03
80200.000000 5.25503000e+03
80600.000000 5.15283000e+03
81000.000000 5.05315000e+03
81400.000000 4.91616000e+03
81800.000000 4.85086000e+03
82200.000000 4.76819000e+03
82600.000000 4.67773000e+03
83000.000000 4.58933000e+03
83400.000000 4.50306000e+03
83800.000000 4.41876000e+03
84200.000000 4.33649000e+03
84600.000000 4.25605000e+03
85000.000000 4.17750000e+03
85400.000000 4.10080000e+03
85800.000000 4.02571000e+03
86200.000000 3.95243000e+03
86600.000000 3.83332000e+03
87000.000000 3.80811000e+03
87400.000000 3.71346000e+03
87800.000000 3.64759000e+03
88200.000000 3.60998000e+03
88600.000000 3.54593000e+03
89000.000000 3.48340000e+03
89400.000000 3.42228000e+03
89800.000000 3.36238000e+03
90200.000000 3.30377000e+03
90600.000000 3.24451000e+03
91000.000000 3.19044000e+03
91400.000000 3.13556000e+03
91800.000000 3.08188000e+03
92200.000000 3.02931000e+03
92600.000000 2.97293000e+03
93000.000000 2.92755000e+03
93400.000000 2.87826000e+03
93800.000000 2.79317000e+03
94200.000000 2.77706000e+03
94600.000000 2.73649000e+03
95000.000000 2.68824000e+03
95400.000000 2.64248000e+03
95800.000000 2.60334000e+03
96200.000000 2.56078000e+03
96600.000000 2.51906000e+03
97000.000000 2.47819000e+03
97400.000000 2.43814000e+03
97800.000000 2.39890000e+03
98200.000000 2.35869000e+03
98600.000000 2.31545000e+03
99000.000000 2.28578000e+03
99400.000000 2.24958000e+03
99800.000000 2.21411000e+03
100200.000000 2.17928000e+03
200000.000000 1.39239000e+02
400000.000000 8.65300000e+00
600000.000000 1.69288000e+00
800000.000000 5.30835000e-01
1000000.000000 2.15742000e-01
1200000.000000 1.03344000e-01
1400000.000000 5.54542000e-02
1600000.000000 3.23384000e-02
