# Kurucz ODFNEW /NOVER, alpha: 0.0 (2003)
# teff = 8500 K (value for the effective temperature for the model. Temperatures are given in K)
# logg = 2 log(cm/s2) (value for Log(G) for the model.)
# lh = 1.25  (l/Hp where l is the  mixing length of the convective element and Hp is the pressure scale height)
# meta = -2.5  (value for the Metallicity for the model.)
# vtur = 2 km/s (Microturbulence velocity)
# alpha = 0  (Alpha)
#
# column 1: WAVELENGTH (ANGSTROM), Wavelength in Angstrom
# column 2: FLUX (ERG/CM2/S/A), Flux in erg/cm2/s/A
284.000000 8.56394000e-24
290.000000 1.01179000e-22
296.000000 5.31711000e-22
301.000000 1.95714000e-21
308.000000 1.12351000e-20
318.000000 1.18711000e-19
328.000000 1.08105000e-18
338.000000 8.60604000e-18
348.000000 6.06636000e-17
357.000000 3.19181000e-16
366.000000 1.54369000e-15
375.000000 6.90075000e-15
385.000000 3.34653000e-14
395.000000 1.49385000e-13
405.000000 6.17880000e-13
414.000000 2.08703000e-12
422.000000 5.88669000e-12
430.000000 1.59526000e-11
441.000000 5.90506000e-11
451.000000 1.83124000e-10
460.000000 4.85279000e-10
470.000000 1.36965000e-09
480.000000 3.69437000e-09
490.000000 9.55537000e-09
500.000000 2.37400000e-08
506.000000 5.16709000e-08
512.000000 9.50346000e-08
520.000000 1.84492000e-07
530.000000 4.13209000e-07
540.000000 8.85120000e-07
550.000000 1.86185000e-06
560.000000 3.78688000e-06
570.000000 7.50027000e-06
580.000000 1.43760000e-05
590.000000 2.73332000e-05
600.000000 5.04242000e-05
610.000000 9.10478000e-05
620.000000 1.61080000e-04
630.000000 2.79533000e-04
640.000000 4.76283000e-04
650.000000 7.97311000e-04
658.000000 1.18954000e-03
665.000000 1.67389000e-03
675.000000 2.69120000e-03
685.000000 4.26239000e-03
695.000000 6.65544000e-03
705.000000 1.02515000e-02
716.000000 1.62411000e-02
726.000000 2.43581000e-02
735.000000 3.47256000e-02
745.000000 5.09356000e-02
755.000000 7.38952000e-02
765.000000 1.06062000e-01
775.000000 1.50704000e-01
785.000000 2.12090000e-01
795.000000 2.95685000e-01
805.000000 4.08491000e-01
815.000000 5.59452000e-01
825.000000 7.59852000e-01
835.000000 1.02376000e+00
845.000000 1.36884000e+00
855.000000 1.81669000e+00
865.000000 2.39388000e+00
875.000000 3.13267000e+00
885.000000 4.07213000e+00
895.000000 5.25994000e+00
905.000000 6.75102000e+00
915.000000 2.22080000e+01
925.000000 1.22372000e+02
935.000000 2.04485000e+02
945.000000 3.72749000e+02
955.000000 6.39762000e+02
965.000000 7.30177000e+02
975.000000 4.59863000e+02
985.000000 5.30832000e+03
995.000000 4.97499000e+04
1005.000000 9.45866000e+03
1015.000000 1.25372000e+03
1025.000000 9.71097000e+02
1035.000000 1.95285000e+03
1045.000000 3.12392000e+04
1055.000000 5.03378000e+05
1065.000000 1.36077000e+06
1075.000000 2.24908000e+06
1085.000000 2.70070000e+06
1095.000000 2.46255000e+06
1105.000000 4.61692000e+06
1115.000000 7.32111000e+06
1125.000000 6.38546000e+06
1135.000000 5.43413000e+06
1145.000000 3.52441000e+06
1155.000000 1.68576000e+06
1165.000000 5.86068000e+05
1175.000000 7.69708000e+04
1185.000000 2.44355000e+06
1195.000000 8.99017000e+03
1205.000000 5.92820000e+03
1215.000000 2.78523000e+03
1225.000000 6.64098000e+03
1235.000000 1.33636000e+04
1245.000000 1.28616000e+04
1255.000000 3.67060000e+04
1265.000000 3.18433000e+05
1275.000000 1.20903000e+06
1285.000000 3.09830000e+06
1295.000000 4.96682000e+06
1305.000000 6.38218000e+06
1315.000000 9.14011000e+06
1325.000000 1.17129000e+07
1335.000000 1.35734000e+07
1345.000000 1.63122000e+07
1355.000000 1.71165000e+07
1365.000000 1.82654000e+07
1375.000000 1.94276000e+07
1385.000000 2.02503000e+07
1395.000000 2.08321000e+07
1405.000000 2.36569000e+07
1415.000000 2.56832000e+07
1425.000000 2.70290000e+07
1435.000000 2.64121000e+07
1442.000000 2.88884000e+07
1447.000000 2.92253000e+07
1455.000000 3.02092000e+07
1465.000000 2.98666000e+07
1475.000000 3.05920000e+07
1485.000000 3.11740000e+07
1495.000000 3.19163000e+07
1505.000000 3.26462000e+07
1512.000000 3.26363000e+07
1517.000000 3.31287000e+07
1525.000000 3.27999000e+07
1535.000000 3.26729000e+07
1545.000000 3.34618000e+07
1555.000000 3.22928000e+07
1565.000000 3.03555000e+07
1575.000000 3.15431000e+07
1585.000000 3.27779000e+07
1595.000000 3.37868000e+07
1605.000000 3.25672000e+07
1615.000000 3.30563000e+07
1625.000000 3.17434000e+07
1635.000000 3.26739000e+07
1645.000000 3.32482000e+07
1655.000000 3.08010000e+07
1665.000000 3.36705000e+07
1672.000000 3.12991000e+07
1677.000000 3.22634000e+07
1685.000000 3.35076000e+07
1695.000000 3.24367000e+07
1705.000000 3.22582000e+07
1715.000000 3.30436000e+07
1725.000000 3.25742000e+07
1735.000000 3.34563000e+07
1745.000000 3.28636000e+07
1755.000000 3.36510000e+07
1765.000000 3.22537000e+07
1775.000000 3.33895000e+07
1785.000000 3.28710000e+07
1795.000000 3.36166000e+07
1805.000000 3.30416000e+07
1815.000000 3.28226000e+07
1825.000000 3.22535000e+07
1835.000000 3.23784000e+07
1845.000000 3.16632000e+07
1855.000000 3.20661000e+07
1865.000000 3.20373000e+07
1875.000000 3.22687000e+07
1885.000000 3.22569000e+07
1895.000000 3.20517000e+07
1905.000000 3.15593000e+07
1915.000000 3.15501000e+07
1925.000000 3.18117000e+07
1935.000000 3.12896000e+07
1945.000000 3.19914000e+07
1955.000000 3.18148000e+07
1967.000000 3.18144000e+07
1976.000000 3.13573000e+07
1984.000000 3.13624000e+07
1995.000000 3.11879000e+07
2005.000000 3.07042000e+07
2015.000000 2.99789000e+07
2025.000000 3.00915000e+07
2035.000000 3.05070000e+07
2045.000000 3.04066000e+07
2055.000000 2.96680000e+07
2065.000000 2.96809000e+07
2074.000000 3.03041000e+07
2078.000000 3.03280000e+07
2085.000000 3.02581000e+07
2095.000000 2.99699000e+07
2105.000000 2.99996000e+07
2115.000000 2.97991000e+07
2125.000000 2.96878000e+07
2135.000000 2.87980000e+07
2145.000000 2.95618000e+07
2155.000000 2.93335000e+07
2165.000000 2.86870000e+07
2175.000000 2.86930000e+07
2185.000000 2.87189000e+07
2195.000000 2.94329000e+07
2205.000000 2.87900000e+07
2215.000000 2.79570000e+07
2225.000000 2.77847000e+07
2235.000000 2.88647000e+07
2245.000000 2.81708000e+07
2255.000000 2.75296000e+07
2265.000000 2.72680000e+07
2275.000000 2.81840000e+07
2285.000000 2.82683000e+07
2295.000000 2.77135000e+07
2305.000000 2.78196000e+07
2315.000000 2.76142000e+07
2325.000000 2.77305000e+07
2335.000000 2.72841000e+07
2345.000000 2.60168000e+07
2355.000000 2.72214000e+07
2365.000000 2.61666000e+07
2375.000000 2.68764000e+07
2385.000000 2.53150000e+07
2395.000000 2.65706000e+07
2405.000000 2.63071000e+07
2415.000000 2.64114000e+07
2425.000000 2.69909000e+07
2435.000000 2.64901000e+07
2445.000000 2.68266000e+07
2455.000000 2.67716000e+07
2465.000000 2.62920000e+07
2475.000000 2.60615000e+07
2485.000000 2.65281000e+07
2495.000000 2.61404000e+07
2505.000000 2.68488000e+07
2513.000000 2.62845000e+07
2518.000000 2.63733000e+07
2525.000000 2.56582000e+07
2535.000000 2.54404000e+07
2545.000000 2.55532000e+07
2555.000000 2.63092000e+07
2565.000000 2.60753000e+07
2575.000000 2.65606000e+07
2585.000000 2.66712000e+07
2595.000000 2.64532000e+07
2605.000000 2.61256000e+07
2615.000000 2.59917000e+07
2625.000000 2.60669000e+07
2635.000000 2.62508000e+07
2645.000000 2.72821000e+07
2655.000000 2.71470000e+07
2665.000000 2.65686000e+07
2675.000000 2.68310000e+07
2685.000000 2.70250000e+07
2695.000000 2.67278000e+07
2705.000000 2.67679000e+07
2715.000000 2.63575000e+07
2725.000000 2.63927000e+07
2735.000000 2.67238000e+07
2745.000000 2.55020000e+07
2755.000000 2.56165000e+07
2765.000000 2.60924000e+07
2775.000000 2.66977000e+07
2785.000000 2.66433000e+07
2795.000000 2.50178000e+07
2805.000000 2.59113000e+07
2815.000000 2.68628000e+07
2825.000000 2.67457000e+07
2835.000000 2.64205000e+07
2845.000000 2.63147000e+07
2855.000000 2.59948000e+07
2865.000000 2.61298000e+07
2875.000000 2.61681000e+07
2885.000000 2.63799000e+07
2895.000000 2.64865000e+07
2910.000000 2.66844000e+07
2930.000000 2.63341000e+07
2950.000000 2.62605000e+07
2970.000000 2.63427000e+07
2990.000000 2.62882000e+07
3010.000000 2.64502000e+07
3030.000000 2.64354000e+07
3050.000000 2.63543000e+07
3070.000000 2.61891000e+07
3090.000000 2.62639000e+07
3110.000000 2.61799000e+07
3130.000000 2.60518000e+07
3150.000000 2.60466000e+07
3170.000000 2.60275000e+07
3190.000000 2.57659000e+07
3210.000000 2.58648000e+07
3230.000000 2.57051000e+07
3250.000000 2.57820000e+07
3270.000000 2.58252000e+07
3290.000000 2.58038000e+07
3310.000000 2.57718000e+07
3330.000000 2.56388000e+07
3350.000000 2.54686000e+07
3370.000000 2.54551000e+07
3390.000000 2.54185000e+07
3410.000000 2.54766000e+07
3430.000000 2.54049000e+07
3450.000000 2.53714000e+07
3470.000000 2.52909000e+07
3490.000000 2.52416000e+07
3510.000000 2.52076000e+07
3530.000000 2.51601000e+07
3550.000000 2.51001000e+07
3570.000000 2.50210000e+07
3590.000000 2.49596000e+07
3610.000000 2.48994000e+07
3630.000000 2.48328000e+07
3640.000000 2.47935000e+07
3650.000000 2.49573000e+07
3670.000000 2.45982000e+07
3690.000000 2.53449000e+07
3710.000000 3.23135000e+07
3730.000000 4.27015000e+07
3750.000000 6.69232000e+07
3770.000000 6.93348000e+07
3790.000000 8.09344000e+07
3810.000000 9.05172000e+07
3830.000000 7.31429000e+07
3850.000000 9.61235000e+07
3870.000000 1.01134000e+08
3890.000000 6.56285000e+07
3910.000000 9.88465000e+07
3930.000000 9.79966000e+07
3950.000000 9.67701000e+07
3970.000000 6.21138000e+07
3990.000000 9.35144000e+07
4010.000000 9.47722000e+07
4030.000000 9.36877000e+07
4050.000000 9.25993000e+07
4070.000000 9.09091000e+07
4090.000000 8.05838000e+07
4110.000000 6.29276000e+07
4130.000000 8.71583000e+07
4150.000000 8.68846000e+07
4170.000000 8.59405000e+07
4190.000000 8.49031000e+07
4210.000000 8.38497000e+07
4230.000000 8.27723000e+07
4250.000000 8.17573000e+07
4270.000000 8.07536000e+07
4290.000000 7.96380000e+07
4310.000000 7.80630000e+07
4330.000000 6.64087000e+07
4350.000000 5.66652000e+07
4370.000000 7.51648000e+07
4390.000000 7.47864000e+07
4410.000000 7.40999000e+07
4430.000000 7.32692000e+07
4450.000000 7.23914000e+07
4470.000000 7.14321000e+07
4490.000000 7.04981000e+07
4510.000000 6.97891000e+07
4530.000000 6.89631000e+07
4550.000000 6.80633000e+07
4570.000000 6.73661000e+07
4590.000000 6.65532000e+07
4610.000000 6.58405000e+07
4630.000000 6.50251000e+07
4650.000000 6.43119000e+07
4670.000000 6.35636000e+07
4690.000000 6.28273000e+07
4710.000000 6.20487000e+07
4730.000000 6.13920000e+07
4750.000000 6.06908000e+07
4770.000000 5.99975000e+07
4790.000000 5.93087000e+07
4810.000000 5.84664000e+07
4830.000000 5.73873000e+07
4850.000000 4.99386000e+07
4870.000000 4.05561000e+07
4890.000000 5.51369000e+07
4910.000000 5.52012000e+07
4930.000000 5.47031000e+07
4950.000000 5.41759000e+07
4970.000000 5.35790000e+07
4990.000000 5.29840000e+07
5010.000000 5.23547000e+07
5030.000000 5.18230000e+07
5050.000000 5.12435000e+07
5070.000000 5.06964000e+07
5090.000000 5.01446000e+07
5110.000000 4.95985000e+07
5130.000000 4.90579000e+07
5150.000000 4.85285000e+07
5170.000000 4.79324000e+07
5190.000000 4.74560000e+07
5210.000000 4.69800000e+07
5230.000000 4.64588000e+07
5250.000000 4.59853000e+07
5270.000000 4.54782000e+07
5290.000000 4.50151000e+07
5310.000000 4.45244000e+07
5330.000000 4.40675000e+07
5350.000000 4.36110000e+07
5370.000000 4.31509000e+07
5390.000000 4.27029000e+07
5410.000000 4.22577000e+07
5430.000000 4.18179000e+07
5450.000000 4.13886000e+07
5470.000000 4.09618000e+07
5490.000000 4.05402000e+07
5510.000000 4.01248000e+07
5530.000000 3.97106000e+07
5550.000000 3.93088000e+07
5570.000000 3.89092000e+07
5590.000000 3.85143000e+07
5610.000000 3.81241000e+07
5630.000000 3.77408000e+07
5650.000000 3.73608000e+07
5670.000000 3.69864000e+07
5690.000000 3.66163000e+07
5710.000000 3.62516000e+07
5730.000000 3.58911000e+07
5750.000000 3.55348000e+07
5770.000000 3.51836000e+07
5790.000000 3.48365000e+07
5810.000000 3.44933000e+07
5830.000000 3.41550000e+07
5850.000000 3.38217000e+07
5870.000000 3.34681000e+07
5890.000000 3.31597000e+07
5910.000000 3.28440000e+07
5930.000000 3.25264000e+07
5950.000000 3.22123000e+07
5970.000000 3.19017000e+07
5990.000000 3.15956000e+07
6010.000000 3.12939000e+07
6030.000000 3.09944000e+07
6050.000000 3.07003000e+07
6070.000000 3.04094000e+07
6090.000000 3.01216000e+07
6110.000000 2.98369000e+07
6130.000000 2.95563000e+07
6150.000000 2.92758000e+07
6170.000000 2.90051000e+07
6190.000000 2.87344000e+07
6210.000000 2.84666000e+07
6230.000000 2.82026000e+07
6250.000000 2.79375000e+07
6270.000000 2.76829000e+07
6290.000000 2.74272000e+07
6310.000000 2.71751000e+07
6330.000000 2.69265000e+07
6350.000000 2.66740000e+07
6370.000000 2.64334000e+07
6390.000000 2.61953000e+07
6410.000000 2.59578000e+07
6430.000000 2.57228000e+07
6450.000000 2.54875000e+07
6470.000000 2.52608000e+07
6490.000000 2.49990000e+07
6510.000000 2.47051000e+07
6530.000000 2.42925000e+07
6550.000000 2.21801000e+07
6570.000000 1.77181000e+07
6590.000000 2.33447000e+07
6610.000000 2.35779000e+07
6630.000000 2.34530000e+07
6650.000000 2.33079000e+07
6670.000000 2.31014000e+07
6690.000000 2.28995000e+07
6710.000000 2.27013000e+07
6730.000000 2.25025000e+07
6750.000000 2.23073000e+07
6770.000000 2.21133000e+07
6790.000000 2.19219000e+07
6810.000000 2.17324000e+07
6830.000000 2.15447000e+07
6850.000000 2.13597000e+07
6870.000000 2.11765000e+07
6890.000000 2.09950000e+07
6910.000000 2.08160000e+07
6930.000000 2.06388000e+07
6950.000000 2.04632000e+07
6970.000000 2.02901000e+07
6990.000000 2.01187000e+07
7010.000000 1.99488000e+07
7030.000000 1.97806000e+07
7050.000000 1.96147000e+07
7070.000000 1.94496000e+07
7090.000000 1.92876000e+07
7110.000000 1.91256000e+07
7130.000000 1.89673000e+07
7150.000000 1.88098000e+07
7170.000000 1.86544000e+07
7190.000000 1.84998000e+07
7210.000000 1.83473000e+07
7230.000000 1.81962000e+07
7250.000000 1.80472000e+07
7270.000000 1.78988000e+07
7290.000000 1.77526000e+07
7310.000000 1.76076000e+07
7330.000000 1.74647000e+07
7350.000000 1.73230000e+07
7370.000000 1.71827000e+07
7390.000000 1.70436000e+07
7410.000000 1.69057000e+07
7430.000000 1.67698000e+07
7450.000000 1.66351000e+07
7470.000000 1.65016000e+07
7490.000000 1.63699000e+07
7510.000000 1.62394000e+07
7530.000000 1.61101000e+07
7550.000000 1.59825000e+07
7570.000000 1.58555000e+07
7590.000000 1.57302000e+07
7610.000000 1.56060000e+07
7630.000000 1.54835000e+07
7650.000000 1.53614000e+07
7670.000000 1.52411000e+07
7690.000000 1.51218000e+07
7710.000000 1.50035000e+07
7730.000000 1.48869000e+07
7750.000000 1.47712000e+07
7770.000000 1.46335000e+07
7790.000000 1.45430000e+07
7810.000000 1.44303000e+07
7830.000000 1.43192000e+07
7850.000000 1.42090000e+07
7870.000000 1.40992000e+07
7890.000000 1.39903000e+07
7910.000000 1.38853000e+07
7930.000000 1.37788000e+07
7950.000000 1.36744000e+07
7970.000000 1.35703000e+07
7990.000000 1.34664000e+07
8010.000000 1.33652000e+07
8030.000000 1.32648000e+07
8050.000000 1.31647000e+07
8070.000000 1.30654000e+07
8090.000000 1.29675000e+07
8110.000000 1.28704000e+07
8130.000000 1.27741000e+07
8150.000000 1.26785000e+07
8170.000000 1.25838000e+07
8190.000000 1.24899000e+07
8210.000000 1.24503000e+07
8230.000000 1.23660000e+07
8250.000000 1.22839000e+07
8270.000000 1.22020000e+07
8290.000000 1.21109000e+07
8310.000000 1.20057000e+07
8330.000000 1.18819000e+07
8350.000000 1.17840000e+07
8370.000000 1.15530000e+07
8390.000000 1.14846000e+07
8410.000000 1.13453000e+07
8430.000000 1.15200000e+07
8450.000000 1.14988000e+07
8470.000000 1.08580000e+07
8490.000000 1.19395000e+07
8510.000000 1.07099000e+07
8530.000000 1.21462000e+07
8550.000000 1.03502000e+07
8570.000000 1.23916000e+07
8590.000000 1.13966000e+07
8610.000000 1.10256000e+07
8630.000000 1.27222000e+07
8650.000000 1.23644000e+07
8670.000000 9.90076000e+06
8690.000000 1.26858000e+07
8710.000000 1.28834000e+07
8730.000000 1.25308000e+07
8750.000000 9.66592000e+06
8770.000000 1.19784000e+07
8790.000000 1.25285000e+07
8810.000000 1.24824000e+07
8830.000000 1.23244000e+07
8850.000000 1.14160000e+07
8870.000000 9.42052000e+06
8890.000000 1.18865000e+07
8910.000000 1.20225000e+07
8930.000000 1.19654000e+07
8950.000000 1.18814000e+07
8970.000000 1.17667000e+07
8990.000000 1.15135000e+07
9010.000000 9.29849000e+06
9030.000000 1.03255000e+07
9050.000000 1.13457000e+07
9070.000000 1.13525000e+07
9090.000000 1.12935000e+07
9110.000000 1.12308000e+07
9130.000000 1.11518000e+07
9150.000000 1.10716000e+07
9170.000000 1.09629000e+07
9190.000000 1.08385000e+07
9210.000000 1.04451000e+07
9230.000000 8.15210000e+06
9250.000000 1.01308000e+07
9270.000000 1.05054000e+07
9290.000000 1.04973000e+07
9310.000000 1.04505000e+07
9330.000000 1.03763000e+07
9350.000000 1.03027000e+07
9370.000000 1.02296000e+07
9390.000000 1.01561000e+07
9410.000000 1.00777000e+07
9430.000000 1.00138000e+07
9450.000000 9.94318000e+06
9470.000000 9.87224000e+06
9490.000000 9.77546000e+06
9510.000000 9.65233000e+06
9530.000000 9.17548000e+06
9550.000000 7.33900000e+06
9570.000000 9.18203000e+06
9590.000000 9.40020000e+06
9610.000000 9.37784000e+06
9630.000000 9.33162000e+06
9650.000000 9.27032000e+06
9670.000000 9.20381000e+06
9690.000000 9.14299000e+06
9710.000000 9.08019000e+06
9730.000000 9.01743000e+06
9750.000000 8.95551000e+06
9770.000000 8.89441000e+06
9790.000000 8.83335000e+06
9810.000000 8.77309000e+06
9830.000000 8.71326000e+06
9850.000000 8.65384000e+06
9870.000000 8.59521000e+06
9890.000000 8.53583000e+06
9910.000000 8.47878000e+06
9930.000000 8.42136000e+06
9950.000000 8.36470000e+06
9970.000000 8.30844000e+06
9990.000000 8.23028000e+06
10025.000000 7.74221000e+06
10075.000000 7.36233000e+06
10125.000000 7.87557000e+06
10175.000000 7.75760000e+06
10225.000000 7.63039000e+06
10275.000000 7.50564000e+06
10325.000000 7.38329000e+06
10375.000000 7.26365000e+06
10425.000000 7.14631000e+06
10475.000000 7.03121000e+06
10525.000000 6.91865000e+06
10575.000000 6.80858000e+06
10625.000000 6.70027000e+06
10675.000000 6.58905000e+06
10725.000000 6.48944000e+06
10775.000000 6.38847000e+06
10825.000000 6.28747000e+06
10875.000000 6.17054000e+06
10925.000000 5.43746000e+06
10975.000000 5.83935000e+06
11025.000000 5.90243000e+06
11075.000000 5.81792000e+06
11125.000000 5.72922000e+06
11175.000000 5.64216000e+06
11225.000000 5.55673000e+06
11275.000000 5.47200000e+06
11325.000000 5.38971000e+06
11375.000000 5.30982000e+06
11425.000000 5.23055000e+06
11475.000000 5.15302000e+06
11525.000000 5.07664000e+06
11575.000000 5.00195000e+06
11625.000000 4.92807000e+06
11675.000000 4.85555000e+06
11725.000000 4.78545000e+06
11775.000000 4.71419000e+06
11825.000000 4.64693000e+06
11875.000000 4.58009000e+06
11925.000000 4.51475000e+06
11975.000000 4.44954000e+06
12025.000000 4.38656000e+06
12075.000000 4.32395000e+06
12125.000000 4.26274000e+06
12175.000000 4.20264000e+06
12225.000000 4.14363000e+06
12275.000000 4.08544000e+06
12325.000000 4.02830000e+06
12375.000000 3.97220000e+06
12425.000000 3.91711000e+06
12475.000000 3.86302000e+06
12525.000000 3.80990000e+06
12575.000000 3.75751000e+06
12625.000000 3.70606000e+06
12675.000000 3.65554000e+06
12725.000000 3.60361000e+06
12775.000000 3.51890000e+06
12825.000000 3.12367000e+06
12875.000000 3.43718000e+06
12925.000000 3.41492000e+06
12975.000000 3.36985000e+06
13025.000000 3.32516000e+06
13075.000000 3.28104000e+06
13125.000000 3.23750000e+06
13175.000000 3.19496000e+06
13225.000000 3.15297000e+06
13275.000000 3.11173000e+06
13325.000000 3.07103000e+06
13375.000000 3.03105000e+06
13425.000000 2.99179000e+06
13475.000000 2.95324000e+06
13525.000000 2.91518000e+06
13575.000000 2.87759000e+06
13625.000000 2.84088000e+06
13675.000000 2.80464000e+06
13725.000000 2.76884000e+06
13775.000000 2.73389000e+06
13825.000000 2.69936000e+06
13875.000000 2.66527000e+06
13925.000000 2.63178000e+06
13975.000000 2.59890000e+06
14025.000000 2.56643000e+06
14075.000000 2.53453000e+06
14125.000000 2.50302000e+06
14175.000000 2.47209000e+06
14225.000000 2.44171000e+06
14275.000000 2.41169000e+06
14325.000000 2.38203000e+06
14375.000000 2.35291000e+06
14425.000000 2.32395000e+06
14475.000000 2.29606000e+06
14525.000000 2.26814000e+06
14570.000000 2.24368000e+06
14620.000000 2.22025000e+06
14675.000000 2.19192000e+06
14725.000000 2.16646000e+06
14775.000000 2.14129000e+06
14825.000000 2.11642000e+06
14875.000000 2.09098000e+06
14925.000000 2.06549000e+06
14975.000000 2.04097000e+06
15025.000000 2.01139000e+06
15075.000000 1.98713000e+06
15125.000000 1.96051000e+06
15175.000000 1.93730000e+06
15225.000000 1.93337000e+06
15275.000000 1.87795000e+06
15325.000000 1.85850000e+06
15375.000000 1.87273000e+06
15425.000000 1.79695000e+06
15475.000000 1.84026000e+06
15525.000000 1.82843000e+06
15575.000000 1.71530000e+06
15625.000000 1.81606000e+06
15675.000000 1.75174000e+06
15725.000000 1.66749000e+06
15775.000000 1.76942000e+06
15825.000000 1.75043000e+06
15875.000000 1.57245000e+06
15925.000000 1.69851000e+06
15975.000000 1.71019000e+06
16050.000000 1.66792000e+06
16150.000000 1.56153000e+06
16250.000000 1.62055000e+06
16350.000000 1.56006000e+06
16450.000000 1.46361000e+06
16550.000000 1.51626000e+06
16650.000000 1.48342000e+06
16750.000000 1.42749000e+06
16850.000000 1.34213000e+06
16950.000000 1.38928000e+06
17050.000000 1.35995000e+06
17150.000000 1.33107000e+06
17250.000000 1.30150000e+06
17350.000000 1.19310000e+06
17450.000000 1.24314000e+06
17550.000000 1.22310000e+06
17650.000000 1.19784000e+06
17750.000000 1.17325000e+06
17850.000000 1.14926000e+06
17950.000000 1.12588000e+06
18050.000000 1.10230000e+06
18150.000000 1.01704000e+06
18250.000000 1.04953000e+06
18350.000000 1.03810000e+06
18450.000000 1.01754000e+06
18550.000000 9.97444000e+05
18650.000000 9.75751000e+05
18750.000000 8.97475000e+05
18850.000000 9.36982000e+05
18950.000000 9.21926000e+05
19050.000000 9.04196000e+05
19150.000000 8.86878000e+05
19250.000000 8.69961000e+05
19350.000000 8.51333000e+05
19450.000000 7.85938000e+05
19550.000000 8.19494000e+05
19650.000000 8.06238000e+05
19750.000000 7.91237000e+05
19850.000000 7.76582000e+05
19950.000000 7.62257000e+05
20050.000000 7.48262000e+05
20150.000000 7.34591000e+05
20250.000000 7.21235000e+05
20350.000000 7.08178000e+05
20450.000000 6.95414000e+05
20550.000000 6.82944000e+05
20650.000000 6.70744000e+05
20750.000000 6.58818000e+05
20850.000000 6.47158000e+05
20950.000000 6.35750000e+05
21050.000000 6.24597000e+05
21150.000000 6.13677000e+05
21250.000000 6.03001000e+05
21350.000000 5.92563000e+05
21450.000000 5.82351000e+05
21550.000000 5.71183000e+05
21650.000000 5.29960000e+05
21750.000000 5.50494000e+05
21850.000000 5.43620000e+05
21950.000000 5.34456000e+05
22050.000000 5.25481000e+05
22150.000000 5.16685000e+05
22250.000000 5.08079000e+05
22350.000000 4.99651000e+05
22450.000000 4.91398000e+05
22550.000000 4.83315000e+05
22650.000000 4.75400000e+05
22750.000000 4.67641000e+05
22850.000000 4.60332000e+05
22950.000000 4.52967000e+05
23050.000000 4.45755000e+05
23150.000000 4.38686000e+05
23250.000000 4.31743000e+05
23350.000000 4.24916000e+05
23450.000000 4.18189000e+05
23550.000000 4.11575000e+05
23650.000000 4.05010000e+05
23750.000000 3.98695000e+05
23850.000000 3.92351000e+05
23950.000000 3.86107000e+05
24050.000000 3.79730000e+05
24150.000000 3.73214000e+05
24250.000000 3.69546000e+05
24350.000000 3.61758000e+05
24450.000000 3.55459000e+05
24550.000000 3.53069000e+05
24650.000000 3.45492000e+05
24750.000000 3.40473000e+05
24850.000000 3.39471000e+05
24950.000000 3.24627000e+05
25050.000000 3.29743000e+05
25150.000000 3.25209000e+05
25250.000000 3.08439000e+05
25350.000000 3.15501000e+05
25450.000000 3.11939000e+05
25550.000000 3.06657000e+05
25650.000000 2.88873000e+05
25750.000000 2.98452000e+05
25850.000000 2.94862000e+05
25950.000000 2.90669000e+05
26050.000000 2.84311000e+05
26150.000000 2.67542000e+05
26250.000000 2.61516000e+05
26350.000000 2.73290000e+05
26450.000000 2.71308000e+05
26550.000000 2.67766000e+05
26650.000000 2.62753000e+05
26750.000000 2.44592000e+05
26850.000000 2.55383000e+05
26950.000000 2.53025000e+05
27050.000000 2.49499000e+05
27150.000000 2.46034000e+05
27250.000000 2.42629000e+05
27350.000000 2.39281000e+05
27450.000000 2.35631000e+05
27550.000000 2.20696000e+05
27650.000000 2.26095000e+05
27750.000000 2.26416000e+05
27850.000000 2.23389000e+05
27950.000000 2.20371000e+05
28050.000000 2.17404000e+05
28150.000000 2.14483000e+05
28250.000000 2.11613000e+05
28350.000000 2.08791000e+05
28450.000000 2.06018000e+05
28550.000000 2.03284000e+05
28650.000000 1.98732000e+05
28750.000000 1.86887000e+05
28850.000000 1.94886000e+05
28950.000000 1.92814000e+05
29050.000000 1.90306000e+05
29150.000000 1.87837000e+05
29250.000000 1.85405000e+05
29350.000000 1.83016000e+05
29450.000000 1.80663000e+05
29550.000000 1.78346000e+05
29650.000000 1.76070000e+05
29750.000000 1.73824000e+05
29850.000000 1.71621000e+05
29950.000000 1.69448000e+05
30050.000000 1.67308000e+05
30150.000000 1.65206000e+05
30250.000000 1.62921000e+05
30350.000000 1.54316000e+05
30450.000000 1.55620000e+05
30550.000000 1.57013000e+05
30650.000000 1.55172000e+05
30750.000000 1.53260000e+05
30850.000000 1.51373000e+05
30950.000000 1.49519000e+05
31050.000000 1.47690000e+05
31150.000000 1.45889000e+05
31250.000000 1.44116000e+05
31350.000000 1.42374000e+05
31450.000000 1.40651000e+05
31550.000000 1.38959000e+05
31650.000000 1.37292000e+05
31750.000000 1.35648000e+05
31850.000000 1.34032000e+05
31950.000000 1.32438000e+05
32100.000000 1.30092000e+05
32300.000000 1.27041000e+05
32500.000000 1.24081000e+05
32700.000000 1.21204000e+05
32900.000000 1.14535000e+05
33100.000000 1.14806000e+05
33300.000000 1.12734000e+05
33500.000000 1.10221000e+05
33700.000000 1.07759000e+05
33900.000000 1.05367000e+05
34100.000000 1.03033000e+05
34300.000000 1.00765000e+05
34500.000000 9.85558000e+04
34700.000000 9.64092000e+04
34900.000000 9.43022000e+04
35100.000000 9.22796000e+04
35300.000000 9.03027000e+04
35500.000000 8.83076000e+04
35700.000000 8.63543000e+04
35900.000000 8.48541000e+04
36100.000000 8.26561000e+04
36300.000000 8.13876000e+04
36500.000000 7.91125000e+04
36700.000000 7.81295000e+04
36900.000000 7.56635000e+04
37100.000000 7.49403000e+04
37300.000000 7.25493000e+04
37500.000000 6.96959000e+04
37700.000000 7.05435000e+04
37900.000000 6.91898000e+04
38100.000000 6.69783000e+04
38300.000000 6.59287000e+04
38500.000000 6.51973000e+04
38700.000000 6.39315000e+04
38900.000000 6.26061000e+04
39100.000000 5.99737000e+04
39300.000000 6.02673000e+04
39500.000000 5.92554000e+04
39700.000000 5.81125000e+04
39900.000000 5.69918000e+04
40100.000000 5.52205000e+04
40300.000000 5.37088000e+04
40500.000000 5.23138000e+04
40700.000000 5.27288000e+04
40900.000000 5.18045000e+04
41100.000000 5.08377000e+04
41300.000000 4.98937000e+04
41500.000000 4.89305000e+04
41700.000000 4.65861000e+04
41900.000000 4.71295000e+04
42100.000000 4.63300000e+04
42300.000000 4.54887000e+04
42500.000000 4.46673000e+04
42700.000000 4.38635000e+04
42900.000000 4.30788000e+04
43100.000000 4.23109000e+04
43300.000000 4.15592000e+04
43500.000000 4.08236000e+04
43700.000000 3.90166000e+04
43900.000000 3.91897000e+04
44100.000000 3.87168000e+04
44300.000000 3.80455000e+04
44500.000000 3.73885000e+04
44700.000000 3.68153000e+04
44900.000000 3.61105000e+04
45100.000000 3.54965000e+04
45300.000000 3.48955000e+04
45500.000000 3.43055000e+04
45700.000000 3.37281000e+04
45900.000000 3.31630000e+04
46100.000000 3.26047000e+04
46300.000000 3.20319000e+04
46500.000000 3.06157000e+04
46700.000000 3.00449000e+04
46900.000000 3.04280000e+04
47100.000000 3.00037000e+04
47300.000000 2.95232000e+04
47500.000000 2.90464000e+04
47700.000000 2.85765000e+04
47900.000000 2.81150000e+04
48100.000000 2.76635000e+04
48300.000000 2.72298000e+04
48500.000000 2.67831000e+04
48700.000000 2.63729000e+04
48900.000000 2.59418000e+04
49100.000000 2.55512000e+04
49300.000000 2.51242000e+04
49500.000000 2.47709000e+04
49700.000000 2.43249000e+04
49900.000000 2.40122000e+04
50100.000000 2.36348000e+04
50300.000000 2.31986000e+04
50500.000000 2.29295000e+04
50700.000000 2.25775000e+04
50900.000000 2.21139000e+04
51100.000000 2.18488000e+04
51300.000000 2.09416000e+04
51500.000000 2.12153000e+04
51700.000000 2.07710000e+04
51900.000000 2.06196000e+04
52100.000000 2.03256000e+04
52300.000000 2.00258000e+04
52500.000000 1.96849000e+04
52700.000000 1.92564000e+04
52900.000000 1.91703000e+04
53100.000000 1.89152000e+04
53300.000000 1.86409000e+04
53500.000000 1.83597000e+04
53700.000000 1.79227000e+04
53900.000000 1.76823000e+04
54100.000000 1.75866000e+04
54300.000000 1.73384000e+04
54500.000000 1.70922000e+04
54700.000000 1.68503000e+04
54900.000000 1.66115000e+04
55100.000000 1.63174000e+04
55300.000000 1.58424000e+04
55500.000000 1.59131000e+04
55700.000000 1.57019000e+04
55900.000000 1.54836000e+04
56100.000000 1.52693000e+04
56300.000000 1.50588000e+04
56500.000000 1.48520000e+04
56700.000000 1.46490000e+04
56900.000000 1.44333000e+04
57100.000000 1.39130000e+04
57300.000000 1.40306000e+04
57500.000000 1.38705000e+04
57700.000000 1.36840000e+04
57900.000000 1.34997000e+04
58100.000000 1.33199000e+04
58300.000000 1.31333000e+04
58500.000000 1.29611000e+04
58700.000000 1.27866000e+04
58900.000000 1.25880000e+04
59100.000000 1.20985000e+04
59300.000000 1.22656000e+04
59500.000000 1.18544000e+04
59700.000000 1.18925000e+04
59900.000000 1.18174000e+04
60100.000000 1.16690000e+04
60300.000000 1.15202000e+04
60500.000000 1.13732000e+04
60700.000000 1.12278000e+04
60900.000000 1.10851000e+04
61100.000000 1.09440000e+04
61300.000000 1.08055000e+04
61500.000000 1.06696000e+04
61700.000000 1.05353000e+04
61900.000000 1.04024000e+04
62100.000000 1.02720000e+04
62300.000000 1.01431000e+04
62500.000000 1.00146000e+04
62700.000000 9.87512000e+03
62900.000000 9.49705000e+03
63100.000000 9.61975000e+03
63300.000000 9.52897000e+03
63500.000000 9.41298000e+03
63700.000000 9.30104000e+03
63900.000000 9.18589000e+03
64200.000000 9.02438000e+03
64600.000000 8.81051000e+03
65000.000000 8.59558000e+03
65400.000000 8.40198000e+03
65800.000000 8.19676000e+03
66200.000000 8.00560000e+03
66600.000000 7.82190000e+03
67000.000000 7.64075000e+03
67400.000000 7.44451000e+03
67800.000000 7.17647000e+03
68200.000000 7.10881000e+03
68600.000000 6.97147000e+03
69000.000000 6.81563000e+03
69400.000000 6.63842000e+03
69800.000000 6.51330000e+03
70200.000000 6.37018000e+03
70600.000000 6.22745000e+03
71000.000000 6.06496000e+03
71400.000000 5.96054000e+03
71800.000000 5.83140000e+03
72200.000000 5.70568000e+03
72600.000000 5.55170000e+03
73000.000000 5.45985000e+03
73400.000000 5.34834000e+03
73800.000000 5.23118000e+03
74200.000000 5.11211000e+03
74600.000000 4.92916000e+03
75000.000000 4.76956000e+03
75400.000000 4.79543000e+03
75800.000000 4.70679000e+03
76200.000000 4.61825000e+03
76600.000000 4.52443000e+03
77000.000000 4.43294000e+03
77400.000000 4.33907000e+03
77800.000000 4.20812000e+03
78200.000000 4.16838000e+03
78600.000000 4.08935000e+03
79000.000000 4.00875000e+03
79400.000000 3.93010000e+03
79800.000000 3.85335000e+03
80200.000000 3.77846000e+03
80600.000000 3.70538000e+03
81000.000000 3.63402000e+03
81400.000000 3.52255000e+03
81800.000000 3.48464000e+03
82200.000000 3.43012000e+03
82600.000000 3.36539000e+03
83000.000000 3.30214000e+03
83400.000000 3.24037000e+03
83800.000000 3.18000000e+03
84200.000000 3.12106000e+03
84600.000000 3.06351000e+03
85000.000000 3.00721000e+03
85400.000000 2.95230000e+03
85800.000000 2.89684000e+03
86200.000000 2.84492000e+03
86600.000000 2.75174000e+03
87000.000000 2.73999000e+03
87400.000000 2.66969000e+03
87800.000000 2.62455000e+03
88200.000000 2.60061000e+03
88600.000000 2.55141000e+03
89000.000000 2.50988000e+03
89400.000000 2.46602000e+03
89800.000000 2.42308000e+03
90200.000000 2.38020000e+03
90600.000000 2.33619000e+03
91000.000000 2.29977000e+03
91400.000000 2.26039000e+03
91800.000000 2.22191000e+03
92200.000000 2.18415000e+03
92600.000000 2.13896000e+03
93000.000000 2.11102000e+03
93400.000000 2.07540000e+03
93800.000000 2.01025000e+03
94200.000000 2.00107000e+03
94600.000000 1.97404000e+03
95000.000000 1.93720000e+03
95400.000000 1.90365000e+03
95800.000000 1.87843000e+03
96200.000000 1.84786000e+03
96600.000000 1.81789000e+03
97000.000000 1.78855000e+03
97400.000000 1.75976000e+03
97800.000000 1.73157000e+03
98200.000000 1.70143000e+03
98600.000000 1.66809000e+03
99000.000000 1.65033000e+03
99400.000000 1.62434000e+03
99800.000000 1.59882000e+03
100200.000000 1.57381000e+03
200000.000000 1.01868000e+02
400000.000000 6.41970000e+00
600000.000000 1.26686000e+00
800000.000000 3.99575000e-01
1000000.000000 1.63037000e-01
1200000.000000 7.83179000e-02
1400000.000000 4.21130000e-02
1600000.000000 2.45978000e-02
