# Kurucz ODFNEW /NOVER, alpha: 0.0 (2003)
# teff = 5000 K (value for the effective temperature for the model. Temperatures are given in K)
# logg = 1 log(cm/s2) (value for Log(G) for the model.)
# lh = 1.25  (l/Hp where l is the  mixing length of the convective element and Hp is the pressure scale height)
# meta = -1.5  (value for the Metallicity for the model.)
# vtur = 2 km/s (Microturbulence velocity)
# alpha = 0  (Alpha)
#
# column 1: WAVELENGTH (ANGSTROM), Wavelength in Angstrom
# column 2: FLUX (ERG/CM2/S/A), Flux in erg/cm2/s/A
147.200000 3.02318000e-119
151.000000 5.33049000e-116
155.200000 1.34081000e-112
158.800000 7.88000000e-110
162.000000 1.79163000e-107
166.000000 1.17372000e-104
170.300000 8.85835000e-102
173.400000 8.54971000e-100
176.800000 1.06501000e-97
180.200000 1.10268000e-95
181.700000 8.07332000e-95
186.100000 2.30041000e-92
191.000000 9.11881000e-90
193.900000 2.71516000e-88
198.400000 4.30732000e-86
201.800000 1.70329000e-84
205.000000 4.84984000e-83
210.500000 1.19811000e-80
216.200000 2.67630000e-78
219.800000 7.03404000e-77
223.000000 1.17233000e-75
226.800000 2.98398000e-74
230.000000 4.19103000e-73
234.000000 1.02480000e-71
240.000000 1.01069000e-69
246.500000 1.13021000e-67
252.400000 6.59720000e-66
256.800000 1.20920000e-64
260.000000 9.41211000e-64
264.000000 1.13917000e-62
268.500000 1.71673000e-61
273.500000 3.14036000e-60
278.500000 5.16944000e-59
284.000000 1.00096000e-57
290.000000 2.22355000e-56
296.000000 4.33418000e-55
301.000000 4.69992000e-54
308.000000 1.15639000e-52
318.000000 8.72419000e-51
328.000000 5.01692000e-49
338.000000 2.25090000e-47
348.000000 8.06317000e-46
357.000000 1.68987000e-44
366.000000 3.03873000e-43
375.000000 4.72837000e-42
385.000000 8.54132000e-41
395.000000 1.32443000e-39
405.000000 1.78464000e-38
414.000000 1.65881000e-37
422.000000 1.10708000e-36
430.000000 6.86507000e-36
441.000000 7.54036000e-35
451.000000 5.98856000e-34
460.000000 3.56789000e-33
470.000000 2.38436000e-32
480.000000 1.46601000e-31
490.000000 8.34469000e-31
500.000000 4.41165000e-30
506.000000 1.54511000e-29
512.000000 4.44253000e-29
520.000000 1.50107000e-28
530.000000 6.55273000e-28
540.000000 2.66230000e-27
550.000000 1.03644000e-26
560.000000 3.81282000e-26
570.000000 1.33624000e-25
580.000000 4.42612000e-25
590.000000 1.43365000e-24
600.000000 4.40868000e-24
610.000000 1.30362000e-23
620.000000 3.71359000e-23
630.000000 1.02103000e-22
640.000000 2.71538000e-22
650.000000 6.99326000e-22
658.000000 1.45788000e-21
665.000000 2.72990000e-21
675.000000 6.52807000e-21
685.000000 1.51904000e-20
695.000000 3.44335000e-20
705.000000 7.61152000e-20
716.000000 1.77240000e-19
726.000000 3.73087000e-19
735.000000 7.15697000e-19
745.000000 1.44692000e-18
755.000000 2.86698000e-18
765.000000 5.57158000e-18
775.000000 1.06278000e-17
785.000000 1.99135000e-17
795.000000 3.66569000e-17
805.000000 6.64309000e-17
815.000000 1.18459000e-16
825.000000 2.08029000e-16
835.000000 3.60036000e-16
845.000000 6.14353000e-16
855.000000 1.03399000e-15
865.000000 1.71738000e-15
875.000000 2.81618000e-15
885.000000 4.56284000e-15
895.000000 7.30484000e-15
905.000000 1.15619000e-14
915.000000 1.02671000e-09
925.000000 3.93053000e-09
935.000000 6.22090000e-09
945.000000 9.87147000e-09
955.000000 1.60263000e-08
965.000000 2.46401000e-08
975.000000 3.71282000e-08
985.000000 5.75330000e-08
995.000000 8.63716000e-08
1005.000000 1.30752000e-07
1015.000000 1.90434000e-07
1025.000000 2.70829000e-07
1035.000000 4.13084000e-07
1045.000000 5.99648000e-07
1055.000000 8.58301000e-07
1065.000000 1.22243000e-06
1075.000000 1.72830000e-06
1085.000000 2.42776000e-06
1095.000000 3.37730000e-06
1105.000000 1.11755000e-05
1115.000000 4.17055000e-05
1125.000000 6.36582000e-05
1135.000000 9.46192000e-05
1145.000000 1.11212000e-04
1155.000000 1.09532000e-04
1165.000000 1.17905000e-04
1175.000000 1.14670000e-04
1185.000000 3.74603000e-04
1195.000000 6.78576000e-05
1205.000000 8.58420000e-05
1215.000000 2.30709000e-05
1225.000000 1.47596000e-04
1235.000000 2.01744000e-04
1245.000000 3.22791000e-04
1255.000000 7.02643000e-04
1265.000000 1.13810000e-03
1275.000000 1.91006000e-03
1285.000000 3.06293000e-03
1295.000000 4.58651000e-03
1305.000000 5.66988000e-03
1315.000000 8.45036000e-03
1325.000000 1.05056000e-02
1335.000000 1.35301000e-02
1345.000000 1.68160000e-02
1355.000000 2.12143000e-02
1365.000000 2.47200000e-02
1375.000000 2.94668000e-02
1385.000000 3.60483000e-02
1395.000000 4.28626000e-02
1405.000000 5.35525000e-02
1415.000000 6.46126000e-02
1425.000000 7.36140000e-02
1435.000000 9.00301000e-02
1442.000000 1.23232000e-01
1447.000000 1.09956000e-01
1455.000000 1.32804000e-01
1465.000000 1.69563000e-01
1475.000000 1.69512000e-01
1485.000000 2.10059000e-01
1495.000000 2.89463000e-01
1505.000000 3.73998000e-01
1512.000000 2.79184000e-01
1517.000000 3.98471000e-01
1525.000000 6.22773000e-01
1535.000000 1.65179000e+00
1545.000000 1.51257000e+00
1555.000000 2.41833000e+00
1565.000000 2.33585000e+00
1575.000000 3.95876000e+00
1585.000000 5.12708000e+00
1595.000000 6.11779000e+00
1605.000000 6.95890000e+00
1615.000000 8.70043000e+00
1625.000000 1.07027000e+01
1635.000000 1.23801000e+01
1645.000000 1.86066000e+01
1655.000000 1.04243000e+01
1665.000000 2.24932000e+01
1672.000000 1.49879000e+01
1677.000000 2.46761000e+01
1685.000000 3.76540000e+01
1695.000000 4.79726000e+01
1705.000000 5.29879000e+01
1715.000000 5.13279000e+01
1725.000000 6.61335000e+01
1735.000000 7.73902000e+01
1745.000000 9.70432000e+01
1755.000000 1.23696000e+02
1765.000000 1.29748000e+02
1775.000000 1.41778000e+02
1785.000000 1.71999000e+02
1795.000000 1.97086000e+02
1805.000000 2.09073000e+02
1815.000000 2.36406000e+02
1825.000000 2.49477000e+02
1835.000000 3.14230000e+02
1845.000000 2.99179000e+02
1855.000000 3.60261000e+02
1865.000000 4.02071000e+02
1875.000000 4.46744000e+02
1885.000000 4.97181000e+02
1895.000000 5.83837000e+02
1905.000000 6.00791000e+02
1915.000000 7.14273000e+02
1925.000000 8.15194000e+02
1935.000000 7.97856000e+02
1945.000000 9.77737000e+02
1955.000000 1.05152000e+03
1967.000000 1.25080000e+03
1976.000000 1.30032000e+03
1984.000000 1.39963000e+03
1995.000000 1.53862000e+03
2005.000000 1.62489000e+03
2015.000000 1.78899000e+03
2025.000000 1.71863000e+03
2035.000000 2.19239000e+03
2045.000000 2.51368000e+03
2055.000000 2.56430000e+03
2065.000000 2.65296000e+03
2074.000000 3.22746000e+03
2078.000000 3.82227000e+03
2085.000000 4.25092000e+03
2095.000000 5.29178000e+03
2105.000000 6.12864000e+03
2115.000000 6.96085000e+03
2125.000000 6.05529000e+03
2135.000000 6.47210000e+03
2145.000000 9.00428000e+03
2155.000000 1.03722000e+04
2165.000000 9.72923000e+03
2175.000000 1.12717000e+04
2185.000000 1.39724000e+04
2195.000000 1.62279000e+04
2205.000000 1.59788000e+04
2215.000000 1.23879000e+04
2225.000000 1.58686000e+04
2235.000000 2.27023000e+04
2245.000000 2.19997000e+04
2255.000000 1.61619000e+04
2265.000000 1.51170000e+04
2275.000000 2.27903000e+04
2285.000000 2.62927000e+04
2295.000000 2.55405000e+04
2305.000000 3.22484000e+04
2315.000000 2.77260000e+04
2325.000000 2.53833000e+04
2335.000000 1.44861000e+04
2345.000000 1.09011000e+04
2355.000000 2.25323000e+04
2365.000000 1.23474000e+04
2375.000000 1.73069000e+04
2385.000000 9.90134000e+03
2395.000000 1.36006000e+04
2405.000000 1.35176000e+04
2415.000000 2.19085000e+04
2425.000000 4.92105000e+04
2435.000000 5.55555000e+04
2445.000000 6.76131000e+04
2455.000000 6.91387000e+04
2465.000000 6.47410000e+04
2475.000000 5.83554000e+04
2485.000000 3.77509000e+04
2495.000000 5.35395000e+04
2505.000000 7.95902000e+04
2513.000000 4.54569000e+04
2518.000000 3.40620000e+04
2525.000000 3.46132000e+04
2535.000000 5.38723000e+04
2545.000000 6.80228000e+04
2555.000000 9.58613000e+04
2565.000000 7.12549000e+04
2575.000000 8.50317000e+04
2585.000000 6.26301000e+04
2595.000000 5.15811000e+04
2605.000000 3.86360000e+04
2615.000000 3.74398000e+04
2625.000000 5.27652000e+04
2635.000000 1.13053000e+05
2645.000000 1.96027000e+05
2655.000000 2.42161000e+05
2665.000000 1.83320000e+05
2675.000000 2.08744000e+05
2685.000000 2.29156000e+05
2695.000000 1.85714000e+05
2705.000000 2.20950000e+05
2715.000000 1.60991000e+05
2725.000000 1.56052000e+05
2735.000000 1.73114000e+05
2745.000000 8.08753000e+04
2755.000000 1.20077000e+05
2765.000000 1.62095000e+05
2775.000000 1.75615000e+05
2785.000000 9.85802000e+04
2795.000000 3.23778000e+04
2805.000000 4.14478000e+04
2815.000000 1.42715000e+05
2825.000000 2.50095000e+05
2835.000000 2.68859000e+05
2845.000000 2.59460000e+05
2855.000000 1.60323000e+05
2865.000000 3.11349000e+05
2875.000000 3.51533000e+05
2885.000000 3.38522000e+05
2895.000000 3.58321000e+05
2910.000000 4.58316000e+05
2930.000000 4.48658000e+05
2950.000000 4.52465000e+05
2970.000000 5.04006000e+05
2990.000000 5.15448000e+05
3010.000000 5.61013000e+05
3030.000000 5.81945000e+05
3050.000000 6.33910000e+05
3070.000000 5.80669000e+05
3090.000000 6.09516000e+05
3110.000000 6.38743000e+05
3130.000000 6.17263000e+05
3150.000000 6.18220000e+05
3170.000000 6.85648000e+05
3190.000000 6.46128000e+05
3210.000000 7.39156000e+05
3230.000000 6.62000000e+05
3250.000000 8.42055000e+05
3270.000000 9.61791000e+05
3290.000000 9.65482000e+05
3310.000000 9.74791000e+05
3330.000000 9.63558000e+05
3350.000000 9.55109000e+05
3370.000000 8.19245000e+05
3390.000000 9.66959000e+05
3410.000000 1.03924000e+06
3430.000000 1.14707000e+06
3450.000000 1.17461000e+06
3470.000000 1.18749000e+06
3490.000000 1.22971000e+06
3510.000000 1.30815000e+06
3530.000000 1.26389000e+06
3550.000000 1.43416000e+06
3570.000000 1.27705000e+06
3590.000000 1.29188000e+06
3610.000000 1.36112000e+06
3630.000000 1.40189000e+06
3640.000000 1.39334000e+06
3650.000000 1.50587000e+06
3670.000000 1.52752000e+06
3690.000000 1.62549000e+06
3710.000000 1.86398000e+06
3730.000000 1.85888000e+06
3750.000000 2.01198000e+06
3770.000000 2.13428000e+06
3790.000000 2.23162000e+06
3810.000000 2.34543000e+06
3830.000000 2.07427000e+06
3850.000000 2.28910000e+06
3870.000000 2.26897000e+06
3890.000000 2.18159000e+06
3910.000000 2.25716000e+06
3930.000000 1.23215000e+06
3950.000000 2.11997000e+06
3970.000000 1.48128000e+06
3990.000000 2.63117000e+06
4010.000000 2.83998000e+06
4030.000000 2.84016000e+06
4050.000000 2.84686000e+06
4070.000000 2.82668000e+06
4090.000000 3.07206000e+06
4110.000000 3.00789000e+06
4130.000000 3.03956000e+06
4150.000000 3.10811000e+06
4170.000000 3.09700000e+06
4190.000000 3.05506000e+06
4210.000000 3.03673000e+06
4230.000000 2.97945000e+06
4250.000000 2.99840000e+06
4270.000000 2.96707000e+06
4290.000000 2.69220000e+06
4310.000000 2.26004000e+06
4330.000000 3.12071000e+06
4350.000000 3.04708000e+06
4370.000000 3.18970000e+06
4390.000000 3.09131000e+06
4410.000000 3.25782000e+06
4430.000000 3.45345000e+06
4450.000000 3.43751000e+06
4470.000000 3.51014000e+06
4490.000000 3.60601000e+06
4510.000000 3.74968000e+06
4530.000000 3.56041000e+06
4550.000000 3.61180000e+06
4570.000000 3.78499000e+06
4590.000000 3.69933000e+06
4610.000000 3.80840000e+06
4630.000000 3.79754000e+06
4650.000000 3.82017000e+06
4670.000000 3.89065000e+06
4690.000000 3.90875000e+06
4710.000000 3.85575000e+06
4730.000000 3.92879000e+06
4750.000000 3.96641000e+06
4770.000000 3.95110000e+06
4790.000000 3.94674000e+06
4810.000000 3.97782000e+06
4830.000000 3.96933000e+06
4850.000000 3.91840000e+06
4870.000000 3.66787000e+06
4890.000000 3.94956000e+06
4910.000000 3.95949000e+06
4930.000000 3.89705000e+06
4950.000000 3.98785000e+06
4970.000000 4.05557000e+06
4990.000000 3.89997000e+06
5010.000000 3.81756000e+06
5030.000000 3.97994000e+06
5050.000000 3.96576000e+06
5070.000000 4.04856000e+06
5090.000000 3.97885000e+06
5110.000000 3.99552000e+06
5130.000000 3.94439000e+06
5150.000000 3.90458000e+06
5170.000000 3.85145000e+06
5190.000000 3.87357000e+06
5210.000000 3.86929000e+06
5230.000000 3.93768000e+06
5250.000000 4.01599000e+06
5270.000000 3.83649000e+06
5290.000000 4.02306000e+06
5310.000000 4.05227000e+06
5330.000000 3.92299000e+06
5350.000000 4.05337000e+06
5370.000000 4.03617000e+06
5390.000000 4.01742000e+06
5410.000000 3.98430000e+06
5430.000000 3.99448000e+06
5450.000000 4.05261000e+06
5470.000000 4.04632000e+06
5490.000000 4.05289000e+06
5510.000000 4.04474000e+06
5530.000000 4.05939000e+06
5550.000000 4.10137000e+06
5570.000000 4.04271000e+06
5590.000000 4.01998000e+06
5610.000000 4.03841000e+06
5630.000000 4.07977000e+06
5650.000000 4.05531000e+06
5670.000000 4.01972000e+06
5690.000000 4.06493000e+06
5710.000000 4.01363000e+06
5730.000000 4.09099000e+06
5750.000000 4.06281000e+06
5770.000000 4.06943000e+06
5790.000000 4.04485000e+06
5810.000000 4.05589000e+06
5830.000000 4.06424000e+06
5850.000000 4.02241000e+06
5870.000000 4.03605000e+06
5890.000000 3.95004000e+06
5910.000000 4.01989000e+06
5930.000000 4.01564000e+06
5950.000000 4.01423000e+06
5970.000000 4.01010000e+06
5990.000000 3.99765000e+06
6010.000000 3.97766000e+06
6030.000000 3.97380000e+06
6050.000000 3.99244000e+06
6070.000000 3.97660000e+06
6090.000000 3.95906000e+06
6110.000000 3.93793000e+06
6130.000000 3.87668000e+06
6150.000000 3.88747000e+06
6170.000000 3.86151000e+06
6190.000000 3.90336000e+06
6210.000000 3.90962000e+06
6230.000000 3.86592000e+06
6250.000000 3.80004000e+06
6270.000000 3.87741000e+06
6290.000000 3.87022000e+06
6310.000000 3.82443000e+06
6330.000000 3.83613000e+06
6350.000000 3.85516000e+06
6370.000000 3.84399000e+06
6390.000000 3.82744000e+06
6410.000000 3.78562000e+06
6430.000000 3.79027000e+06
6450.000000 3.78210000e+06
6470.000000 3.77720000e+06
6490.000000 3.72095000e+06
6510.000000 3.77369000e+06
6530.000000 3.78488000e+06
6550.000000 3.74135000e+06
6570.000000 3.46838000e+06
6590.000000 3.73042000e+06
6610.000000 3.73323000e+06
6630.000000 3.73679000e+06
6650.000000 3.72048000e+06
6670.000000 3.69507000e+06
6690.000000 3.71316000e+06
6710.000000 3.68922000e+06
6730.000000 3.69228000e+06
6750.000000 3.67283000e+06
6770.000000 3.66341000e+06
6790.000000 3.65591000e+06
6810.000000 3.64454000e+06
6830.000000 3.63995000e+06
6850.000000 3.61880000e+06
6870.000000 3.61365000e+06
6890.000000 3.61270000e+06
6910.000000 3.59805000e+06
6930.000000 3.59017000e+06
6950.000000 3.57508000e+06
6970.000000 3.57188000e+06
6990.000000 3.55849000e+06
7010.000000 3.53346000e+06
7030.000000 3.53526000e+06
7050.000000 3.52865000e+06
7070.000000 3.51414000e+06
7090.000000 3.50453000e+06
7110.000000 3.49677000e+06
7130.000000 3.47473000e+06
7150.000000 3.46100000e+06
7170.000000 3.45959000e+06
7190.000000 3.42332000e+06
7210.000000 3.42226000e+06
7230.000000 3.42432000e+06
7250.000000 3.42301000e+06
7270.000000 3.41162000e+06
7290.000000 3.38506000e+06
7310.000000 3.38122000e+06
7330.000000 3.37114000e+06
7350.000000 3.36740000e+06
7370.000000 3.36447000e+06
7390.000000 3.33835000e+06
7410.000000 3.31013000e+06
7430.000000 3.31438000e+06
7450.000000 3.30916000e+06
7470.000000 3.30558000e+06
7490.000000 3.28822000e+06
7510.000000 3.27841000e+06
7530.000000 3.27430000e+06
7550.000000 3.27059000e+06
7570.000000 3.25518000e+06
7590.000000 3.24177000e+06
7610.000000 3.23497000e+06
7630.000000 3.22644000e+06
7650.000000 3.21674000e+06
7670.000000 3.18244000e+06
7690.000000 3.19789000e+06
7710.000000 3.16490000e+06
7730.000000 3.16267000e+06
7750.000000 3.14982000e+06
7770.000000 3.15378000e+06
7790.000000 3.14201000e+06
7810.000000 3.13731000e+06
7830.000000 3.11700000e+06
7850.000000 3.11000000e+06
7870.000000 3.10723000e+06
7890.000000 3.09471000e+06
7910.000000 3.07974000e+06
7930.000000 3.05757000e+06
7950.000000 3.04698000e+06
7970.000000 3.05477000e+06
7990.000000 3.04458000e+06
8010.000000 3.02704000e+06
8030.000000 3.02098000e+06
8050.000000 3.00180000e+06
8070.000000 3.00256000e+06
8090.000000 2.98249000e+06
8110.000000 2.98287000e+06
8130.000000 2.97419000e+06
8150.000000 2.96347000e+06
8170.000000 2.95327000e+06
8190.000000 2.91932000e+06
8210.000000 2.92300000e+06
8230.000000 2.90536000e+06
8250.000000 2.90618000e+06
8270.000000 2.90459000e+06
8290.000000 2.89300000e+06
8310.000000 2.87691000e+06
8330.000000 2.84612000e+06
8350.000000 2.86044000e+06
8370.000000 2.84743000e+06
8390.000000 2.81562000e+06
8410.000000 2.82962000e+06
8430.000000 2.81165000e+06
8450.000000 2.80997000e+06
8470.000000 2.78280000e+06
8490.000000 2.77273000e+06
8510.000000 2.66582000e+06
8530.000000 2.75751000e+06
8550.000000 2.45196000e+06
8570.000000 2.76440000e+06
8590.000000 2.74572000e+06
8610.000000 2.72093000e+06
8630.000000 2.73757000e+06
8650.000000 2.71778000e+06
8670.000000 2.45171000e+06
8690.000000 2.68399000e+06
8710.000000 2.69924000e+06
8730.000000 2.69029000e+06
8750.000000 2.64386000e+06
8770.000000 2.67502000e+06
8790.000000 2.66125000e+06
8810.000000 2.63394000e+06
8830.000000 2.62859000e+06
8850.000000 2.62928000e+06
8870.000000 2.58655000e+06
8890.000000 2.62040000e+06
8910.000000 2.60955000e+06
8930.000000 2.59343000e+06
8950.000000 2.58548000e+06
8970.000000 2.58178000e+06
8990.000000 2.57380000e+06
9010.000000 2.51241000e+06
9030.000000 2.55211000e+06
9050.000000 2.55046000e+06
9070.000000 2.52672000e+06
9090.000000 2.49099000e+06
9110.000000 2.50867000e+06
9130.000000 2.51125000e+06
9150.000000 2.50204000e+06
9170.000000 2.49212000e+06
9190.000000 2.48561000e+06
9210.000000 2.46008000e+06
9230.000000 2.41980000e+06
9250.000000 2.43991000e+06
9270.000000 2.44666000e+06
9290.000000 2.43989000e+06
9310.000000 2.43394000e+06
9330.000000 2.42473000e+06
9350.000000 2.41510000e+06
9370.000000 2.40270000e+06
9390.000000 2.39948000e+06
9410.000000 2.36334000e+06
9430.000000 2.37900000e+06
9450.000000 2.36886000e+06
9470.000000 2.36655000e+06
9490.000000 2.35909000e+06
9510.000000 2.35035000e+06
9530.000000 2.34091000e+06
9550.000000 2.29588000e+06
9570.000000 2.32327000e+06
9590.000000 2.31843000e+06
9610.000000 2.30618000e+06
9630.000000 2.29454000e+06
9650.000000 2.28576000e+06
9670.000000 2.27422000e+06
9690.000000 2.27656000e+06
9710.000000 2.26899000e+06
9730.000000 2.26086000e+06
9750.000000 2.24760000e+06
9770.000000 2.24472000e+06
9790.000000 2.23485000e+06
9810.000000 2.23138000e+06
9830.000000 2.22375000e+06
9850.000000 2.21582000e+06
9870.000000 2.20615000e+06
9890.000000 2.19732000e+06
9910.000000 2.19118000e+06
9930.000000 2.18561000e+06
9950.000000 2.17854000e+06
9970.000000 2.17129000e+06
9990.000000 2.16374000e+06
10025.000000 2.14659000e+06
10075.000000 2.11684000e+06
10125.000000 2.11036000e+06
10175.000000 2.09090000e+06
10225.000000 2.07465000e+06
10275.000000 2.06014000e+06
10325.000000 2.03010000e+06
10375.000000 2.02062000e+06
10425.000000 2.00791000e+06
10475.000000 1.98332000e+06
10525.000000 1.97320000e+06
10575.000000 1.95374000e+06
10625.000000 1.93246000e+06
10675.000000 1.90594000e+06
10725.000000 1.90137000e+06
10775.000000 1.88240000e+06
10825.000000 1.86017000e+06
10875.000000 1.85065000e+06
10925.000000 1.82166000e+06
10975.000000 1.81990000e+06
11025.000000 1.81040000e+06
11075.000000 1.79817000e+06
11125.000000 1.78159000e+06
11175.000000 1.76608000e+06
11225.000000 1.75504000e+06
11275.000000 1.73471000e+06
11325.000000 1.72386000e+06
11375.000000 1.71017000e+06
11425.000000 1.69058000e+06
11475.000000 1.68644000e+06
11525.000000 1.67348000e+06
11575.000000 1.65782000e+06
11625.000000 1.63584000e+06
11675.000000 1.62775000e+06
11725.000000 1.62198000e+06
11775.000000 1.59970000e+06
11825.000000 1.58722000e+06
11875.000000 1.57172000e+06
11925.000000 1.57258000e+06
11975.000000 1.54406000e+06
12025.000000 1.54281000e+06
12075.000000 1.52947000e+06
12125.000000 1.52208000e+06
12175.000000 1.51365000e+06
12225.000000 1.50220000e+06
12275.000000 1.48928000e+06
12325.000000 1.47985000e+06
12375.000000 1.46839000e+06
12425.000000 1.45794000e+06
12475.000000 1.44772000e+06
12525.000000 1.43660000e+06
12575.000000 1.42577000e+06
12625.000000 1.41518000e+06
12675.000000 1.40556000e+06
12725.000000 1.39649000e+06
12775.000000 1.38667000e+06
12825.000000 1.34686000e+06
12875.000000 1.36658000e+06
12925.000000 1.35627000e+06
12975.000000 1.34825000e+06
13025.000000 1.33870000e+06
13075.000000 1.33007000e+06
13125.000000 1.31842000e+06
13175.000000 1.30830000e+06
13225.000000 1.30321000e+06
13275.000000 1.29145000e+06
13325.000000 1.28500000e+06
13375.000000 1.27659000e+06
13425.000000 1.26929000e+06
13475.000000 1.26095000e+06
13525.000000 1.25269000e+06
13575.000000 1.24277000e+06
13625.000000 1.23516000e+06
13675.000000 1.22822000e+06
13725.000000 1.21873000e+06
13775.000000 1.21242000e+06
13825.000000 1.20510000e+06
13875.000000 1.19749000e+06
13925.000000 1.19069000e+06
13975.000000 1.18342000e+06
14025.000000 1.17464000e+06
14075.000000 1.16920000e+06
14125.000000 1.16027000e+06
14175.000000 1.15501000e+06
14225.000000 1.14461000e+06
14275.000000 1.13689000e+06
14325.000000 1.13407000e+06
14375.000000 1.12847000e+06
14425.000000 1.11262000e+06
14475.000000 1.11514000e+06
14525.000000 1.10203000e+06
14570.000000 1.09951000e+06
14620.000000 1.09453000e+06
14675.000000 1.08879000e+06
14725.000000 1.07998000e+06
14775.000000 1.07467000e+06
14825.000000 1.06908000e+06
14875.000000 1.05608000e+06
14925.000000 1.05903000e+06
14975.000000 1.05153000e+06
15025.000000 1.03723000e+06
15075.000000 1.03217000e+06
15125.000000 1.03316000e+06
15175.000000 1.02759000e+06
15225.000000 1.02233000e+06
15275.000000 1.01239000e+06
15325.000000 1.00655000e+06
15375.000000 1.00618000e+06
15425.000000 9.90723000e+05
15475.000000 9.96539000e+05
15525.000000 9.91381000e+05
15575.000000 9.68315000e+05
15625.000000 9.83191000e+05
15675.000000 9.70903000e+05
15725.000000 9.48132000e+05
15775.000000 9.58345000e+05
15825.000000 9.58136000e+05
15875.000000 9.14828000e+05
15925.000000 9.46007000e+05
15975.000000 9.42574000e+05
16050.000000 9.31285000e+05
16150.000000 9.01574000e+05
16250.000000 9.07674000e+05
16350.000000 8.88305000e+05
16450.000000 8.54998000e+05
16550.000000 8.58011000e+05
16650.000000 8.40411000e+05
16750.000000 8.19583000e+05
16850.000000 7.87579000e+05
16950.000000 7.90994000e+05
17050.000000 7.73617000e+05
17150.000000 7.57910000e+05
17250.000000 7.42451000e+05
17350.000000 7.09300000e+05
17450.000000 7.12551000e+05
17550.000000 7.00197000e+05
17650.000000 6.86009000e+05
17750.000000 6.73160000e+05
17850.000000 6.60318000e+05
17950.000000 6.47953000e+05
18050.000000 6.34977000e+05
18150.000000 6.08810000e+05
18250.000000 6.09542000e+05
18350.000000 5.99415000e+05
18450.000000 5.87058000e+05
18550.000000 5.76816000e+05
18650.000000 5.65545000e+05
18750.000000 5.37550000e+05
18850.000000 5.44458000e+05
18950.000000 5.32096000e+05
19050.000000 5.25300000e+05
19150.000000 5.15411000e+05
19250.000000 5.06206000e+05
19350.000000 4.96108000e+05
19450.000000 4.75743000e+05
19550.000000 4.78528000e+05
19650.000000 4.70353000e+05
19750.000000 4.60405000e+05
19850.000000 4.53455000e+05
19950.000000 4.45513000e+05
20050.000000 4.38231000e+05
20150.000000 4.30756000e+05
20250.000000 4.22755000e+05
20350.000000 4.14844000e+05
20450.000000 4.08590000e+05
20550.000000 4.01429000e+05
20650.000000 3.93972000e+05
20750.000000 3.87568000e+05
20850.000000 3.81043000e+05
20950.000000 3.74058000e+05
21050.000000 3.68242000e+05
21150.000000 3.61905000e+05
21250.000000 3.55837000e+05
21350.000000 3.49908000e+05
21450.000000 3.44279000e+05
21550.000000 3.38568000e+05
21650.000000 3.25947000e+05
21750.000000 3.27090000e+05
21850.000000 3.21641000e+05
21950.000000 3.16872000e+05
22050.000000 3.11029000e+05
22150.000000 3.06476000e+05
22250.000000 3.01559000e+05
22350.000000 2.96732000e+05
22450.000000 2.92031000e+05
22550.000000 2.86972000e+05
22650.000000 2.82615000e+05
22750.000000 2.78309000e+05
22850.000000 2.73757000e+05
22950.000000 2.68444000e+05
23050.000000 2.64950000e+05
23150.000000 2.60902000e+05
23250.000000 2.55484000e+05
23350.000000 2.52347000e+05
23450.000000 2.48953000e+05
23550.000000 2.43664000e+05
23650.000000 2.40961000e+05
23750.000000 2.37534000e+05
23850.000000 2.32764000e+05
23950.000000 2.30076000e+05
24050.000000 2.26773000e+05
24150.000000 2.22586000e+05
24250.000000 2.20011000e+05
24350.000000 2.16549000e+05
24450.000000 2.13067000e+05
24550.000000 2.10185000e+05
24650.000000 2.07373000e+05
24750.000000 2.04065000e+05
24850.000000 2.00895000e+05
24950.000000 1.97617000e+05
25050.000000 1.96043000e+05
25150.000000 1.92855000e+05
25250.000000 1.88925000e+05
25350.000000 1.87608000e+05
25450.000000 1.84868000e+05
25550.000000 1.82195000e+05
25650.000000 1.77943000e+05
25750.000000 1.77319000e+05
25850.000000 1.74315000e+05
25950.000000 1.72342000e+05
26050.000000 1.69872000e+05
26150.000000 1.65776000e+05
26250.000000 1.62034000e+05
26350.000000 1.62830000e+05
26450.000000 1.60594000e+05
26550.000000 1.58222000e+05
26650.000000 1.55599000e+05
26750.000000 1.52379000e+05
26850.000000 1.52129000e+05
26950.000000 1.50058000e+05
27050.000000 1.48014000e+05
27150.000000 1.46036000e+05
27250.000000 1.44084000e+05
27350.000000 1.42161000e+05
27450.000000 1.40277000e+05
27550.000000 1.36828000e+05
27650.000000 1.36402000e+05
27750.000000 1.34741000e+05
27850.000000 1.32959000e+05
27950.000000 1.31199000e+05
28050.000000 1.29456000e+05
28150.000000 1.27796000e+05
28250.000000 1.26128000e+05
28350.000000 1.24518000e+05
28450.000000 1.22863000e+05
28550.000000 1.21292000e+05
28650.000000 1.19685000e+05
28750.000000 1.16780000e+05
28850.000000 1.16673000e+05
28950.000000 1.15199000e+05
29050.000000 1.13706000e+05
29150.000000 1.12284000e+05
29250.000000 1.10805000e+05
29350.000000 1.09443000e+05
29450.000000 1.08032000e+05
29550.000000 1.06728000e+05
29650.000000 1.05358000e+05
29750.000000 1.04072000e+05
29850.000000 1.02801000e+05
29950.000000 1.01494000e+05
30050.000000 1.00211000e+05
30150.000000 9.90372000e+04
30250.000000 9.78153000e+04
30350.000000 9.56422000e+04
30450.000000 9.52019000e+04
30550.000000 9.42729000e+04
30650.000000 9.30973000e+04
30750.000000 9.20067000e+04
30850.000000 9.08412000e+04
30950.000000 8.97321000e+04
31050.000000 8.87135000e+04
31150.000000 8.74654000e+04
31250.000000 8.66017000e+04
31350.000000 8.55020000e+04
31450.000000 8.45554000e+04
31550.000000 8.34714000e+04
31650.000000 8.25875000e+04
31750.000000 8.15486000e+04
31850.000000 8.06103000e+04
31950.000000 7.96968000e+04
32100.000000 7.83103000e+04
32300.000000 7.64696000e+04
32500.000000 7.47610000e+04
32700.000000 7.30495000e+04
32900.000000 7.09494000e+04
33100.000000 6.98057000e+04
33300.000000 6.81849000e+04
33500.000000 6.67253000e+04
33700.000000 6.52490000e+04
33900.000000 6.37176000e+04
34100.000000 6.23730000e+04
34300.000000 6.10649000e+04
34500.000000 5.97070000e+04
34700.000000 5.84513000e+04
34900.000000 5.72049000e+04
35100.000000 5.59616000e+04
35300.000000 5.47488000e+04
35500.000000 5.36225000e+04
35700.000000 5.24529000e+04
35900.000000 5.13760000e+04
36100.000000 5.03285000e+04
36300.000000 4.92894000e+04
36500.000000 4.82304000e+04
36700.000000 4.72642000e+04
36900.000000 4.62525000e+04
37100.000000 4.53501000e+04
37300.000000 4.44156000e+04
37500.000000 4.33189000e+04
37700.000000 4.26908000e+04
37900.000000 4.18585000e+04
38100.000000 4.09687000e+04
38300.000000 4.02080000e+04
38500.000000 3.94355000e+04
38700.000000 3.86668000e+04
38900.000000 3.79092000e+04
39100.000000 3.71158000e+04
39300.000000 3.64707000e+04
39500.000000 3.57739000e+04
39700.000000 3.51012000e+04
39900.000000 3.44000000e+04
40100.000000 3.37602000e+04
40300.000000 3.30757000e+04
40500.000000 3.23318000e+04
40700.000000 3.19125000e+04
40900.000000 3.13309000e+04
41100.000000 3.07568000e+04
41300.000000 3.01968000e+04
41500.000000 2.96396000e+04
41700.000000 2.90267000e+04
41900.000000 2.85786000e+04
42100.000000 2.80314000e+04
42300.000000 2.75648000e+04
42500.000000 2.70640000e+04
42700.000000 2.65900000e+04
42900.000000 2.59435000e+04
43100.000000 2.53099000e+04
43300.000000 2.49379000e+04
43500.000000 2.43030000e+04
43700.000000 2.37654000e+04
43900.000000 2.34321000e+04
44100.000000 2.28404000e+04
44300.000000 2.24868000e+04
44500.000000 2.21006000e+04
44700.000000 2.15752000e+04
44900.000000 2.13068000e+04
45100.000000 2.09145000e+04
45300.000000 2.04769000e+04
45500.000000 2.01954000e+04
45700.000000 1.99107000e+04
45900.000000 1.94640000e+04
46100.000000 1.92211000e+04
46300.000000 1.88831000e+04
46500.000000 1.86165000e+04
46700.000000 1.83451000e+04
46900.000000 1.80520000e+04
47100.000000 1.77988000e+04
47300.000000 1.75795000e+04
47500.000000 1.72532000e+04
47700.000000 1.69945000e+04
47900.000000 1.67610000e+04
48100.000000 1.64379000e+04
48300.000000 1.62504000e+04
48500.000000 1.59902000e+04
48700.000000 1.57296000e+04
48900.000000 1.54906000e+04
49100.000000 1.52737000e+04
49300.000000 1.50224000e+04
49500.000000 1.48013000e+04
49700.000000 1.45655000e+04
49900.000000 1.43824000e+04
50100.000000 1.41232000e+04
50300.000000 1.39494000e+04
50500.000000 1.36926000e+04
50700.000000 1.35096000e+04
50900.000000 1.33398000e+04
51100.000000 1.31195000e+04
51300.000000 1.29167000e+04
51500.000000 1.27376000e+04
51700.000000 1.25924000e+04
51900.000000 1.23688000e+04
52100.000000 1.21909000e+04
52300.000000 1.20152000e+04
52500.000000 1.18587000e+04
52700.000000 1.16984000e+04
52900.000000 1.14983000e+04
53100.000000 1.13637000e+04
53300.000000 1.11879000e+04
53500.000000 1.10475000e+04
53700.000000 1.08925000e+04
53900.000000 1.07446000e+04
54100.000000 1.05960000e+04
54300.000000 1.04262000e+04
54500.000000 1.03062000e+04
54700.000000 1.01628000e+04
54900.000000 1.00125000e+04
55100.000000 9.89160000e+03
55300.000000 9.76474000e+03
55500.000000 9.61010000e+03
55700.000000 9.50648000e+03
55900.000000 9.36251000e+03
56100.000000 9.23841000e+03
56300.000000 9.11370000e+03
56500.000000 9.00610000e+03
56700.000000 8.88760000e+03
56900.000000 8.75716000e+03
57100.000000 8.64682000e+03
57300.000000 8.53791000e+03
57500.000000 8.42381000e+03
57700.000000 8.31527000e+03
57900.000000 8.21039000e+03
58100.000000 8.09984000e+03
58300.000000 7.99537000e+03
58500.000000 7.89709000e+03
58700.000000 7.79023000e+03
58900.000000 7.69007000e+03
59100.000000 7.57922000e+03
59300.000000 7.49594000e+03
59500.000000 7.38955000e+03
59700.000000 7.30799000e+03
59900.000000 7.21475000e+03
60100.000000 7.12394000e+03
60300.000000 7.03294000e+03
60500.000000 6.94288000e+03
60700.000000 6.85528000e+03
60900.000000 6.77000000e+03
61100.000000 6.68266000e+03
61300.000000 6.60203000e+03
61500.000000 6.52022000e+03
61700.000000 6.43952000e+03
61900.000000 6.36051000e+03
62100.000000 6.28151000e+03
62300.000000 6.20232000e+03
62500.000000 6.12624000e+03
62700.000000 6.05176000e+03
62900.000000 5.97049000e+03
63100.000000 5.90441000e+03
63300.000000 5.83481000e+03
63500.000000 5.76271000e+03
63700.000000 5.69417000e+03
63900.000000 5.62389000e+03
64200.000000 5.52420000e+03
64600.000000 5.39218000e+03
65000.000000 5.26476000e+03
65400.000000 5.14163000e+03
65800.000000 5.02162000e+03
66200.000000 4.90464000e+03
66600.000000 4.79163000e+03
67000.000000 4.68147000e+03
67400.000000 4.57407000e+03
67800.000000 4.46772000e+03
68200.000000 4.36938000e+03
68600.000000 4.27126000e+03
69000.000000 4.17575000e+03
69400.000000 4.08263000e+03
69800.000000 3.99282000e+03
70200.000000 3.90456000e+03
70600.000000 3.81955000e+03
71000.000000 3.73628000e+03
71400.000000 3.65566000e+03
71800.000000 3.57697000e+03
72200.000000 3.50030000e+03
72600.000000 3.42560000e+03
73000.000000 3.35338000e+03
73400.000000 3.28260000e+03
73800.000000 3.21398000e+03
74200.000000 3.14692000e+03
74600.000000 3.07610000e+03
75000.000000 3.01263000e+03
75400.000000 2.95610000e+03
75800.000000 2.89581000e+03
76200.000000 2.83694000e+03
76600.000000 2.77958000e+03
77000.000000 2.72365000e+03
77400.000000 2.66916000e+03
77800.000000 2.61564000e+03
78200.000000 2.56419000e+03
78600.000000 2.51364000e+03
79000.000000 2.46428000e+03
79400.000000 2.41621000e+03
79800.000000 2.36927000e+03
80200.000000 2.32338000e+03
80600.000000 2.27869000e+03
81000.000000 2.23511000e+03
81400.000000 2.19182000e+03
81800.000000 2.15079000e+03
82200.000000 2.11028000e+03
82600.000000 2.07062000e+03
83000.000000 2.03190000e+03
83400.000000 1.99399000e+03
83800.000000 1.95708000e+03
84200.000000 1.92105000e+03
84600.000000 1.88576000e+03
85000.000000 1.85132000e+03
85400.000000 1.81759000e+03
85800.000000 1.78467000e+03
86200.000000 1.75247000e+03
86600.000000 1.72055000e+03
87000.000000 1.69033000e+03
87400.000000 1.65985000e+03
87800.000000 1.63035000e+03
88200.000000 1.60203000e+03
88600.000000 1.57392000e+03
89000.000000 1.54639000e+03
89400.000000 1.51948000e+03
89800.000000 1.49308000e+03
90200.000000 1.46741000e+03
90600.000000 1.44223000e+03
91000.000000 1.41748000e+03
91400.000000 1.39328000e+03
91800.000000 1.36972000e+03
92200.000000 1.34661000e+03
92600.000000 1.32388000e+03
93000.000000 1.30185000e+03
93400.000000 1.28001000e+03
93800.000000 1.25824000e+03
94200.000000 1.23803000e+03
94600.000000 1.21743000e+03
95000.000000 1.19769000e+03
95400.000000 1.17806000e+03
95800.000000 1.15868000e+03
96200.000000 1.14015000e+03
96600.000000 1.12144000e+03
97000.000000 1.10372000e+03
97400.000000 1.08598000e+03
97800.000000 1.06833000e+03
98200.000000 1.05175000e+03
98600.000000 1.03506000e+03
99000.000000 1.01864000e+03
99400.000000 1.00253000e+03
99800.000000 9.87133000e+02
100200.000000 9.71763000e+02
200000.000000 6.35185000e+01
400000.000000 4.02724000e+00
600000.000000 7.96176000e-01
800000.000000 2.51367000e-01
1000000.000000 1.02647000e-01
1200000.000000 4.93385000e-02
1400000.000000 2.65440000e-02
1600000.000000 1.55107000e-02
