# Kurucz ODFNEW /NOVER, alpha: 0.0 (2003)
# teff = 6000 K (value for the effective temperature for the model. Temperatures are given in K)
# logg = 1 log(cm/s2) (value for Log(G) for the model.)
# lh = 1.25  (l/Hp where l is the  mixing length of the convective element and Hp is the pressure scale height)
# meta = -1.5  (value for the Metallicity for the model.)
# vtur = 2 km/s (Microturbulence velocity)
# alpha = 0  (Alpha)
#
# column 1: WAVELENGTH (ANGSTROM), Wavelength in Angstrom
# column 2: FLUX (ERG/CM2/S/A), Flux in erg/cm2/s/A
147.200000 3.20921000e-93
151.000000 1.38591000e-90
155.200000 7.97829000e-88
158.800000 1.40968000e-85
162.000000 1.15184000e-83
166.000000 2.21955000e-81
170.300000 4.79321000e-79
173.400000 1.95071000e-77
176.800000 9.75888000e-76
180.200000 4.20015000e-74
181.700000 2.10965000e-73
186.100000 2.06143000e-71
191.000000 2.62970000e-69
193.900000 4.11237000e-68
198.400000 2.49289000e-66
201.800000 4.90329000e-65
205.000000 7.39071000e-64
210.500000 6.40147000e-62
216.200000 5.10573000e-60
219.800000 7.19803000e-59
223.000000 7.01331000e-58
226.800000 9.62509000e-57
230.000000 8.16342000e-56
234.000000 1.08349000e-54
240.000000 4.43959000e-53
246.500000 2.01192000e-51
252.400000 5.38586000e-50
256.800000 5.65018000e-49
260.000000 2.96585000e-48
264.000000 2.22337000e-47
268.500000 1.98842000e-46
273.500000 2.07840000e-45
278.500000 1.99463000e-44
284.000000 2.18085000e-43
290.000000 2.66206000e-42
296.000000 2.92148000e-41
301.000000 1.99752000e-40
308.000000 2.64244000e-39
318.000000 8.61429000e-38
328.000000 2.25301000e-36
338.000000 4.81711000e-35
348.000000 8.58112000e-34
357.000000 9.91683000e-33
366.000000 1.01253000e-31
375.000000 9.19287000e-31
385.000000 9.39962000e-30
395.000000 8.49147000e-29
405.000000 6.84647000e-28
414.000000 4.09445000e-27
422.000000 1.87586000e-26
430.000000 8.09775000e-26
441.000000 5.52268000e-25
451.000000 2.90214000e-24
460.000000 1.21064000e-23
470.000000 5.53293000e-23
480.000000 2.36372000e-22
490.000000 9.48853000e-22
500.000000 3.58737000e-21
506.000000 1.03121000e-20
512.000000 2.45659000e-20
520.000000 6.48618000e-20
530.000000 2.10306000e-19
540.000000 6.41086000e-19
550.000000 1.89336000e-18
560.000000 5.33476000e-18
570.000000 1.44546000e-17
580.000000 3.73336000e-17
590.000000 9.51531000e-17
600.000000 2.32023000e-16
610.000000 5.48186000e-16
620.000000 1.25681000e-15
630.000000 2.80008000e-15
640.000000 6.07449000e-15
650.000000 1.28418000e-14
658.000000 2.29589000e-14
665.000000 3.76972000e-14
675.000000 7.50747000e-14
685.000000 1.46260000e-13
695.000000 2.79015000e-13
705.000000 5.21596000e-13
716.000000 1.01557000e-12
726.000000 1.82534000e-12
735.000000 3.04849000e-12
745.000000 5.30506000e-12
755.000000 9.08341000e-12
765.000000 1.53132000e-11
775.000000 2.54316000e-11
785.000000 4.16342000e-11
795.000000 6.71887000e-11
805.000000 1.07102000e-10
815.000000 1.68518000e-10
825.000000 2.61913000e-10
835.000000 4.02360000e-10
845.000000 6.11135000e-10
855.000000 9.18034000e-10
865.000000 1.36463000e-09
875.000000 2.00758000e-09
885.000000 2.92552000e-09
895.000000 4.22248000e-09
905.000000 6.03807000e-09
915.000000 2.24811000e-05
925.000000 7.78798000e-05
935.000000 1.05474000e-04
945.000000 1.61470000e-04
955.000000 2.41216000e-04
965.000000 3.31749000e-04
975.000000 4.33509000e-04
985.000000 6.33924000e-04
995.000000 8.46745000e-04
1005.000000 1.19141000e-03
1015.000000 1.55105000e-03
1025.000000 2.10377000e-03
1035.000000 2.86521000e-03
1045.000000 3.84655000e-03
1055.000000 5.06559000e-03
1065.000000 6.53300000e-03
1075.000000 8.60011000e-03
1085.000000 1.12050000e-02
1095.000000 1.41778000e-02
1105.000000 4.23588000e-02
1115.000000 1.35653000e-01
1125.000000 1.83944000e-01
1135.000000 2.41808000e-01
1145.000000 2.74174000e-01
1155.000000 2.61901000e-01
1165.000000 2.87039000e-01
1175.000000 2.63673000e-01
1185.000000 7.14410000e-01
1195.000000 1.46038000e-01
1205.000000 1.18639000e-01
1215.000000 7.62608000e-02
1225.000000 1.64753000e-01
1235.000000 3.30757000e-01
1245.000000 4.74550000e-01
1255.000000 9.58265000e-01
1265.000000 1.52752000e+00
1275.000000 2.39600000e+00
1285.000000 3.90755000e+00
1295.000000 5.72566000e+00
1305.000000 6.99627000e+00
1315.000000 1.05137000e+01
1325.000000 1.42896000e+01
1335.000000 1.86563000e+01
1345.000000 2.46443000e+01
1355.000000 2.97440000e+01
1365.000000 3.80141000e+01
1375.000000 4.62028000e+01
1385.000000 5.63437000e+01
1395.000000 6.95682000e+01
1405.000000 8.34138000e+01
1415.000000 9.88305000e+01
1425.000000 1.15856000e+02
1435.000000 1.30147000e+02
1442.000000 1.56726000e+02
1447.000000 1.67055000e+02
1455.000000 1.94840000e+02
1465.000000 2.15342000e+02
1475.000000 2.53626000e+02
1485.000000 2.94195000e+02
1495.000000 3.48677000e+02
1505.000000 4.02705000e+02
1512.000000 4.33986000e+02
1517.000000 4.69322000e+02
1525.000000 5.21691000e+02
1535.000000 6.34943000e+02
1545.000000 7.69249000e+02
1555.000000 8.54176000e+02
1565.000000 8.62630000e+02
1575.000000 1.09604000e+03
1585.000000 1.26488000e+03
1595.000000 1.51046000e+03
1605.000000 1.61673000e+03
1615.000000 1.75147000e+03
1625.000000 1.85752000e+03
1635.000000 2.22524000e+03
1645.000000 2.63416000e+03
1655.000000 2.14496000e+03
1665.000000 3.27274000e+03
1672.000000 2.58939000e+03
1677.000000 3.62674000e+03
1685.000000 5.08777000e+03
1695.000000 7.60625000e+03
1705.000000 1.02871000e+04
1715.000000 1.91104000e+04
1725.000000 2.63744000e+04
1735.000000 3.58442000e+04
1745.000000 3.47900000e+04
1755.000000 4.84252000e+04
1765.000000 4.19802000e+04
1775.000000 5.53623000e+04
1785.000000 5.53242000e+04
1795.000000 8.77029000e+04
1805.000000 6.35845000e+04
1815.000000 8.60986000e+04
1825.000000 7.22065000e+04
1835.000000 8.99525000e+04
1845.000000 8.16094000e+04
1855.000000 9.96853000e+04
1865.000000 1.24677000e+05
1875.000000 1.25279000e+05
1885.000000 1.40833000e+05
1895.000000 1.62776000e+05
1905.000000 1.56774000e+05
1915.000000 1.76848000e+05
1925.000000 1.73053000e+05
1935.000000 1.19723000e+05
1945.000000 2.27560000e+05
1955.000000 2.49890000e+05
1967.000000 2.91172000e+05
1976.000000 2.94653000e+05
1984.000000 2.95487000e+05
1995.000000 3.02489000e+05
2005.000000 3.00416000e+05
2015.000000 3.01803000e+05
2025.000000 2.77727000e+05
2035.000000 3.56395000e+05
2045.000000 4.03806000e+05
2055.000000 3.84470000e+05
2065.000000 3.67751000e+05
2074.000000 4.88827000e+05
2078.000000 5.43813000e+05
2085.000000 5.34084000e+05
2095.000000 5.22551000e+05
2105.000000 5.07489000e+05
2115.000000 5.50749000e+05
2125.000000 5.45369000e+05
2135.000000 4.58285000e+05
2145.000000 5.73508000e+05
2155.000000 5.95779000e+05
2165.000000 5.60365000e+05
2175.000000 5.81799000e+05
2185.000000 6.39124000e+05
2195.000000 7.40037000e+05
2205.000000 7.13194000e+05
2215.000000 6.25614000e+05
2225.000000 6.44004000e+05
2235.000000 8.20999000e+05
2245.000000 7.57417000e+05
2255.000000 6.55047000e+05
2265.000000 6.53167000e+05
2275.000000 7.97187000e+05
2285.000000 8.45206000e+05
2295.000000 7.84068000e+05
2305.000000 8.84349000e+05
2315.000000 8.76796000e+05
2325.000000 8.45365000e+05
2335.000000 6.01056000e+05
2345.000000 4.55506000e+05
2355.000000 8.00597000e+05
2365.000000 4.82899000e+05
2375.000000 6.94601000e+05
2385.000000 3.62541000e+05
2395.000000 5.05962000e+05
2405.000000 4.98650000e+05
2415.000000 6.47043000e+05
2425.000000 1.04602000e+06
2435.000000 1.05695000e+06
2445.000000 1.16182000e+06
2455.000000 1.16119000e+06
2465.000000 1.18303000e+06
2475.000000 1.07946000e+06
2485.000000 1.05895000e+06
2495.000000 1.05314000e+06
2505.000000 1.39026000e+06
2513.000000 1.10988000e+06
2518.000000 1.13922000e+06
2525.000000 9.75619000e+05
2535.000000 9.69695000e+05
2545.000000 1.04026000e+06
2555.000000 1.20682000e+06
2565.000000 1.10140000e+06
2575.000000 1.26900000e+06
2585.000000 1.16347000e+06
2595.000000 1.07955000e+06
2605.000000 9.26609000e+05
2615.000000 8.61304000e+05
2625.000000 1.15791000e+06
2635.000000 1.47469000e+06
2645.000000 2.04206000e+06
2655.000000 2.14782000e+06
2665.000000 1.82195000e+06
2675.000000 1.99373000e+06
2685.000000 2.05285000e+06
2695.000000 1.83504000e+06
2705.000000 1.96823000e+06
2715.000000 1.71136000e+06
2725.000000 1.75899000e+06
2735.000000 1.90293000e+06
2745.000000 1.19093000e+06
2755.000000 1.48800000e+06
2765.000000 1.72403000e+06
2775.000000 2.02004000e+06
2785.000000 1.63612000e+06
2795.000000 5.28876000e+05
2805.000000 7.10555000e+05
2815.000000 2.05935000e+06
2825.000000 2.42981000e+06
2835.000000 2.38017000e+06
2845.000000 2.30338000e+06
2855.000000 2.03057000e+06
2865.000000 2.45345000e+06
2875.000000 2.44543000e+06
2885.000000 2.51261000e+06
2895.000000 2.43194000e+06
2910.000000 2.87598000e+06
2930.000000 2.80881000e+06
2950.000000 2.79959000e+06
2970.000000 2.97496000e+06
2990.000000 3.02939000e+06
3010.000000 3.14699000e+06
3030.000000 3.19007000e+06
3050.000000 3.27359000e+06
3070.000000 3.32864000e+06
3090.000000 3.46948000e+06
3110.000000 3.40712000e+06
3130.000000 3.41840000e+06
3150.000000 3.61072000e+06
3170.000000 3.66945000e+06
3190.000000 3.42881000e+06
3210.000000 3.63184000e+06
3230.000000 3.45206000e+06
3250.000000 3.72325000e+06
3270.000000 3.89698000e+06
3290.000000 3.98827000e+06
3310.000000 4.11833000e+06
3330.000000 4.05203000e+06
3350.000000 4.03232000e+06
3370.000000 3.98560000e+06
3390.000000 4.09409000e+06
3410.000000 4.17904000e+06
3430.000000 4.35972000e+06
3450.000000 4.33528000e+06
3470.000000 4.30109000e+06
3490.000000 4.31441000e+06
3510.000000 4.47882000e+06
3530.000000 4.48596000e+06
3550.000000 4.72403000e+06
3570.000000 4.48739000e+06
3590.000000 4.51207000e+06
3610.000000 4.60617000e+06
3630.000000 4.72852000e+06
3640.000000 4.66192000e+06
3650.000000 4.90222000e+06
3670.000000 4.89145000e+06
3690.000000 5.35126000e+06
3710.000000 6.74408000e+06
3730.000000 8.14958000e+06
3750.000000 9.95209000e+06
3770.000000 1.03483000e+07
3790.000000 1.13918000e+07
3810.000000 1.23508000e+07
3830.000000 1.06763000e+07
3850.000000 1.26676000e+07
3870.000000 1.30912000e+07
3890.000000 1.07820000e+07
3910.000000 1.27683000e+07
3930.000000 9.25646000e+06
3950.000000 1.25334000e+07
3970.000000 8.98625000e+06
3990.000000 1.31736000e+07
4010.000000 1.35406000e+07
4030.000000 1.34128000e+07
4050.000000 1.34176000e+07
4070.000000 1.31930000e+07
4090.000000 1.31249000e+07
4110.000000 1.14704000e+07
4130.000000 1.32723000e+07
4150.000000 1.34389000e+07
4170.000000 1.32531000e+07
4190.000000 1.32052000e+07
4210.000000 1.31691000e+07
4230.000000 1.30190000e+07
4250.000000 1.31224000e+07
4270.000000 1.30991000e+07
4290.000000 1.29230000e+07
4310.000000 1.23410000e+07
4330.000000 1.22067000e+07
4350.000000 1.12395000e+07
4370.000000 1.30488000e+07
4390.000000 1.27951000e+07
4410.000000 1.26016000e+07
4430.000000 1.28175000e+07
4450.000000 1.27334000e+07
4470.000000 1.26842000e+07
4490.000000 1.27822000e+07
4510.000000 1.29393000e+07
4530.000000 1.25270000e+07
4550.000000 1.24116000e+07
4570.000000 1.27760000e+07
4590.000000 1.25083000e+07
4610.000000 1.27451000e+07
4630.000000 1.25448000e+07
4650.000000 1.25982000e+07
4670.000000 1.26034000e+07
4690.000000 1.25413000e+07
4710.000000 1.22664000e+07
4730.000000 1.24653000e+07
4750.000000 1.24818000e+07
4770.000000 1.23760000e+07
4790.000000 1.22942000e+07
4810.000000 1.22674000e+07
4830.000000 1.21480000e+07
4850.000000 1.14813000e+07
4870.000000 1.00790000e+07
4890.000000 1.18607000e+07
4910.000000 1.19136000e+07
4930.000000 1.16857000e+07
4950.000000 1.18066000e+07
4970.000000 1.18867000e+07
4990.000000 1.15972000e+07
5010.000000 1.13551000e+07
5030.000000 1.16066000e+07
5050.000000 1.14897000e+07
5070.000000 1.15662000e+07
5090.000000 1.14359000e+07
5110.000000 1.14001000e+07
5130.000000 1.12460000e+07
5150.000000 1.11241000e+07
5170.000000 1.09038000e+07
5190.000000 1.08684000e+07
5210.000000 1.08666000e+07
5230.000000 1.08540000e+07
5250.000000 1.10356000e+07
5270.000000 1.06203000e+07
5290.000000 1.08999000e+07
5310.000000 1.08163000e+07
5330.000000 1.05987000e+07
5350.000000 1.07814000e+07
5370.000000 1.06665000e+07
5390.000000 1.06093000e+07
5410.000000 1.04971000e+07
5430.000000 1.04690000e+07
5450.000000 1.04964000e+07
5470.000000 1.04607000e+07
5490.000000 1.04464000e+07
5510.000000 1.03829000e+07
5530.000000 1.03116000e+07
5550.000000 1.03522000e+07
5570.000000 1.02306000e+07
5590.000000 1.01572000e+07
5610.000000 1.01288000e+07
5630.000000 1.01436000e+07
5650.000000 1.00503000e+07
5670.000000 9.97764000e+06
5690.000000 9.98709000e+06
5710.000000 9.91644000e+06
5730.000000 9.92123000e+06
5750.000000 9.85473000e+06
5770.000000 9.81357000e+06
5790.000000 9.75399000e+06
5810.000000 9.71362000e+06
5830.000000 9.67258000e+06
5850.000000 9.59225000e+06
5870.000000 9.56515000e+06
5890.000000 9.40116000e+06
5910.000000 9.46825000e+06
5930.000000 9.42024000e+06
5950.000000 9.37862000e+06
5970.000000 9.33344000e+06
5990.000000 9.27478000e+06
6010.000000 9.22307000e+06
6030.000000 9.17514000e+06
6050.000000 9.14556000e+06
6070.000000 9.10278000e+06
6090.000000 9.04481000e+06
6110.000000 8.98751000e+06
6130.000000 8.88164000e+06
6150.000000 8.82128000e+06
6170.000000 8.79338000e+06
6190.000000 8.81176000e+06
6210.000000 8.77688000e+06
6230.000000 8.70024000e+06
6250.000000 8.57154000e+06
6270.000000 8.64104000e+06
6290.000000 8.59599000e+06
6310.000000 8.51755000e+06
6330.000000 8.49362000e+06
6350.000000 8.45870000e+06
6370.000000 8.41328000e+06
6390.000000 8.37481000e+06
6410.000000 8.29237000e+06
6430.000000 8.26365000e+06
6450.000000 8.19564000e+06
6470.000000 8.18923000e+06
6490.000000 8.07864000e+06
6510.000000 8.10526000e+06
6530.000000 8.05604000e+06
6550.000000 7.76263000e+06
6570.000000 6.67057000e+06
6590.000000 7.88399000e+06
6610.000000 7.90188000e+06
6630.000000 7.88865000e+06
6650.000000 7.84723000e+06
6670.000000 7.79847000e+06
6690.000000 7.77278000e+06
6710.000000 7.72618000e+06
6730.000000 7.69281000e+06
6750.000000 7.64514000e+06
6770.000000 7.61376000e+06
6790.000000 7.57200000e+06
6810.000000 7.53506000e+06
6830.000000 7.49463000e+06
6850.000000 7.45318000e+06
6870.000000 7.42126000e+06
6890.000000 7.38593000e+06
6910.000000 7.34687000e+06
6930.000000 7.30947000e+06
6950.000000 7.27144000e+06
6970.000000 7.23613000e+06
6990.000000 7.19979000e+06
7010.000000 7.14972000e+06
7030.000000 7.12243000e+06
7050.000000 7.09065000e+06
7070.000000 7.05262000e+06
7090.000000 7.01746000e+06
7110.000000 6.96462000e+06
7130.000000 6.93768000e+06
7150.000000 6.90195000e+06
7170.000000 6.87031000e+06
7190.000000 6.82223000e+06
7210.000000 6.78922000e+06
7230.000000 6.75956000e+06
7250.000000 6.73515000e+06
7270.000000 6.70199000e+06
7290.000000 6.65570000e+06
7310.000000 6.62088000e+06
7330.000000 6.58887000e+06
7350.000000 6.56387000e+06
7370.000000 6.53655000e+06
7390.000000 6.49342000e+06
7410.000000 6.44689000e+06
7430.000000 6.42233000e+06
7450.000000 6.39230000e+06
7470.000000 6.35987000e+06
7490.000000 6.32542000e+06
7510.000000 6.29458000e+06
7530.000000 6.27175000e+06
7550.000000 6.24590000e+06
7570.000000 6.20959000e+06
7590.000000 6.17991000e+06
7610.000000 6.14962000e+06
7630.000000 6.11943000e+06
7650.000000 6.08599000e+06
7670.000000 6.04264000e+06
7690.000000 6.02609000e+06
7710.000000 5.97909000e+06
7730.000000 5.96111000e+06
7750.000000 5.92963000e+06
7770.000000 5.87269000e+06
7790.000000 5.87858000e+06
7810.000000 5.84987000e+06
7830.000000 5.81369000e+06
7850.000000 5.78289000e+06
7870.000000 5.75980000e+06
7890.000000 5.72924000e+06
7910.000000 5.70127000e+06
7930.000000 5.66194000e+06
7950.000000 5.63510000e+06
7970.000000 5.62073000e+06
7990.000000 5.59127000e+06
8010.000000 5.56039000e+06
8030.000000 5.53372000e+06
8050.000000 5.50463000e+06
8070.000000 5.48068000e+06
8090.000000 5.44883000e+06
8110.000000 5.42772000e+06
8130.000000 5.40150000e+06
8150.000000 5.37406000e+06
8170.000000 5.34739000e+06
8190.000000 5.29294000e+06
8210.000000 5.28943000e+06
8230.000000 5.25530000e+06
8250.000000 5.23173000e+06
8270.000000 5.22006000e+06
8290.000000 5.19205000e+06
8310.000000 5.15640000e+06
8330.000000 5.09182000e+06
8350.000000 5.11036000e+06
8370.000000 5.04924000e+06
8390.000000 5.02412000e+06
8410.000000 5.01096000e+06
8430.000000 5.03609000e+06
8450.000000 4.98906000e+06
8470.000000 4.90031000e+06
8490.000000 5.03101000e+06
8510.000000 4.74677000e+06
8530.000000 5.02075000e+06
8550.000000 4.49849000e+06
8570.000000 5.02657000e+06
8590.000000 4.91527000e+06
8610.000000 4.80597000e+06
8630.000000 5.00042000e+06
8650.000000 4.95341000e+06
8670.000000 4.42184000e+06
8690.000000 4.90158000e+06
8710.000000 4.93228000e+06
8730.000000 4.89285000e+06
8750.000000 4.54846000e+06
8770.000000 4.82627000e+06
8790.000000 4.84266000e+06
8810.000000 4.79963000e+06
8830.000000 4.77565000e+06
8850.000000 4.70825000e+06
8870.000000 4.42382000e+06
8890.000000 4.71302000e+06
8910.000000 4.69673000e+06
8930.000000 4.66782000e+06
8950.000000 4.66288000e+06
8970.000000 4.64117000e+06
8990.000000 4.60540000e+06
9010.000000 4.29558000e+06
9030.000000 4.48328000e+06
9050.000000 4.54973000e+06
9070.000000 4.48962000e+06
9090.000000 4.42803000e+06
9110.000000 4.46426000e+06
9130.000000 4.46854000e+06
9150.000000 4.44862000e+06
9170.000000 4.42606000e+06
9190.000000 4.40383000e+06
9210.000000 4.33289000e+06
9230.000000 4.01834000e+06
9250.000000 4.27573000e+06
9270.000000 4.30640000e+06
9290.000000 4.30206000e+06
9310.000000 4.28269000e+06
9330.000000 4.26158000e+06
9350.000000 4.24130000e+06
9370.000000 4.22136000e+06
9390.000000 4.20165000e+06
9410.000000 4.13097000e+06
9430.000000 4.15464000e+06
9450.000000 4.13838000e+06
9470.000000 4.12382000e+06
9490.000000 4.10533000e+06
9510.000000 4.08183000e+06
9530.000000 4.02987000e+06
9550.000000 3.74241000e+06
9570.000000 4.00119000e+06
9590.000000 4.00778000e+06
9610.000000 3.97872000e+06
9630.000000 3.95088000e+06
9650.000000 3.94888000e+06
9670.000000 3.91076000e+06
9690.000000 3.91221000e+06
9710.000000 3.89915000e+06
9730.000000 3.88103000e+06
9750.000000 3.85676000e+06
9770.000000 3.84485000e+06
9790.000000 3.82653000e+06
9810.000000 3.81000000e+06
9830.000000 3.79264000e+06
9850.000000 3.77217000e+06
9870.000000 3.75527000e+06
9890.000000 3.73128000e+06
9910.000000 3.72034000e+06
9930.000000 3.70353000e+06
9950.000000 3.68862000e+06
9970.000000 3.67262000e+06
9990.000000 3.65589000e+06
10025.000000 3.58565000e+06
10075.000000 3.48506000e+06
10125.000000 3.53814000e+06
10175.000000 3.50200000e+06
10225.000000 3.46463000e+06
10275.000000 3.42789000e+06
10325.000000 3.37766000e+06
10375.000000 3.35005000e+06
10425.000000 3.31439000e+06
10475.000000 3.26212000e+06
10525.000000 3.23950000e+06
10575.000000 3.20264000e+06
10625.000000 3.16242000e+06
10675.000000 3.10040000e+06
10725.000000 3.08620000e+06
10775.000000 3.05795000e+06
10825.000000 3.01674000e+06
10875.000000 2.99158000e+06
10925.000000 2.84527000e+06
10975.000000 2.91449000e+06
11025.000000 2.90556000e+06
11075.000000 2.87628000e+06
11125.000000 2.84351000e+06
11175.000000 2.81273000e+06
11225.000000 2.78527000e+06
11275.000000 2.74788000e+06
11325.000000 2.71706000e+06
11375.000000 2.69532000e+06
11425.000000 2.66229000e+06
11475.000000 2.64226000e+06
11525.000000 2.61521000e+06
11575.000000 2.58696000e+06
11625.000000 2.55012000e+06
11675.000000 2.51942000e+06
11725.000000 2.50875000e+06
11775.000000 2.46219000e+06
11825.000000 2.44406000e+06
11875.000000 2.41697000e+06
11925.000000 2.40830000e+06
11975.000000 2.36653000e+06
12025.000000 2.35549000e+06
12075.000000 2.32884000e+06
12125.000000 2.30905000e+06
12175.000000 2.28898000e+06
12225.000000 2.26574000e+06
12275.000000 2.24087000e+06
12325.000000 2.22039000e+06
12375.000000 2.19845000e+06
12425.000000 2.17745000e+06
12475.000000 2.15599000e+06
12525.000000 2.13386000e+06
12575.000000 2.11054000e+06
12625.000000 2.08993000e+06
12675.000000 2.07249000e+06
12725.000000 2.05293000e+06
12775.000000 2.02688000e+06
12825.000000 1.90203000e+06
12875.000000 1.98994000e+06
12925.000000 1.97413000e+06
12975.000000 1.95554000e+06
13025.000000 1.93702000e+06
13075.000000 1.91887000e+06
13125.000000 1.89927000e+06
13175.000000 1.88017000e+06
13225.000000 1.86469000e+06
13275.000000 1.84618000e+06
13325.000000 1.82936000e+06
13375.000000 1.81212000e+06
13425.000000 1.79556000e+06
13475.000000 1.77873000e+06
13525.000000 1.76140000e+06
13575.000000 1.74424000e+06
13625.000000 1.72925000e+06
13675.000000 1.71306000e+06
13725.000000 1.69116000e+06
13775.000000 1.68004000e+06
13825.000000 1.66466000e+06
13875.000000 1.65108000e+06
13925.000000 1.63508000e+06
13975.000000 1.62053000e+06
14025.000000 1.60518000e+06
14075.000000 1.59140000e+06
14125.000000 1.57595000e+06
14175.000000 1.56234000e+06
14225.000000 1.54668000e+06
14275.000000 1.53207000e+06
14325.000000 1.52002000e+06
14375.000000 1.50668000e+06
14425.000000 1.47968000e+06
14475.000000 1.47917000e+06
14525.000000 1.45799000e+06
14570.000000 1.45256000e+06
14620.000000 1.43884000e+06
14675.000000 1.42702000e+06
14725.000000 1.41295000e+06
14775.000000 1.39907000e+06
14825.000000 1.38749000e+06
14875.000000 1.36892000e+06
14925.000000 1.36384000e+06
14975.000000 1.35140000e+06
15025.000000 1.32804000e+06
15075.000000 1.32048000e+06
15125.000000 1.31093000e+06
15175.000000 1.29898000e+06
15225.000000 1.29836000e+06
15275.000000 1.26787000e+06
15325.000000 1.25724000e+06
15375.000000 1.26692000e+06
15425.000000 1.22408000e+06
15475.000000 1.24854000e+06
15525.000000 1.24203000e+06
15575.000000 1.18403000e+06
15625.000000 1.23056000e+06
15675.000000 1.20325000e+06
15725.000000 1.15423000e+06
15775.000000 1.19825000e+06
15825.000000 1.19225000e+06
15875.000000 1.10255000e+06
15925.000000 1.16726000e+06
15975.000000 1.16674000e+06
16050.000000 1.14530000e+06
16150.000000 1.08885000e+06
16250.000000 1.11277000e+06
16350.000000 1.08105000e+06
16450.000000 1.02554000e+06
16550.000000 1.04578000e+06
16650.000000 1.02402000e+06
16750.000000 9.93686000e+05
16850.000000 9.42598000e+05
16950.000000 9.61681000e+05
17050.000000 9.40882000e+05
17150.000000 9.22078000e+05
17250.000000 9.01631000e+05
17350.000000 8.44724000e+05
17450.000000 8.63180000e+05
17550.000000 8.48870000e+05
17650.000000 8.31430000e+05
17750.000000 8.15870000e+05
17850.000000 7.99660000e+05
17950.000000 7.84601000e+05
18050.000000 7.68601000e+05
18150.000000 7.23822000e+05
18250.000000 7.35661000e+05
18350.000000 7.24901000e+05
18450.000000 7.10745000e+05
18550.000000 6.97169000e+05
18650.000000 6.83409000e+05
18750.000000 6.37840000e+05
18850.000000 6.56674000e+05
18950.000000 6.43793000e+05
19050.000000 6.34145000e+05
19150.000000 6.22259000e+05
19250.000000 6.10687000e+05
19350.000000 5.98706000e+05
19450.000000 5.64393000e+05
19550.000000 5.77096000e+05
19650.000000 5.67130000e+05
19750.000000 5.55983000e+05
19850.000000 5.46771000e+05
19950.000000 5.36950000e+05
20050.000000 5.27530000e+05
20150.000000 5.18215000e+05
20250.000000 5.08856000e+05
20350.000000 4.99656000e+05
20450.000000 4.91241000e+05
20550.000000 4.82618000e+05
20650.000000 4.73926000e+05
20750.000000 4.65878000e+05
20850.000000 4.57901000e+05
20950.000000 4.49807000e+05
21050.000000 4.42210000e+05
21150.000000 4.34434000e+05
21250.000000 4.27009000e+05
21350.000000 4.19895000e+05
21450.000000 4.13090000e+05
21550.000000 4.06012000e+05
21650.000000 3.84459000e+05
21750.000000 3.92018000e+05
21850.000000 3.86031000e+05
21950.000000 3.79886000e+05
22050.000000 3.73326000e+05
22150.000000 3.67145000e+05
22250.000000 3.61508000e+05
22350.000000 3.55641000e+05
22450.000000 3.49893000e+05
22550.000000 3.43767000e+05
22650.000000 3.38616000e+05
22750.000000 3.33258000e+05
22850.000000 3.27995000e+05
22950.000000 3.22811000e+05
23050.000000 3.17875000e+05
23150.000000 3.12864000e+05
23250.000000 3.08025000e+05
23350.000000 3.03175000e+05
23450.000000 2.98471000e+05
23550.000000 2.93869000e+05
23650.000000 2.89254000e+05
23750.000000 2.84853000e+05
23850.000000 2.80417000e+05
23950.000000 2.76090000e+05
24050.000000 2.71688000e+05
24150.000000 2.67292000e+05
24250.000000 2.64464000e+05
24350.000000 2.59126000e+05
24450.000000 2.54950000e+05
24550.000000 2.52765000e+05
24650.000000 2.47984000e+05
24750.000000 2.44379000e+05
24850.000000 2.42166000e+05
24950.000000 2.34872000e+05
25050.000000 2.35541000e+05
25150.000000 2.32188000e+05
25250.000000 2.24071000e+05
25350.000000 2.25508000e+05
25450.000000 2.22489000e+05
25550.000000 2.19112000e+05
25650.000000 2.10638000e+05
25750.000000 2.13176000e+05
25850.000000 2.10227000e+05
25950.000000 2.07570000e+05
26050.000000 2.04025000e+05
26150.000000 1.95779000e+05
26250.000000 1.91530000e+05
26350.000000 1.95716000e+05
26450.000000 1.93324000e+05
26550.000000 1.90561000e+05
26650.000000 1.87526000e+05
26750.000000 1.79714000e+05
26850.000000 1.82746000e+05
26950.000000 1.80381000e+05
27050.000000 1.77866000e+05
27150.000000 1.75475000e+05
27250.000000 1.73083000e+05
27350.000000 1.70737000e+05
27450.000000 1.68440000e+05
27550.000000 1.61527000e+05
27650.000000 1.63253000e+05
27750.000000 1.61736000e+05
27850.000000 1.59581000e+05
27950.000000 1.57472000e+05
28050.000000 1.55379000e+05
28150.000000 1.53331000e+05
28250.000000 1.51313000e+05
28350.000000 1.49328000e+05
28450.000000 1.47349000e+05
28550.000000 1.45450000e+05
28650.000000 1.43275000e+05
28750.000000 1.37595000e+05
28850.000000 1.39847000e+05
28950.000000 1.38069000e+05
29050.000000 1.36303000e+05
29150.000000 1.34527000e+05
29250.000000 1.32825000e+05
29350.000000 1.31161000e+05
29450.000000 1.29485000e+05
29550.000000 1.27864000e+05
29650.000000 1.26253000e+05
29750.000000 1.24665000e+05
29850.000000 1.23113000e+05
29950.000000 1.21569000e+05
30050.000000 1.20057000e+05
30150.000000 1.18569000e+05
30250.000000 1.17103000e+05
30350.000000 1.13000000e+05
30450.000000 1.13498000e+05
30550.000000 1.12841000e+05
30650.000000 1.11452000e+05
30750.000000 1.10111000e+05
30850.000000 1.08745000e+05
30950.000000 1.07434000e+05
31050.000000 1.06133000e+05
31150.000000 1.04766000e+05
31250.000000 1.03599000e+05
31350.000000 1.02364000e+05
31450.000000 1.01135000e+05
31550.000000 9.99311000e+04
31650.000000 9.87741000e+04
31750.000000 9.75811000e+04
31850.000000 9.64531000e+04
31950.000000 9.53225000e+04
32100.000000 9.36440000e+04
32300.000000 9.14841000e+04
32500.000000 8.93736000e+04
32700.000000 8.73254000e+04
32900.000000 8.39628000e+04
33100.000000 8.32126000e+04
33300.000000 8.14142000e+04
33500.000000 7.96192000e+04
33700.000000 7.78212000e+04
33900.000000 7.61025000e+04
34100.000000 7.44284000e+04
34300.000000 7.28232000e+04
34500.000000 7.12534000e+04
34700.000000 6.97148000e+04
34900.000000 6.82097000e+04
35100.000000 6.67558000e+04
35300.000000 6.53243000e+04
35500.000000 6.39207000e+04
35700.000000 6.25385000e+04
35900.000000 6.13554000e+04
36100.000000 5.99317000e+04
36300.000000 5.88471000e+04
36500.000000 5.74291000e+04
36700.000000 5.65364000e+04
36900.000000 5.50315000e+04
37100.000000 5.42318000e+04
37300.000000 5.29125000e+04
37500.000000 5.11977000e+04
37700.000000 5.10350000e+04
37900.000000 5.00283000e+04
38100.000000 4.87466000e+04
38300.000000 4.79512000e+04
38500.000000 4.71264000e+04
38700.000000 4.61878000e+04
38900.000000 4.52959000e+04
39100.000000 4.40032000e+04
39300.000000 4.35687000e+04
39500.000000 4.27302000e+04
39700.000000 4.19183000e+04
39900.000000 4.11016000e+04
40100.000000 4.02334000e+04
40300.000000 3.92598000e+04
40500.000000 3.83356000e+04
40700.000000 3.81098000e+04
40900.000000 3.74002000e+04
41100.000000 3.67137000e+04
41300.000000 3.60388000e+04
41500.000000 3.53751000e+04
41700.000000 3.43584000e+04
41900.000000 3.40977000e+04
42100.000000 3.34706000e+04
42300.000000 3.28832000e+04
42500.000000 3.22929000e+04
42700.000000 3.17183000e+04
42900.000000 3.11551000e+04
43100.000000 3.06050000e+04
43300.000000 3.00638000e+04
43500.000000 2.95371000e+04
43700.000000 2.87249000e+04
43900.000000 2.85048000e+04
44100.000000 2.80221000e+04
44300.000000 2.75412000e+04
44500.000000 2.70697000e+04
44700.000000 2.66395000e+04
44900.000000 2.61859000e+04
45100.000000 2.57431000e+04
45300.000000 2.53088000e+04
45500.000000 2.48830000e+04
45700.000000 2.44654000e+04
45900.000000 2.40578000e+04
46100.000000 2.36598000e+04
46300.000000 2.32696000e+04
46500.000000 2.26029000e+04
46700.000000 2.22473000e+04
46900.000000 2.21402000e+04
47100.000000 2.17845000e+04
47300.000000 2.14322000e+04
47500.000000 2.10835000e+04
47700.000000 2.07465000e+04
47900.000000 2.04127000e+04
48100.000000 2.00837000e+04
48300.000000 1.97724000e+04
48500.000000 1.94511000e+04
48700.000000 1.91519000e+04
48900.000000 1.88395000e+04
49100.000000 1.85567000e+04
49300.000000 1.82545000e+04
49500.000000 1.79858000e+04
49700.000000 1.76904000e+04
49900.000000 1.74354000e+04
50100.000000 1.71689000e+04
50300.000000 1.68822000e+04
50500.000000 1.66498000e+04
50700.000000 1.63985000e+04
50900.000000 1.61201000e+04
51100.000000 1.59062000e+04
51300.000000 1.55133000e+04
51500.000000 1.54356000e+04
51700.000000 1.51699000e+04
51900.000000 1.49804000e+04
52100.000000 1.47588000e+04
52300.000000 1.45428000e+04
52500.000000 1.43284000e+04
52700.000000 1.40760000e+04
52900.000000 1.39159000e+04
53100.000000 1.37138000e+04
53300.000000 1.35156000e+04
53500.000000 1.33213000e+04
53700.000000 1.30968000e+04
53900.000000 1.29211000e+04
54100.000000 1.27588000e+04
54300.000000 1.25771000e+04
54500.000000 1.24000000e+04
54700.000000 1.22231000e+04
54900.000000 1.20537000e+04
55100.000000 1.18852000e+04
55300.000000 1.16579000e+04
55500.000000 1.15569000e+04
55700.000000 1.13969000e+04
55900.000000 1.12381000e+04
56100.000000 1.10854000e+04
56300.000000 1.09332000e+04
56500.000000 1.07845000e+04
56700.000000 1.06377000e+04
56900.000000 1.04935000e+04
57100.000000 1.02842000e+04
57300.000000 1.02123000e+04
57500.000000 1.00754000e+04
57700.000000 9.94054000e+03
57900.000000 9.80793000e+03
58100.000000 9.67780000e+03
58300.000000 9.54966000e+03
58500.000000 9.42812000e+03
58700.000000 9.30395000e+03
58900.000000 9.18104000e+03
59100.000000 8.97966000e+03
59300.000000 8.94351000e+03
59500.000000 8.75930000e+03
59700.000000 8.70927000e+03
59900.000000 8.60102000e+03
60100.000000 8.49005000e+03
60300.000000 8.38171000e+03
60500.000000 8.27462000e+03
60700.000000 8.16905000e+03
60900.000000 8.06500000e+03
61100.000000 7.96224000e+03
61300.000000 7.86274000e+03
61500.000000 7.76398000e+03
61700.000000 7.66662000e+03
61900.000000 7.57075000e+03
62100.000000 7.47654000e+03
62300.000000 7.38261000e+03
62500.000000 7.29184000e+03
62700.000000 7.20180000e+03
62900.000000 7.05828000e+03
63100.000000 7.02553000e+03
63300.000000 6.94030000e+03
63500.000000 6.85564000e+03
63700.000000 6.77227000e+03
63900.000000 6.69018000e+03
64200.000000 6.56948000e+03
64600.000000 6.41219000e+03
65000.000000 6.25977000e+03
65400.000000 6.11271000e+03
65800.000000 5.96874000e+03
66200.000000 5.82901000e+03
66600.000000 5.69482000e+03
67000.000000 5.56358000e+03
67400.000000 5.43471000e+03
67800.000000 5.29234000e+03
68200.000000 5.18962000e+03
68600.000000 5.07484000e+03
69000.000000 4.96118000e+03
69400.000000 4.84768000e+03
69800.000000 4.74318000e+03
70200.000000 4.63852000e+03
70600.000000 4.53698000e+03
71000.000000 4.43474000e+03
71400.000000 4.34196000e+03
71800.000000 4.24833000e+03
72200.000000 4.15701000e+03
72600.000000 4.06380000e+03
73000.000000 3.98228000e+03
73400.000000 3.89815000e+03
73800.000000 3.81638000e+03
74200.000000 3.73668000e+03
74600.000000 3.64087000e+03
75000.000000 3.55037000e+03
75400.000000 3.50981000e+03
75800.000000 3.43805000e+03
76200.000000 3.36812000e+03
76600.000000 3.29990000e+03
77000.000000 3.23343000e+03
77400.000000 3.16865000e+03
77800.000000 3.09918000e+03
78200.000000 3.04384000e+03
78600.000000 2.98379000e+03
79000.000000 2.92516000e+03
79400.000000 2.86798000e+03
79800.000000 2.81214000e+03
80200.000000 2.75769000e+03
80600.000000 2.70452000e+03
81000.000000 2.65272000e+03
81400.000000 2.59550000e+03
81800.000000 2.55261000e+03
82200.000000 2.50442000e+03
82600.000000 2.45730000e+03
83000.000000 2.41125000e+03
83400.000000 2.36624000e+03
83800.000000 2.32236000e+03
84200.000000 2.27951000e+03
84600.000000 2.23764000e+03
85000.000000 2.19666000e+03
85400.000000 2.15666000e+03
85800.000000 2.11751000e+03
86200.000000 2.07934000e+03
86600.000000 2.03607000e+03
87000.000000 2.00539000e+03
87400.000000 1.96631000e+03
87800.000000 1.93133000e+03
88200.000000 1.90064000e+03
88600.000000 1.86700000e+03
89000.000000 1.83456000e+03
89400.000000 1.80258000e+03
89800.000000 1.77128000e+03
90200.000000 1.74074000e+03
90600.000000 1.71040000e+03
91000.000000 1.68148000e+03
91400.000000 1.65281000e+03
91800.000000 1.62476000e+03
92200.000000 1.59731000e+03
92600.000000 1.56970000e+03
93000.000000 1.54407000e+03
93400.000000 1.51831000e+03
93800.000000 1.48856000e+03
94200.000000 1.46834000e+03
94600.000000 1.44412000e+03
95000.000000 1.42030000e+03
95400.000000 1.39637000e+03
95800.000000 1.37443000e+03
96200.000000 1.35212000e+03
96600.000000 1.33028000e+03
97000.000000 1.30888000e+03
97400.000000 1.28791000e+03
97800.000000 1.26735000e+03
98200.000000 1.24720000e+03
98600.000000 1.22641000e+03
99000.000000 1.20810000e+03
99400.000000 1.18913000e+03
99800.000000 1.17050000e+03
100200.000000 1.15225000e+03
200000.000000 7.51792000e+01
400000.000000 4.75786000e+00
600000.000000 9.39343000e-01
800000.000000 2.96298000e-01
1000000.000000 1.20919000e-01
1200000.000000 5.80974000e-02
1400000.000000 3.12493000e-02
1600000.000000 1.82567000e-02
