# Kurucz ODFNEW /NOVER, alpha: 0.0 (2003)
# teff = 19000 K (value for the effective temperature for the model. Temperatures are given in K)
# logg = 5 log(cm/s2) (value for Log(G) for the model.)
# lh = 1.25  (l/Hp where l is the  mixing length of the convective element and Hp is the pressure scale height)
# meta = 0.5  (value for the Metallicity for the model.)
# vtur = 2 km/s (Microturbulence velocity)
# alpha = 0  (Alpha)
#
# column 1: WAVELENGTH (ANGSTROM), Wavelength in Angstrom
# column 2: FLUX (ERG/CM2/S/A), Flux in erg/cm2/s/A
147.200000 2.24617000e-20
151.000000 1.40585000e-19
155.200000 9.65744000e-19
158.800000 4.64864000e-18
162.000000 1.77398000e-17
166.000000 8.81724000e-17
170.300000 4.53861000e-16
173.400000 1.41294000e-15
176.800000 4.67925000e-15
180.200000 1.48200000e-14
181.700000 2.42938000e-14
186.100000 9.91447000e-14
191.000000 4.40063000e-13
193.900000 1.02225000e-12
198.400000 3.60396000e-12
201.800000 9.02571000e-12
205.000000 2.08736000e-11
210.500000 8.25637000e-11
216.200000 3.19147000e-10
219.800000 7.23320000e-10
223.000000 1.45990000e-09
226.800000 3.28199000e-09
230.000000 8.36496000e-09
234.000000 2.08372000e-08
240.000000 6.68106000e-08
246.500000 2.18850000e-07
252.400000 6.10164000e-07
256.800000 1.25525000e-06
260.000000 2.13521000e-06
264.000000 4.00637000e-06
268.500000 7.93359000e-06
273.500000 1.64789000e-05
278.500000 3.34923000e-05
284.000000 7.11926000e-05
290.000000 1.55718000e-04
296.000000 3.29096000e-04
301.000000 6.00889000e-04
308.000000 1.34471000e-03
318.000000 4.05400000e-03
328.000000 1.11838000e-02
338.000000 2.95401000e-02
348.000000 7.30165000e-02
357.000000 1.62129000e-01
366.000000 3.39308000e-01
375.000000 6.73036000e-01
385.000000 1.39621000e+00
395.000000 2.78011000e+00
405.000000 5.34782000e+00
414.000000 9.39076000e+00
422.000000 1.50633000e+01
430.000000 2.37794000e+01
441.000000 4.35054000e+01
451.000000 7.32229000e+01
460.000000 1.14224000e+02
470.000000 1.83914000e+02
480.000000 2.89333000e+02
490.000000 4.47196000e+02
500.000000 6.77525000e+02
506.000000 5.46093000e+03
512.000000 3.63373000e+04
520.000000 4.62580000e+04
530.000000 6.41325000e+04
540.000000 7.73381000e+04
550.000000 1.14121000e+05
560.000000 1.42751000e+05
570.000000 1.88539000e+05
580.000000 2.11905000e+05
590.000000 2.95929000e+05
600.000000 3.67876000e+05
610.000000 4.68072000e+05
620.000000 5.50717000e+05
630.000000 6.58038000e+05
640.000000 7.24220000e+05
650.000000 7.24399000e+05
658.000000 9.98808000e+05
665.000000 1.12782000e+06
675.000000 1.30203000e+06
685.000000 1.48492000e+06
695.000000 1.81172000e+06
705.000000 2.03825000e+06
716.000000 2.36580000e+06
726.000000 2.66832000e+06
735.000000 2.94473000e+06
745.000000 3.41369000e+06
755.000000 3.86316000e+06
765.000000 4.36387000e+06
775.000000 4.90782000e+06
785.000000 5.49256000e+06
795.000000 5.98154000e+06
805.000000 6.58321000e+06
815.000000 7.19570000e+06
825.000000 8.03579000e+06
835.000000 8.42640000e+06
845.000000 9.34246000e+06
855.000000 1.02069000e+07
865.000000 1.12099000e+07
875.000000 1.23048000e+07
885.000000 1.36233000e+07
895.000000 1.47409000e+07
905.000000 1.51814000e+07
915.000000 2.49362000e+07
925.000000 9.58792000e+07
935.000000 2.00874000e+08
945.000000 5.53646000e+08
955.000000 1.25767000e+09
965.000000 1.79314000e+09
975.000000 4.74407000e+08
985.000000 2.65603000e+09
995.000000 2.63620000e+09
1005.000000 3.37388000e+09
1015.000000 2.82964000e+09
1025.000000 5.53319000e+08
1035.000000 1.76333000e+09
1045.000000 4.63035000e+09
1055.000000 4.87537000e+09
1065.000000 3.72071000e+09
1075.000000 4.85897000e+09
1085.000000 4.33780000e+09
1095.000000 5.11386000e+09
1105.000000 4.44661000e+09
1115.000000 4.33873000e+09
1125.000000 4.25062000e+09
1135.000000 5.50432000e+09
1145.000000 4.58934000e+09
1155.000000 5.19532000e+09
1165.000000 5.56812000e+09
1175.000000 4.20982000e+09
1185.000000 5.69162000e+09
1195.000000 3.24989000e+09
1205.000000 1.98701000e+09
1215.000000 7.17846000e+08
1225.000000 2.20307000e+09
1235.000000 5.35791000e+09
1245.000000 6.00303000e+09
1255.000000 5.94816000e+09
1265.000000 5.25299000e+09
1275.000000 5.91829000e+09
1285.000000 6.49912000e+09
1295.000000 3.98424000e+09
1305.000000 3.30800000e+09
1315.000000 5.99965000e+09
1325.000000 5.67447000e+09
1335.000000 4.93829000e+09
1345.000000 5.93825000e+09
1355.000000 5.71427000e+09
1365.000000 4.96099000e+09
1375.000000 5.17662000e+09
1385.000000 5.31385000e+09
1395.000000 4.65930000e+09
1405.000000 4.87700000e+09
1415.000000 4.73926000e+09
1425.000000 4.97482000e+09
1435.000000 4.92658000e+09
1442.000000 5.28398000e+09
1447.000000 5.25112000e+09
1455.000000 5.11470000e+09
1465.000000 4.72144000e+09
1475.000000 4.67218000e+09
1485.000000 4.57428000e+09
1495.000000 4.68977000e+09
1505.000000 4.24610000e+09
1512.000000 3.81402000e+09
1517.000000 4.10732000e+09
1525.000000 4.15441000e+09
1535.000000 3.67036000e+09
1545.000000 3.82739000e+09
1555.000000 3.60849000e+09
1565.000000 3.65912000e+09
1575.000000 3.90470000e+09
1585.000000 3.98770000e+09
1595.000000 4.03129000e+09
1605.000000 3.95372000e+09
1615.000000 3.98767000e+09
1625.000000 3.77753000e+09
1635.000000 4.00402000e+09
1645.000000 4.00087000e+09
1655.000000 3.67800000e+09
1665.000000 4.03878000e+09
1672.000000 3.84036000e+09
1677.000000 3.94662000e+09
1685.000000 4.07377000e+09
1695.000000 3.82443000e+09
1705.000000 3.60799000e+09
1715.000000 3.34022000e+09
1725.000000 3.29237000e+09
1735.000000 3.50307000e+09
1745.000000 3.37087000e+09
1755.000000 3.53499000e+09
1765.000000 3.22972000e+09
1775.000000 3.24222000e+09
1785.000000 3.32210000e+09
1795.000000 3.50933000e+09
1805.000000 3.50467000e+09
1815.000000 3.12708000e+09
1825.000000 3.25996000e+09
1835.000000 3.06823000e+09
1845.000000 2.81139000e+09
1855.000000 2.70398000e+09
1865.000000 2.77611000e+09
1875.000000 3.09860000e+09
1885.000000 2.76512000e+09
1895.000000 2.59292000e+09
1905.000000 2.82353000e+09
1915.000000 2.62287000e+09
1925.000000 2.55868000e+09
1935.000000 2.68162000e+09
1945.000000 2.71347000e+09
1955.000000 2.49022000e+09
1967.000000 2.74824000e+09
1976.000000 2.86529000e+09
1984.000000 2.62765000e+09
1995.000000 2.55758000e+09
2005.000000 2.65761000e+09
2015.000000 2.47551000e+09
2025.000000 2.71930000e+09
2035.000000 2.47303000e+09
2045.000000 2.53259000e+09
2055.000000 2.41755000e+09
2065.000000 2.46036000e+09
2074.000000 2.56167000e+09
2078.000000 2.36476000e+09
2085.000000 2.48254000e+09
2095.000000 2.30886000e+09
2105.000000 2.37242000e+09
2115.000000 2.37379000e+09
2125.000000 2.40665000e+09
2135.000000 2.27944000e+09
2145.000000 2.25390000e+09
2155.000000 2.33913000e+09
2165.000000 2.27883000e+09
2175.000000 2.24917000e+09
2185.000000 2.16487000e+09
2195.000000 2.22041000e+09
2205.000000 2.16452000e+09
2215.000000 2.09802000e+09
2225.000000 1.99885000e+09
2235.000000 2.08613000e+09
2245.000000 2.03037000e+09
2255.000000 1.93276000e+09
2265.000000 1.99342000e+09
2275.000000 2.01022000e+09
2285.000000 2.02066000e+09
2295.000000 1.92434000e+09
2305.000000 1.88477000e+09
2315.000000 1.80526000e+09
2325.000000 1.77750000e+09
2335.000000 1.69072000e+09
2345.000000 1.67126000e+09
2355.000000 1.69297000e+09
2365.000000 1.62378000e+09
2375.000000 1.63699000e+09
2385.000000 1.57004000e+09
2395.000000 1.65396000e+09
2405.000000 1.56534000e+09
2415.000000 1.59103000e+09
2425.000000 1.61028000e+09
2435.000000 1.53100000e+09
2445.000000 1.58758000e+09
2455.000000 1.55754000e+09
2465.000000 1.54419000e+09
2475.000000 1.49526000e+09
2485.000000 1.54926000e+09
2495.000000 1.48567000e+09
2505.000000 1.53171000e+09
2513.000000 1.43446000e+09
2518.000000 1.49882000e+09
2525.000000 1.42570000e+09
2535.000000 1.42385000e+09
2545.000000 1.37151000e+09
2555.000000 1.41746000e+09
2565.000000 1.39996000e+09
2575.000000 1.44053000e+09
2585.000000 1.43499000e+09
2595.000000 1.43094000e+09
2605.000000 1.38939000e+09
2615.000000 1.37911000e+09
2625.000000 1.37289000e+09
2635.000000 1.37464000e+09
2645.000000 1.39561000e+09
2655.000000 1.38383000e+09
2665.000000 1.31708000e+09
2675.000000 1.34579000e+09
2685.000000 1.32737000e+09
2695.000000 1.29363000e+09
2705.000000 1.29412000e+09
2715.000000 1.26498000e+09
2725.000000 1.24886000e+09
2735.000000 1.27520000e+09
2745.000000 1.19458000e+09
2755.000000 1.19168000e+09
2765.000000 1.19717000e+09
2775.000000 1.21962000e+09
2785.000000 1.21054000e+09
2795.000000 1.13018000e+09
2805.000000 1.16993000e+09
2815.000000 1.18654000e+09
2825.000000 1.16447000e+09
2835.000000 1.10517000e+09
2845.000000 1.10217000e+09
2855.000000 1.10777000e+09
2865.000000 1.12639000e+09
2875.000000 1.10390000e+09
2885.000000 1.09811000e+09
2895.000000 1.08973000e+09
2910.000000 1.08667000e+09
2930.000000 1.05880000e+09
2950.000000 1.03155000e+09
2970.000000 1.02266000e+09
2990.000000 9.98996000e+08
3010.000000 9.89299000e+08
3030.000000 9.79606000e+08
3050.000000 9.56555000e+08
3070.000000 9.37696000e+08
3090.000000 9.21415000e+08
3110.000000 9.01423000e+08
3130.000000 8.88555000e+08
3150.000000 8.72828000e+08
3170.000000 8.53264000e+08
3190.000000 8.25309000e+08
3210.000000 8.22406000e+08
3230.000000 8.09581000e+08
3250.000000 7.96580000e+08
3270.000000 7.83906000e+08
3290.000000 7.70089000e+08
3310.000000 7.58850000e+08
3330.000000 7.43919000e+08
3350.000000 7.28752000e+08
3370.000000 7.17043000e+08
3390.000000 7.05263000e+08
3410.000000 6.94293000e+08
3430.000000 6.79912000e+08
3450.000000 6.66671000e+08
3470.000000 6.56130000e+08
3490.000000 6.45538000e+08
3510.000000 6.35512000e+08
3530.000000 6.26154000e+08
3550.000000 6.16099000e+08
3570.000000 6.08565000e+08
3590.000000 5.92421000e+08
3610.000000 5.84834000e+08
3630.000000 5.75377000e+08
3640.000000 5.74835000e+08
3650.000000 5.69117000e+08
3670.000000 5.62455000e+08
3690.000000 5.53718000e+08
3710.000000 5.34846000e+08
3730.000000 5.09630000e+08
3750.000000 5.16612000e+08
3770.000000 5.10085000e+08
3790.000000 5.54416000e+08
3810.000000 5.94001000e+08
3830.000000 5.00982000e+08
3850.000000 6.23659000e+08
3870.000000 6.56872000e+08
3890.000000 4.62245000e+08
3910.000000 6.57350000e+08
3930.000000 6.55140000e+08
3950.000000 6.38092000e+08
3970.000000 4.32688000e+08
3990.000000 6.03994000e+08
4010.000000 6.28113000e+08
4030.000000 5.78006000e+08
4050.000000 6.19258000e+08
4070.000000 5.91763000e+08
4090.000000 5.07888000e+08
4110.000000 4.24944000e+08
4130.000000 5.50333000e+08
4150.000000 5.58275000e+08
4170.000000 5.58414000e+08
4190.000000 5.54469000e+08
4210.000000 5.48639000e+08
4230.000000 5.37821000e+08
4250.000000 5.26472000e+08
4270.000000 5.06717000e+08
4290.000000 5.07448000e+08
4310.000000 4.89080000e+08
4330.000000 4.05987000e+08
4350.000000 3.62743000e+08
4370.000000 4.60040000e+08
4390.000000 4.48898000e+08
4410.000000 4.61398000e+08
4430.000000 4.52711000e+08
4450.000000 4.51010000e+08
4470.000000 4.14139000e+08
4490.000000 4.30527000e+08
4510.000000 4.32681000e+08
4530.000000 4.23453000e+08
4550.000000 4.18028000e+08
4570.000000 4.12970000e+08
4590.000000 4.06178000e+08
4610.000000 3.98851000e+08
4630.000000 3.90228000e+08
4650.000000 3.85310000e+08
4670.000000 3.81395000e+08
4690.000000 3.77105000e+08
4710.000000 3.60204000e+08
4730.000000 3.61879000e+08
4750.000000 3.56267000e+08
4770.000000 3.55802000e+08
4790.000000 3.48683000e+08
4810.000000 3.39439000e+08
4830.000000 3.29044000e+08
4850.000000 2.82117000e+08
4870.000000 2.44858000e+08
4890.000000 3.12574000e+08
4910.000000 3.15659000e+08
4930.000000 3.02330000e+08
4950.000000 3.10486000e+08
4970.000000 3.07717000e+08
4990.000000 3.02593000e+08
5010.000000 2.88234000e+08
5030.000000 2.91933000e+08
5050.000000 2.82091000e+08
5070.000000 2.85644000e+08
5090.000000 2.81266000e+08
5110.000000 2.75938000e+08
5130.000000 2.70756000e+08
5150.000000 2.66285000e+08
5170.000000 2.65765000e+08
5190.000000 2.62238000e+08
5210.000000 2.54830000e+08
5230.000000 2.55116000e+08
5250.000000 2.52164000e+08
5270.000000 2.47853000e+08
5290.000000 2.46346000e+08
5310.000000 2.42343000e+08
5330.000000 2.38737000e+08
5350.000000 2.34718000e+08
5370.000000 2.33456000e+08
5390.000000 2.30249000e+08
5410.000000 2.26632000e+08
5430.000000 2.23151000e+08
5450.000000 2.20692000e+08
5470.000000 2.17205000e+08
5490.000000 2.15663000e+08
5510.000000 2.12648000e+08
5530.000000 2.10065000e+08
5550.000000 2.07612000e+08
5570.000000 2.04776000e+08
5590.000000 2.02434000e+08
5610.000000 1.99688000e+08
5630.000000 1.97891000e+08
5650.000000 1.92587000e+08
5670.000000 1.90398000e+08
5690.000000 1.89190000e+08
5710.000000 1.87706000e+08
5730.000000 1.85548000e+08
5750.000000 1.83177000e+08
5770.000000 1.81140000e+08
5790.000000 1.78790000e+08
5810.000000 1.76467000e+08
5830.000000 1.74316000e+08
5850.000000 1.72268000e+08
5870.000000 1.63475000e+08
5890.000000 1.66081000e+08
5910.000000 1.65800000e+08
5930.000000 1.64105000e+08
5950.000000 1.61035000e+08
5970.000000 1.60169000e+08
5990.000000 1.57800000e+08
6010.000000 1.56616000e+08
6030.000000 1.54615000e+08
6050.000000 1.52874000e+08
6070.000000 1.51060000e+08
6090.000000 1.49105000e+08
6110.000000 1.47646000e+08
6130.000000 1.45952000e+08
6150.000000 1.42853000e+08
6170.000000 1.42314000e+08
6190.000000 1.40904000e+08
6210.000000 1.39256000e+08
6230.000000 1.37490000e+08
6250.000000 1.35203000e+08
6270.000000 1.34342000e+08
6290.000000 1.32794000e+08
6310.000000 1.31055000e+08
6330.000000 1.29870000e+08
6350.000000 1.27036000e+08
6370.000000 1.26220000e+08
6390.000000 1.25349000e+08
6410.000000 1.23862000e+08
6430.000000 1.22864000e+08
6450.000000 1.21216000e+08
6470.000000 1.19622000e+08
6490.000000 1.18215000e+08
6510.000000 1.16361000e+08
6530.000000 1.13741000e+08
6550.000000 1.03696000e+08
6570.000000 8.92754000e+07
6590.000000 1.07559000e+08
6610.000000 1.09987000e+08
6630.000000 1.09513000e+08
6650.000000 1.08557000e+08
6670.000000 1.06027000e+08
6690.000000 1.05074000e+08
6710.000000 1.05260000e+08
6730.000000 1.04137000e+08
6750.000000 1.03124000e+08
6770.000000 1.02080000e+08
6790.000000 1.00351000e+08
6810.000000 9.97548000e+07
6830.000000 9.85900000e+07
6850.000000 9.77662000e+07
6870.000000 9.67668000e+07
6890.000000 9.57376000e+07
6910.000000 9.47345000e+07
6930.000000 9.34981000e+07
6950.000000 9.28126000e+07
6970.000000 9.18852000e+07
6990.000000 9.08898000e+07
7010.000000 8.98890000e+07
7030.000000 8.89895000e+07
7050.000000 8.78637000e+07
7070.000000 8.57092000e+07
7090.000000 8.63730000e+07
7110.000000 8.52841000e+07
7130.000000 8.44877000e+07
7150.000000 8.36620000e+07
7170.000000 8.28735000e+07
7190.000000 8.20997000e+07
7210.000000 8.12825000e+07
7230.000000 7.93992000e+07
7250.000000 7.95208000e+07
7270.000000 7.88772000e+07
7290.000000 7.75234000e+07
7310.000000 7.73113000e+07
7330.000000 7.65534000e+07
7350.000000 7.58305000e+07
7370.000000 7.50866000e+07
7390.000000 7.43496000e+07
7410.000000 7.36195000e+07
7430.000000 7.26914000e+07
7450.000000 7.21048000e+07
7470.000000 7.12331000e+07
7490.000000 7.06517000e+07
7510.000000 7.00221000e+07
7530.000000 6.93650000e+07
7550.000000 6.87336000e+07
7570.000000 6.81013000e+07
7590.000000 6.74029000e+07
7610.000000 6.68213000e+07
7630.000000 6.61738000e+07
7650.000000 6.55386000e+07
7670.000000 6.49219000e+07
7690.000000 6.42980000e+07
7710.000000 6.37113000e+07
7730.000000 6.30794000e+07
7750.000000 6.25071000e+07
7770.000000 6.11836000e+07
7790.000000 6.13472000e+07
7810.000000 6.07734000e+07
7830.000000 6.02268000e+07
7850.000000 5.93322000e+07
7870.000000 5.88814000e+07
7890.000000 5.81421000e+07
7910.000000 5.79803000e+07
7930.000000 5.75198000e+07
7950.000000 5.66681000e+07
7970.000000 5.64351000e+07
7990.000000 5.55168000e+07
8010.000000 5.54460000e+07
8030.000000 5.49054000e+07
8050.000000 5.43760000e+07
8070.000000 5.39339000e+07
8090.000000 5.33987000e+07
8110.000000 5.29186000e+07
8130.000000 5.24397000e+07
8150.000000 5.19869000e+07
8170.000000 5.15657000e+07
8190.000000 5.09968000e+07
8210.000000 5.03887000e+07
8230.000000 4.98065000e+07
8250.000000 4.97291000e+07
8270.000000 4.91793000e+07
8290.000000 4.88250000e+07
8310.000000 4.84331000e+07
8330.000000 4.80266000e+07
8350.000000 4.74866000e+07
8370.000000 4.71277000e+07
8390.000000 4.68626000e+07
8410.000000 4.64498000e+07
8430.000000 4.59975000e+07
8450.000000 4.50915000e+07
8470.000000 4.52196000e+07
8490.000000 4.46765000e+07
8510.000000 4.42794000e+07
8530.000000 4.39819000e+07
8550.000000 4.32064000e+07
8570.000000 4.34395000e+07
8590.000000 4.21045000e+07
8610.000000 4.19727000e+07
8630.000000 4.25548000e+07
8650.000000 4.13120000e+07
8670.000000 3.94376000e+07
8690.000000 4.13067000e+07
8710.000000 4.17528000e+07
8730.000000 4.02686000e+07
8750.000000 3.66974000e+07
8770.000000 3.88353000e+07
8790.000000 4.06169000e+07
8810.000000 4.07905000e+07
8830.000000 3.97420000e+07
8850.000000 3.65881000e+07
8870.000000 3.39352000e+07
8890.000000 3.79436000e+07
8910.000000 3.91615000e+07
8930.000000 3.91833000e+07
8950.000000 3.90949000e+07
8970.000000 3.83748000e+07
8990.000000 3.64707000e+07
9010.000000 3.18252000e+07
9030.000000 3.32035000e+07
9050.000000 3.62611000e+07
9070.000000 3.65652000e+07
9090.000000 3.67533000e+07
9110.000000 3.67950000e+07
9130.000000 3.65567000e+07
9150.000000 3.62449000e+07
9170.000000 3.56323000e+07
9190.000000 3.47284000e+07
9210.000000 3.23349000e+07
9230.000000 2.80068000e+07
9250.000000 3.14315000e+07
9270.000000 3.30851000e+07
9290.000000 3.39324000e+07
9310.000000 3.38455000e+07
9330.000000 3.37234000e+07
9350.000000 3.35647000e+07
9370.000000 3.33387000e+07
9390.000000 3.30486000e+07
9410.000000 3.24479000e+07
9430.000000 3.25252000e+07
9450.000000 3.22350000e+07
9470.000000 3.16902000e+07
9490.000000 3.13681000e+07
9510.000000 3.03070000e+07
9530.000000 2.80387000e+07
9550.000000 2.46507000e+07
9570.000000 2.82125000e+07
9590.000000 2.96986000e+07
9610.000000 2.99329000e+07
9630.000000 2.95568000e+07
9650.000000 2.98252000e+07
9670.000000 2.95783000e+07
9690.000000 2.94094000e+07
9710.000000 2.91709000e+07
9730.000000 2.90276000e+07
9750.000000 2.87727000e+07
9770.000000 2.85931000e+07
9790.000000 2.83647000e+07
9810.000000 2.81380000e+07
9830.000000 2.78903000e+07
9850.000000 2.77073000e+07
9870.000000 2.74845000e+07
9890.000000 2.72082000e+07
9910.000000 2.68653000e+07
9930.000000 2.68057000e+07
9950.000000 2.65599000e+07
9970.000000 2.62711000e+07
9990.000000 2.59214000e+07
10025.000000 2.37803000e+07
10075.000000 2.27695000e+07
10125.000000 2.45495000e+07
10175.000000 2.44278000e+07
10225.000000 2.40558000e+07
10275.000000 2.36342000e+07
10325.000000 2.31065000e+07
10375.000000 2.27895000e+07
10425.000000 2.23842000e+07
10475.000000 2.19712000e+07
10525.000000 2.15688000e+07
10575.000000 2.11952000e+07
10625.000000 2.08333000e+07
10675.000000 2.03483000e+07
10725.000000 2.00890000e+07
10775.000000 1.97287000e+07
10825.000000 1.91267000e+07
10875.000000 1.87792000e+07
10925.000000 1.63916000e+07
10975.000000 1.73573000e+07
11025.000000 1.78719000e+07
11075.000000 1.77431000e+07
11125.000000 1.75036000e+07
11175.000000 1.72061000e+07
11225.000000 1.69181000e+07
11275.000000 1.65499000e+07
11325.000000 1.62987000e+07
11375.000000 1.60916000e+07
11425.000000 1.58181000e+07
11475.000000 1.55712000e+07
11525.000000 1.53153000e+07
11575.000000 1.50612000e+07
11625.000000 1.47881000e+07
11675.000000 1.45589000e+07
11725.000000 1.43407000e+07
11775.000000 1.40586000e+07
11825.000000 1.38901000e+07
11875.000000 1.36593000e+07
11925.000000 1.34595000e+07
11975.000000 1.31011000e+07
12025.000000 1.30398000e+07
12075.000000 1.28344000e+07
12125.000000 1.26324000e+07
12175.000000 1.24379000e+07
12225.000000 1.22433000e+07
12275.000000 1.20538000e+07
12325.000000 1.18701000e+07
12375.000000 1.16903000e+07
12425.000000 1.15156000e+07
12475.000000 1.13182000e+07
12525.000000 1.11495000e+07
12575.000000 1.09828000e+07
12625.000000 1.08277000e+07
12675.000000 1.06491000e+07
12725.000000 1.04458000e+07
12775.000000 9.98306000e+06
12825.000000 8.95073000e+06
12875.000000 9.81200000e+06
12925.000000 9.85440000e+06
12975.000000 9.68931000e+06
13025.000000 9.62483000e+06
13075.000000 9.48547000e+06
13125.000000 9.34926000e+06
13175.000000 9.20355000e+06
13225.000000 9.08283000e+06
13275.000000 8.95318000e+06
13325.000000 8.82586000e+06
13375.000000 8.70082000e+06
13425.000000 8.57196000e+06
13475.000000 8.45556000e+06
13525.000000 8.33487000e+06
13575.000000 8.22023000e+06
13625.000000 8.10522000e+06
13675.000000 7.98904000e+06
13725.000000 7.87954000e+06
13775.000000 7.77579000e+06
13825.000000 7.66919000e+06
13875.000000 7.56431000e+06
13925.000000 7.45743000e+06
13975.000000 7.35768000e+06
14025.000000 7.25992000e+06
14075.000000 7.16108000e+06
14125.000000 7.06459000e+06
14175.000000 6.97134000e+06
14225.000000 6.87829000e+06
14275.000000 6.78693000e+06
14325.000000 6.69649000e+06
14375.000000 6.60769000e+06
14425.000000 6.51055000e+06
14475.000000 6.43149000e+06
14525.000000 6.34693000e+06
14570.000000 6.27673000e+06
14620.000000 6.19403000e+06
14675.000000 6.10851000e+06
14725.000000 6.02922000e+06
14775.000000 5.94913000e+06
14825.000000 5.87719000e+06
14875.000000 5.80233000e+06
14925.000000 5.73037000e+06
14975.000000 5.65672000e+06
15025.000000 5.58693000e+06
15075.000000 5.50732000e+06
15125.000000 5.44759000e+06
15175.000000 5.37952000e+06
15225.000000 5.31207000e+06
15275.000000 5.24618000e+06
15325.000000 5.18041000e+06
15375.000000 5.11728000e+06
15425.000000 5.05060000e+06
15475.000000 4.99032000e+06
15525.000000 4.92619000e+06
15575.000000 4.85827000e+06
15625.000000 4.81380000e+06
15675.000000 4.73669000e+06
15725.000000 4.67111000e+06
15775.000000 4.64488000e+06
15825.000000 4.58188000e+06
15875.000000 4.46471000e+06
15925.000000 4.45425000e+06
15975.000000 4.43689000e+06
16050.000000 4.32679000e+06
16150.000000 4.18079000e+06
16250.000000 4.17229000e+06
16350.000000 4.01163000e+06
16450.000000 3.85636000e+06
16550.000000 3.90068000e+06
16650.000000 3.81632000e+06
16750.000000 3.63634000e+06
16850.000000 3.48119000e+06
16950.000000 3.55536000e+06
17050.000000 3.47464000e+06
17150.000000 3.41362000e+06
17250.000000 3.31528000e+06
17350.000000 3.05153000e+06
17450.000000 3.14013000e+06
17550.000000 3.12047000e+06
17650.000000 3.05957000e+06
17750.000000 2.99231000e+06
17850.000000 2.92790000e+06
17950.000000 2.86614000e+06
18050.000000 2.78359000e+06
18150.000000 2.56625000e+06
18250.000000 2.61897000e+06
18350.000000 2.62395000e+06
18450.000000 2.57777000e+06
18550.000000 2.51830000e+06
18650.000000 2.43808000e+06
18750.000000 2.25022000e+06
18850.000000 2.35205000e+06
18950.000000 2.32184000e+06
19050.000000 2.27022000e+06
19150.000000 2.23209000e+06
19250.000000 2.18385000e+06
19350.000000 2.11857000e+06
19450.000000 1.94259000e+06
19550.000000 2.03385000e+06
19650.000000 2.01789000e+06
19750.000000 1.98167000e+06
19850.000000 1.94339000e+06
19950.000000 1.90588000e+06
20050.000000 1.86930000e+06
20150.000000 1.83362000e+06
20250.000000 1.79875000e+06
20350.000000 1.76474000e+06
20450.000000 1.73122000e+06
20550.000000 1.69621000e+06
20650.000000 1.66728000e+06
20750.000000 1.63637000e+06
20850.000000 1.60607000e+06
20950.000000 1.57635000e+06
21050.000000 1.54755000e+06
21150.000000 1.51493000e+06
21250.000000 1.49144000e+06
21350.000000 1.46420000e+06
21450.000000 1.43543000e+06
21550.000000 1.39772000e+06
21650.000000 1.28300000e+06
21750.000000 1.34012000e+06
21850.000000 1.33475000e+06
21950.000000 1.31479000e+06
22050.000000 1.29236000e+06
22150.000000 1.26973000e+06
22250.000000 1.24762000e+06
22350.000000 1.22622000e+06
22450.000000 1.20515000e+06
22550.000000 1.18449000e+06
22650.000000 1.16429000e+06
22750.000000 1.14454000e+06
22850.000000 1.12523000e+06
22950.000000 1.10629000e+06
23050.000000 1.08771000e+06
23150.000000 1.06969000e+06
23250.000000 1.05200000e+06
23350.000000 1.03458000e+06
23450.000000 1.01762000e+06
23550.000000 1.00092000e+06
23650.000000 9.84522000e+05
23750.000000 9.68568000e+05
23850.000000 9.52913000e+05
23950.000000 9.37419000e+05
24050.000000 9.22280000e+05
24150.000000 9.07423000e+05
24250.000000 8.93228000e+05
24350.000000 8.78981000e+05
24450.000000 8.64999000e+05
24550.000000 8.51466000e+05
24650.000000 8.37938000e+05
24750.000000 8.23985000e+05
24850.000000 8.12181000e+05
24950.000000 7.98663000e+05
25050.000000 7.87136000e+05
25150.000000 7.74933000e+05
25250.000000 7.61362000e+05
25350.000000 7.51029000e+05
25450.000000 7.40369000e+05
25550.000000 7.27717000e+05
25650.000000 7.14152000e+05
25750.000000 7.06230000e+05
25850.000000 6.96774000e+05
25950.000000 6.85764000e+05
26050.000000 6.71515000e+05
26150.000000 6.51900000e+05
26250.000000 6.08234000e+05
26350.000000 6.36779000e+05
26450.000000 6.36065000e+05
26550.000000 6.27328000e+05
26650.000000 6.15521000e+05
26750.000000 5.97502000e+05
26850.000000 5.97658000e+05
26950.000000 5.92765000e+05
27050.000000 5.85249000e+05
27150.000000 5.77982000e+05
27250.000000 5.69435000e+05
27350.000000 5.60041000e+05
27450.000000 5.49318000e+05
27550.000000 5.28015000e+05
27650.000000 5.27011000e+05
27750.000000 5.27917000e+05
27850.000000 5.22529000e+05
27950.000000 5.15904000e+05
28050.000000 5.08736000e+05
28150.000000 5.01705000e+05
28250.000000 4.94761000e+05
28350.000000 4.87808000e+05
28450.000000 4.80754000e+05
28550.000000 4.72216000e+05
28650.000000 4.58750000e+05
28750.000000 4.40715000e+05
28850.000000 4.50660000e+05
28950.000000 4.47948000e+05
29050.000000 4.43521000e+05
29150.000000 4.37495000e+05
29250.000000 4.31752000e+05
29350.000000 4.25977000e+05
29450.000000 4.20348000e+05
29550.000000 4.14828000e+05
29650.000000 4.09369000e+05
29750.000000 4.03996000e+05
29850.000000 3.98718000e+05
29950.000000 3.93519000e+05
30050.000000 3.88372000e+05
30150.000000 3.82332000e+05
30250.000000 3.75045000e+05
30350.000000 3.56369000e+05
30450.000000 3.56360000e+05
30550.000000 3.61361000e+05
30650.000000 3.58763000e+05
30750.000000 3.54756000e+05
30850.000000 3.49993000e+05
30950.000000 3.45934000e+05
31050.000000 3.41584000e+05
31150.000000 3.37286000e+05
31250.000000 3.33040000e+05
31350.000000 3.28933000e+05
31450.000000 3.24826000e+05
31550.000000 3.20821000e+05
31650.000000 3.16837000e+05
31750.000000 3.12943000e+05
31850.000000 3.09116000e+05
31950.000000 3.05332000e+05
32100.000000 2.99768000e+05
32300.000000 2.92543000e+05
32500.000000 2.85530000e+05
32700.000000 2.77982000e+05
32900.000000 2.60600000e+05
33100.000000 2.61487000e+05
33300.000000 2.58834000e+05
33500.000000 2.53125000e+05
33700.000000 2.47309000e+05
33900.000000 2.41673000e+05
34100.000000 2.36170000e+05
34300.000000 2.30814000e+05
34500.000000 2.25617000e+05
34700.000000 2.20545000e+05
34900.000000 2.15619000e+05
35100.000000 2.10841000e+05
35300.000000 2.06182000e+05
35500.000000 2.01657000e+05
35700.000000 1.97246000e+05
35900.000000 1.92961000e+05
36100.000000 1.88774000e+05
36300.000000 1.84724000e+05
36500.000000 1.80740000e+05
36700.000000 1.76895000e+05
36900.000000 1.73024000e+05
37100.000000 1.69067000e+05
37300.000000 1.61830000e+05
37500.000000 1.57261000e+05
37700.000000 1.58820000e+05
37900.000000 1.55839000e+05
38100.000000 1.52481000e+05
38300.000000 1.49409000e+05
38500.000000 1.46595000e+05
38700.000000 1.43645000e+05
38900.000000 1.40548000e+05
39100.000000 1.37384000e+05
39300.000000 1.35116000e+05
39500.000000 1.32641000e+05
39700.000000 1.30172000e+05
39900.000000 1.27316000e+05
40100.000000 1.24240000e+05
40300.000000 1.21340000e+05
40500.000000 1.15135000e+05
40700.000000 1.17334000e+05
40900.000000 1.15678000e+05
41100.000000 1.13533000e+05
41300.000000 1.11281000e+05
41500.000000 1.08805000e+05
41700.000000 1.05497000e+05
41900.000000 1.04694000e+05
42100.000000 1.03211000e+05
42300.000000 1.01336000e+05
42500.000000 9.94441000e+04
42700.000000 9.76365000e+04
42900.000000 9.57662000e+04
43100.000000 9.41007000e+04
43300.000000 9.23915000e+04
43500.000000 9.04111000e+04
43700.000000 8.71451000e+04
43900.000000 8.64956000e+04
44100.000000 8.58000000e+04
44300.000000 8.44147000e+04
44500.000000 8.29233000e+04
44700.000000 8.15701000e+04
44900.000000 8.01649000e+04
45100.000000 7.87720000e+04
45300.000000 7.73675000e+04
45500.000000 7.60374000e+04
45700.000000 7.45995000e+04
45900.000000 7.32981000e+04
46100.000000 7.19739000e+04
46300.000000 7.04502000e+04
46500.000000 6.60629000e+04
46700.000000 6.59387000e+04
46900.000000 6.66210000e+04
47100.000000 6.60683000e+04
47300.000000 6.50713000e+04
47500.000000 6.40603000e+04
47700.000000 6.30788000e+04
47900.000000 6.20540000e+04
48100.000000 6.10375000e+04
48300.000000 6.00422000e+04
48500.000000 5.90675000e+04
48700.000000 5.81116000e+04
48900.000000 5.71756000e+04
49100.000000 5.62576000e+04
49300.000000 5.53572000e+04
49500.000000 5.44757000e+04
49700.000000 5.36126000e+04
49900.000000 5.27646000e+04
50100.000000 5.19299000e+04
50300.000000 5.11098000e+04
50500.000000 5.03217000e+04
50700.000000 4.94638000e+04
50900.000000 4.85989000e+04
51100.000000 4.74762000e+04
51300.000000 4.52529000e+04
51500.000000 4.61351000e+04
51700.000000 4.56942000e+04
51900.000000 4.50910000e+04
52100.000000 4.44610000e+04
52300.000000 4.37896000e+04
52500.000000 4.31341000e+04
52700.000000 4.24831000e+04
52900.000000 4.18542000e+04
53100.000000 4.12322000e+04
53300.000000 4.06210000e+04
53500.000000 4.00217000e+04
53700.000000 3.93910000e+04
53900.000000 3.88126000e+04
54100.000000 3.82881000e+04
54300.000000 3.77306000e+04
54500.000000 3.71840000e+04
54700.000000 3.66469000e+04
54900.000000 3.61192000e+04
55100.000000 3.55435000e+04
55300.000000 3.49887000e+04
55500.000000 3.45805000e+04
55700.000000 3.41031000e+04
55900.000000 3.36208000e+04
56100.000000 3.31469000e+04
56300.000000 3.26824000e+04
56500.000000 3.22248000e+04
56700.000000 3.17753000e+04
56900.000000 3.12707000e+04
57100.000000 3.07446000e+04
57300.000000 3.03950000e+04
57500.000000 3.00540000e+04
57700.000000 2.96424000e+04
57900.000000 2.92368000e+04
58100.000000 2.88394000e+04
58300.000000 2.84324000e+04
58500.000000 2.80204000e+04
58700.000000 2.75969000e+04
58900.000000 2.69613000e+04
59100.000000 2.55873000e+04
59300.000000 2.63010000e+04
59500.000000 2.59755000e+04
59700.000000 2.57214000e+04
59900.000000 2.54838000e+04
60100.000000 2.51882000e+04
60300.000000 2.49002000e+04
60500.000000 2.45753000e+04
60700.000000 2.42541000e+04
60900.000000 2.39386000e+04
61100.000000 2.36288000e+04
61300.000000 2.33235000e+04
61500.000000 2.30226000e+04
61700.000000 2.27271000e+04
61900.000000 2.24370000e+04
62100.000000 2.21500000e+04
62300.000000 2.18644000e+04
62500.000000 2.15337000e+04
62700.000000 2.11877000e+04
62900.000000 2.06942000e+04
63100.000000 2.06266000e+04
63300.000000 2.04626000e+04
63500.000000 2.02573000e+04
63700.000000 2.00170000e+04
63900.000000 1.97692000e+04
64200.000000 1.94039000e+04
64600.000000 1.89296000e+04
65000.000000 1.84700000e+04
65400.000000 1.80246000e+04
65800.000000 1.75912000e+04
66200.000000 1.71703000e+04
66600.000000 1.67651000e+04
67000.000000 1.63599000e+04
67400.000000 1.58893000e+04
67800.000000 1.53188000e+04
68200.000000 1.52093000e+04
68600.000000 1.48988000e+04
69000.000000 1.45588000e+04
69400.000000 1.42264000e+04
69800.000000 1.39053000e+04
70200.000000 1.35921000e+04
70600.000000 1.32874000e+04
71000.000000 1.29916000e+04
71400.000000 1.27023000e+04
71800.000000 1.24231000e+04
72200.000000 1.21514000e+04
72600.000000 1.18849000e+04
73000.000000 1.16285000e+04
73400.000000 1.13769000e+04
73800.000000 1.11218000e+04
74200.000000 1.08353000e+04
74600.000000 1.02347000e+04
75000.000000 9.93427000e+03
75400.000000 1.01114000e+04
75800.000000 9.97943000e+03
76200.000000 9.79902000e+03
76600.000000 9.59679000e+03
77000.000000 9.40013000e+03
77400.000000 9.20197000e+03
77800.000000 8.99432000e+03
78200.000000 8.83231000e+03
78600.000000 8.65971000e+03
79000.000000 8.48592000e+03
79400.000000 8.31638000e+03
79800.000000 8.15157000e+03
80200.000000 7.99022000e+03
80600.000000 7.83340000e+03
81000.000000 7.67871000e+03
81400.000000 7.50109000e+03
81800.000000 7.36429000e+03
82200.000000 7.24205000e+03
82600.000000 7.10306000e+03
83000.000000 6.96750000e+03
83400.000000 6.83475000e+03
83800.000000 6.70528000e+03
84200.000000 6.57902000e+03
84600.000000 6.45589000e+03
85000.000000 6.33531000e+03
85400.000000 6.21773000e+03
85800.000000 6.10258000e+03
86200.000000 5.97661000e+03
86600.000000 5.83161000e+03
87000.000000 5.74377000e+03
87400.000000 5.54435000e+03
87800.000000 5.44507000e+03
88200.000000 5.45294000e+03
88600.000000 5.36734000e+03
89000.000000 5.27164000e+03
89400.000000 5.17791000e+03
89800.000000 5.08657000e+03
90200.000000 4.99710000e+03
90600.000000 4.90948000e+03
91000.000000 4.82365000e+03
91400.000000 4.73958000e+03
91800.000000 4.65769000e+03
92200.000000 4.57747000e+03
92600.000000 4.49891000e+03
93000.000000 4.42196000e+03
93400.000000 4.33321000e+03
93800.000000 4.21579000e+03
94200.000000 4.17073000e+03
94600.000000 4.12341000e+03
95000.000000 4.06121000e+03
95400.000000 3.99353000e+03
95800.000000 3.92729000e+03
96200.000000 3.86237000e+03
96600.000000 3.79880000e+03
97000.000000 3.73646000e+03
97400.000000 3.67546000e+03
97800.000000 3.61568000e+03
98200.000000 3.55706000e+03
98600.000000 3.49966000e+03
99000.000000 3.44342000e+03
99400.000000 3.38831000e+03
99800.000000 3.33431000e+03
100200.000000 3.28132000e+03
200000.000000 2.04291000e+02
400000.000000 1.24938000e+01
600000.000000 2.43514000e+00
800000.000000 7.63760000e-01
1000000.000000 3.10855000e-01
1200000.000000 1.49182000e-01
1400000.000000 8.02030000e-02
1600000.000000 4.68572000e-02
