# Kurucz ODFNEW /NOVER, alpha: 0.0 (2003)
# teff = 4000 K (value for the effective temperature for the model. Temperatures are given in K)
# logg = 2 log(cm/s2) (value for Log(G) for the model.)
# lh = 1.25  (l/Hp where l is the  mixing length of the convective element and Hp is the pressure scale height)
# meta = 0  (value for the Metallicity for the model.)
# vtur = 2 km/s (Microturbulence velocity)
# alpha = 0  (Alpha)
#
# column 1: WAVELENGTH (ANGSTROM), Wavelength in Angstrom
# column 2: FLUX (ERG/CM2/S/A), Flux in erg/cm2/s/A
147.200000 7.40651000e-161
151.000000 1.56033000e-156
155.200000 5.28894000e-152
158.800000 2.59002000e-148
162.000000 3.58341000e-145
166.000000 2.03499000e-141
170.300000 1.39847000e-137
173.400000 6.20107000e-135
176.800000 3.86850000e-132
180.200000 1.88805000e-129
181.700000 2.68966000e-128
186.100000 5.07760000e-125
191.000000 1.49263000e-121
193.900000 1.38729000e-119
198.400000 1.20544000e-116
201.800000 1.63872000e-114
205.000000 1.43708000e-112
210.500000 2.26632000e-109
216.200000 3.13079000e-106
219.800000 2.47745000e-104
223.000000 1.06764000e-102
226.800000 8.11051000e-101
230.000000 2.78167000e-99
234.000000 2.00653000e-97
240.000000 9.37311000e-95
246.500000 5.19044000e-92
252.400000 1.20548000e-89
256.800000 5.93890000e-88
260.000000 9.29173000e-87
264.000000 2.62823000e-85
268.500000 9.98780000e-84
273.500000 4.92715000e-82
278.500000 2.11095000e-80
284.000000 1.12618000e-78
290.000000 7.23446000e-77
296.000000 3.90652000e-75
301.000000 9.59984000e-74
308.000000 7.10339000e-72
318.000000 2.37529000e-69
328.000000 5.53027000e-67
338.000000 9.25072000e-65
348.000000 1.14570000e-62
357.000000 6.91095000e-61
366.000000 3.39618000e-59
375.000000 1.37626000e-57
385.000000 6.83412000e-56
395.000000 2.76779000e-54
405.000000 9.29186000e-53
414.000000 1.89149000e-51
422.000000 2.46409000e-50
430.000000 2.90931000e-49
441.000000 7.45707000e-48
451.000000 1.23461000e-46
460.000000 1.38644000e-45
470.000000 1.82140000e-44
480.000000 2.14052000e-43
490.000000 2.26806000e-42
500.000000 2.17750000e-41
506.000000 1.08421000e-40
512.000000 4.36048000e-40
520.000000 2.28532000e-39
530.000000 1.69441000e-38
540.000000 1.14785000e-37
550.000000 7.30880000e-37
560.000000 4.32266000e-36
570.000000 2.39535000e-35
580.000000 1.23546000e-34
590.000000 6.13341000e-34
600.000000 2.85132000e-33
610.000000 1.25755000e-32
620.000000 5.27343000e-32
630.000000 2.10860000e-31
640.000000 8.06115000e-31
650.000000 2.95115000e-30
658.000000 8.08887000e-30
665.000000 1.91310000e-29
675.000000 6.33889000e-29
685.000000 2.02477000e-28
695.000000 6.24145000e-28
705.000000 1.85695000e-27
716.000000 5.95779000e-27
726.000000 1.66187000e-26
735.000000 4.08023000e-26
745.000000 1.07747000e-25
755.000000 2.76937000e-25
765.000000 6.93624000e-25
775.000000 1.69314000e-24
785.000000 4.03675000e-24
795.000000 9.35408000e-24
805.000000 2.13664000e-23
815.000000 4.76968000e-23
825.000000 1.04153000e-22
835.000000 2.22950000e-22
845.000000 4.68125000e-22
855.000000 9.64518000e-22
865.000000 1.95181000e-21
875.000000 3.87793000e-21
885.000000 7.59447000e-21
895.000000 1.46224000e-20
905.000000 2.76941000e-20
915.000000 1.08034000e-15
925.000000 3.71188000e-15
935.000000 5.37455000e-15
945.000000 9.16823000e-15
955.000000 1.61287000e-14
965.000000 2.96719000e-14
975.000000 3.78891000e-14
985.000000 7.85823000e-14
995.000000 1.29561000e-13
1005.000000 1.91866000e-13
1015.000000 2.88314000e-13
1025.000000 4.63460000e-13
1035.000000 1.00306000e-12
1045.000000 1.51289000e-12
1055.000000 1.88784000e-12
1065.000000 3.91003000e-12
1075.000000 5.68896000e-12
1085.000000 8.85097000e-12
1095.000000 1.18282000e-11
1105.000000 1.71499000e-11
1115.000000 2.36709000e-11
1125.000000 4.53013000e-11
1135.000000 7.63563000e-11
1145.000000 1.13672000e-10
1155.000000 1.61581000e-10
1165.000000 2.20451000e-10
1175.000000 3.28780000e-10
1185.000000 4.30299000e-10
1195.000000 4.53650000e-10
1205.000000 4.09466000e-10
1215.000000 2.67243000e-10
1225.000000 7.87890000e-10
1235.000000 1.66512000e-09
1245.000000 2.79723000e-09
1255.000000 3.99638000e-09
1265.000000 5.32738000e-09
1275.000000 7.56645000e-09
1285.000000 8.53697000e-09
1295.000000 1.20251000e-08
1305.000000 1.50838000e-08
1315.000000 2.12514000e-08
1325.000000 2.68252000e-08
1335.000000 3.34849000e-08
1345.000000 4.51965000e-08
1355.000000 6.14352000e-08
1365.000000 7.36202000e-08
1375.000000 9.30473000e-08
1385.000000 1.21154000e-07
1395.000000 1.42104000e-07
1405.000000 2.07847000e-07
1415.000000 2.69740000e-07
1425.000000 3.09528000e-07
1435.000000 4.51422000e-07
1442.000000 5.60321000e-07
1447.000000 5.45192000e-07
1455.000000 6.61555000e-07
1465.000000 9.65422000e-07
1475.000000 1.06640000e-06
1485.000000 1.35016000e-06
1495.000000 1.96504000e-06
1505.000000 2.67616000e-06
1512.000000 2.14455000e-06
1517.000000 2.91507000e-06
1525.000000 4.33616000e-06
1535.000000 8.57361000e-06
1545.000000 7.30298000e-06
1555.000000 1.09230000e-05
1565.000000 1.15126000e-05
1575.000000 2.15866000e-05
1585.000000 2.33815000e-05
1595.000000 2.32166000e-05
1605.000000 2.61573000e-05
1615.000000 3.02022000e-05
1625.000000 3.30202000e-05
1635.000000 4.39734000e-05
1645.000000 5.84287000e-05
1655.000000 6.17602000e-05
1665.000000 8.54462000e-05
1672.000000 7.98190000e-05
1677.000000 1.07950000e-04
1685.000000 1.40091000e-04
1695.000000 1.91720000e-04
1705.000000 2.15824000e-04
1715.000000 2.50113000e-04
1725.000000 3.31718000e-04
1735.000000 3.92658000e-04
1745.000000 5.15577000e-04
1755.000000 5.50632000e-04
1765.000000 7.15734000e-04
1775.000000 7.00829000e-04
1785.000000 1.24243000e-03
1795.000000 1.07067000e-03
1805.000000 1.88999000e-03
1815.000000 1.45581000e-03
1825.000000 2.22444000e-03
1835.000000 2.07003000e-03
1845.000000 3.15127000e-03
1855.000000 2.49542000e-03
1865.000000 4.32312000e-03
1875.000000 4.02391000e-03
1885.000000 5.30007000e-03
1895.000000 6.43992000e-03
1905.000000 7.08338000e-03
1915.000000 1.00983000e-02
1925.000000 8.90060000e-03
1935.000000 7.52689000e-03
1945.000000 1.28892000e-02
1955.000000 1.85564000e-02
1967.000000 1.99129000e-02
1976.000000 2.37515000e-02
1984.000000 3.14974000e-02
1995.000000 2.79895000e-02
2005.000000 3.40376000e-02
2015.000000 3.87537000e-02
2025.000000 3.81008000e-02
2035.000000 4.67961000e-02
2045.000000 4.84647000e-02
2055.000000 6.00328000e-02
2065.000000 5.69897000e-02
2074.000000 5.24762000e-02
2078.000000 7.19611000e-02
2085.000000 8.89909000e-02
2095.000000 1.23636000e-01
2105.000000 1.30014000e-01
2115.000000 1.28585000e-01
2125.000000 1.53307000e-01
2135.000000 2.09406000e-01
2145.000000 1.52762000e-01
2155.000000 2.08628000e-01
2165.000000 2.04607000e-01
2175.000000 2.29329000e-01
2185.000000 2.13260000e-01
2195.000000 3.82318000e-01
2205.000000 3.11129000e-01
2215.000000 4.06912000e-01
2225.000000 3.42392000e-01
2235.000000 6.22439000e-01
2245.000000 6.78080000e-01
2255.000000 9.29558000e-01
2265.000000 4.51850000e-01
2275.000000 1.03681000e+00
2285.000000 8.53142000e-01
2295.000000 1.62386000e+00
2305.000000 5.55803000e-01
2315.000000 2.30035000e+00
2325.000000 1.54514000e+00
2335.000000 2.74099000e+00
2345.000000 1.65900000e+00
2355.000000 1.31807000e+00
2365.000000 1.94419000e+00
2375.000000 1.78653000e+00
2385.000000 3.61131000e+00
2395.000000 3.21716000e+00
2405.000000 6.66178000e+00
2415.000000 3.56064000e+00
2425.000000 5.02759000e+00
2435.000000 7.79163000e+00
2445.000000 1.16592000e+01
2455.000000 1.40171000e+01
2465.000000 7.62545000e+00
2475.000000 1.57294000e+01
2485.000000 4.59294000e+00
2495.000000 5.98141000e+00
2505.000000 1.30891000e+01
2513.000000 8.40475000e+00
2518.000000 9.51045000e+00
2525.000000 1.24477000e+01
2535.000000 3.35891000e+01
2545.000000 4.26004000e+01
2555.000000 4.50360000e+01
2565.000000 2.11560000e+01
2575.000000 4.12392000e+01
2585.000000 2.49004000e+01
2595.000000 3.45511000e+01
2605.000000 5.03048000e+01
2615.000000 4.34585000e+01
2625.000000 7.79087000e+01
2635.000000 1.30801000e+02
2645.000000 9.57760000e+01
2655.000000 1.44412000e+02
2665.000000 1.14999000e+02
2675.000000 1.06565000e+02
2685.000000 1.46825000e+02
2695.000000 9.23692000e+01
2705.000000 1.81733000e+02
2715.000000 1.68565000e+02
2725.000000 1.36961000e+02
2735.000000 1.46285000e+02
2745.000000 2.16167000e+02
2755.000000 2.03160000e+02
2765.000000 3.13255000e+02
2775.000000 4.29730000e+02
2785.000000 2.67773000e+02
2795.000000 3.14475000e+02
2805.000000 3.19956000e+02
2815.000000 4.33883000e+02
2825.000000 4.35221000e+02
2835.000000 3.64152000e+02
2845.000000 2.38753000e+02
2855.000000 9.71054000e+01
2865.000000 4.05276000e+02
2875.000000 4.87865000e+02
2885.000000 8.31018000e+02
2895.000000 9.69712000e+02
2910.000000 1.14988000e+03
2930.000000 1.22591000e+03
2950.000000 1.25475000e+03
2970.000000 1.26930000e+03
2990.000000 1.49552000e+03
3010.000000 1.58424000e+03
3030.000000 1.98211000e+03
3050.000000 2.39430000e+03
3070.000000 3.00815000e+03
3090.000000 3.49248000e+03
3110.000000 5.17180000e+03
3130.000000 4.87634000e+03
3150.000000 8.38505000e+03
3170.000000 1.20612000e+04
3190.000000 8.61886000e+03
3210.000000 1.13884000e+04
3230.000000 9.86085000e+03
3250.000000 1.60447000e+04
3270.000000 2.32441000e+04
3290.000000 3.02188000e+04
3310.000000 2.36688000e+04
3330.000000 2.72899000e+04
3350.000000 2.61537000e+04
3370.000000 1.70745000e+04
3390.000000 2.04564000e+04
3410.000000 2.57073000e+04
3430.000000 3.04351000e+04
3450.000000 2.90660000e+04
3470.000000 3.17818000e+04
3490.000000 4.14832000e+04
3510.000000 5.54265000e+04
3530.000000 4.58482000e+04
3550.000000 6.53914000e+04
3570.000000 2.94123000e+04
3590.000000 2.84193000e+04
3610.000000 4.81749000e+04
3630.000000 7.34195000e+04
3640.000000 8.17855000e+04
3650.000000 9.03161000e+04
3670.000000 1.17618000e+05
3690.000000 9.74326000e+04
3710.000000 8.56941000e+04
3730.000000 3.39446000e+04
3750.000000 4.33939000e+04
3770.000000 8.92383000e+04
3790.000000 9.96632000e+04
3810.000000 8.16882000e+04
3830.000000 3.46555000e+04
3850.000000 5.45301000e+04
3870.000000 5.62771000e+04
3890.000000 8.22366000e+04
3910.000000 1.09046000e+05
3930.000000 3.40022000e+04
3950.000000 7.31655000e+04
3970.000000 4.47914000e+04
3990.000000 1.81406000e+05
4010.000000 2.52557000e+05
4030.000000 2.14466000e+05
4050.000000 2.10128000e+05
4070.000000 1.95855000e+05
4090.000000 2.78379000e+05
4110.000000 2.06767000e+05
4130.000000 2.05317000e+05
4150.000000 1.92662000e+05
4170.000000 1.84438000e+05
4190.000000 2.09312000e+05
4210.000000 2.07625000e+05
4230.000000 1.62582000e+05
4250.000000 2.58668000e+05
4270.000000 2.38998000e+05
4290.000000 2.34155000e+05
4310.000000 2.45940000e+05
4330.000000 3.66504000e+05
4350.000000 3.84743000e+05
4370.000000 4.09143000e+05
4390.000000 3.47132000e+05
4410.000000 3.72989000e+05
4430.000000 3.96235000e+05
4450.000000 4.22378000e+05
4470.000000 4.63669000e+05
4490.000000 4.94025000e+05
4510.000000 6.05190000e+05
4530.000000 4.85743000e+05
4550.000000 5.30524000e+05
4570.000000 5.99649000e+05
4590.000000 5.81113000e+05
4610.000000 6.11642000e+05
4630.000000 5.94208000e+05
4650.000000 5.98899000e+05
4670.000000 6.50906000e+05
4690.000000 6.41547000e+05
4710.000000 6.10077000e+05
4730.000000 6.19224000e+05
4750.000000 6.38115000e+05
4770.000000 5.78963000e+05
4790.000000 6.02643000e+05
4810.000000 6.50660000e+05
4830.000000 6.86623000e+05
4850.000000 6.84351000e+05
4870.000000 6.60522000e+05
4890.000000 7.16842000e+05
4910.000000 7.20155000e+05
4930.000000 6.91337000e+05
4950.000000 7.15298000e+05
4970.000000 6.45251000e+05
4990.000000 5.96108000e+05
5010.000000 5.22286000e+05
5030.000000 5.79160000e+05
5050.000000 5.58258000e+05
5070.000000 5.69632000e+05
5090.000000 5.20160000e+05
5110.000000 5.59148000e+05
5130.000000 5.24964000e+05
5150.000000 5.13551000e+05
5170.000000 4.58169000e+05
5190.000000 4.93497000e+05
5210.000000 5.54863000e+05
5230.000000 7.57580000e+05
5250.000000 7.86509000e+05
5270.000000 7.03327000e+05
5290.000000 8.46225000e+05
5310.000000 9.45481000e+05
5330.000000 7.98708000e+05
5350.000000 8.96411000e+05
5370.000000 9.06547000e+05
5390.000000 8.53240000e+05
5410.000000 8.67371000e+05
5430.000000 8.68595000e+05
5450.000000 8.94587000e+05
5470.000000 8.62914000e+05
5490.000000 8.68575000e+05
5510.000000 8.47601000e+05
5530.000000 9.30709000e+05
5550.000000 9.60484000e+05
5570.000000 9.43897000e+05
5590.000000 9.04615000e+05
5610.000000 9.37009000e+05
5630.000000 9.28473000e+05
5650.000000 9.58992000e+05
5670.000000 9.32493000e+05
5690.000000 9.92542000e+05
5710.000000 9.26557000e+05
5730.000000 1.05041000e+06
5750.000000 1.02318000e+06
5770.000000 1.04237000e+06
5790.000000 9.65307000e+05
5810.000000 1.05471000e+06
5830.000000 1.10994000e+06
5850.000000 1.05028000e+06
5870.000000 1.04620000e+06
5890.000000 7.53424000e+05
5910.000000 9.98414000e+05
5930.000000 1.02232000e+06
5950.000000 1.02287000e+06
5970.000000 1.06716000e+06
5990.000000 1.04177000e+06
6010.000000 1.02813000e+06
6030.000000 1.09006000e+06
6050.000000 1.12249000e+06
6070.000000 1.12053000e+06
6090.000000 1.07296000e+06
6110.000000 1.08714000e+06
6130.000000 1.00496000e+06
6150.000000 1.06398000e+06
6170.000000 9.52608000e+05
6190.000000 1.03621000e+06
6210.000000 1.01333000e+06
6230.000000 9.60409000e+05
6250.000000 9.30971000e+05
6270.000000 9.95849000e+05
6290.000000 1.04666000e+06
6310.000000 1.01752000e+06
6330.000000 1.05623000e+06
6350.000000 1.06453000e+06
6370.000000 1.05433000e+06
6390.000000 1.09710000e+06
6410.000000 1.08082000e+06
6430.000000 1.07866000e+06
6450.000000 1.07950000e+06
6470.000000 1.09336000e+06
6490.000000 1.05434000e+06
6510.000000 1.10147000e+06
6530.000000 1.12584000e+06
6550.000000 1.10000000e+06
6570.000000 1.10344000e+06
6590.000000 1.12009000e+06
6610.000000 1.11944000e+06
6630.000000 1.11527000e+06
6650.000000 1.10312000e+06
6670.000000 1.07501000e+06
6690.000000 1.07961000e+06
6710.000000 1.03637000e+06
6730.000000 1.06374000e+06
6750.000000 1.03835000e+06
6770.000000 1.07496000e+06
6790.000000 1.04404000e+06
6810.000000 1.06684000e+06
6830.000000 1.09702000e+06
6850.000000 1.07345000e+06
6870.000000 1.09139000e+06
6890.000000 1.11919000e+06
6910.000000 1.12755000e+06
6930.000000 1.10936000e+06
6950.000000 1.11071000e+06
6970.000000 1.14172000e+06
6990.000000 1.11261000e+06
7010.000000 1.10458000e+06
7030.000000 1.13665000e+06
7050.000000 1.13476000e+06
7070.000000 1.05411000e+06
7090.000000 1.02486000e+06
7110.000000 1.01865000e+06
7130.000000 9.62853000e+05
7150.000000 9.63959000e+05
7170.000000 1.00981000e+06
7190.000000 1.00347000e+06
7210.000000 1.01929000e+06
7230.000000 1.07687000e+06
7250.000000 1.07903000e+06
7270.000000 1.09356000e+06
7290.000000 1.08643000e+06
7310.000000 1.10242000e+06
7330.000000 1.10441000e+06
7350.000000 1.10364000e+06
7370.000000 1.14454000e+06
7390.000000 1.12745000e+06
7410.000000 1.12337000e+06
7430.000000 1.13821000e+06
7450.000000 1.13991000e+06
7470.000000 1.14361000e+06
7490.000000 1.13952000e+06
7510.000000 1.16325000e+06
7530.000000 1.17229000e+06
7550.000000 1.17739000e+06
7570.000000 1.16973000e+06
7590.000000 1.14847000e+06
7610.000000 1.14680000e+06
7630.000000 1.15115000e+06
7650.000000 1.15396000e+06
7670.000000 1.09531000e+06
7690.000000 1.14007000e+06
7710.000000 1.10837000e+06
7730.000000 1.12005000e+06
7750.000000 1.10731000e+06
7770.000000 1.13781000e+06
7790.000000 1.13533000e+06
7810.000000 1.14410000e+06
7830.000000 1.12462000e+06
7850.000000 1.11724000e+06
7870.000000 1.13876000e+06
7890.000000 1.10988000e+06
7910.000000 1.08205000e+06
7930.000000 1.08972000e+06
7950.000000 1.06034000e+06
7970.000000 1.11718000e+06
7990.000000 1.10487000e+06
8010.000000 1.11187000e+06
8030.000000 1.11329000e+06
8050.000000 1.10776000e+06
8070.000000 1.08915000e+06
8090.000000 1.07502000e+06
8110.000000 1.07568000e+06
8130.000000 1.09758000e+06
8150.000000 1.09997000e+06
8170.000000 1.10334000e+06
8190.000000 1.06746000e+06
8210.000000 1.06344000e+06
8230.000000 1.09137000e+06
8250.000000 1.08819000e+06
8270.000000 1.11003000e+06
8290.000000 1.09559000e+06
8310.000000 1.05055000e+06
8330.000000 1.05800000e+06
8350.000000 1.05672000e+06
8370.000000 1.06539000e+06
8390.000000 1.01498000e+06
8410.000000 1.07099000e+06
8430.000000 1.03257000e+06
8450.000000 1.05834000e+06
8470.000000 1.06138000e+06
8490.000000 1.05383000e+06
8510.000000 1.00513000e+06
8530.000000 1.04210000e+06
8550.000000 8.75054000e+05
8570.000000 1.07749000e+06
8590.000000 1.06895000e+06
8610.000000 1.06846000e+06
8630.000000 1.07758000e+06
8650.000000 1.07683000e+06
8670.000000 9.02771000e+05
8690.000000 1.02638000e+06
8710.000000 1.07178000e+06
8730.000000 1.07449000e+06
8750.000000 1.07519000e+06
8770.000000 1.07436000e+06
8790.000000 1.07698000e+06
8810.000000 1.04200000e+06
8830.000000 1.05976000e+06
8850.000000 1.07835000e+06
8870.000000 1.04294000e+06
8890.000000 1.06185000e+06
8910.000000 1.07270000e+06
8930.000000 1.04230000e+06
8950.000000 1.03844000e+06
8970.000000 1.04416000e+06
8990.000000 1.05393000e+06
9010.000000 1.01092000e+06
9030.000000 1.03870000e+06
9050.000000 1.06783000e+06
9070.000000 1.06889000e+06
9090.000000 1.02540000e+06
9110.000000 1.02585000e+06
9130.000000 1.05471000e+06
9150.000000 1.00371000e+06
9170.000000 9.86480000e+05
9190.000000 1.00218000e+06
9210.000000 9.76820000e+05
9230.000000 9.95586000e+05
9250.000000 9.82347000e+05
9270.000000 9.93413000e+05
9290.000000 9.81807000e+05
9310.000000 1.01067000e+06
9330.000000 1.01076000e+06
9350.000000 1.00058000e+06
9370.000000 9.84509000e+05
9390.000000 9.84293000e+05
9410.000000 9.62882000e+05
9430.000000 9.79265000e+05
9450.000000 9.52639000e+05
9470.000000 9.83528000e+05
9490.000000 9.82357000e+05
9510.000000 9.90517000e+05
9530.000000 9.84124000e+05
9550.000000 9.68565000e+05
9570.000000 9.72789000e+05
9590.000000 9.93682000e+05
9610.000000 9.76782000e+05
9630.000000 9.81016000e+05
9650.000000 9.45480000e+05
9670.000000 9.43225000e+05
9690.000000 9.70871000e+05
9710.000000 9.61361000e+05
9730.000000 9.53076000e+05
9750.000000 9.52459000e+05
9770.000000 9.58786000e+05
9790.000000 9.35258000e+05
9810.000000 9.73844000e+05
9830.000000 9.58735000e+05
9850.000000 9.77056000e+05
9870.000000 9.73062000e+05
9890.000000 9.75370000e+05
9910.000000 9.66105000e+05
9930.000000 9.70966000e+05
9950.000000 9.65735000e+05
9970.000000 9.73083000e+05
9990.000000 9.73909000e+05
10025.000000 9.60298000e+05
10075.000000 9.51495000e+05
10125.000000 9.59466000e+05
10175.000000 9.47913000e+05
10225.000000 9.51925000e+05
10275.000000 9.54887000e+05
10325.000000 9.37922000e+05
10375.000000 9.33103000e+05
10425.000000 9.38837000e+05
10475.000000 9.31338000e+05
10525.000000 9.33495000e+05
10575.000000 9.20983000e+05
10625.000000 9.20377000e+05
10675.000000 9.03015000e+05
10725.000000 9.04047000e+05
10775.000000 8.97104000e+05
10825.000000 8.81828000e+05
10875.000000 8.78611000e+05
10925.000000 8.71471000e+05
10975.000000 8.26955000e+05
11025.000000 8.24430000e+05
11075.000000 8.34480000e+05
11125.000000 8.33205000e+05
11175.000000 8.37682000e+05
11225.000000 8.37980000e+05
11275.000000 8.24726000e+05
11325.000000 8.30913000e+05
11375.000000 8.15268000e+05
11425.000000 8.19144000e+05
11475.000000 8.29616000e+05
11525.000000 8.31141000e+05
11575.000000 8.21642000e+05
11625.000000 8.10157000e+05
11675.000000 8.12961000e+05
11725.000000 8.25115000e+05
11775.000000 8.08287000e+05
11825.000000 8.04914000e+05
11875.000000 7.95345000e+05
11925.000000 8.12320000e+05
11975.000000 7.78334000e+05
12025.000000 7.97277000e+05
12075.000000 7.90714000e+05
12125.000000 7.94686000e+05
12175.000000 7.96204000e+05
12225.000000 7.93006000e+05
12275.000000 7.88059000e+05
12325.000000 7.82794000e+05
12375.000000 7.81844000e+05
12425.000000 7.75321000e+05
12475.000000 7.77542000e+05
12525.000000 7.69786000e+05
12575.000000 7.70657000e+05
12625.000000 7.67945000e+05
12675.000000 7.60209000e+05
12725.000000 7.61994000e+05
12775.000000 7.64536000e+05
12825.000000 7.38087000e+05
12875.000000 7.50820000e+05
12925.000000 7.38257000e+05
12975.000000 7.51129000e+05
13025.000000 7.42553000e+05
13075.000000 7.47749000e+05
13125.000000 7.31740000e+05
13175.000000 7.33185000e+05
13225.000000 7.36849000e+05
13275.000000 7.24318000e+05
13325.000000 7.32048000e+05
13375.000000 7.28627000e+05
13425.000000 7.31906000e+05
13475.000000 7.29534000e+05
13525.000000 7.28269000e+05
13575.000000 7.18069000e+05
13625.000000 7.13762000e+05
13675.000000 7.19290000e+05
13725.000000 7.23438000e+05
13775.000000 7.18037000e+05
13825.000000 7.20816000e+05
13875.000000 7.11286000e+05
13925.000000 6.92451000e+05
13975.000000 7.01104000e+05
14025.000000 6.95386000e+05
14075.000000 6.89846000e+05
14125.000000 6.69884000e+05
14175.000000 6.73210000e+05
14225.000000 6.69547000e+05
14275.000000 6.56009000e+05
14325.000000 6.73597000e+05
14375.000000 6.76868000e+05
14425.000000 6.61574000e+05
14475.000000 6.82615000e+05
14525.000000 6.64781000e+05
14570.000000 6.64337000e+05
14620.000000 6.47093000e+05
14675.000000 6.47832000e+05
14725.000000 6.44795000e+05
14775.000000 6.52484000e+05
14825.000000 6.56181000e+05
14875.000000 6.51879000e+05
14925.000000 6.69386000e+05
14975.000000 6.67662000e+05
15025.000000 6.46921000e+05
15075.000000 6.48605000e+05
15125.000000 6.53151000e+05
15175.000000 6.61025000e+05
15225.000000 6.62688000e+05
15275.000000 6.59470000e+05
15325.000000 6.66499000e+05
15375.000000 6.63016000e+05
15425.000000 6.58329000e+05
15475.000000 6.72267000e+05
15525.000000 6.56799000e+05
15575.000000 6.46921000e+05
15625.000000 6.66226000e+05
15675.000000 6.56709000e+05
15725.000000 6.60583000e+05
15775.000000 6.23808000e+05
15825.000000 6.45296000e+05
15875.000000 6.29817000e+05
15925.000000 6.47630000e+05
15975.000000 6.46432000e+05
16050.000000 6.42701000e+05
16150.000000 6.44573000e+05
16250.000000 6.34068000e+05
16350.000000 6.44614000e+05
16450.000000 6.15208000e+05
16550.000000 6.31645000e+05
16650.000000 6.04661000e+05
16750.000000 6.03949000e+05
16850.000000 5.84024000e+05
16950.000000 5.92691000e+05
17050.000000 5.70597000e+05
17150.000000 5.63924000e+05
17250.000000 5.52771000e+05
17350.000000 5.35629000e+05
17450.000000 5.37178000e+05
17550.000000 5.23588000e+05
17650.000000 5.18797000e+05
17750.000000 5.06260000e+05
17850.000000 5.00698000e+05
17950.000000 4.95076000e+05
18050.000000 4.76458000e+05
18150.000000 4.73933000e+05
18250.000000 4.60938000e+05
18350.000000 4.55088000e+05
18450.000000 4.42676000e+05
18550.000000 4.38431000e+05
18650.000000 4.27438000e+05
18750.000000 4.18819000e+05
18850.000000 4.14429000e+05
18950.000000 3.97090000e+05
19050.000000 4.02544000e+05
19150.000000 3.93780000e+05
19250.000000 3.90319000e+05
19350.000000 3.75439000e+05
19450.000000 3.68372000e+05
19550.000000 3.67363000e+05
19650.000000 3.58433000e+05
19750.000000 3.45637000e+05
19850.000000 3.43435000e+05
19950.000000 3.37351000e+05
20050.000000 3.37696000e+05
20150.000000 3.32738000e+05
20250.000000 3.21145000e+05
20350.000000 3.17587000e+05
20450.000000 3.16345000e+05
20550.000000 3.07118000e+05
20650.000000 3.01615000e+05
20750.000000 2.97709000e+05
20850.000000 2.91749000e+05
20950.000000 2.85065000e+05
21050.000000 2.84089000e+05
21150.000000 2.79236000e+05
21250.000000 2.73919000e+05
21350.000000 2.71516000e+05
21450.000000 2.66526000e+05
21550.000000 2.62111000e+05
21650.000000 2.57115000e+05
21750.000000 2.51404000e+05
21850.000000 2.48871000e+05
21950.000000 2.45882000e+05
22050.000000 2.37566000e+05
22150.000000 2.40141000e+05
22250.000000 2.31108000e+05
22350.000000 2.29067000e+05
22450.000000 2.25939000e+05
22550.000000 2.23821000e+05
22650.000000 2.17392000e+05
22750.000000 2.17894000e+05
22850.000000 2.12146000e+05
22950.000000 1.80911000e+05
23050.000000 1.93923000e+05
23150.000000 1.91822000e+05
23250.000000 1.65310000e+05
23350.000000 1.76790000e+05
23450.000000 1.75114000e+05
23550.000000 1.50779000e+05
23650.000000 1.65544000e+05
23750.000000 1.61795000e+05
23850.000000 1.42434000e+05
23950.000000 1.54100000e+05
24050.000000 1.54111000e+05
24150.000000 1.38058000e+05
24250.000000 1.46172000e+05
24350.000000 1.46931000e+05
24450.000000 1.36134000e+05
24550.000000 1.35996000e+05
24650.000000 1.41777000e+05
24750.000000 1.35633000e+05
24850.000000 1.27803000e+05
24950.000000 1.33546000e+05
25050.000000 1.35148000e+05
25150.000000 1.23831000e+05
25250.000000 1.25032000e+05
25350.000000 1.27753000e+05
25450.000000 1.24907000e+05
25550.000000 1.23043000e+05
25650.000000 1.23791000e+05
25750.000000 1.24309000e+05
25850.000000 1.16556000e+05
25950.000000 1.18937000e+05
26050.000000 1.19380000e+05
26150.000000 1.17632000e+05
26250.000000 1.14687000e+05
26350.000000 1.15392000e+05
26450.000000 1.14688000e+05
26550.000000 1.08625000e+05
26650.000000 1.08512000e+05
26750.000000 1.11977000e+05
26850.000000 1.10251000e+05
26950.000000 1.06872000e+05
27050.000000 1.07782000e+05
27150.000000 1.06484000e+05
27250.000000 1.06561000e+05
27350.000000 1.03401000e+05
27450.000000 1.03534000e+05
27550.000000 1.03255000e+05
27650.000000 1.01450000e+05
27750.000000 9.96833000e+04
27850.000000 9.91436000e+04
27950.000000 9.67042000e+04
28050.000000 9.43592000e+04
28150.000000 9.43889000e+04
28250.000000 9.44818000e+04
28350.000000 9.44211000e+04
28450.000000 9.32233000e+04
28550.000000 9.16747000e+04
28650.000000 9.09395000e+04
28750.000000 9.04037000e+04
28850.000000 8.92123000e+04
28950.000000 8.84127000e+04
29050.000000 8.70194000e+04
29150.000000 8.67869000e+04
29250.000000 8.39312000e+04
29350.000000 8.36926000e+04
29450.000000 8.15267000e+04
29550.000000 8.20113000e+04
29650.000000 8.01692000e+04
29750.000000 8.03548000e+04
29850.000000 7.95086000e+04
29950.000000 7.85460000e+04
30050.000000 7.68059000e+04
30150.000000 7.71385000e+04
30250.000000 7.60036000e+04
30350.000000 7.52991000e+04
30450.000000 7.30094000e+04
30550.000000 7.37190000e+04
30650.000000 7.25931000e+04
30750.000000 7.18229000e+04
30850.000000 7.01309000e+04
30950.000000 6.94621000e+04
31050.000000 6.94374000e+04
31150.000000 6.76063000e+04
31250.000000 6.78031000e+04
31350.000000 6.56387000e+04
31450.000000 6.59113000e+04
31550.000000 6.51951000e+04
31650.000000 6.46973000e+04
31750.000000 6.36514000e+04
31850.000000 6.28364000e+04
31950.000000 6.21004000e+04
32100.000000 6.17554000e+04
32300.000000 5.92525000e+04
32500.000000 5.87680000e+04
32700.000000 5.72798000e+04
32900.000000 5.54752000e+04
33100.000000 5.47999000e+04
33300.000000 5.30089000e+04
33500.000000 5.23007000e+04
33700.000000 5.14131000e+04
33900.000000 4.94510000e+04
34100.000000 4.88954000e+04
34300.000000 4.83300000e+04
34500.000000 4.64451000e+04
34700.000000 4.60646000e+04
34900.000000 4.52628000e+04
35100.000000 4.38097000e+04
35300.000000 4.29489000e+04
35500.000000 4.24185000e+04
35700.000000 4.10223000e+04
35900.000000 4.02596000e+04
36100.000000 3.99708000e+04
36300.000000 3.87139000e+04
36500.000000 3.79458000e+04
36700.000000 3.72621000e+04
36900.000000 3.63501000e+04
37100.000000 3.53024000e+04
37300.000000 3.49167000e+04
37500.000000 3.42291000e+04
37700.000000 3.33421000e+04
37900.000000 3.30724000e+04
38100.000000 3.22330000e+04
38300.000000 3.17201000e+04
38500.000000 3.11067000e+04
38700.000000 3.05496000e+04
38900.000000 2.98354000e+04
39100.000000 2.93462000e+04
39300.000000 2.87872000e+04
39500.000000 2.82792000e+04
39700.000000 2.77464000e+04
39900.000000 2.67306000e+04
40100.000000 2.63030000e+04
40300.000000 2.60356000e+04
40500.000000 2.49545000e+04
40700.000000 2.47076000e+04
40900.000000 2.39576000e+04
41100.000000 2.38766000e+04
41300.000000 2.29922000e+04
41500.000000 2.29264000e+04
41700.000000 2.20462000e+04
41900.000000 2.20766000e+04
42100.000000 2.12435000e+04
42300.000000 2.12589000e+04
42500.000000 2.06340000e+04
42700.000000 2.04172000e+04
42900.000000 1.91121000e+04
43100.000000 1.78990000e+04
43300.000000 1.83714000e+04
43500.000000 1.70061000e+04
43700.000000 1.65843000e+04
43900.000000 1.61698000e+04
44100.000000 1.50120000e+04
44300.000000 1.50190000e+04
44500.000000 1.45268000e+04
44700.000000 1.37609000e+04
44900.000000 1.39570000e+04
45100.000000 1.34794000e+04
45300.000000 1.28707000e+04
45500.000000 1.30980000e+04
45700.000000 1.29075000e+04
45900.000000 1.21558000e+04
46100.000000 1.24677000e+04
46300.000000 1.21158000e+04
46500.000000 1.20510000e+04
46700.000000 1.19879000e+04
46900.000000 1.17648000e+04
47100.000000 1.14823000e+04
47300.000000 1.16335000e+04
47500.000000 1.13771000e+04
47700.000000 1.12302000e+04
47900.000000 1.10649000e+04
48100.000000 1.07788000e+04
48300.000000 1.09819000e+04
48500.000000 1.07272000e+04
48700.000000 1.04383000e+04
48900.000000 1.03852000e+04
49100.000000 1.02409000e+04
49300.000000 1.00694000e+04
49500.000000 9.90113000e+03
49700.000000 9.91723000e+03
49900.000000 9.74152000e+03
50100.000000 9.43306000e+03
50300.000000 9.56829000e+03
50500.000000 9.29854000e+03
50700.000000 9.23163000e+03
50900.000000 9.13131000e+03
51100.000000 8.94137000e+03
51300.000000 8.88238000e+03
51500.000000 8.74862000e+03
51700.000000 8.74660000e+03
51900.000000 8.58267000e+03
52100.000000 8.45376000e+03
52300.000000 8.35562000e+03
52500.000000 8.30670000e+03
52700.000000 8.37155000e+03
52900.000000 8.03643000e+03
53100.000000 7.94622000e+03
53300.000000 7.89598000e+03
53500.000000 7.80757000e+03
53700.000000 7.73907000e+03
53900.000000 7.66437000e+03
54100.000000 7.58360000e+03
54300.000000 7.40902000e+03
54500.000000 7.44466000e+03
54700.000000 7.26958000e+03
54900.000000 7.23508000e+03
55100.000000 7.09728000e+03
55300.000000 7.20348000e+03
55500.000000 6.94642000e+03
55700.000000 6.98964000e+03
55900.000000 6.84532000e+03
56100.000000 6.82928000e+03
56300.000000 6.66009000e+03
56500.000000 6.66837000e+03
56700.000000 6.57582000e+03
56900.000000 6.42239000e+03
57100.000000 6.44404000e+03
57300.000000 6.37446000e+03
57500.000000 6.29373000e+03
57700.000000 6.20718000e+03
57900.000000 6.18673000e+03
58100.000000 6.08395000e+03
58300.000000 6.01745000e+03
58500.000000 5.96129000e+03
58700.000000 5.85186000e+03
58900.000000 5.80057000e+03
59100.000000 5.74757000e+03
59300.000000 5.69504000e+03
59500.000000 5.60223000e+03
59700.000000 5.57543000e+03
59900.000000 5.51506000e+03
60100.000000 5.45255000e+03
60300.000000 5.38246000e+03
60500.000000 5.29485000e+03
60700.000000 5.24631000e+03
60900.000000 5.17798000e+03
61100.000000 5.10882000e+03
61300.000000 5.07263000e+03
61500.000000 5.02555000e+03
61700.000000 4.98481000e+03
61900.000000 4.92404000e+03
62100.000000 4.87918000e+03
62300.000000 4.80724000e+03
62500.000000 4.73408000e+03
62700.000000 4.68381000e+03
62900.000000 4.64007000e+03
63100.000000 4.57702000e+03
63300.000000 4.55237000e+03
63500.000000 4.48002000e+03
63700.000000 4.46112000e+03
63900.000000 4.38213000e+03
64200.000000 4.32070000e+03
64600.000000 4.21022000e+03
65000.000000 4.11906000e+03
65400.000000 4.02540000e+03
65800.000000 3.93963000e+03
66200.000000 3.84317000e+03
66600.000000 3.76724000e+03
67000.000000 3.68354000e+03
67400.000000 3.59790000e+03
67800.000000 3.52025000e+03
68200.000000 3.44028000e+03
68600.000000 3.37362000e+03
69000.000000 3.29609000e+03
69400.000000 3.22300000e+03
69800.000000 3.15995000e+03
70200.000000 3.08575000e+03
70600.000000 3.02307000e+03
71000.000000 2.95823000e+03
71400.000000 2.89717000e+03
71800.000000 2.83480000e+03
72200.000000 2.77443000e+03
72600.000000 2.71578000e+03
73000.000000 2.66086000e+03
73400.000000 2.60201000e+03
73800.000000 2.55078000e+03
74200.000000 2.49235000e+03
74600.000000 2.44173000e+03
75000.000000 2.39526000e+03
75400.000000 2.32525000e+03
75800.000000 2.23619000e+03
76200.000000 2.16730000e+03
76600.000000 2.09644000e+03
77000.000000 2.04091000e+03
77400.000000 1.97321000e+03
77800.000000 1.91942000e+03
78200.000000 1.87224000e+03
78600.000000 1.81585000e+03
79000.000000 1.78737000e+03
79400.000000 1.73062000e+03
79800.000000 1.70385000e+03
80200.000000 1.67214000e+03
80600.000000 1.63604000e+03
81000.000000 1.61010000e+03
81400.000000 1.58977000e+03
81800.000000 1.55534000e+03
82200.000000 1.53522000e+03
82600.000000 1.50951000e+03
83000.000000 1.47947000e+03
83400.000000 1.46033000e+03
83800.000000 1.43317000e+03
84200.000000 1.40497000e+03
84600.000000 1.38161000e+03
85000.000000 1.36546000e+03
85400.000000 1.33751000e+03
85800.000000 1.31283000e+03
86200.000000 1.29434000e+03
86600.000000 1.26458000e+03
87000.000000 1.25049000e+03
87400.000000 1.23374000e+03
87800.000000 1.20562000e+03
88200.000000 1.18376000e+03
88600.000000 1.16633000e+03
89000.000000 1.14869000e+03
89400.000000 1.12943000e+03
89800.000000 1.10827000e+03
90200.000000 1.09555000e+03
90600.000000 1.08232000e+03
91000.000000 1.06027000e+03
91400.000000 1.03964000e+03
91800.000000 1.02819000e+03
92200.000000 1.00537000e+03
92600.000000 9.96702000e+02
93000.000000 9.81047000e+02
93400.000000 9.64932000e+02
93800.000000 9.44474000e+02
94200.000000 9.35111000e+02
94600.000000 9.17412000e+02
95000.000000 9.09786000e+02
95400.000000 8.96336000e+02
95800.000000 8.78522000e+02
96200.000000 8.68789000e+02
96600.000000 8.52768000e+02
97000.000000 8.44788000e+02
97400.000000 8.28810000e+02
97800.000000 8.16412000e+02
98200.000000 8.06336000e+02
98600.000000 7.95196000e+02
99000.000000 7.82518000e+02
99400.000000 7.68149000e+02
99800.000000 7.61248000e+02
100200.000000 7.49478000e+02
200000.000000 4.94627000e+01
400000.000000 3.14310000e+00
600000.000000 6.21049000e-01
800000.000000 1.95911000e-01
1000000.000000 7.99382000e-02
1200000.000000 3.83976000e-02
1400000.000000 2.06471000e-02
1600000.000000 1.20593000e-02
