# Kurucz ODFNEW /NOVER, alpha: 0.0 (2003)
# teff = 20000 K (value for the effective temperature for the model. Temperatures are given in K)
# logg = 4 log(cm/s2) (value for Log(G) for the model.)
# lh = 1.25  (l/Hp where l is the  mixing length of the convective element and Hp is the pressure scale height)
# meta = -2  (value for the Metallicity for the model.)
# vtur = 2 km/s (Microturbulence velocity)
# alpha = 0  (Alpha)
#
# column 1: WAVELENGTH (ANGSTROM), Wavelength in Angstrom
# column 2: FLUX (ERG/CM2/S/A), Flux in erg/cm2/s/A
147.200000 1.25030000e-20
151.000000 8.71049000e-20
155.200000 6.67827000e-19
158.800000 3.52043000e-18
162.000000 1.45228000e-17
166.000000 7.91479000e-17
170.300000 4.48665000e-16
173.400000 1.48637000e-15
176.800000 5.26969000e-15
180.200000 1.78085000e-14
181.700000 3.00346000e-14
186.100000 1.32556000e-13
191.000000 6.38336000e-13
193.900000 1.55793000e-12
198.400000 5.90343000e-12
201.800000 1.55204000e-11
205.000000 3.74148000e-11
210.500000 1.59202000e-10
216.200000 6.59339000e-10
219.800000 1.55575000e-09
223.000000 3.25730000e-09
226.800000 7.61761000e-09
230.000000 1.94646000e-08
234.000000 4.65697000e-08
240.000000 1.52490000e-07
246.500000 5.14239000e-07
252.400000 1.46805000e-06
256.800000 3.09079000e-06
260.000000 5.26295000e-06
264.000000 9.99498000e-06
268.500000 2.00712000e-05
273.500000 4.23455000e-05
278.500000 8.69328000e-05
284.000000 1.85922000e-04
290.000000 4.11589000e-04
296.000000 8.80423000e-04
301.000000 1.62013000e-03
308.000000 3.66368000e-03
318.000000 1.10697000e-02
328.000000 3.10683000e-02
338.000000 8.17109000e-02
348.000000 2.02581000e-01
357.000000 4.37684000e-01
366.000000 9.08329000e-01
375.000000 1.81497000e+00
385.000000 3.75980000e+00
395.000000 7.48340000e+00
405.000000 1.43567000e+01
414.000000 2.50639000e+01
422.000000 4.02403000e+01
430.000000 6.33737000e+01
441.000000 1.14915000e+02
451.000000 1.91994000e+02
460.000000 2.98392000e+02
470.000000 4.76531000e+02
480.000000 7.44678000e+02
490.000000 1.14051000e+03
500.000000 1.71367000e+03
506.000000 1.16063000e+04
512.000000 3.32044000e+04
520.000000 4.33253000e+04
530.000000 6.48769000e+04
540.000000 7.46069000e+04
550.000000 1.11250000e+05
560.000000 1.41490000e+05
570.000000 1.80202000e+05
580.000000 1.89910000e+05
590.000000 2.61633000e+05
600.000000 3.43546000e+05
610.000000 4.22330000e+05
620.000000 5.10368000e+05
630.000000 6.15837000e+05
640.000000 7.28221000e+05
650.000000 8.71854000e+05
658.000000 1.00037000e+06
665.000000 1.11837000e+06
675.000000 1.29781000e+06
685.000000 1.50796000e+06
695.000000 1.77061000e+06
705.000000 2.03780000e+06
716.000000 2.36690000e+06
726.000000 2.69805000e+06
735.000000 3.04054000e+06
745.000000 3.45415000e+06
755.000000 3.90308000e+06
765.000000 4.38473000e+06
775.000000 4.92331000e+06
785.000000 5.50050000e+06
795.000000 6.11744000e+06
805.000000 6.78784000e+06
815.000000 7.49801000e+06
825.000000 8.28320000e+06
835.000000 9.01103000e+06
845.000000 9.97137000e+06
855.000000 1.08681000e+07
865.000000 1.19107000e+07
875.000000 1.29740000e+07
885.000000 1.41149000e+07
895.000000 1.52916000e+07
905.000000 1.63479000e+07
915.000000 2.88010000e+07
925.000000 1.49970000e+08
935.000000 5.97570000e+08
945.000000 3.09239000e+09
955.000000 6.08244000e+09
965.000000 8.37828000e+09
975.000000 2.61366000e+09
985.000000 1.14181000e+10
995.000000 1.16699000e+10
1005.000000 1.20136000e+10
1015.000000 9.79027000e+09
1025.000000 1.69169000e+09
1035.000000 8.13544000e+09
1045.000000 1.19429000e+10
1055.000000 1.18439000e+10
1065.000000 1.09183000e+10
1075.000000 1.14571000e+10
1085.000000 1.07019000e+10
1095.000000 1.12306000e+10
1105.000000 1.06383000e+10
1115.000000 1.06126000e+10
1125.000000 1.00354000e+10
1135.000000 1.02655000e+10
1145.000000 9.74277000e+09
1155.000000 9.94022000e+09
1165.000000 9.82332000e+09
1175.000000 8.71761000e+09
1185.000000 9.37783000e+09
1195.000000 8.39554000e+09
1205.000000 6.29791000e+09
1215.000000 1.16786000e+09
1225.000000 5.90491000e+09
1235.000000 8.09392000e+09
1245.000000 8.29739000e+09
1255.000000 8.13770000e+09
1265.000000 7.99825000e+09
1275.000000 8.04199000e+09
1285.000000 7.90864000e+09
1295.000000 7.29568000e+09
1305.000000 7.20841000e+09
1315.000000 7.48938000e+09
1325.000000 7.24458000e+09
1335.000000 6.92401000e+09
1345.000000 7.05593000e+09
1355.000000 6.99259000e+09
1365.000000 6.80821000e+09
1375.000000 6.69241000e+09
1385.000000 6.60397000e+09
1395.000000 6.34914000e+09
1405.000000 6.31596000e+09
1415.000000 6.25109000e+09
1425.000000 6.17145000e+09
1435.000000 6.08299000e+09
1442.000000 6.03459000e+09
1447.000000 5.97604000e+09
1455.000000 5.88720000e+09
1465.000000 5.77024000e+09
1475.000000 5.68256000e+09
1485.000000 5.57400000e+09
1495.000000 5.48653000e+09
1505.000000 5.35166000e+09
1512.000000 5.26218000e+09
1517.000000 5.25161000e+09
1525.000000 5.16993000e+09
1535.000000 4.99391000e+09
1545.000000 4.99228000e+09
1555.000000 4.85459000e+09
1565.000000 4.84166000e+09
1575.000000 4.80042000e+09
1585.000000 4.72699000e+09
1595.000000 4.67087000e+09
1605.000000 4.53797000e+09
1615.000000 4.46851000e+09
1625.000000 4.43451000e+09
1635.000000 4.38635000e+09
1645.000000 4.30075000e+09
1655.000000 4.23408000e+09
1665.000000 4.21082000e+09
1672.000000 4.09235000e+09
1677.000000 4.13604000e+09
1685.000000 4.08691000e+09
1695.000000 4.00709000e+09
1705.000000 3.92757000e+09
1715.000000 3.84872000e+09
1725.000000 3.79372000e+09
1735.000000 3.76514000e+09
1745.000000 3.69749000e+09
1755.000000 3.67235000e+09
1765.000000 3.52818000e+09
1775.000000 3.53864000e+09
1785.000000 3.49981000e+09
1795.000000 3.46818000e+09
1805.000000 3.42442000e+09
1815.000000 3.35660000e+09
1825.000000 3.32161000e+09
1835.000000 3.27174000e+09
1845.000000 3.17595000e+09
1855.000000 3.09198000e+09
1865.000000 3.07473000e+09
1875.000000 3.08274000e+09
1885.000000 2.97654000e+09
1895.000000 2.89841000e+09
1905.000000 2.93388000e+09
1915.000000 2.84692000e+09
1925.000000 2.80522000e+09
1935.000000 2.80065000e+09
1945.000000 2.79334000e+09
1955.000000 2.69702000e+09
1967.000000 2.71182000e+09
1976.000000 2.70426000e+09
1984.000000 2.64086000e+09
1995.000000 2.57168000e+09
2005.000000 2.58367000e+09
2015.000000 2.56607000e+09
2025.000000 2.54529000e+09
2035.000000 2.49414000e+09
2045.000000 2.46260000e+09
2055.000000 2.39623000e+09
2065.000000 2.38412000e+09
2074.000000 2.39561000e+09
2078.000000 2.34566000e+09
2085.000000 2.34484000e+09
2095.000000 2.29538000e+09
2105.000000 2.28987000e+09
2115.000000 2.26784000e+09
2125.000000 2.25022000e+09
2135.000000 2.21911000e+09
2145.000000 2.18504000e+09
2155.000000 2.16586000e+09
2165.000000 2.13770000e+09
2175.000000 2.11060000e+09
2185.000000 2.08762000e+09
2195.000000 2.06606000e+09
2205.000000 2.03861000e+09
2215.000000 2.01310000e+09
2225.000000 1.98606000e+09
2235.000000 1.96630000e+09
2245.000000 1.94463000e+09
2255.000000 1.91883000e+09
2265.000000 1.89987000e+09
2275.000000 1.87650000e+09
2285.000000 1.85730000e+09
2295.000000 1.82470000e+09
2305.000000 1.81273000e+09
2315.000000 1.78937000e+09
2325.000000 1.77081000e+09
2335.000000 1.74351000e+09
2345.000000 1.71559000e+09
2355.000000 1.70900000e+09
2365.000000 1.68259000e+09
2375.000000 1.66831000e+09
2385.000000 1.64058000e+09
2395.000000 1.62631000e+09
2405.000000 1.60923000e+09
2415.000000 1.59025000e+09
2425.000000 1.58056000e+09
2435.000000 1.56011000e+09
2445.000000 1.54334000e+09
2455.000000 1.52954000e+09
2465.000000 1.50984000e+09
2475.000000 1.49489000e+09
2485.000000 1.47874000e+09
2495.000000 1.45154000e+09
2505.000000 1.44700000e+09
2513.000000 1.42712000e+09
2518.000000 1.42692000e+09
2525.000000 1.41359000e+09
2535.000000 1.39501000e+09
2545.000000 1.38163000e+09
2555.000000 1.37233000e+09
2565.000000 1.35490000e+09
2575.000000 1.34394000e+09
2585.000000 1.32911000e+09
2595.000000 1.31435000e+09
2605.000000 1.30761000e+09
2615.000000 1.29576000e+09
2625.000000 1.28344000e+09
2635.000000 1.26677000e+09
2645.000000 1.25888000e+09
2655.000000 1.24407000e+09
2665.000000 1.22791000e+09
2675.000000 1.21596000e+09
2685.000000 1.21089000e+09
2695.000000 1.18957000e+09
2705.000000 1.18605000e+09
2715.000000 1.17329000e+09
2725.000000 1.15216000e+09
2735.000000 1.15015000e+09
2745.000000 1.13068000e+09
2755.000000 1.12090000e+09
2765.000000 1.10591000e+09
2775.000000 1.10529000e+09
2785.000000 1.09373000e+09
2795.000000 1.06812000e+09
2805.000000 1.06559000e+09
2815.000000 1.06236000e+09
2825.000000 1.04145000e+09
2835.000000 1.03364000e+09
2845.000000 1.03072000e+09
2855.000000 1.02102000e+09
2865.000000 1.01156000e+09
2875.000000 1.00153000e+09
2885.000000 9.92017000e+08
2895.000000 9.82568000e+08
2910.000000 9.68461000e+08
2930.000000 9.49536000e+08
2950.000000 9.25969000e+08
2970.000000 9.14693000e+08
2990.000000 8.97314000e+08
3010.000000 8.80938000e+08
3030.000000 8.64833000e+08
3050.000000 8.48952000e+08
3070.000000 8.33450000e+08
3090.000000 8.18277000e+08
3110.000000 8.03541000e+08
3130.000000 7.89959000e+08
3150.000000 7.75822000e+08
3170.000000 7.61752000e+08
3190.000000 7.42863000e+08
3210.000000 7.34988000e+08
3230.000000 7.22014000e+08
3250.000000 7.09410000e+08
3270.000000 6.97800000e+08
3290.000000 6.84991000e+08
3310.000000 6.74056000e+08
3330.000000 6.62586000e+08
3350.000000 6.50402000e+08
3370.000000 6.40349000e+08
3390.000000 6.29636000e+08
3410.000000 6.19097000e+08
3430.000000 6.06967000e+08
3450.000000 5.95329000e+08
3470.000000 5.86891000e+08
3490.000000 5.77245000e+08
3510.000000 5.69432000e+08
3530.000000 5.60760000e+08
3550.000000 5.51829000e+08
3570.000000 5.45013000e+08
3590.000000 5.33871000e+08
3610.000000 5.26267000e+08
3630.000000 5.16967000e+08
3640.000000 5.15438000e+08
3650.000000 5.08885000e+08
3670.000000 5.02906000e+08
3690.000000 4.90525000e+08
3710.000000 4.76492000e+08
3730.000000 4.62216000e+08
3750.000000 5.08360000e+08
3770.000000 5.17771000e+08
3790.000000 5.58035000e+08
3810.000000 5.90939000e+08
3830.000000 5.04758000e+08
3850.000000 6.16644000e+08
3870.000000 6.28373000e+08
3890.000000 4.75614000e+08
3910.000000 6.19820000e+08
3930.000000 6.14260000e+08
3950.000000 6.01222000e+08
3970.000000 4.43755000e+08
3990.000000 5.76331000e+08
4010.000000 5.76758000e+08
4030.000000 5.41843000e+08
4050.000000 5.64893000e+08
4070.000000 5.52964000e+08
4090.000000 4.98880000e+08
4110.000000 4.25056000e+08
4130.000000 5.18241000e+08
4150.000000 5.15379000e+08
4170.000000 5.11791000e+08
4190.000000 5.05243000e+08
4210.000000 4.97202000e+08
4230.000000 4.89227000e+08
4250.000000 4.81421000e+08
4270.000000 4.72934000e+08
4290.000000 4.65321000e+08
4310.000000 4.54888000e+08
4330.000000 4.01908000e+08
4350.000000 3.62166000e+08
4370.000000 4.32520000e+08
4390.000000 4.17328000e+08
4410.000000 4.24186000e+08
4430.000000 4.15796000e+08
4450.000000 4.11553000e+08
4470.000000 3.86121000e+08
4490.000000 3.98535000e+08
4510.000000 3.93193000e+08
4530.000000 3.87251000e+08
4550.000000 3.81452000e+08
4570.000000 3.75757000e+08
4590.000000 3.70201000e+08
4610.000000 3.64709000e+08
4630.000000 3.59315000e+08
4650.000000 3.53966000e+08
4670.000000 3.48868000e+08
4690.000000 3.43792000e+08
4710.000000 3.34375000e+08
4730.000000 3.33708000e+08
4750.000000 3.28767000e+08
4770.000000 3.24343000e+08
4790.000000 3.19687000e+08
4810.000000 3.14282000e+08
4830.000000 3.07696000e+08
4850.000000 2.77905000e+08
4870.000000 2.44239000e+08
4890.000000 2.93306000e+08
4910.000000 2.92125000e+08
4930.000000 2.81886000e+08
4950.000000 2.85393000e+08
4970.000000 2.81469000e+08
4990.000000 2.77568000e+08
5010.000000 2.70284000e+08
5030.000000 2.69970000e+08
5050.000000 2.64512000e+08
5070.000000 2.62678000e+08
5090.000000 2.59120000e+08
5110.000000 2.55610000e+08
5130.000000 2.52161000e+08
5150.000000 2.48771000e+08
5170.000000 2.45455000e+08
5190.000000 2.42182000e+08
5210.000000 2.38911000e+08
5230.000000 2.35792000e+08
5250.000000 2.32687000e+08
5270.000000 2.29622000e+08
5290.000000 2.26610000e+08
5310.000000 2.23651000e+08
5330.000000 2.20742000e+08
5350.000000 2.17857000e+08
5370.000000 2.15062000e+08
5390.000000 2.12289000e+08
5410.000000 2.09564000e+08
5430.000000 2.06847000e+08
5450.000000 2.04229000e+08
5470.000000 2.01630000e+08
5490.000000 1.99076000e+08
5510.000000 1.96566000e+08
5530.000000 1.94088000e+08
5550.000000 1.91652000e+08
5570.000000 1.89258000e+08
5590.000000 1.86893000e+08
5610.000000 1.84570000e+08
5630.000000 1.82286000e+08
5650.000000 1.80006000e+08
5670.000000 1.77801000e+08
5690.000000 1.75623000e+08
5710.000000 1.73482000e+08
5730.000000 1.71366000e+08
5750.000000 1.69276000e+08
5770.000000 1.67233000e+08
5790.000000 1.65204000e+08
5810.000000 1.63220000e+08
5830.000000 1.61260000e+08
5850.000000 1.59322000e+08
5870.000000 1.52761000e+08
5890.000000 1.55341000e+08
5910.000000 1.53709000e+08
5930.000000 1.51881000e+08
5950.000000 1.50085000e+08
5970.000000 1.48331000e+08
5990.000000 1.46586000e+08
6010.000000 1.44882000e+08
6030.000000 1.43187000e+08
6050.000000 1.41531000e+08
6070.000000 1.39895000e+08
6090.000000 1.38277000e+08
6110.000000 1.36687000e+08
6130.000000 1.35114000e+08
6150.000000 1.33570000e+08
6170.000000 1.32052000e+08
6190.000000 1.30541000e+08
6210.000000 1.29067000e+08
6230.000000 1.27609000e+08
6250.000000 1.26166000e+08
6270.000000 1.24749000e+08
6290.000000 1.23348000e+08
6310.000000 1.21971000e+08
6330.000000 1.20619000e+08
6350.000000 1.19244000e+08
6370.000000 1.17939000e+08
6390.000000 1.16648000e+08
6410.000000 1.15362000e+08
6430.000000 1.14099000e+08
6450.000000 1.12849000e+08
6470.000000 1.11612000e+08
6490.000000 1.10398000e+08
6510.000000 1.09009000e+08
6530.000000 1.07283000e+08
6550.000000 1.01351000e+08
6570.000000 8.88740000e+07
6590.000000 1.03004000e+08
6610.000000 1.03089000e+08
6630.000000 1.02331000e+08
6650.000000 1.01316000e+08
6670.000000 9.92951000e+07
6690.000000 9.82646000e+07
6710.000000 9.81231000e+07
6730.000000 9.70917000e+07
6750.000000 9.60707000e+07
6770.000000 9.50682000e+07
6790.000000 9.40678000e+07
6810.000000 9.30855000e+07
6830.000000 9.21212000e+07
6850.000000 9.11666000e+07
6870.000000 9.02214000e+07
6890.000000 8.92937000e+07
6910.000000 8.83752000e+07
6930.000000 8.74657000e+07
6950.000000 8.65731000e+07
6970.000000 8.56892000e+07
6990.000000 8.48141000e+07
7010.000000 8.39551000e+07
7030.000000 8.31046000e+07
7050.000000 8.22623000e+07
7070.000000 8.02224000e+07
7090.000000 8.06173000e+07
7110.000000 7.98067000e+07
7130.000000 7.90113000e+07
7150.000000 7.82235000e+07
7170.000000 7.74360000e+07
7190.000000 7.66779000e+07
7210.000000 7.59197000e+07
7230.000000 7.51183000e+07
7250.000000 7.44249000e+07
7270.000000 7.36952000e+07
7290.000000 7.24620000e+07
7310.000000 7.22564000e+07
7330.000000 7.15541000e+07
7350.000000 7.08584000e+07
7370.000000 7.01761000e+07
7390.000000 6.94932000e+07
7410.000000 6.88236000e+07
7430.000000 6.81629000e+07
7450.000000 6.75171000e+07
7470.000000 6.68697000e+07
7490.000000 6.62311000e+07
7510.000000 6.55802000e+07
7530.000000 6.49765000e+07
7550.000000 6.43604000e+07
7570.000000 6.37512000e+07
7590.000000 6.31495000e+07
7610.000000 6.25552000e+07
7630.000000 6.19676000e+07
7650.000000 6.13871000e+07
7670.000000 6.08132000e+07
7690.000000 6.02463000e+07
7710.000000 5.96851000e+07
7730.000000 5.91320000e+07
7750.000000 5.85832000e+07
7770.000000 5.80280000e+07
7790.000000 5.75082000e+07
7810.000000 5.69528000e+07
7830.000000 5.64570000e+07
7850.000000 5.59850000e+07
7870.000000 5.54734000e+07
7890.000000 5.49444000e+07
7910.000000 5.44724000e+07
7930.000000 5.39781000e+07
7950.000000 5.34857000e+07
7970.000000 5.29650000e+07
7990.000000 5.25078000e+07
8010.000000 5.20128000e+07
8030.000000 5.15425000e+07
8050.000000 5.10908000e+07
8070.000000 5.06377000e+07
8090.000000 5.01223000e+07
8110.000000 4.97081000e+07
8130.000000 4.93014000e+07
8150.000000 4.88102000e+07
8170.000000 4.84457000e+07
8190.000000 4.79757000e+07
8210.000000 4.74494000e+07
8230.000000 4.71495000e+07
8250.000000 4.67585000e+07
8270.000000 4.61751000e+07
8290.000000 4.59262000e+07
8310.000000 4.55467000e+07
8330.000000 4.51426000e+07
8350.000000 4.45797000e+07
8370.000000 4.43013000e+07
8390.000000 4.39704000e+07
8410.000000 4.35575000e+07
8430.000000 4.31216000e+07
8450.000000 4.25521000e+07
8470.000000 4.22032000e+07
8490.000000 4.19853000e+07
8510.000000 4.12664000e+07
8530.000000 4.14076000e+07
8550.000000 3.98887000e+07
8570.000000 4.12969000e+07
8590.000000 3.92561000e+07
8610.000000 3.89500000e+07
8630.000000 4.08157000e+07
8650.000000 3.94239000e+07
8670.000000 3.60853000e+07
8690.000000 3.98310000e+07
8710.000000 4.02815000e+07
8730.000000 3.88747000e+07
8750.000000 3.41550000e+07
8770.000000 3.74501000e+07
8790.000000 3.92395000e+07
8810.000000 3.91363000e+07
8830.000000 3.85403000e+07
8850.000000 3.55852000e+07
8870.000000 3.24528000e+07
8890.000000 3.69774000e+07
8910.000000 3.75600000e+07
8930.000000 3.73664000e+07
8950.000000 3.71638000e+07
8970.000000 3.67333000e+07
8990.000000 3.54993000e+07
9010.000000 3.09523000e+07
9030.000000 3.26246000e+07
9050.000000 3.51659000e+07
9070.000000 3.50247000e+07
9090.000000 3.50321000e+07
9110.000000 3.48921000e+07
9130.000000 3.46666000e+07
9150.000000 3.43339000e+07
9170.000000 3.39137000e+07
9190.000000 3.34879000e+07
9210.000000 3.17584000e+07
9230.000000 2.75500000e+07
9250.000000 3.11242000e+07
9270.000000 3.23600000e+07
9290.000000 3.23802000e+07
9310.000000 3.20721000e+07
9330.000000 3.20153000e+07
9350.000000 3.17358000e+07
9370.000000 3.15125000e+07
9390.000000 3.12635000e+07
9410.000000 3.10116000e+07
9430.000000 3.07730000e+07
9450.000000 3.05307000e+07
9470.000000 3.00448000e+07
9490.000000 2.99087000e+07
9510.000000 2.92211000e+07
9530.000000 2.76306000e+07
9550.000000 2.43690000e+07
9570.000000 2.78192000e+07
9590.000000 2.85844000e+07
9610.000000 2.84864000e+07
9630.000000 2.82808000e+07
9650.000000 2.82410000e+07
9670.000000 2.80244000e+07
9690.000000 2.77836000e+07
9710.000000 2.75235000e+07
9730.000000 2.73862000e+07
9750.000000 2.71776000e+07
9770.000000 2.69710000e+07
9790.000000 2.67661000e+07
9810.000000 2.65632000e+07
9830.000000 2.63624000e+07
9850.000000 2.61634000e+07
9870.000000 2.59662000e+07
9890.000000 2.57704000e+07
9910.000000 2.55733000e+07
9930.000000 2.53856000e+07
9950.000000 2.51953000e+07
9970.000000 2.49659000e+07
9990.000000 2.47124000e+07
10025.000000 2.32218000e+07
10075.000000 2.24218000e+07
10125.000000 2.34856000e+07
10175.000000 2.31775000e+07
10225.000000 2.27481000e+07
10275.000000 2.23460000e+07
10325.000000 2.18693000e+07
10375.000000 2.15512000e+07
10425.000000 2.11672000e+07
10475.000000 2.07915000e+07
10525.000000 2.04244000e+07
10575.000000 2.00653000e+07
10625.000000 1.97140000e+07
10675.000000 1.93364000e+07
10725.000000 1.90340000e+07
10775.000000 1.87053000e+07
10825.000000 1.81860000e+07
10875.000000 1.79707000e+07
10925.000000 1.61716000e+07
10975.000000 1.69313000e+07
11025.000000 1.70325000e+07
11075.000000 1.68591000e+07
11125.000000 1.65920000e+07
11175.000000 1.63150000e+07
11225.000000 1.60366000e+07
11275.000000 1.57780000e+07
11325.000000 1.55182000e+07
11375.000000 1.52636000e+07
11425.000000 1.50143000e+07
11475.000000 1.47698000e+07
11525.000000 1.45305000e+07
11575.000000 1.42959000e+07
11625.000000 1.40661000e+07
11675.000000 1.38408000e+07
11725.000000 1.36200000e+07
11775.000000 1.34035000e+07
11825.000000 1.31918000e+07
11875.000000 1.29840000e+07
11925.000000 1.27802000e+07
11975.000000 1.24785000e+07
12025.000000 1.23846000e+07
12075.000000 1.21923000e+07
12125.000000 1.20041000e+07
12175.000000 1.18193000e+07
12225.000000 1.16381000e+07
12275.000000 1.14605000e+07
12325.000000 1.12861000e+07
12375.000000 1.11151000e+07
12425.000000 1.09473000e+07
12475.000000 1.07827000e+07
12525.000000 1.06034000e+07
12575.000000 1.04625000e+07
12625.000000 1.03070000e+07
12675.000000 1.01543000e+07
12725.000000 9.98861000e+06
12775.000000 9.66358000e+06
12825.000000 8.86277000e+06
12875.000000 9.47769000e+06
12925.000000 9.42322000e+06
12975.000000 9.24332000e+06
13025.000000 9.16139000e+06
13075.000000 9.02953000e+06
13125.000000 8.90029000e+06
13175.000000 8.77318000e+06
13225.000000 8.64838000e+06
13275.000000 8.52584000e+06
13325.000000 8.40554000e+06
13375.000000 8.28722000e+06
13425.000000 8.16582000e+06
13475.000000 8.05678000e+06
13525.000000 7.94460000e+06
13575.000000 7.83447000e+06
13625.000000 7.72613000e+06
13675.000000 7.61958000e+06
13725.000000 7.51496000e+06
13775.000000 7.41226000e+06
13825.000000 7.31124000e+06
13875.000000 7.21187000e+06
13925.000000 7.11413000e+06
13975.000000 7.01818000e+06
14025.000000 6.92379000e+06
14075.000000 6.83095000e+06
14125.000000 6.73962000e+06
14175.000000 6.64998000e+06
14225.000000 6.56179000e+06
14275.000000 6.47486000e+06
14325.000000 6.38954000e+06
14375.000000 6.30560000e+06
14425.000000 6.22304000e+06
14475.000000 6.14183000e+06
14525.000000 6.06194000e+06
14570.000000 5.99119000e+06
14620.000000 5.91397000e+06
14675.000000 5.83089000e+06
14725.000000 5.75678000e+06
14775.000000 5.68389000e+06
14825.000000 5.61201000e+06
14875.000000 5.54132000e+06
14925.000000 5.47161000e+06
14975.000000 5.40305000e+06
15025.000000 5.33527000e+06
15075.000000 5.26032000e+06
15125.000000 5.20205000e+06
15175.000000 5.13707000e+06
15225.000000 5.07283000e+06
15275.000000 5.00674000e+06
15325.000000 4.94236000e+06
15375.000000 4.88620000e+06
15425.000000 4.81230000e+06
15475.000000 4.76584000e+06
15525.000000 4.70502000e+06
15575.000000 4.61833000e+06
15625.000000 4.61274000e+06
15675.000000 4.51666000e+06
15725.000000 4.43512000e+06
15775.000000 4.45746000e+06
15825.000000 4.39820000e+06
15875.000000 4.21403000e+06
15925.000000 4.26619000e+06
15975.000000 4.26373000e+06
16050.000000 4.15744000e+06
16150.000000 3.98753000e+06
16250.000000 4.01179000e+06
16350.000000 3.86704000e+06
16450.000000 3.70085000e+06
16550.000000 3.74965000e+06
16650.000000 3.66643000e+06
16750.000000 3.52140000e+06
16850.000000 3.36747000e+06
16950.000000 3.42135000e+06
17050.000000 3.33364000e+06
17150.000000 3.27426000e+06
17250.000000 3.19475000e+06
17350.000000 2.97519000e+06
17450.000000 3.04053000e+06
17550.000000 2.99681000e+06
17650.000000 2.93211000e+06
17750.000000 2.86915000e+06
17850.000000 2.80777000e+06
17950.000000 2.74816000e+06
18050.000000 2.68588000e+06
18150.000000 2.51147000e+06
18250.000000 2.54771000e+06
18350.000000 2.52471000e+06
18450.000000 2.47263000e+06
18550.000000 2.42108000e+06
18650.000000 2.35500000e+06
18750.000000 2.21443000e+06
18850.000000 2.27052000e+06
18950.000000 2.23067000e+06
19050.000000 2.17960000e+06
19150.000000 2.14210000e+06
19250.000000 2.09977000e+06
19350.000000 2.04965000e+06
19450.000000 1.91341000e+06
19550.000000 1.96801000e+06
19650.000000 1.93974000e+06
19750.000000 1.90208000e+06
19850.000000 1.86547000e+06
19950.000000 1.82959000e+06
20050.000000 1.79470000e+06
20150.000000 1.76051000e+06
20250.000000 1.72727000e+06
20350.000000 1.69469000e+06
20450.000000 1.66257000e+06
20550.000000 1.62921000e+06
20650.000000 1.60163000e+06
20750.000000 1.57197000e+06
20850.000000 1.54306000e+06
20950.000000 1.51481000e+06
21050.000000 1.48718000e+06
21150.000000 1.45656000e+06
21250.000000 1.43388000e+06
21350.000000 1.40808000e+06
21450.000000 1.38262000e+06
21550.000000 1.35335000e+06
21650.000000 1.26765000e+06
21750.000000 1.30166000e+06
21850.000000 1.28693000e+06
21950.000000 1.26498000e+06
22050.000000 1.24292000e+06
22150.000000 1.22136000e+06
22250.000000 1.20013000e+06
22350.000000 1.17961000e+06
22450.000000 1.15941000e+06
22550.000000 1.13959000e+06
22650.000000 1.12023000e+06
22750.000000 1.10130000e+06
22850.000000 1.08281000e+06
22950.000000 1.06467000e+06
23050.000000 1.04680000e+06
23150.000000 1.02962000e+06
23250.000000 1.01263000e+06
23350.000000 9.95956000e+05
23450.000000 9.79670000e+05
23550.000000 9.63692000e+05
23650.000000 9.48016000e+05
23750.000000 9.32636000e+05
23850.000000 9.17612000e+05
23950.000000 9.02873000e+05
24050.000000 8.88345000e+05
24150.000000 8.74092000e+05
24250.000000 8.60300000e+05
24350.000000 8.46513000e+05
24450.000000 8.32923000e+05
24550.000000 8.20150000e+05
24650.000000 8.06813000e+05
24750.000000 7.93480000e+05
24850.000000 7.82776000e+05
24950.000000 7.68101000e+05
25050.000000 7.58919000e+05
25150.000000 7.47357000e+05
25250.000000 7.31463000e+05
25350.000000 7.24296000e+05
25450.000000 7.14602000e+05
25550.000000 7.02325000e+05
25650.000000 6.85121000e+05
25750.000000 6.81913000e+05
25850.000000 6.73039000e+05
25950.000000 6.62771000e+05
26050.000000 6.49142000e+05
26150.000000 6.29368000e+05
26250.000000 6.03915000e+05
26350.000000 6.20881000e+05
26450.000000 6.15656000e+05
26550.000000 6.06645000e+05
26650.000000 5.95683000e+05
26750.000000 5.72916000e+05
26850.000000 5.78324000e+05
26950.000000 5.73677000e+05
27050.000000 5.65633000e+05
27150.000000 5.57590000e+05
27250.000000 5.49649000e+05
27350.000000 5.41860000e+05
27450.000000 5.32369000e+05
27550.000000 5.09898000e+05
27650.000000 5.11637000e+05
27750.000000 5.11381000e+05
27850.000000 5.04898000e+05
27950.000000 4.97916000e+05
28050.000000 4.91020000e+05
28150.000000 4.84258000e+05
28250.000000 4.77625000e+05
28350.000000 4.71074000e+05
28450.000000 4.64641000e+05
28550.000000 4.57791000e+05
28650.000000 4.46909000e+05
28750.000000 4.28687000e+05
28850.000000 4.37950000e+05
28950.000000 4.34103000e+05
29050.000000 4.28307000e+05
29150.000000 4.22602000e+05
29250.000000 4.16992000e+05
29350.000000 4.11475000e+05
29450.000000 4.06044000e+05
29550.000000 4.00707000e+05
29650.000000 3.95455000e+05
29750.000000 3.90290000e+05
29850.000000 3.85210000e+05
29950.000000 3.80210000e+05
30050.000000 3.75289000e+05
30150.000000 3.70446000e+05
30250.000000 3.64629000e+05
30350.000000 3.48995000e+05
30450.000000 3.48965000e+05
30550.000000 3.51214000e+05
30650.000000 3.47390000e+05
30750.000000 3.42998000e+05
30850.000000 3.38676000e+05
30950.000000 3.34419000e+05
31050.000000 3.30228000e+05
31150.000000 3.26104000e+05
31250.000000 3.22045000e+05
31350.000000 3.18047000e+05
31450.000000 3.14112000e+05
31550.000000 3.10235000e+05
31650.000000 3.06420000e+05
31750.000000 3.02665000e+05
31850.000000 2.98967000e+05
31950.000000 2.95323000e+05
32100.000000 2.89963000e+05
32300.000000 2.82999000e+05
32500.000000 2.76246000e+05
32700.000000 2.69586000e+05
32900.000000 2.56163000e+05
33100.000000 2.55208000e+05
33300.000000 2.50823000e+05
33500.000000 2.45122000e+05
33700.000000 2.39504000e+05
33900.000000 2.34034000e+05
34100.000000 2.28715000e+05
34300.000000 2.23545000e+05
34500.000000 2.18520000e+05
34700.000000 2.13634000e+05
34900.000000 2.08882000e+05
35100.000000 2.04267000e+05
35300.000000 1.99770000e+05
35500.000000 1.95394000e+05
35700.000000 1.91130000e+05
35900.000000 1.87024000e+05
36100.000000 1.82946000e+05
36300.000000 1.79080000e+05
36500.000000 1.75172000e+05
36700.000000 1.71576000e+05
36900.000000 1.67737000e+05
37100.000000 1.64220000e+05
37300.000000 1.58927000e+05
37500.000000 1.54520000e+05
37700.000000 1.54345000e+05
37900.000000 1.51294000e+05
38100.000000 1.47836000e+05
38300.000000 1.44894000e+05
38500.000000 1.42531000e+05
38700.000000 1.39658000e+05
38900.000000 1.36577000e+05
39100.000000 1.33032000e+05
39300.000000 1.31343000e+05
39500.000000 1.28867000e+05
39700.000000 1.26333000e+05
39900.000000 1.23861000e+05
40100.000000 1.20635000e+05
40300.000000 1.17865000e+05
40500.000000 1.13923000e+05
40700.000000 1.14386000e+05
40900.000000 1.12372000e+05
41100.000000 1.10237000e+05
41300.000000 1.08105000e+05
41500.000000 1.05946000e+05
41700.000000 1.02308000e+05
41900.000000 1.01965000e+05
42100.000000 1.00286000e+05
42300.000000 9.84349000e+04
42500.000000 9.66033000e+04
42700.000000 9.48554000e+04
42900.000000 9.30396000e+04
43100.000000 9.14359000e+04
43300.000000 8.97834000e+04
43500.000000 8.81096000e+04
43700.000000 8.49554000e+04
43900.000000 8.44881000e+04
44100.000000 8.35375000e+04
44300.000000 8.20612000e+04
44500.000000 8.06194000e+04
44700.000000 7.93151000e+04
44900.000000 7.79318000e+04
45100.000000 7.65790000e+04
45300.000000 7.52545000e+04
45500.000000 7.39593000e+04
45700.000000 7.26910000e+04
45900.000000 7.14491000e+04
46100.000000 7.01853000e+04
46300.000000 6.88228000e+04
46500.000000 6.57806000e+04
46700.000000 6.49092000e+04
46900.000000 6.52269000e+04
47100.000000 6.44652000e+04
47300.000000 6.34649000e+04
47500.000000 6.24173000e+04
47700.000000 6.13916000e+04
47900.000000 6.03858000e+04
48100.000000 5.94011000e+04
48300.000000 5.84370000e+04
48500.000000 5.74916000e+04
48700.000000 5.65645000e+04
48900.000000 5.56568000e+04
49100.000000 5.47684000e+04
49300.000000 5.38955000e+04
49500.000000 5.30412000e+04
49700.000000 5.22033000e+04
49900.000000 5.13818000e+04
50100.000000 5.05776000e+04
50300.000000 4.97876000e+04
50500.000000 4.90129000e+04
50700.000000 4.82547000e+04
50900.000000 4.74574000e+04
51100.000000 4.65557000e+04
51300.000000 4.47462000e+04
51500.000000 4.51919000e+04
51700.000000 4.45991000e+04
51900.000000 4.39945000e+04
52100.000000 4.33326000e+04
52300.000000 4.26809000e+04
52500.000000 4.20256000e+04
52700.000000 4.13572000e+04
52900.000000 4.08001000e+04
53100.000000 4.01954000e+04
53300.000000 3.96025000e+04
53500.000000 3.90201000e+04
53700.000000 3.83838000e+04
53900.000000 3.78258000e+04
54100.000000 3.73381000e+04
54300.000000 3.67966000e+04
54500.000000 3.62657000e+04
54700.000000 3.57442000e+04
54900.000000 3.52317000e+04
55100.000000 3.46811000e+04
55300.000000 3.40894000e+04
55500.000000 3.37488000e+04
55700.000000 3.32725000e+04
55900.000000 3.28046000e+04
56100.000000 3.23437000e+04
56300.000000 3.18920000e+04
56500.000000 3.14471000e+04
56700.000000 3.10112000e+04
56900.000000 3.05527000e+04
57100.000000 2.99451000e+04
57300.000000 2.96974000e+04
57500.000000 2.93385000e+04
57700.000000 2.89374000e+04
57900.000000 2.85446000e+04
58100.000000 2.81575000e+04
58300.000000 2.77762000e+04
58500.000000 2.74237000e+04
58700.000000 2.70393000e+04
58900.000000 2.65486000e+04
59100.000000 2.55010000e+04
59300.000000 2.58639000e+04
59500.000000 2.53572000e+04
59700.000000 2.51538000e+04
59900.000000 2.49514000e+04
60100.000000 2.46448000e+04
60300.000000 2.43221000e+04
60500.000000 2.40051000e+04
60700.000000 2.36938000e+04
60900.000000 2.33871000e+04
61100.000000 2.30849000e+04
61300.000000 2.27881000e+04
61500.000000 2.24957000e+04
61700.000000 2.22086000e+04
61900.000000 2.19257000e+04
62100.000000 2.16469000e+04
62300.000000 2.13733000e+04
62500.000000 2.11026000e+04
62700.000000 2.07641000e+04
62900.000000 2.01981000e+04
63100.000000 2.02207000e+04
63300.000000 2.00621000e+04
63500.000000 1.98163000e+04
63700.000000 1.95714000e+04
63900.000000 1.93291000e+04
64200.000000 1.89734000e+04
64600.000000 1.85126000e+04
65000.000000 1.80643000e+04
65400.000000 1.76300000e+04
65800.000000 1.72092000e+04
66200.000000 1.68007000e+04
66600.000000 1.64033000e+04
67000.000000 1.60183000e+04
67400.000000 1.56098000e+04
67800.000000 1.50599000e+04
68200.000000 1.49234000e+04
68600.000000 1.45866000e+04
69000.000000 1.42542000e+04
69400.000000 1.39308000e+04
69800.000000 1.36161000e+04
70200.000000 1.33108000e+04
70600.000000 1.30138000e+04
71000.000000 1.27248000e+04
71400.000000 1.24444000e+04
71800.000000 1.21717000e+04
72200.000000 1.19057000e+04
72600.000000 1.16433000e+04
73000.000000 1.13959000e+04
73400.000000 1.11511000e+04
73800.000000 1.09129000e+04
74200.000000 1.06635000e+04
74600.000000 1.02340000e+04
75000.000000 9.92356000e+03
75400.000000 9.98288000e+03
75800.000000 9.81354000e+03
76200.000000 9.61087000e+03
76600.000000 9.41252000e+03
77000.000000 9.22031000e+03
77400.000000 9.03218000e+03
77800.000000 8.81756000e+03
78200.000000 8.67029000e+03
78600.000000 8.49629000e+03
79000.000000 8.32656000e+03
79400.000000 8.16161000e+03
79800.000000 8.00013000e+03
80200.000000 7.84262000e+03
80600.000000 7.68901000e+03
81000.000000 7.53918000e+03
81400.000000 7.36065000e+03
81800.000000 7.23536000e+03
82200.000000 7.11103000e+03
82600.000000 6.97496000e+03
83000.000000 6.84227000e+03
83400.000000 6.71234000e+03
83800.000000 6.58618000e+03
84200.000000 6.46265000e+03
84600.000000 6.34167000e+03
85000.000000 6.22373000e+03
85400.000000 6.10874000e+03
85800.000000 5.99613000e+03
86200.000000 5.88383000e+03
86600.000000 5.72562000e+03
87000.000000 5.66413000e+03
87400.000000 5.50292000e+03
87800.000000 5.40500000e+03
88200.000000 5.37255000e+03
88600.000000 5.27664000e+03
89000.000000 5.18270000e+03
89400.000000 5.09118000e+03
89800.000000 5.00154000e+03
90200.000000 4.91376000e+03
90600.000000 4.82778000e+03
91000.000000 4.74403000e+03
91400.000000 4.66202000e+03
91800.000000 4.58124000e+03
92200.000000 4.50258000e+03
92600.000000 4.42554000e+03
93000.000000 4.35044000e+03
93400.000000 4.27491000e+03
93800.000000 4.15007000e+03
94200.000000 4.11702000e+03
94600.000000 4.06456000e+03
95000.000000 3.99680000e+03
95400.000000 3.93044000e+03
95800.000000 3.86551000e+03
96200.000000 3.80184000e+03
96600.000000 3.73949000e+03
97000.000000 3.67841000e+03
97400.000000 3.61859000e+03
97800.000000 3.55995000e+03
98200.000000 3.50245000e+03
98600.000000 3.44487000e+03
99000.000000 3.39099000e+03
99400.000000 3.33695000e+03
99800.000000 3.28393000e+03
100200.000000 3.23198000e+03
200000.000000 2.03095000e+02
400000.000000 1.24888000e+01
600000.000000 2.43964000e+00
800000.000000 7.66173000e-01
1000000.000000 3.12169000e-01
1200000.000000 1.49930000e-01
1400000.000000 8.06566000e-02
1600000.000000 4.71471000e-02
