# Kurucz ODFNEW /NOVER, alpha: 0.0 (2003)
# teff = 11750 K (value for the effective temperature for the model. Temperatures are given in K)
# logg = 4.5 log(cm/s2) (value for Log(G) for the model.)
# lh = 1.25  (l/Hp where l is the  mixing length of the convective element and Hp is the pressure scale height)
# meta = -1  (value for the Metallicity for the model.)
# vtur = 2 km/s (Microturbulence velocity)
# alpha = 0  (Alpha)
#
# column 1: WAVELENGTH (ANGSTROM), Wavelength in Angstrom
# column 2: FLUX (ERG/CM2/S/A), Flux in erg/cm2/s/A
216.200000 2.06433000e-22
219.800000 7.63853000e-22
223.000000 2.29057000e-21
226.800000 8.09952000e-21
230.000000 2.27597000e-20
234.000000 7.92524000e-20
240.000000 4.77975000e-19
246.500000 3.04553000e-18
252.400000 1.51021000e-17
256.800000 4.75706000e-17
260.000000 1.07006000e-16
264.000000 2.86882000e-16
268.500000 8.38405000e-16
273.500000 2.64871000e-15
278.500000 8.05408000e-15
284.000000 2.61356000e-14
290.000000 8.96759000e-14
296.000000 2.92114000e-13
301.000000 7.55613000e-13
308.000000 2.71110000e-12
318.000000 1.52414000e-11
328.000000 7.70764000e-11
338.000000 3.53303000e-10
348.000000 1.48326000e-09
357.000000 5.02862000e-09
366.000000 1.60464000e-08
375.000000 4.83178000e-08
385.000000 1.54631000e-07
395.000000 4.65452000e-07
405.000000 1.32487000e-06
414.000000 3.24887000e-06
422.000000 6.97446000e-06
430.000000 1.45315000e-05
441.000000 3.81473000e-05
451.000000 8.78438000e-05
460.000000 1.80175000e-04
470.000000 3.86962000e-04
480.000000 8.03608000e-04
490.000000 1.61785000e-03
500.000000 3.16121000e-03
506.000000 8.47875000e-03
512.000000 1.49086000e-02
520.000000 2.37741000e-02
530.000000 4.21604000e-02
540.000000 7.15902000e-02
550.000000 1.22011000e-01
560.000000 2.01315000e-01
570.000000 3.26197000e-01
580.000000 5.11698000e-01
590.000000 8.11727000e-01
600.000000 1.25074000e+00
610.000000 1.89833000e+00
620.000000 2.83860000e+00
630.000000 4.18816000e+00
640.000000 6.09435000e+00
650.000000 8.77204000e+00
658.000000 1.16326000e+01
665.000000 1.47991000e+01
675.000000 2.06785000e+01
685.000000 2.85960000e+01
695.000000 3.91607000e+01
705.000000 5.30866000e+01
716.000000 7.34087000e+01
726.000000 9.76568000e+01
735.000000 1.25322000e+02
745.000000 1.64097000e+02
755.000000 2.13186000e+02
765.000000 2.74842000e+02
775.000000 3.51863000e+02
785.000000 4.47307000e+02
795.000000 5.64601000e+02
805.000000 7.08608000e+02
815.000000 8.83540000e+02
825.000000 1.09511000e+03
835.000000 1.34709000e+03
845.000000 1.65396000e+03
855.000000 2.01597000e+03
865.000000 2.44539000e+03
875.000000 2.95046000e+03
885.000000 3.54442000e+03
895.000000 4.23720000e+03
905.000000 5.03211000e+03
915.000000 1.47335000e+04
925.000000 6.16460000e+04
935.000000 9.65412000e+04
945.000000 1.80635000e+05
955.000000 4.56276000e+05
965.000000 7.16665000e+05
975.000000 2.81549000e+05
985.000000 1.21108000e+07
995.000000 5.89091000e+07
1005.000000 5.06260000e+07
1015.000000 4.90775000e+06
1025.000000 3.65425000e+05
1035.000000 3.28730000e+06
1045.000000 6.08790000e+07
1055.000000 1.80149000e+08
1065.000000 2.21250000e+08
1075.000000 2.83418000e+08
1085.000000 3.06606000e+08
1095.000000 3.09713000e+08
1105.000000 3.26091000e+08
1115.000000 3.94419000e+08
1125.000000 4.04583000e+08
1135.000000 4.28864000e+08
1145.000000 3.94136000e+08
1155.000000 3.80563000e+08
1165.000000 3.78999000e+08
1175.000000 3.09815000e+08
1185.000000 1.94001000e+08
1195.000000 2.49217000e+07
1205.000000 3.88658000e+06
1215.000000 1.12956000e+06
1225.000000 3.32539000e+06
1235.000000 3.02870000e+07
1245.000000 1.59203000e+08
1255.000000 2.92266000e+08
1265.000000 3.04119000e+08
1275.000000 4.04463000e+08
1285.000000 4.68463000e+08
1295.000000 4.51507000e+08
1305.000000 3.69911000e+08
1315.000000 4.74216000e+08
1325.000000 4.86398000e+08
1335.000000 4.77511000e+08
1345.000000 5.13669000e+08
1355.000000 4.83319000e+08
1365.000000 4.56752000e+08
1375.000000 4.70756000e+08
1385.000000 4.72663000e+08
1395.000000 4.70228000e+08
1405.000000 4.82166000e+08
1415.000000 4.68394000e+08
1425.000000 4.73624000e+08
1435.000000 4.48971000e+08
1442.000000 4.77089000e+08
1447.000000 4.83046000e+08
1455.000000 4.79902000e+08
1465.000000 4.63753000e+08
1475.000000 4.52413000e+08
1485.000000 4.50355000e+08
1495.000000 4.55121000e+08
1505.000000 4.55497000e+08
1512.000000 4.45735000e+08
1517.000000 4.57617000e+08
1525.000000 4.38104000e+08
1535.000000 4.29744000e+08
1545.000000 4.45205000e+08
1555.000000 4.18137000e+08
1565.000000 3.88862000e+08
1575.000000 4.01404000e+08
1585.000000 4.15805000e+08
1595.000000 4.23624000e+08
1605.000000 4.02860000e+08
1615.000000 4.03259000e+08
1625.000000 3.78138000e+08
1635.000000 3.83998000e+08
1645.000000 3.84550000e+08
1655.000000 3.52505000e+08
1665.000000 3.81061000e+08
1672.000000 3.53108000e+08
1677.000000 3.64147000e+08
1685.000000 3.76487000e+08
1695.000000 3.60742000e+08
1705.000000 3.53607000e+08
1715.000000 3.51083000e+08
1725.000000 3.44923000e+08
1735.000000 3.53711000e+08
1745.000000 3.45029000e+08
1755.000000 3.53707000e+08
1765.000000 3.29382000e+08
1775.000000 3.49787000e+08
1785.000000 3.42189000e+08
1795.000000 3.49109000e+08
1805.000000 3.40858000e+08
1815.000000 3.36952000e+08
1825.000000 3.29639000e+08
1835.000000 3.23885000e+08
1845.000000 3.15547000e+08
1855.000000 3.15592000e+08
1865.000000 3.13506000e+08
1875.000000 3.19536000e+08
1885.000000 3.16611000e+08
1895.000000 3.11935000e+08
1905.000000 3.10309000e+08
1915.000000 3.05454000e+08
1925.000000 3.05298000e+08
1935.000000 3.00319000e+08
1945.000000 3.05833000e+08
1955.000000 3.01204000e+08
1967.000000 3.01902000e+08
1976.000000 2.97779000e+08
1984.000000 2.95124000e+08
1995.000000 2.88310000e+08
2005.000000 2.85956000e+08
2015.000000 2.75693000e+08
2025.000000 2.79187000e+08
2035.000000 2.79061000e+08
2045.000000 2.78212000e+08
2055.000000 2.68678000e+08
2065.000000 2.67973000e+08
2074.000000 2.69698000e+08
2078.000000 2.71147000e+08
2085.000000 2.71635000e+08
2095.000000 2.65803000e+08
2105.000000 2.64848000e+08
2115.000000 2.62055000e+08
2125.000000 2.60679000e+08
2135.000000 2.49457000e+08
2145.000000 2.57118000e+08
2155.000000 2.54064000e+08
2165.000000 2.45984000e+08
2175.000000 2.43862000e+08
2185.000000 2.42266000e+08
2195.000000 2.48055000e+08
2205.000000 2.40340000e+08
2215.000000 2.31886000e+08
2225.000000 2.27638000e+08
2235.000000 2.37740000e+08
2245.000000 2.28414000e+08
2255.000000 2.23310000e+08
2265.000000 2.22363000e+08
2275.000000 2.27961000e+08
2285.000000 2.28560000e+08
2295.000000 2.21466000e+08
2305.000000 2.19159000e+08
2315.000000 2.15842000e+08
2325.000000 2.16115000e+08
2335.000000 2.11152000e+08
2345.000000 2.00695000e+08
2355.000000 2.07628000e+08
2365.000000 1.99275000e+08
2375.000000 2.03191000e+08
2385.000000 1.91728000e+08
2395.000000 2.00101000e+08
2405.000000 1.94493000e+08
2415.000000 1.95805000e+08
2425.000000 1.97679000e+08
2435.000000 1.90905000e+08
2445.000000 1.95397000e+08
2455.000000 1.92539000e+08
2465.000000 1.89480000e+08
2475.000000 1.85738000e+08
2485.000000 1.91408000e+08
2495.000000 1.86464000e+08
2505.000000 1.91792000e+08
2513.000000 1.87089000e+08
2518.000000 1.87398000e+08
2525.000000 1.79749000e+08
2535.000000 1.78240000e+08
2545.000000 1.77249000e+08
2555.000000 1.81889000e+08
2565.000000 1.79872000e+08
2575.000000 1.83699000e+08
2585.000000 1.83690000e+08
2595.000000 1.82221000e+08
2605.000000 1.77894000e+08
2615.000000 1.76624000e+08
2625.000000 1.76407000e+08
2635.000000 1.76834000e+08
2645.000000 1.83081000e+08
2655.000000 1.81235000e+08
2665.000000 1.76249000e+08
2675.000000 1.77777000e+08
2685.000000 1.77463000e+08
2695.000000 1.74256000e+08
2705.000000 1.73582000e+08
2715.000000 1.70180000e+08
2725.000000 1.69410000e+08
2735.000000 1.72248000e+08
2745.000000 1.62876000e+08
2755.000000 1.61973000e+08
2765.000000 1.64588000e+08
2775.000000 1.67518000e+08
2785.000000 1.66250000e+08
2795.000000 1.55162000e+08
2805.000000 1.60799000e+08
2815.000000 1.65682000e+08
2825.000000 1.64110000e+08
2835.000000 1.60943000e+08
2845.000000 1.58008000e+08
2855.000000 1.56603000e+08
2865.000000 1.58288000e+08
2875.000000 1.56555000e+08
2885.000000 1.57418000e+08
2895.000000 1.56728000e+08
2910.000000 1.58137000e+08
2930.000000 1.54002000e+08
2950.000000 1.52584000e+08
2970.000000 1.51526000e+08
2990.000000 1.49856000e+08
3010.000000 1.49646000e+08
3030.000000 1.48240000e+08
3050.000000 1.46249000e+08
3070.000000 1.44518000e+08
3090.000000 1.43446000e+08
3110.000000 1.41514000e+08
3130.000000 1.39669000e+08
3150.000000 1.38466000e+08
3170.000000 1.37182000e+08
3190.000000 1.34438000e+08
3210.000000 1.33989000e+08
3230.000000 1.32360000e+08
3250.000000 1.31460000e+08
3270.000000 1.30442000e+08
3290.000000 1.29205000e+08
3310.000000 1.28027000e+08
3330.000000 1.26477000e+08
3350.000000 1.24746000e+08
3370.000000 1.23552000e+08
3390.000000 1.22387000e+08
3410.000000 1.21506000e+08
3430.000000 1.20228000e+08
3450.000000 1.19192000e+08
3470.000000 1.17901000e+08
3490.000000 1.16751000e+08
3510.000000 1.15736000e+08
3530.000000 1.14655000e+08
3550.000000 1.13537000e+08
3570.000000 1.12375000e+08
3590.000000 1.11273000e+08
3610.000000 1.10194000e+08
3630.000000 1.09103000e+08
3640.000000 1.08587000e+08
3650.000000 1.10209000e+08
3670.000000 1.09451000e+08
3690.000000 1.06707000e+08
3710.000000 1.04758000e+08
3730.000000 1.02297000e+08
3750.000000 1.21258000e+08
3770.000000 1.28009000e+08
3790.000000 1.53114000e+08
3810.000000 1.76620000e+08
3830.000000 1.43294000e+08
3850.000000 1.92628000e+08
3870.000000 2.15658000e+08
3890.000000 1.23487000e+08
3910.000000 2.13107000e+08
3930.000000 2.25076000e+08
3950.000000 2.09583000e+08
3970.000000 1.17822000e+08
3990.000000 1.98399000e+08
4010.000000 2.17246000e+08
4030.000000 2.14677000e+08
4050.000000 2.13394000e+08
4070.000000 2.05107000e+08
4090.000000 1.59861000e+08
4110.000000 1.24185000e+08
4130.000000 1.91701000e+08
4150.000000 1.97975000e+08
4170.000000 1.96854000e+08
4190.000000 1.94617000e+08
4210.000000 1.92015000e+08
4230.000000 1.89155000e+08
4250.000000 1.86341000e+08
4270.000000 1.83194000e+08
4290.000000 1.79486000e+08
4310.000000 1.71482000e+08
4330.000000 1.29375000e+08
4350.000000 1.11146000e+08
4370.000000 1.62596000e+08
4390.000000 1.66261000e+08
4410.000000 1.66083000e+08
4430.000000 1.64172000e+08
4450.000000 1.62424000e+08
4470.000000 1.59007000e+08
4490.000000 1.56744000e+08
4510.000000 1.55896000e+08
4530.000000 1.53782000e+08
4550.000000 1.51421000e+08
4570.000000 1.49782000e+08
4590.000000 1.47592000e+08
4610.000000 1.45875000e+08
4630.000000 1.43707000e+08
4650.000000 1.42024000e+08
4670.000000 1.40112000e+08
4690.000000 1.38211000e+08
4710.000000 1.35913000e+08
4730.000000 1.34638000e+08
4750.000000 1.32671000e+08
4770.000000 1.30762000e+08
4790.000000 1.28691000e+08
4810.000000 1.25998000e+08
4830.000000 1.20522000e+08
4850.000000 9.50788000e+07
4870.000000 7.84897000e+07
4890.000000 1.13513000e+08
4910.000000 1.17727000e+08
4930.000000 1.17087000e+08
4950.000000 1.16441000e+08
4970.000000 1.15205000e+08
4990.000000 1.13947000e+08
5010.000000 1.12163000e+08
5030.000000 1.11100000e+08
5050.000000 1.09384000e+08
5070.000000 1.08426000e+08
5090.000000 1.07096000e+08
5110.000000 1.05753000e+08
5130.000000 1.04506000e+08
5150.000000 1.03189000e+08
5170.000000 1.01741000e+08
5190.000000 1.00639000e+08
5210.000000 9.94837000e+07
5230.000000 9.82313000e+07
5250.000000 9.71371000e+07
5270.000000 9.58681000e+07
5290.000000 9.48497000e+07
5310.000000 9.36489000e+07
5330.000000 9.25987000e+07
5350.000000 9.15325000e+07
5370.000000 9.04509000e+07
5390.000000 8.93932000e+07
5410.000000 8.83331000e+07
5430.000000 8.73131000e+07
5450.000000 8.63145000e+07
5470.000000 8.53080000e+07
5490.000000 8.43276000e+07
5510.000000 8.33555000e+07
5530.000000 8.24111000e+07
5550.000000 8.14758000e+07
5570.000000 8.05493000e+07
5590.000000 7.96340000e+07
5610.000000 7.87380000e+07
5630.000000 7.78516000e+07
5650.000000 7.69615000e+07
5670.000000 7.61031000e+07
5690.000000 7.52584000e+07
5710.000000 7.44224000e+07
5730.000000 7.35963000e+07
5750.000000 7.27799000e+07
5770.000000 7.19763000e+07
5790.000000 7.11754000e+07
5810.000000 7.03972000e+07
5830.000000 6.96279000e+07
5850.000000 6.88675000e+07
5870.000000 6.78721000e+07
5890.000000 6.73500000e+07
5910.000000 6.66458000e+07
5930.000000 6.59292000e+07
5950.000000 6.51994000e+07
5970.000000 6.45128000e+07
5990.000000 6.38055000e+07
6010.000000 6.31469000e+07
6030.000000 6.24759000e+07
6050.000000 6.18123000e+07
6070.000000 6.11593000e+07
6090.000000 6.05144000e+07
6110.000000 5.98787000e+07
6130.000000 5.92511000e+07
6150.000000 5.85804000e+07
6170.000000 5.80172000e+07
6190.000000 5.74178000e+07
6210.000000 5.68219000e+07
6230.000000 5.62315000e+07
6250.000000 5.56291000e+07
6270.000000 5.50832000e+07
6290.000000 5.45173000e+07
6310.000000 5.39555000e+07
6330.000000 5.34083000e+07
6350.000000 5.27248000e+07
6370.000000 5.22513000e+07
6390.000000 5.17983000e+07
6410.000000 5.12720000e+07
6430.000000 5.07586000e+07
6450.000000 5.01690000e+07
6470.000000 4.95974000e+07
6490.000000 4.89801000e+07
6510.000000 4.82085000e+07
6530.000000 4.67412000e+07
6550.000000 4.08477000e+07
6570.000000 3.37997000e+07
6590.000000 4.40844000e+07
6610.000000 4.56192000e+07
6630.000000 4.56195000e+07
6650.000000 4.53285000e+07
6670.000000 4.49368000e+07
6690.000000 4.45810000e+07
6710.000000 4.41860000e+07
6730.000000 4.37532000e+07
6750.000000 4.33364000e+07
6770.000000 4.29196000e+07
6790.000000 4.25070000e+07
6810.000000 4.21001000e+07
6830.000000 4.16972000e+07
6850.000000 4.12983000e+07
6870.000000 4.09066000e+07
6890.000000 4.05202000e+07
6910.000000 4.01361000e+07
6930.000000 3.97557000e+07
6950.000000 3.93837000e+07
6970.000000 3.90161000e+07
6990.000000 3.86513000e+07
7010.000000 3.82846000e+07
7030.000000 3.79337000e+07
7050.000000 3.75755000e+07
7070.000000 3.72140000e+07
7090.000000 3.68897000e+07
7110.000000 3.65409000e+07
7130.000000 3.62131000e+07
7150.000000 3.58789000e+07
7170.000000 3.55530000e+07
7190.000000 3.52287000e+07
7210.000000 3.49074000e+07
7230.000000 3.45884000e+07
7250.000000 3.42746000e+07
7270.000000 3.39672000e+07
7290.000000 3.36563000e+07
7310.000000 3.33561000e+07
7330.000000 3.30579000e+07
7350.000000 3.27618000e+07
7370.000000 3.24691000e+07
7390.000000 3.21798000e+07
7410.000000 3.18931000e+07
7430.000000 3.16036000e+07
7450.000000 3.13269000e+07
7470.000000 3.10459000e+07
7490.000000 3.07769000e+07
7510.000000 3.05070000e+07
7530.000000 3.02415000e+07
7550.000000 2.99778000e+07
7570.000000 2.97157000e+07
7590.000000 2.94566000e+07
7610.000000 2.92012000e+07
7630.000000 2.89480000e+07
7650.000000 2.86970000e+07
7670.000000 2.84496000e+07
7690.000000 2.82050000e+07
7710.000000 2.79612000e+07
7730.000000 2.77228000e+07
7750.000000 2.74858000e+07
7770.000000 2.70637000e+07
7790.000000 2.70193000e+07
7810.000000 2.67896000e+07
7830.000000 2.65626000e+07
7850.000000 2.63351000e+07
7870.000000 2.60932000e+07
7890.000000 2.58528000e+07
7910.000000 2.56782000e+07
7930.000000 2.54632000e+07
7950.000000 2.52393000e+07
7970.000000 2.50398000e+07
7990.000000 2.47966000e+07
8010.000000 2.46248000e+07
8030.000000 2.44211000e+07
8050.000000 2.42190000e+07
8070.000000 2.40187000e+07
8090.000000 2.38213000e+07
8110.000000 2.36249000e+07
8130.000000 2.34318000e+07
8150.000000 2.32404000e+07
8170.000000 2.30506000e+07
8190.000000 2.28567000e+07
8210.000000 2.28243000e+07
8230.000000 2.26417000e+07
8250.000000 2.24873000e+07
8270.000000 2.23252000e+07
8290.000000 2.21535000e+07
8310.000000 2.19908000e+07
8330.000000 2.18191000e+07
8350.000000 2.16563000e+07
8370.000000 2.14868000e+07
8390.000000 2.13138000e+07
8410.000000 2.11172000e+07
8430.000000 2.09233000e+07
8450.000000 2.06941000e+07
8470.000000 2.04358000e+07
8490.000000 2.04028000e+07
8510.000000 1.98992000e+07
8530.000000 2.01586000e+07
8550.000000 1.90512000e+07
8570.000000 2.01278000e+07
8590.000000 1.89809000e+07
8610.000000 1.86266000e+07
8630.000000 2.00887000e+07
8650.000000 1.91913000e+07
8670.000000 1.67694000e+07
8690.000000 1.95329000e+07
8710.000000 2.01603000e+07
8730.000000 1.92312000e+07
8750.000000 1.56803000e+07
8770.000000 1.82049000e+07
8790.000000 1.99023000e+07
8810.000000 2.01110000e+07
8830.000000 1.95393000e+07
8850.000000 1.71649000e+07
8870.000000 1.48936000e+07
8890.000000 1.83355000e+07
8910.000000 1.93788000e+07
8930.000000 1.95203000e+07
8950.000000 1.93965000e+07
8970.000000 1.89964000e+07
8990.000000 1.78594000e+07
9010.000000 1.44009000e+07
9030.000000 1.54677000e+07
9050.000000 1.78621000e+07
9070.000000 1.83907000e+07
9090.000000 1.84325000e+07
9110.000000 1.83930000e+07
9130.000000 1.82646000e+07
9150.000000 1.80908000e+07
9170.000000 1.78224000e+07
9190.000000 1.72962000e+07
9210.000000 1.58204000e+07
9230.000000 1.26564000e+07
9250.000000 1.51797000e+07
9270.000000 1.65855000e+07
9290.000000 1.70070000e+07
9310.000000 1.70283000e+07
9330.000000 1.69580000e+07
9350.000000 1.68580000e+07
9370.000000 1.67427000e+07
9390.000000 1.66125000e+07
9410.000000 1.64543000e+07
9430.000000 1.63524000e+07
9450.000000 1.62036000e+07
9470.000000 1.60209000e+07
9490.000000 1.57585000e+07
9510.000000 1.52283000e+07
9530.000000 1.37105000e+07
9550.000000 1.13321000e+07
9570.000000 1.38294000e+07
9590.000000 1.48819000e+07
9610.000000 1.51072000e+07
9630.000000 1.50867000e+07
9650.000000 1.50546000e+07
9670.000000 1.49598000e+07
9690.000000 1.48756000e+07
9710.000000 1.47948000e+07
9730.000000 1.46883000e+07
9750.000000 1.45821000e+07
9770.000000 1.44763000e+07
9790.000000 1.43708000e+07
9810.000000 1.42657000e+07
9830.000000 1.41602000e+07
9850.000000 1.40585000e+07
9870.000000 1.39567000e+07
9890.000000 1.38448000e+07
9910.000000 1.37265000e+07
9930.000000 1.36135000e+07
9950.000000 1.34927000e+07
9970.000000 1.33499000e+07
9990.000000 1.31489000e+07
10025.000000 1.18199000e+07
10075.000000 1.12641000e+07
10125.000000 1.25768000e+07
10175.000000 1.24801000e+07
10225.000000 1.23032000e+07
10275.000000 1.20910000e+07
10325.000000 1.18819000e+07
10375.000000 1.16784000e+07
10425.000000 1.14796000e+07
10475.000000 1.12831000e+07
10525.000000 1.10911000e+07
10575.000000 1.09053000e+07
10625.000000 1.07225000e+07
10675.000000 1.05264000e+07
10725.000000 1.03633000e+07
10775.000000 1.01817000e+07
10825.000000 9.97051000e+06
10875.000000 9.66848000e+06
10925.000000 8.18539000e+06
10975.000000 8.82534000e+06
11025.000000 9.28786000e+06
11075.000000 9.20726000e+06
11125.000000 9.08785000e+06
11175.000000 8.94306000e+06
11225.000000 8.80018000e+06
11275.000000 8.64792000e+06
11325.000000 8.51533000e+06
11375.000000 8.38822000e+06
11425.000000 8.25638000e+06
11475.000000 8.12765000e+06
11525.000000 8.00112000e+06
11575.000000 7.87703000e+06
11625.000000 7.75339000e+06
11675.000000 7.63267000e+06
11725.000000 7.51866000e+06
11775.000000 7.39625000e+06
11825.000000 7.28965000e+06
11875.000000 7.17897000e+06
11925.000000 7.07227000e+06
11975.000000 6.96474000e+06
12025.000000 6.86134000e+06
12075.000000 6.75865000e+06
12125.000000 6.65818000e+06
12175.000000 6.55989000e+06
12225.000000 6.46298000e+06
12275.000000 6.36768000e+06
12325.000000 6.27446000e+06
12375.000000 6.18278000e+06
12425.000000 6.09334000e+06
12475.000000 6.00320000e+06
12525.000000 5.91814000e+06
12575.000000 5.83162000e+06
12625.000000 5.74794000e+06
12675.000000 5.64992000e+06
12725.000000 5.53954000e+06
12775.000000 5.28019000e+06
12825.000000 4.59206000e+06
12875.000000 5.18599000e+06
12925.000000 5.24156000e+06
12975.000000 5.19184000e+06
13025.000000 5.13207000e+06
13075.000000 5.06094000e+06
13125.000000 4.99097000e+06
13175.000000 4.92103000e+06
13225.000000 4.85460000e+06
13275.000000 4.78839000e+06
13325.000000 4.72303000e+06
13375.000000 4.65893000e+06
13425.000000 4.59565000e+06
13475.000000 4.53360000e+06
13525.000000 4.47255000e+06
13575.000000 4.41267000e+06
13625.000000 4.35376000e+06
13675.000000 4.29579000e+06
13725.000000 4.23855000e+06
13775.000000 4.18302000e+06
13825.000000 4.12779000e+06
13875.000000 4.07363000e+06
13925.000000 4.02034000e+06
13975.000000 3.96790000e+06
14025.000000 3.91629000e+06
14075.000000 3.86569000e+06
14125.000000 3.81572000e+06
14175.000000 3.76653000e+06
14225.000000 3.71813000e+06
14275.000000 3.67069000e+06
14325.000000 3.62381000e+06
14375.000000 3.57786000e+06
14425.000000 3.53119000e+06
14475.000000 3.48796000e+06
14525.000000 3.44345000e+06
14570.000000 3.40500000e+06
14620.000000 3.37100000e+06
14675.000000 3.32584000e+06
14725.000000 3.28522000e+06
14775.000000 3.24508000e+06
14825.000000 3.20608000e+06
14875.000000 3.16703000e+06
14925.000000 3.12927000e+06
14975.000000 3.09144000e+06
15025.000000 3.05421000e+06
15075.000000 3.01741000e+06
15125.000000 2.98102000e+06
15175.000000 2.94522000e+06
15225.000000 2.90916000e+06
15275.000000 2.87239000e+06
15325.000000 2.83587000e+06
15375.000000 2.80455000e+06
15425.000000 2.76185000e+06
15475.000000 2.73617000e+06
15525.000000 2.69982000e+06
15575.000000 2.64819000e+06
15625.000000 2.65395000e+06
15675.000000 2.58721000e+06
15725.000000 2.53803000e+06
15775.000000 2.57102000e+06
15825.000000 2.53298000e+06
15875.000000 2.39313000e+06
15925.000000 2.44572000e+06
15975.000000 2.47117000e+06
16050.000000 2.39197000e+06
16150.000000 2.27390000e+06
16250.000000 2.34173000e+06
16350.000000 2.22340000e+06
16450.000000 2.10415000e+06
16550.000000 2.19874000e+06
16650.000000 2.15392000e+06
16750.000000 2.02583000e+06
16850.000000 1.91402000e+06
16950.000000 2.01266000e+06
17050.000000 1.97875000e+06
17150.000000 1.93397000e+06
17250.000000 1.87679000e+06
17350.000000 1.67814000e+06
17450.000000 1.77377000e+06
17550.000000 1.77233000e+06
17650.000000 1.73984000e+06
17750.000000 1.70332000e+06
17850.000000 1.66773000e+06
17950.000000 1.63131000e+06
18050.000000 1.58577000e+06
18150.000000 1.42928000e+06
18250.000000 1.48333000e+06
18350.000000 1.49697000e+06
18450.000000 1.47182000e+06
18550.000000 1.43947000e+06
18650.000000 1.39840000e+06
18750.000000 1.26061000e+06
18850.000000 1.33877000e+06
18950.000000 1.32846000e+06
19050.000000 1.30520000e+06
19150.000000 1.27969000e+06
19250.000000 1.25149000e+06
19350.000000 1.21142000e+06
19450.000000 1.09214000e+06
19550.000000 1.16498000e+06
19650.000000 1.15832000e+06
19750.000000 1.13899000e+06
19850.000000 1.11750000e+06
19950.000000 1.09639000e+06
20050.000000 1.07592000e+06
20150.000000 1.05580000e+06
20250.000000 1.03622000e+06
20350.000000 1.01714000e+06
20450.000000 9.98390000e+05
20550.000000 9.80133000e+05
20650.000000 9.62270000e+05
20750.000000 9.44880000e+05
20850.000000 9.27779000e+05
20950.000000 9.11132000e+05
21050.000000 8.94844000e+05
21150.000000 8.78823000e+05
21250.000000 8.63229000e+05
21350.000000 8.47971000e+05
21450.000000 8.31158000e+05
21550.000000 8.07822000e+05
21650.000000 7.33836000e+05
21750.000000 7.73706000e+05
21850.000000 7.74034000e+05
21950.000000 7.63424000e+05
22050.000000 7.50371000e+05
22150.000000 7.37583000e+05
22250.000000 7.25086000e+05
22350.000000 7.12843000e+05
22450.000000 7.00848000e+05
22550.000000 6.89104000e+05
22650.000000 6.77613000e+05
22750.000000 6.66356000e+05
22850.000000 6.55961000e+05
22950.000000 6.45236000e+05
23050.000000 6.34736000e+05
23150.000000 6.24442000e+05
23250.000000 6.14350000e+05
23350.000000 6.04463000e+05
23450.000000 5.94776000e+05
23550.000000 5.85280000e+05
23650.000000 5.75963000e+05
23750.000000 5.66835000e+05
23850.000000 5.57879000e+05
23950.000000 5.49079000e+05
24050.000000 5.40432000e+05
24150.000000 5.31942000e+05
24250.000000 5.23688000e+05
24350.000000 5.15456000e+05
24450.000000 5.07303000e+05
24550.000000 4.99604000e+05
24650.000000 4.91547000e+05
24750.000000 4.84053000e+05
24850.000000 4.77133000e+05
24950.000000 4.68056000e+05
25050.000000 4.62844000e+05
25150.000000 4.55859000e+05
25250.000000 4.45484000e+05
25350.000000 4.41824000e+05
25450.000000 4.36643000e+05
25550.000000 4.28303000e+05
25650.000000 4.16478000e+05
25750.000000 4.16284000e+05
25850.000000 4.11834000e+05
25950.000000 4.05293000e+05
26050.000000 3.94426000e+05
26150.000000 3.79372000e+05
26250.000000 3.57019000e+05
26350.000000 3.75220000e+05
26450.000000 3.76728000e+05
26550.000000 3.71993000e+05
26650.000000 3.63287000e+05
26750.000000 3.45218000e+05
26850.000000 3.52883000e+05
26950.000000 3.52038000e+05
27050.000000 3.47906000e+05
27150.000000 3.43247000e+05
27250.000000 3.38404000e+05
27350.000000 3.33199000e+05
27450.000000 3.25936000e+05
27550.000000 3.06783000e+05
27650.000000 3.09865000e+05
27750.000000 3.14054000e+05
27850.000000 3.11312000e+05
27950.000000 3.07676000e+05
28050.000000 3.03485000e+05
28150.000000 2.99359000e+05
28250.000000 2.95299000e+05
28350.000000 2.91311000e+05
28450.000000 2.86889000e+05
28550.000000 2.81707000e+05
28650.000000 2.71565000e+05
28750.000000 2.57492000e+05
28850.000000 2.68279000e+05
28950.000000 2.67697000e+05
29050.000000 2.65103000e+05
29150.000000 2.61713000e+05
29250.000000 2.58288000e+05
29350.000000 2.54913000e+05
29450.000000 2.51600000e+05
29550.000000 2.48334000e+05
29650.000000 2.45123000e+05
29750.000000 2.41962000e+05
29850.000000 2.38851000e+05
29950.000000 2.35789000e+05
30050.000000 2.32762000e+05
30150.000000 2.29066000e+05
30250.000000 2.24371000e+05
30350.000000 2.10961000e+05
30450.000000 2.11572000e+05
30550.000000 2.16523000e+05
30650.000000 2.15148000e+05
30750.000000 2.12998000e+05
30850.000000 2.10337000e+05
30950.000000 2.07741000e+05
31050.000000 2.05171000e+05
31150.000000 2.02640000e+05
31250.000000 2.00150000e+05
31350.000000 1.97698000e+05
31450.000000 1.95281000e+05
31550.000000 1.92902000e+05
31650.000000 1.90561000e+05
31750.000000 1.88252000e+05
31850.000000 1.85984000e+05
31950.000000 1.83744000e+05
32100.000000 1.80451000e+05
32300.000000 1.76172000e+05
32500.000000 1.72017000e+05
32700.000000 1.67428000e+05
32900.000000 1.56266000e+05
33100.000000 1.57213000e+05
33300.000000 1.56085000e+05
33500.000000 1.52716000e+05
33700.000000 1.49297000e+05
33900.000000 1.45947000e+05
34100.000000 1.42685000e+05
34300.000000 1.39508000e+05
34500.000000 1.36420000e+05
34700.000000 1.33413000e+05
34900.000000 1.30487000e+05
35100.000000 1.27644000e+05
35300.000000 1.24874000e+05
35500.000000 1.22177000e+05
35700.000000 1.19546000e+05
35900.000000 1.17002000e+05
36100.000000 1.14489000e+05
36300.000000 1.12088000e+05
36500.000000 1.09675000e+05
36700.000000 1.07437000e+05
36900.000000 1.05022000e+05
37100.000000 1.02795000e+05
37300.000000 9.83002000e+04
37500.000000 9.54997000e+04
37700.000000 9.66150000e+04
37900.000000 9.48846000e+04
38100.000000 9.26635000e+04
38300.000000 9.08507000e+04
38500.000000 8.93755000e+04
38700.000000 8.76266000e+04
38900.000000 8.56648000e+04
39100.000000 8.33516000e+04
39300.000000 8.24493000e+04
39500.000000 8.09887000e+04
39700.000000 7.94313000e+04
39900.000000 7.78135000e+04
40100.000000 7.55797000e+04
40300.000000 7.38015000e+04
40500.000000 7.05066000e+04
40700.000000 7.17257000e+04
40900.000000 7.07602000e+04
41100.000000 6.95960000e+04
41300.000000 6.81858000e+04
41500.000000 6.65831000e+04
41700.000000 6.38747000e+04
41900.000000 6.40775000e+04
42100.000000 6.33086000e+04
42300.000000 6.22208000e+04
42500.000000 6.10880000e+04
42700.000000 5.99799000e+04
42900.000000 5.88959000e+04
43100.000000 5.78375000e+04
43300.000000 5.68021000e+04
43500.000000 5.55324000e+04
43700.000000 5.30703000e+04
43900.000000 5.29729000e+04
44100.000000 5.27763000e+04
44300.000000 5.19630000e+04
44500.000000 5.10594000e+04
44700.000000 5.02302000e+04
44900.000000 4.92997000e+04
45100.000000 4.84541000e+04
45300.000000 4.76233000e+04
45500.000000 4.68089000e+04
45700.000000 4.60087000e+04
45900.000000 4.52134000e+04
46100.000000 4.44036000e+04
46300.000000 4.34426000e+04
46500.000000 4.10225000e+04
46700.000000 4.04923000e+04
46900.000000 4.10879000e+04
47100.000000 4.08059000e+04
47300.000000 4.02056000e+04
47500.000000 3.95706000e+04
47700.000000 3.89364000e+04
47900.000000 3.83099000e+04
48100.000000 3.76939000e+04
48300.000000 3.70901000e+04
48500.000000 3.64966000e+04
48700.000000 3.59163000e+04
48900.000000 3.53458000e+04
49100.000000 3.47865000e+04
49300.000000 3.42383000e+04
49500.000000 3.37008000e+04
49700.000000 3.31708000e+04
49900.000000 3.26558000e+04
50100.000000 3.21449000e+04
50300.000000 3.16427000e+04
50500.000000 3.11562000e+04
50700.000000 3.06632000e+04
50900.000000 3.01435000e+04
51100.000000 2.94376000e+04
51300.000000 2.80676000e+04
51500.000000 2.86228000e+04
51700.000000 2.83609000e+04
51900.000000 2.79819000e+04
52100.000000 2.75815000e+04
52300.000000 2.71726000e+04
52500.000000 2.67527000e+04
52700.000000 2.63466000e+04
52900.000000 2.59903000e+04
53100.000000 2.56586000e+04
53300.000000 2.52834000e+04
53500.000000 2.48775000e+04
53700.000000 2.44626000e+04
53900.000000 2.41102000e+04
54100.000000 2.38190000e+04
54300.000000 2.35072000e+04
54500.000000 2.31701000e+04
54700.000000 2.28398000e+04
54900.000000 2.24912000e+04
55100.000000 2.21098000e+04
55300.000000 2.17518000e+04
55500.000000 2.15195000e+04
55700.000000 2.12730000e+04
55900.000000 2.09764000e+04
56100.000000 2.06834000e+04
56300.000000 2.03977000e+04
56500.000000 2.01154000e+04
56700.000000 1.98261000e+04
56900.000000 1.94915000e+04
57100.000000 1.91103000e+04
57300.000000 1.89484000e+04
57500.000000 1.87564000e+04
57700.000000 1.85225000e+04
57900.000000 1.82723000e+04
58100.000000 1.80262000e+04
58300.000000 1.77730000e+04
58500.000000 1.75196000e+04
58700.000000 1.72572000e+04
58900.000000 1.68709000e+04
59100.000000 1.61130000e+04
59300.000000 1.64534000e+04
59500.000000 1.61695000e+04
59700.000000 1.60465000e+04
59900.000000 1.59448000e+04
60100.000000 1.57627000e+04
60300.000000 1.55672000e+04
60500.000000 1.53697000e+04
60700.000000 1.51970000e+04
60900.000000 1.50070000e+04
61100.000000 1.48150000e+04
61300.000000 1.46263000e+04
61500.000000 1.44397000e+04
61700.000000 1.42572000e+04
61900.000000 1.40767000e+04
62100.000000 1.38914000e+04
62300.000000 1.36936000e+04
62500.000000 1.35068000e+04
62700.000000 1.32732000e+04
62900.000000 1.28823000e+04
63100.000000 1.29162000e+04
63300.000000 1.28413000e+04
63500.000000 1.27026000e+04
63700.000000 1.25756000e+04
63900.000000 1.24214000e+04
64200.000000 1.21950000e+04
64600.000000 1.19000000e+04
65000.000000 1.16149000e+04
65400.000000 1.13376000e+04
65800.000000 1.10688000e+04
66200.000000 1.08073000e+04
66600.000000 1.05539000e+04
67000.000000 1.02973000e+04
67400.000000 1.00021000e+04
67800.000000 9.62140000e+03
68200.000000 9.58015000e+03
68600.000000 9.39350000e+03
69000.000000 9.18046000e+03
69400.000000 8.97403000e+03
69800.000000 8.77327000e+03
70200.000000 8.57802000e+03
70600.000000 8.38737000e+03
71000.000000 8.20270000e+03
71400.000000 8.02311000e+03
71800.000000 7.84847000e+03
72200.000000 7.67864000e+03
72600.000000 7.50491000e+03
73000.000000 7.34937000e+03
73400.000000 7.19536000e+03
73800.000000 7.03457000e+03
74200.000000 6.85972000e+03
74600.000000 6.54157000e+03
75000.000000 6.35390000e+03
75400.000000 6.40998000e+03
75800.000000 6.32002000e+03
76200.000000 6.20343000e+03
76600.000000 6.08148000e+03
77000.000000 5.95784000e+03
77400.000000 5.82769000e+03
77800.000000 5.69335000e+03
78200.000000 5.59725000e+03
78600.000000 5.49377000e+03
79000.000000 5.38486000e+03
79400.000000 5.27869000e+03
79800.000000 5.17509000e+03
80200.000000 5.07398000e+03
80600.000000 4.97532000e+03
81000.000000 4.87497000e+03
81400.000000 4.75645000e+03
81800.000000 4.67424000e+03
82200.000000 4.60388000e+03
82600.000000 4.51661000e+03
83000.000000 4.43129000e+03
83400.000000 4.34799000e+03
83800.000000 4.26661000e+03
84200.000000 4.18712000e+03
84600.000000 4.10951000e+03
85000.000000 4.03369000e+03
85400.000000 3.95958000e+03
85800.000000 3.88712000e+03
86200.000000 3.80616000e+03
86600.000000 3.70417000e+03
87000.000000 3.66098000e+03
87400.000000 3.54903000e+03
87800.000000 3.48608000e+03
88200.000000 3.47942000e+03
88600.000000 3.42389000e+03
89000.000000 3.36350000e+03
89400.000000 3.30444000e+03
89800.000000 3.24666000e+03
90200.000000 3.19010000e+03
90600.000000 3.13478000e+03
91000.000000 3.08062000e+03
91400.000000 3.02765000e+03
91800.000000 2.97584000e+03
92200.000000 2.92508000e+03
92600.000000 2.87539000e+03
93000.000000 2.82662000e+03
93400.000000 2.77064000e+03
93800.000000 2.68866000e+03
94200.000000 2.66625000e+03
94600.000000 2.63807000e+03
95000.000000 2.59766000e+03
95400.000000 2.55576000e+03
95800.000000 2.51382000e+03
96200.000000 2.47272000e+03
96600.000000 2.43247000e+03
97000.000000 2.39299000e+03
97400.000000 2.35435000e+03
97800.000000 2.31646000e+03
98200.000000 2.27931000e+03
98600.000000 2.24163000e+03
99000.000000 2.20726000e+03
99400.000000 2.17233000e+03
99800.000000 2.13808000e+03
100200.000000 2.10446000e+03
200000.000000 1.34671000e+02
400000.000000 8.39636000e+00
600000.000000 1.64714000e+00
800000.000000 5.17609000e-01
1000000.000000 2.10731000e-01
1200000.000000 1.01097000e-01
1400000.000000 5.43259000e-02
1600000.000000 3.17218000e-02
