# Kurucz ODFNEW /NOVER, alpha: 0.0 (2003)
# teff = 4750 K (value for the effective temperature for the model. Temperatures are given in K)
# logg = 0.5 log(cm/s2) (value for Log(G) for the model.)
# lh = 1.25  (l/Hp where l is the  mixing length of the convective element and Hp is the pressure scale height)
# meta = -1.5  (value for the Metallicity for the model.)
# vtur = 2 km/s (Microturbulence velocity)
# alpha = 0  (Alpha)
#
# column 1: WAVELENGTH (ANGSTROM), Wavelength in Angstrom
# column 2: FLUX (ERG/CM2/S/A), Flux in erg/cm2/s/A
147.200000 6.00080000e-150
151.000000 6.43320000e-146
155.200000 1.07412000e-141
158.800000 2.95379000e-138
162.000000 2.50005000e-135
166.000000 7.88909000e-132
170.300000 2.97322000e-128
173.400000 8.70908000e-126
176.800000 3.50622000e-123
180.200000 1.12276000e-120
181.700000 1.33485000e-119
186.100000 1.50754000e-116
191.000000 2.57167000e-113
193.900000 1.75463000e-111
198.400000 9.60808000e-109
201.800000 9.34163000e-107
205.000000 6.03735000e-105
210.500000 5.75795000e-102
216.200000 4.85282000e-99
219.800000 2.84808000e-97
223.000000 9.48623000e-96
226.800000 5.35818000e-94
230.000000 1.44282000e-92
234.000000 7.76356000e-91
240.000000 2.37974000e-88
246.500000 8.54492000e-86
252.400000 1.36551000e-83
256.800000 5.14798000e-82
260.000000 6.66744000e-81
264.000000 1.49900000e-79
268.500000 4.43554000e-78
273.500000 1.67322000e-76
278.500000 5.53518000e-75
284.000000 2.24517000e-73
290.000000 1.08244000e-71
296.000000 4.43866000e-70
301.000000 8.74535000e-69
308.000000 4.80602000e-67
318.000000 1.07508000e-64
328.000000 1.71616000e-62
338.000000 2.01271000e-60
348.000000 1.78385000e-58
357.000000 8.09154000e-57
366.000000 3.03226000e-55
375.000000 9.49425000e-54
385.000000 3.59002000e-52
395.000000 1.12267000e-50
405.000000 2.94746000e-49
414.000000 4.85825000e-48
422.000000 5.28611000e-47
430.000000 5.24834000e-46
441.000000 1.07091000e-44
451.000000 1.45509000e-43
460.000000 1.37789000e-42
470.000000 1.50929000e-41
480.000000 1.49019000e-40
490.000000 1.33611000e-39
500.000000 1.09270000e-38
506.000000 4.94712000e-38
512.000000 1.81780000e-37
520.000000 8.46708000e-37
530.000000 5.44481000e-36
540.000000 3.21512000e-35
550.000000 1.79373000e-34
560.000000 9.33895000e-34
570.000000 4.57618000e-33
580.000000 2.09564000e-32
590.000000 9.27657000e-32
600.000000 3.85970000e-31
610.000000 1.52899000e-30
620.000000 5.78021000e-30
630.000000 2.09028000e-29
640.000000 7.24956000e-29
650.000000 2.41508000e-28
658.000000 6.15138000e-28
665.000000 1.36704000e-27
675.000000 4.14983000e-27
685.000000 1.21732000e-26
695.000000 3.45559000e-26
705.000000 9.50569000e-26
716.000000 2.79533000e-25
726.000000 7.23045000e-25
735.000000 1.66173000e-24
745.000000 4.08594000e-24
755.000000 9.79454000e-24
765.000000 2.29150000e-23
775.000000 5.23711000e-23
785.000000 1.17031000e-22
795.000000 2.55862000e-22
805.000000 5.48120000e-22
815.000000 1.15085000e-21
825.000000 2.37033000e-21
835.000000 4.79313000e-21
845.000000 9.52079000e-21
855.000000 1.85874000e-20
865.000000 3.56894000e-20
875.000000 6.74312000e-20
885.000000 1.25478000e-19
895.000000 2.30005000e-19
905.000000 4.15553000e-19
915.000000 3.77798000e-13
925.000000 1.15336000e-12
935.000000 1.31735000e-12
945.000000 2.93824000e-12
955.000000 6.31748000e-12
965.000000 5.99425000e-12
975.000000 5.17127000e-12
985.000000 2.42142000e-11
995.000000 3.13073000e-11
1005.000000 3.52006000e-11
1015.000000 2.03967000e-11
1025.000000 7.43974000e-11
1035.000000 1.64703000e-10
1045.000000 2.69145000e-10
1055.000000 3.18405000e-10
1065.000000 5.62325000e-10
1075.000000 7.42065000e-10
1085.000000 1.08808000e-09
1095.000000 1.24230000e-09
1105.000000 1.92514000e-09
1115.000000 2.71939000e-09
1125.000000 4.03006000e-09
1135.000000 5.73769000e-09
1145.000000 6.91634000e-09
1155.000000 7.57681000e-09
1165.000000 8.07128000e-09
1175.000000 8.75800000e-09
1185.000000 1.55073000e-08
1195.000000 6.64357000e-09
1205.000000 8.58264000e-09
1215.000000 5.73378000e-10
1225.000000 1.56448000e-08
1235.000000 2.50087000e-08
1245.000000 4.22173000e-08
1255.000000 7.29050000e-08
1265.000000 1.14013000e-07
1275.000000 1.63329000e-07
1285.000000 2.10917000e-07
1295.000000 2.86081000e-07
1305.000000 3.62743000e-07
1315.000000 4.88312000e-07
1325.000000 5.96458000e-07
1335.000000 7.41843000e-07
1345.000000 9.59428000e-07
1355.000000 1.26554000e-06
1365.000000 1.55045000e-06
1375.000000 1.93499000e-06
1385.000000 2.43097000e-06
1395.000000 3.06413000e-06
1405.000000 3.99492000e-06
1415.000000 5.11651000e-06
1425.000000 6.16459000e-06
1435.000000 8.05864000e-06
1442.000000 1.00498000e-05
1447.000000 1.02167000e-05
1455.000000 1.22716000e-05
1465.000000 1.61566000e-05
1475.000000 1.86614000e-05
1485.000000 2.33805000e-05
1495.000000 3.09319000e-05
1505.000000 3.97283000e-05
1512.000000 3.77497000e-05
1517.000000 4.91062000e-05
1525.000000 9.99352000e-05
1535.000000 1.63420000e-02
1545.000000 2.14956000e-02
1555.000000 4.66747000e-02
1565.000000 4.26916000e-02
1575.000000 1.32311000e-01
1585.000000 1.85109000e-01
1595.000000 2.38652000e-01
1605.000000 2.58677000e-01
1615.000000 3.03726000e-01
1625.000000 4.02848000e-01
1635.000000 4.79631000e-01
1645.000000 8.78651000e-01
1655.000000 3.94620000e-01
1665.000000 1.12405000e+00
1672.000000 6.00768000e-01
1677.000000 1.30988000e+00
1685.000000 2.74570000e+00
1695.000000 4.73012000e+00
1705.000000 5.28181000e+00
1715.000000 4.66527000e+00
1725.000000 6.77477000e+00
1735.000000 8.53497000e+00
1745.000000 1.20451000e+01
1755.000000 1.67973000e+01
1765.000000 1.85340000e+01
1775.000000 1.81069000e+01
1785.000000 2.52968000e+01
1795.000000 2.86380000e+01
1805.000000 3.27086000e+01
1815.000000 3.43619000e+01
1825.000000 4.15682000e+01
1835.000000 5.27710000e+01
1845.000000 4.31786000e+01
1855.000000 6.00562000e+01
1865.000000 6.76824000e+01
1875.000000 7.93381000e+01
1885.000000 8.83790000e+01
1895.000000 1.14571000e+02
1905.000000 1.15302000e+02
1915.000000 1.43111000e+02
1925.000000 1.70196000e+02
1935.000000 1.63209000e+02
1945.000000 2.05283000e+02
1955.000000 2.21295000e+02
1967.000000 2.75165000e+02
1976.000000 2.87793000e+02
1984.000000 3.10408000e+02
1995.000000 3.37010000e+02
2005.000000 3.50515000e+02
2015.000000 3.97233000e+02
2025.000000 3.67108000e+02
2035.000000 4.79815000e+02
2045.000000 5.50948000e+02
2055.000000 5.80069000e+02
2065.000000 5.94784000e+02
2074.000000 7.40002000e+02
2078.000000 7.59211000e+02
2085.000000 7.81056000e+02
2095.000000 8.13281000e+02
2105.000000 8.48729000e+02
2115.000000 9.36597000e+02
2125.000000 8.38284000e+02
2135.000000 1.00633000e+03
2145.000000 1.18144000e+03
2155.000000 1.28602000e+03
2165.000000 1.31773000e+03
2175.000000 1.45734000e+03
2185.000000 1.72874000e+03
2195.000000 2.06090000e+03
2205.000000 2.09346000e+03
2215.000000 1.90529000e+03
2225.000000 2.36480000e+03
2235.000000 3.08655000e+03
2245.000000 3.01569000e+03
2255.000000 2.61450000e+03
2265.000000 2.43549000e+03
2275.000000 3.36286000e+03
2285.000000 3.70825000e+03
2295.000000 3.76427000e+03
2305.000000 4.58526000e+03
2315.000000 4.32374000e+03
2325.000000 4.06660000e+03
2335.000000 3.23067000e+03
2345.000000 2.74924000e+03
2355.000000 4.35961000e+03
2365.000000 3.26414000e+03
2375.000000 4.17028000e+03
2385.000000 2.70820000e+03
2395.000000 3.70482000e+03
2405.000000 3.77470000e+03
2415.000000 4.74866000e+03
2425.000000 8.73304000e+03
2435.000000 1.00453000e+04
2445.000000 1.21034000e+04
2455.000000 1.25188000e+04
2465.000000 1.17497000e+04
2475.000000 1.08395000e+04
2485.000000 7.03406000e+03
2495.000000 1.01847000e+04
2505.000000 1.44766000e+04
2513.000000 9.42007000e+03
2518.000000 7.59956000e+03
2525.000000 7.87834000e+03
2535.000000 1.17177000e+04
2545.000000 1.44154000e+04
2555.000000 2.09261000e+04
2565.000000 1.54735000e+04
2575.000000 1.84620000e+04
2585.000000 1.42692000e+04
2595.000000 1.25953000e+04
2605.000000 1.10320000e+04
2615.000000 1.06729000e+04
2625.000000 1.37327000e+04
2635.000000 2.39883000e+04
2645.000000 4.33000000e+04
2655.000000 5.71586000e+04
2665.000000 4.33363000e+04
2675.000000 4.87152000e+04
2685.000000 5.47022000e+04
2695.000000 4.50082000e+04
2705.000000 5.44729000e+04
2715.000000 3.79360000e+04
2725.000000 3.54502000e+04
2735.000000 3.97679000e+04
2745.000000 2.26487000e+04
2755.000000 3.01467000e+04
2765.000000 3.91856000e+04
2775.000000 4.02065000e+04
2785.000000 2.92389000e+04
2795.000000 1.03123000e+04
2805.000000 1.35599000e+04
2815.000000 3.84073000e+04
2825.000000 5.70290000e+04
2835.000000 6.53645000e+04
2845.000000 6.28811000e+04
2855.000000 3.95854000e+04
2865.000000 8.00436000e+04
2875.000000 9.78283000e+04
2885.000000 9.51054000e+04
2895.000000 1.06114000e+05
2910.000000 1.37606000e+05
2930.000000 1.37529000e+05
2950.000000 1.38822000e+05
2970.000000 1.56536000e+05
2990.000000 1.63724000e+05
3010.000000 1.79157000e+05
3030.000000 1.92113000e+05
3050.000000 2.14370000e+05
3070.000000 1.95434000e+05
3090.000000 2.09736000e+05
3110.000000 2.27586000e+05
3130.000000 2.15750000e+05
3150.000000 2.19166000e+05
3170.000000 2.48781000e+05
3190.000000 2.36235000e+05
3210.000000 2.72538000e+05
3230.000000 2.38982000e+05
3250.000000 3.26775000e+05
3270.000000 3.87162000e+05
3290.000000 3.91031000e+05
3310.000000 3.90686000e+05
3330.000000 3.88929000e+05
3350.000000 3.81614000e+05
3370.000000 3.21959000e+05
3390.000000 3.89577000e+05
3410.000000 4.35302000e+05
3430.000000 4.94956000e+05
3450.000000 5.14650000e+05
3470.000000 5.28164000e+05
3490.000000 5.56738000e+05
3510.000000 6.03282000e+05
3530.000000 5.80895000e+05
3550.000000 6.72568000e+05
3570.000000 5.86278000e+05
3590.000000 5.98734000e+05
3610.000000 6.47564000e+05
3630.000000 6.73755000e+05
3640.000000 6.72816000e+05
3650.000000 7.27415000e+05
3670.000000 7.56905000e+05
3690.000000 8.14904000e+05
3710.000000 9.25258000e+05
3730.000000 8.91046000e+05
3750.000000 9.61534000e+05
3770.000000 1.02929000e+06
3790.000000 1.07746000e+06
3810.000000 1.11521000e+06
3830.000000 9.61156000e+05
3850.000000 1.03586000e+06
3870.000000 1.00495000e+06
3890.000000 1.03600000e+06
3910.000000 1.08208000e+06
3930.000000 5.21644000e+05
3950.000000 9.60530000e+05
3970.000000 6.45877000e+05
3990.000000 1.33745000e+06
4010.000000 1.50754000e+06
4030.000000 1.51389000e+06
4050.000000 1.52107000e+06
4070.000000 1.51593000e+06
4090.000000 1.70059000e+06
4110.000000 1.70618000e+06
4130.000000 1.68784000e+06
4150.000000 1.73356000e+06
4170.000000 1.73556000e+06
4190.000000 1.70343000e+06
4210.000000 1.70628000e+06
4230.000000 1.68755000e+06
4250.000000 1.68585000e+06
4270.000000 1.65869000e+06
4290.000000 1.49002000e+06
4310.000000 1.21465000e+06
4330.000000 1.80461000e+06
4350.000000 1.76844000e+06
4370.000000 1.84227000e+06
4390.000000 1.78128000e+06
4410.000000 1.92790000e+06
4430.000000 2.10182000e+06
4450.000000 2.10200000e+06
4470.000000 2.17675000e+06
4490.000000 2.25868000e+06
4510.000000 2.38038000e+06
4530.000000 2.24816000e+06
4550.000000 2.29777000e+06
4570.000000 2.42706000e+06
4590.000000 2.37377000e+06
4610.000000 2.46596000e+06
4630.000000 2.47264000e+06
4650.000000 2.49358000e+06
4670.000000 2.55139000e+06
4690.000000 2.57266000e+06
4710.000000 2.54509000e+06
4730.000000 2.60746000e+06
4750.000000 2.64616000e+06
4770.000000 2.64190000e+06
4790.000000 2.64501000e+06
4810.000000 2.67354000e+06
4830.000000 2.66840000e+06
4850.000000 2.64708000e+06
4870.000000 2.50704000e+06
4890.000000 2.68666000e+06
4910.000000 2.70123000e+06
4930.000000 2.66540000e+06
4950.000000 2.74600000e+06
4970.000000 2.80234000e+06
4990.000000 2.68294000e+06
5010.000000 2.62779000e+06
5030.000000 2.75896000e+06
5050.000000 2.76005000e+06
5070.000000 2.83079000e+06
5090.000000 2.77864000e+06
5110.000000 2.79531000e+06
5130.000000 2.75795000e+06
5150.000000 2.73572000e+06
5170.000000 2.70233000e+06
5190.000000 2.73343000e+06
5210.000000 2.73608000e+06
5230.000000 2.79590000e+06
5250.000000 2.85610000e+06
5270.000000 2.72459000e+06
5290.000000 2.88456000e+06
5310.000000 2.91779000e+06
5330.000000 2.81557000e+06
5350.000000 2.93302000e+06
5370.000000 2.93003000e+06
5390.000000 2.91260000e+06
5410.000000 2.89587000e+06
5430.000000 2.90077000e+06
5450.000000 2.96196000e+06
5470.000000 2.96464000e+06
5490.000000 2.97220000e+06
5510.000000 2.96990000e+06
5530.000000 2.99404000e+06
5550.000000 3.03402000e+06
5570.000000 2.99260000e+06
5590.000000 2.97508000e+06
5610.000000 3.00130000e+06
5630.000000 3.03945000e+06
5650.000000 3.02599000e+06
5670.000000 2.99706000e+06
5690.000000 3.04364000e+06
5710.000000 2.99693000e+06
5730.000000 3.08081000e+06
5750.000000 3.05748000e+06
5770.000000 3.07196000e+06
5790.000000 3.05055000e+06
5810.000000 3.06831000e+06
5830.000000 3.08542000e+06
5850.000000 3.05192000e+06
5870.000000 3.06899000e+06
5890.000000 2.99378000e+06
5910.000000 3.06307000e+06
5930.000000 3.06505000e+06
5950.000000 3.06811000e+06
5970.000000 3.07285000e+06
5990.000000 3.06528000e+06
6010.000000 3.04950000e+06
6030.000000 3.05479000e+06
6050.000000 3.07847000e+06
6070.000000 3.06579000e+06
6090.000000 3.05310000e+06
6110.000000 3.03788000e+06
6130.000000 2.98712000e+06
6150.000000 3.00617000e+06
6170.000000 2.98275000e+06
6190.000000 3.02771000e+06
6210.000000 3.03628000e+06
6230.000000 2.99924000e+06
6250.000000 2.94170000e+06
6270.000000 3.01793000e+06
6290.000000 3.01609000e+06
6310.000000 2.97695000e+06
6330.000000 2.99549000e+06
6350.000000 3.01813000e+06
6370.000000 3.01277000e+06
6390.000000 3.00159000e+06
6410.000000 2.96841000e+06
6430.000000 2.97858000e+06
6450.000000 2.97834000e+06
6470.000000 2.97507000e+06
6490.000000 2.92519000e+06
6510.000000 2.97987000e+06
6530.000000 2.99522000e+06
6550.000000 2.96519000e+06
6570.000000 2.77706000e+06
6590.000000 2.95680000e+06
6610.000000 2.95980000e+06
6630.000000 2.97128000e+06
6650.000000 2.95735000e+06
6670.000000 2.93939000e+06
6690.000000 2.96326000e+06
6710.000000 2.94093000e+06
6730.000000 2.95159000e+06
6750.000000 2.93371000e+06
6770.000000 2.92931000e+06
6790.000000 2.92728000e+06
6810.000000 2.92026000e+06
6830.000000 2.92160000e+06
6850.000000 2.90320000e+06
6870.000000 2.90212000e+06
6890.000000 2.90816000e+06
6910.000000 2.89655000e+06
6930.000000 2.89335000e+06
6950.000000 2.87914000e+06
6970.000000 2.88304000e+06
6990.000000 2.87242000e+06
7010.000000 2.85046000e+06
7030.000000 2.85782000e+06
7050.000000 2.85618000e+06
7070.000000 2.84366000e+06
7090.000000 2.83918000e+06
7110.000000 2.83567000e+06
7130.000000 2.81594000e+06
7150.000000 2.80684000e+06
7170.000000 2.81062000e+06
7190.000000 2.77416000e+06
7210.000000 2.77952000e+06
7230.000000 2.78708000e+06
7250.000000 2.78993000e+06
7270.000000 2.78159000e+06
7290.000000 2.75713000e+06
7310.000000 2.75842000e+06
7330.000000 2.75320000e+06
7350.000000 2.75163000e+06
7370.000000 2.75489000e+06
7390.000000 2.73089000e+06
7410.000000 2.70588000e+06
7430.000000 2.71549000e+06
7450.000000 2.71403000e+06
7470.000000 2.71396000e+06
7490.000000 2.69962000e+06
7510.000000 2.69475000e+06
7530.000000 2.69321000e+06
7550.000000 2.69389000e+06
7570.000000 2.68158000e+06
7590.000000 2.67133000e+06
7610.000000 2.66882000e+06
7630.000000 2.66397000e+06
7650.000000 2.65817000e+06
7670.000000 2.62633000e+06
7690.000000 2.64658000e+06
7710.000000 2.61468000e+06
7730.000000 2.61504000e+06
7750.000000 2.60645000e+06
7770.000000 2.61707000e+06
7790.000000 2.60508000e+06
7810.000000 2.60553000e+06
7830.000000 2.58763000e+06
7850.000000 2.58369000e+06
7870.000000 2.58408000e+06
7890.000000 2.57208000e+06
7910.000000 2.55686000e+06
7930.000000 2.53973000e+06
7950.000000 2.53132000e+06
7970.000000 2.54449000e+06
7990.000000 2.53696000e+06
8010.000000 2.52213000e+06
8030.000000 2.51987000e+06
8050.000000 2.50190000e+06
8070.000000 2.50617000e+06
8090.000000 2.48706000e+06
8110.000000 2.49108000e+06
8130.000000 2.48613000e+06
8150.000000 2.47848000e+06
8170.000000 2.47178000e+06
8190.000000 2.44153000e+06
8210.000000 2.44569000e+06
8230.000000 2.43276000e+06
8250.000000 2.43658000e+06
8270.000000 2.43825000e+06
8290.000000 2.42897000e+06
8310.000000 2.41391000e+06
8330.000000 2.38816000e+06
8350.000000 2.40397000e+06
8370.000000 2.39395000e+06
8390.000000 2.36355000e+06
8410.000000 2.38236000e+06
8430.000000 2.36290000e+06
8450.000000 2.37046000e+06
8470.000000 2.34610000e+06
8490.000000 2.32618000e+06
8510.000000 2.23067000e+06
8530.000000 2.31389000e+06
8550.000000 2.00603000e+06
8570.000000 2.33219000e+06
8590.000000 2.31910000e+06
8610.000000 2.30244000e+06
8630.000000 2.31262000e+06
8650.000000 2.29207000e+06
8670.000000 2.02355000e+06
8690.000000 2.26648000e+06
8710.000000 2.28469000e+06
8730.000000 2.27868000e+06
8750.000000 2.24805000e+06
8770.000000 2.26886000e+06
8790.000000 2.25665000e+06
8810.000000 2.23244000e+06
8830.000000 2.22934000e+06
8850.000000 2.23202000e+06
8870.000000 2.20454000e+06
8890.000000 2.22795000e+06
8910.000000 2.22014000e+06
8930.000000 2.20624000e+06
8950.000000 2.19785000e+06
8970.000000 2.19738000e+06
8990.000000 2.19190000e+06
9010.000000 2.14445000e+06
9030.000000 2.17645000e+06
9050.000000 2.17581000e+06
9070.000000 2.15670000e+06
9090.000000 2.12296000e+06
9110.000000 2.13989000e+06
9130.000000 2.14350000e+06
9150.000000 2.13229000e+06
9170.000000 2.12260000e+06
9190.000000 2.11819000e+06
9210.000000 2.09487000e+06
9230.000000 2.07302000e+06
9250.000000 2.07891000e+06
9270.000000 2.08867000e+06
9290.000000 2.08248000e+06
9310.000000 2.08041000e+06
9330.000000 2.07375000e+06
9350.000000 2.06510000e+06
9370.000000 2.05359000e+06
9390.000000 2.05276000e+06
9410.000000 2.02141000e+06
9430.000000 2.03525000e+06
9450.000000 2.02719000e+06
9470.000000 2.02801000e+06
9490.000000 2.02227000e+06
9510.000000 2.01686000e+06
9530.000000 2.00840000e+06
9550.000000 1.98203000e+06
9570.000000 1.99527000e+06
9590.000000 1.99273000e+06
9610.000000 1.98249000e+06
9630.000000 1.97304000e+06
9650.000000 1.96293000e+06
9670.000000 1.95526000e+06
9690.000000 1.95976000e+06
9710.000000 1.95301000e+06
9730.000000 1.94682000e+06
9750.000000 1.93476000e+06
9770.000000 1.93486000e+06
9790.000000 1.92496000e+06
9810.000000 1.92573000e+06
9830.000000 1.91997000e+06
9850.000000 1.91389000e+06
9870.000000 1.90579000e+06
9890.000000 1.89921000e+06
9910.000000 1.89416000e+06
9930.000000 1.89066000e+06
9950.000000 1.88508000e+06
9970.000000 1.87969000e+06
9990.000000 1.87379000e+06
10025.000000 1.85987000e+06
10075.000000 1.83897000e+06
10125.000000 1.83044000e+06
10175.000000 1.81406000e+06
10225.000000 1.80162000e+06
10275.000000 1.79152000e+06
10325.000000 1.76463000e+06
10375.000000 1.75799000e+06
10425.000000 1.74973000e+06
10475.000000 1.72919000e+06
10525.000000 1.72198000e+06
10575.000000 1.70513000e+06
10625.000000 1.68738000e+06
10675.000000 1.66612000e+06
10725.000000 1.66366000e+06
10775.000000 1.64676000e+06
10825.000000 1.62786000e+06
10875.000000 1.62044000e+06
10925.000000 1.59964000e+06
10975.000000 1.59007000e+06
11025.000000 1.58191000e+06
11075.000000 1.57374000e+06
11125.000000 1.55984000e+06
11175.000000 1.54869000e+06
11225.000000 1.54097000e+06
11275.000000 1.52330000e+06
11325.000000 1.51660000e+06
11375.000000 1.50374000e+06
11425.000000 1.48789000e+06
11475.000000 1.48688000e+06
11525.000000 1.47690000e+06
11575.000000 1.46260000e+06
11625.000000 1.44352000e+06
11675.000000 1.43831000e+06
11725.000000 1.43563000e+06
11775.000000 1.41602000e+06
11825.000000 1.40577000e+06
11875.000000 1.39158000e+06
11925.000000 1.39538000e+06
11975.000000 1.36833000e+06
12025.000000 1.36951000e+06
12075.000000 1.35878000e+06
12125.000000 1.35293000e+06
12175.000000 1.34690000e+06
12225.000000 1.33754000e+06
12275.000000 1.32627000e+06
12325.000000 1.31920000e+06
12375.000000 1.30952000e+06
12425.000000 1.30112000e+06
12475.000000 1.29282000e+06
12525.000000 1.28365000e+06
12575.000000 1.27475000e+06
12625.000000 1.26588000e+06
12675.000000 1.25802000e+06
12725.000000 1.25071000e+06
12775.000000 1.24274000e+06
12825.000000 1.21367000e+06
12875.000000 1.22594000e+06
12925.000000 1.21697000e+06
12975.000000 1.21112000e+06
13025.000000 1.20322000e+06
13075.000000 1.19613000e+06
13125.000000 1.18590000e+06
13175.000000 1.17724000e+06
13225.000000 1.17397000e+06
13275.000000 1.16303000e+06
13325.000000 1.15873000e+06
13375.000000 1.15198000e+06
13425.000000 1.14636000e+06
13475.000000 1.13943000e+06
13525.000000 1.13281000e+06
13575.000000 1.12397000e+06
13625.000000 1.11724000e+06
13675.000000 1.11247000e+06
13725.000000 1.10480000e+06
13775.000000 1.09967000e+06
13825.000000 1.09382000e+06
13875.000000 1.08681000e+06
13925.000000 1.08166000e+06
13975.000000 1.07596000e+06
14025.000000 1.06811000e+06
14075.000000 1.06385000e+06
14125.000000 1.05553000e+06
14175.000000 1.05159000e+06
14225.000000 1.04212000e+06
14275.000000 1.03569000e+06
14325.000000 1.03469000e+06
14375.000000 1.03072000e+06
14425.000000 1.01627000e+06
14475.000000 1.02025000e+06
14525.000000 1.00831000e+06
14570.000000 1.00633000e+06
14620.000000 1.00243000e+06
14675.000000 9.98084000e+05
14725.000000 9.90292000e+05
14775.000000 9.86897000e+05
14825.000000 9.82325000e+05
14875.000000 9.71085000e+05
14925.000000 9.75294000e+05
14975.000000 9.69028000e+05
15025.000000 9.55830000e+05
15075.000000 9.51655000e+05
15125.000000 9.54283000e+05
15175.000000 9.50197000e+05
15225.000000 9.45998000e+05
15275.000000 9.37441000e+05
15325.000000 9.33227000e+05
15375.000000 9.33701000e+05
15425.000000 9.20564000e+05
15475.000000 9.26754000e+05
15525.000000 9.22232000e+05
15575.000000 9.02810000e+05
15625.000000 9.15573000e+05
15675.000000 9.06261000e+05
15725.000000 8.86978000e+05
15775.000000 8.93142000e+05
15825.000000 8.94337000e+05
15875.000000 8.58980000e+05
15925.000000 8.85785000e+05
15975.000000 8.81311000e+05
16050.000000 8.72173000e+05
16150.000000 8.48724000e+05
16250.000000 8.51450000e+05
16350.000000 8.35048000e+05
16450.000000 8.06620000e+05
16550.000000 8.06708000e+05
16650.000000 7.89899000e+05
16750.000000 7.71593000e+05
16850.000000 7.44045000e+05
16950.000000 7.44483000e+05
17050.000000 7.27858000e+05
17150.000000 7.13195000e+05
17250.000000 6.99050000e+05
17350.000000 6.71567000e+05
17450.000000 6.71414000e+05
17550.000000 6.59650000e+05
17650.000000 6.46404000e+05
17750.000000 6.34430000e+05
17850.000000 6.22458000e+05
17950.000000 6.11087000e+05
18050.000000 5.98796000e+05
18150.000000 5.77201000e+05
18250.000000 5.75247000e+05
18350.000000 5.65661000e+05
18450.000000 5.53790000e+05
18550.000000 5.44420000e+05
18650.000000 5.33832000e+05
18750.000000 5.09861000e+05
18850.000000 5.14145000e+05
18950.000000 5.02051000e+05
19050.000000 4.96202000e+05
19150.000000 4.86862000e+05
19250.000000 4.78289000e+05
19350.000000 4.68620000e+05
19450.000000 4.51684000e+05
19550.000000 4.52171000e+05
19650.000000 4.44575000e+05
19750.000000 4.34869000e+05
19850.000000 4.28567000e+05
19950.000000 4.21149000e+05
20050.000000 4.14484000e+05
20150.000000 4.07532000e+05
20250.000000 3.99888000e+05
20350.000000 3.92365000e+05
20450.000000 3.86690000e+05
20550.000000 3.79867000e+05
20650.000000 3.72769000e+05
20750.000000 3.66805000e+05
20850.000000 3.60713000e+05
20950.000000 3.54041000e+05
21050.000000 3.48687000e+05
21150.000000 3.42711000e+05
21250.000000 3.36999000e+05
21350.000000 3.31461000e+05
21450.000000 3.26191000e+05
21550.000000 3.20786000e+05
21650.000000 3.10242000e+05
21750.000000 3.09952000e+05
21850.000000 3.04755000e+05
21950.000000 3.00358000e+05
22050.000000 2.94695000e+05
22150.000000 2.90581000e+05
22250.000000 2.85852000e+05
22350.000000 2.81354000e+05
22450.000000 2.76955000e+05
22550.000000 2.72118000e+05
22650.000000 2.68002000e+05
22750.000000 2.64006000e+05
22850.000000 2.59666000e+05
22950.000000 2.49905000e+05
23050.000000 2.49032000e+05
23150.000000 2.45978000e+05
23250.000000 2.35629000e+05
23350.000000 2.36206000e+05
23450.000000 2.34271000e+05
23550.000000 2.24454000e+05
23650.000000 2.25362000e+05
23750.000000 2.23321000e+05
23850.000000 2.14935000e+05
23950.000000 2.15049000e+05
24050.000000 2.12886000e+05
24150.000000 2.06515000e+05
24250.000000 2.05770000e+05
24350.000000 2.03257000e+05
24450.000000 1.98756000e+05
24550.000000 1.96315000e+05
24650.000000 1.94924000e+05
24750.000000 1.91193000e+05
24850.000000 1.88035000e+05
24950.000000 1.85895000e+05
25050.000000 1.84456000e+05
25150.000000 1.80591000e+05
25250.000000 1.77958000e+05
25350.000000 1.76733000e+05
25450.000000 1.73974000e+05
25550.000000 1.71651000e+05
25650.000000 1.68248000e+05
25750.000000 1.67444000e+05
25850.000000 1.64217000e+05
25950.000000 1.62781000e+05
26050.000000 1.60595000e+05
26150.000000 1.57199000e+05
26250.000000 1.53931000e+05
26350.000000 1.54056000e+05
26450.000000 1.52091000e+05
26550.000000 1.49665000e+05
26650.000000 1.47229000e+05
26750.000000 1.44982000e+05
26850.000000 1.44301000e+05
26950.000000 1.42283000e+05
27050.000000 1.40430000e+05
27150.000000 1.38605000e+05
27250.000000 1.36819000e+05
27350.000000 1.34964000e+05
27450.000000 1.33252000e+05
27550.000000 1.30376000e+05
27650.000000 1.29656000e+05
27750.000000 1.28068000e+05
27850.000000 1.26387000e+05
27950.000000 1.24694000e+05
28050.000000 1.23021000e+05
28150.000000 1.21511000e+05
28250.000000 1.19959000e+05
28350.000000 1.18458000e+05
28450.000000 1.16872000e+05
28550.000000 1.15389000e+05
28650.000000 1.13883000e+05
28750.000000 1.11474000e+05
28850.000000 1.11038000e+05
28950.000000 1.09652000e+05
29050.000000 1.08211000e+05
29150.000000 1.06893000e+05
29250.000000 1.05450000e+05
29350.000000 1.04160000e+05
29450.000000 1.02820000e+05
29550.000000 1.01620000e+05
29650.000000 1.00263000e+05
29750.000000 9.90963000e+04
29850.000000 9.79176000e+04
29950.000000 9.66474000e+04
30050.000000 9.53753000e+04
30150.000000 9.43417000e+04
30250.000000 9.31796000e+04
30350.000000 9.13110000e+04
30450.000000 9.06513000e+04
30550.000000 8.98166000e+04
30650.000000 8.86901000e+04
30750.000000 8.76560000e+04
30850.000000 8.65028000e+04
30950.000000 8.54453000e+04
31050.000000 8.45324000e+04
31150.000000 8.33072000e+04
31250.000000 8.25280000e+04
31350.000000 8.13737000e+04
31450.000000 8.05752000e+04
31550.000000 7.95089000e+04
31650.000000 7.87214000e+04
31750.000000 7.76807000e+04
31850.000000 7.67889000e+04
31950.000000 7.59436000e+04
32100.000000 7.46541000e+04
32300.000000 7.28406000e+04
32500.000000 7.12763000e+04
32700.000000 6.96496000e+04
32900.000000 6.77090000e+04
33100.000000 6.65666000e+04
33300.000000 6.49744000e+04
33500.000000 6.36135000e+04
33700.000000 6.22271000e+04
33900.000000 6.06951000e+04
34100.000000 5.94831000e+04
34300.000000 5.82599000e+04
34500.000000 5.69027000e+04
34700.000000 5.57605000e+04
34900.000000 5.45820000e+04
35100.000000 5.33655000e+04
35300.000000 5.22092000e+04
35500.000000 5.11712000e+04
35700.000000 5.00231000e+04
35900.000000 4.89996000e+04
36100.000000 4.80390000e+04
36300.000000 4.70308000e+04
36500.000000 4.60276000e+04
36700.000000 4.51021000e+04
36900.000000 4.41442000e+04
37100.000000 4.32672000e+04
37300.000000 4.24010000e+04
37500.000000 4.13954000e+04
37700.000000 4.07426000e+04
37900.000000 3.99676000e+04
38100.000000 3.91130000e+04
38300.000000 3.83949000e+04
38500.000000 3.76513000e+04
38700.000000 3.69286000e+04
38900.000000 3.61964000e+04
39100.000000 3.54574000e+04
39300.000000 3.48267000e+04
39500.000000 3.41706000e+04
39700.000000 3.35284000e+04
39900.000000 3.28429000e+04
40100.000000 3.22514000e+04
40300.000000 3.16120000e+04
40500.000000 3.09101000e+04
40700.000000 3.04774000e+04
40900.000000 2.99368000e+04
41100.000000 2.93830000e+04
41300.000000 2.88540000e+04
41500.000000 2.83184000e+04
41700.000000 2.77506000e+04
41900.000000 2.73104000e+04
42100.000000 2.67773000e+04
42300.000000 2.63436000e+04
42500.000000 2.58627000e+04
42700.000000 2.54102000e+04
42900.000000 2.44676000e+04
43100.000000 2.37199000e+04
43300.000000 2.35676000e+04
43500.000000 2.26665000e+04
43700.000000 2.21754000e+04
43900.000000 2.19015000e+04
44100.000000 2.10156000e+04
44300.000000 2.08378000e+04
44500.000000 2.05025000e+04
44700.000000 1.96973000e+04
44900.000000 1.96399000e+04
45100.000000 1.92494000e+04
45300.000000 1.86539000e+04
45500.000000 1.84975000e+04
45700.000000 1.82945000e+04
45900.000000 1.76710000e+04
46100.000000 1.75813000e+04
46300.000000 1.72342000e+04
46500.000000 1.70666000e+04
46700.000000 1.68307000e+04
46900.000000 1.65354000e+04
47100.000000 1.63142000e+04
47300.000000 1.62235000e+04
47500.000000 1.58611000e+04
47700.000000 1.56403000e+04
47900.000000 1.54732000e+04
48100.000000 1.50960000e+04
48300.000000 1.50473000e+04
48500.000000 1.48089000e+04
48700.000000 1.45252000e+04
48900.000000 1.43291000e+04
49100.000000 1.41376000e+04
49300.000000 1.39123000e+04
49500.000000 1.37052000e+04
49700.000000 1.35043000e+04
49900.000000 1.33481000e+04
50100.000000 1.30729000e+04
50300.000000 1.29730000e+04
50500.000000 1.26925000e+04
50700.000000 1.25455000e+04
50900.000000 1.24179000e+04
51100.000000 1.21958000e+04
51300.000000 1.20354000e+04
51500.000000 1.18579000e+04
51700.000000 1.17859000e+04
51900.000000 1.15238000e+04
52100.000000 1.13647000e+04
52300.000000 1.12079000e+04
52500.000000 1.10905000e+04
52700.000000 1.09667000e+04
52900.000000 1.07351000e+04
53100.000000 1.06278000e+04
53300.000000 1.04694000e+04
53500.000000 1.03501000e+04
53700.000000 1.02230000e+04
53900.000000 1.00887000e+04
54100.000000 9.94671000e+03
54300.000000 9.76766000e+03
54500.000000 9.68532000e+03
54700.000000 9.55544000e+03
54900.000000 9.40233000e+03
55100.000000 9.30342000e+03
55300.000000 9.22221000e+03
55500.000000 9.02781000e+03
55700.000000 8.97827000e+03
55900.000000 8.82842000e+03
56100.000000 8.71028000e+03
56300.000000 8.59039000e+03
56500.000000 8.51457000e+03
56700.000000 8.40352000e+03
56900.000000 8.26205000e+03
57100.000000 8.18717000e+03
57300.000000 8.07975000e+03
57500.000000 7.97328000e+03
57700.000000 7.87216000e+03
57900.000000 7.78786000e+03
58100.000000 7.67340000e+03
58300.000000 7.57972000e+03
58500.000000 7.49628000e+03
58700.000000 7.38778000e+03
58900.000000 7.29925000e+03
59100.000000 7.20743000e+03
59300.000000 7.12012000e+03
59500.000000 7.02370000e+03
59700.000000 6.95230000e+03
59900.000000 6.86521000e+03
60100.000000 6.78278000e+03
60300.000000 6.69538000e+03
60500.000000 6.60600000e+03
60700.000000 6.52553000e+03
60900.000000 6.44932000e+03
61100.000000 6.36398000e+03
61300.000000 6.29244000e+03
61500.000000 6.21582000e+03
61700.000000 6.14214000e+03
61900.000000 6.06997000e+03
62100.000000 5.99518000e+03
62300.000000 5.92142000e+03
62500.000000 5.84607000e+03
62700.000000 5.77750000e+03
62900.000000 5.70349000e+03
63100.000000 5.63834000e+03
63300.000000 5.57550000e+03
63500.000000 5.50437000e+03
63700.000000 5.44396000e+03
63900.000000 5.37312000e+03
64200.000000 5.28071000e+03
64600.000000 5.15503000e+03
65000.000000 5.03480000e+03
65400.000000 4.91747000e+03
65800.000000 4.80409000e+03
66200.000000 4.69197000e+03
66600.000000 4.58465000e+03
67000.000000 4.48005000e+03
67400.000000 4.37711000e+03
67800.000000 4.27652000e+03
68200.000000 4.18188000e+03
68600.000000 4.08834000e+03
69000.000000 3.99685000e+03
69400.000000 3.90781000e+03
69800.000000 3.82201000e+03
70200.000000 3.73768000e+03
70600.000000 3.65645000e+03
71000.000000 3.57680000e+03
71400.000000 3.49974000e+03
71800.000000 3.42439000e+03
72200.000000 3.35107000e+03
72600.000000 3.27957000e+03
73000.000000 3.21051000e+03
73400.000000 3.14268000e+03
73800.000000 3.07709000e+03
74200.000000 3.01280000e+03
74600.000000 2.94585000e+03
75000.000000 2.88565000e+03
75400.000000 2.83013000e+03
75800.000000 2.77247000e+03
76200.000000 2.71613000e+03
76600.000000 2.66125000e+03
77000.000000 2.60762000e+03
77400.000000 2.55552000e+03
77800.000000 2.50442000e+03
78200.000000 2.45502000e+03
78600.000000 2.40662000e+03
79000.000000 2.35937000e+03
79400.000000 2.31331000e+03
79800.000000 2.26835000e+03
80200.000000 2.22446000e+03
80600.000000 2.18162000e+03
81000.000000 2.13991000e+03
81400.000000 2.09858000e+03
81800.000000 2.05919000e+03
82200.000000 2.02040000e+03
82600.000000 1.98244000e+03
83000.000000 1.94533000e+03
83400.000000 1.90901000e+03
83800.000000 1.87371000e+03
84200.000000 1.83916000e+03
84600.000000 1.80539000e+03
85000.000000 1.77238000e+03
85400.000000 1.74016000e+03
85800.000000 1.70862000e+03
86200.000000 1.67779000e+03
86600.000000 1.64741000e+03
87000.000000 1.61826000e+03
87400.000000 1.58918000e+03
87800.000000 1.56100000e+03
88200.000000 1.53370000e+03
88600.000000 1.50673000e+03
89000.000000 1.48043000e+03
89400.000000 1.45467000e+03
89800.000000 1.42941000e+03
90200.000000 1.40476000e+03
90600.000000 1.38068000e+03
91000.000000 1.35697000e+03
91400.000000 1.33367000e+03
91800.000000 1.31121000e+03
92200.000000 1.28904000e+03
92600.000000 1.26730000e+03
93000.000000 1.24623000e+03
93400.000000 1.22521000e+03
93800.000000 1.20451000e+03
94200.000000 1.18517000e+03
94600.000000 1.16523000e+03
95000.000000 1.14651000e+03
95400.000000 1.12773000e+03
95800.000000 1.10893000e+03
96200.000000 1.09138000e+03
96600.000000 1.07316000e+03
97000.000000 1.05648000e+03
97400.000000 1.03948000e+03
97800.000000 1.02225000e+03
98200.000000 1.00671000e+03
98600.000000 9.90730000e+02
99000.000000 9.74861000e+02
99400.000000 9.59367000e+02
99800.000000 9.44884000e+02
100200.000000 9.30150000e+02
200000.000000 6.06723000e+01
400000.000000 3.83675000e+00
600000.000000 7.57394000e-01
800000.000000 2.38894000e-01
1000000.000000 9.74825000e-02
1200000.000000 4.68296000e-02
1400000.000000 2.51813000e-02
1600000.000000 1.47069000e-02
