# Kurucz ODFNEW /NOVER, alpha: 0.0 (2003)
# teff = 8000 K (value for the effective temperature for the model. Temperatures are given in K)
# logg = 1.5 log(cm/s2) (value for Log(G) for the model.)
# lh = 1.25  (l/Hp where l is the  mixing length of the convective element and Hp is the pressure scale height)
# meta = 0.2  (value for the Metallicity for the model.)
# vtur = 2 km/s (Microturbulence velocity)
# alpha = 0  (Alpha)
#
# column 1: WAVELENGTH (ANGSTROM), Wavelength in Angstrom
# column 2: FLUX (ERG/CM2/S/A), Flux in erg/cm2/s/A
366.000000 7.19227000e-24
375.000000 9.02758000e-23
385.000000 7.35261000e-22
395.000000 5.21759000e-21
405.000000 3.34480000e-20
414.000000 1.64450000e-19
422.000000 6.38594000e-19
430.000000 2.35349000e-18
441.000000 1.30586000e-17
451.000000 5.75149000e-17
460.000000 2.06275000e-16
470.000000 8.03274000e-16
480.000000 2.94925000e-15
490.000000 1.02472000e-14
500.000000 3.38032000e-14
506.000000 6.42837000e-14
512.000000 1.30665000e-13
520.000000 3.13741000e-13
530.000000 9.15845000e-13
540.000000 2.52652000e-12
550.000000 6.70616000e-12
560.000000 1.71619000e-11
570.000000 4.24305000e-11
580.000000 9.99016000e-11
590.000000 2.35496000e-10
600.000000 5.30383000e-10
610.000000 1.16157000e-09
620.000000 2.47716000e-09
630.000000 5.15072000e-09
640.000000 1.04548000e-08
650.000000 2.07375000e-08
658.000000 3.53059000e-08
665.000000 5.56194000e-08
675.000000 1.04637000e-07
685.000000 1.93043000e-07
695.000000 3.49568000e-07
705.000000 6.11825000e-07
716.000000 1.14866000e-06
726.000000 1.97272000e-06
735.000000 1.42777000e-07
745.000000 2.25953000e-07
755.000000 3.53000000e-07
765.000000 5.44413000e-07
775.000000 8.29134000e-07
785.000000 1.24887000e-06
795.000000 1.83666000e-06
805.000000 2.71543000e-06
815.000000 3.96804000e-06
825.000000 5.71494000e-06
835.000000 8.14219000e-06
845.000000 1.15083000e-05
855.000000 1.61024000e-05
865.000000 2.23311000e-05
875.000000 3.05664000e-05
885.000000 4.18468000e-05
895.000000 5.66064000e-05
905.000000 7.53850000e-05
915.000000 4.46086000e-02
925.000000 1.39794000e-01
935.000000 1.78965000e-01
945.000000 2.37202000e-01
955.000000 3.38473000e-01
965.000000 4.45089000e-01
975.000000 5.56281000e-01
985.000000 7.09135000e-01
995.000000 8.59835000e-01
1005.000000 1.17809000e+00
1015.000000 1.49196000e+00
1025.000000 1.80511000e+00
1035.000000 2.28927000e+00
1045.000000 2.89154000e+00
1055.000000 3.58071000e+00
1065.000000 4.27440000e+00
1075.000000 5.34829000e+00
1085.000000 6.53470000e+00
1095.000000 7.71509000e+00
1105.000000 2.38405000e+01
1115.000000 7.70716000e+01
1125.000000 1.13338000e+02
1135.000000 1.54271000e+02
1145.000000 1.89085000e+02
1155.000000 2.07011000e+02
1165.000000 2.73338000e+02
1175.000000 3.08123000e+02
1185.000000 3.22986000e+02
1195.000000 1.25321000e+02
1205.000000 1.19026000e+02
1215.000000 2.57367000e+01
1225.000000 1.37933000e+02
1235.000000 3.71067000e+02
1245.000000 9.06664000e+02
1255.000000 2.13343000e+03
1265.000000 1.99490000e+03
1275.000000 4.05645000e+03
1285.000000 6.38117000e+03
1295.000000 8.05430000e+03
1305.000000 5.25246000e+03
1315.000000 1.09246000e+04
1325.000000 1.40939000e+04
1335.000000 1.42277000e+04
1345.000000 2.08500000e+04
1355.000000 2.15816000e+04
1365.000000 2.26718000e+04
1375.000000 2.54059000e+04
1385.000000 2.88425000e+04
1395.000000 3.38646000e+04
1405.000000 3.86916000e+04
1415.000000 3.78042000e+04
1425.000000 4.55034000e+04
1435.000000 4.47178000e+04
1442.000000 5.23977000e+04
1447.000000 5.97658000e+04
1455.000000 7.31188000e+04
1465.000000 7.42181000e+04
1475.000000 8.03095000e+04
1485.000000 9.23414000e+04
1495.000000 1.07062000e+05
1505.000000 1.17419000e+05
1512.000000 1.11870000e+05
1517.000000 1.27848000e+05
1525.000000 1.61049000e+05
1535.000000 1.08790000e+06
1545.000000 3.80876000e+06
1555.000000 2.97626000e+06
1565.000000 2.14804000e+06
1575.000000 3.78624000e+06
1585.000000 4.78847000e+06
1595.000000 6.62409000e+06
1605.000000 5.16740000e+06
1615.000000 4.34516000e+06
1625.000000 3.42928000e+06
1635.000000 3.77050000e+06
1645.000000 5.04919000e+06
1655.000000 2.87943000e+06
1665.000000 4.19030000e+06
1672.000000 7.54474000e+05
1677.000000 5.16710000e+06
1685.000000 7.83307000e+06
1695.000000 7.85303000e+06
1705.000000 6.42132000e+06
1715.000000 8.03611000e+06
1725.000000 8.59358000e+06
1735.000000 1.08152000e+07
1745.000000 9.48088000e+06
1755.000000 1.26472000e+07
1765.000000 9.20169000e+06
1775.000000 1.22419000e+07
1785.000000 1.01231000e+07
1795.000000 1.51264000e+07
1805.000000 1.28628000e+07
1815.000000 1.42813000e+07
1825.000000 1.21006000e+07
1835.000000 1.06661000e+07
1845.000000 9.93556000e+06
1855.000000 1.14704000e+07
1865.000000 1.25002000e+07
1875.000000 1.20896000e+07
1885.000000 1.23699000e+07
1895.000000 1.36738000e+07
1905.000000 1.20752000e+07
1915.000000 1.28483000e+07
1925.000000 1.33922000e+07
1935.000000 1.02176000e+07
1945.000000 1.43381000e+07
1955.000000 1.45191000e+07
1967.000000 1.60717000e+07
1976.000000 1.58543000e+07
1984.000000 1.51074000e+07
1995.000000 1.46602000e+07
2005.000000 1.36521000e+07
2015.000000 1.22022000e+07
2025.000000 1.19332000e+07
2035.000000 1.36547000e+07
2045.000000 1.53709000e+07
2055.000000 1.31993000e+07
2065.000000 1.25549000e+07
2074.000000 1.61474000e+07
2078.000000 1.69429000e+07
2085.000000 1.60979000e+07
2095.000000 1.49987000e+07
2105.000000 1.37989000e+07
2115.000000 1.38523000e+07
2125.000000 1.45115000e+07
2135.000000 1.05451000e+07
2145.000000 1.32170000e+07
2155.000000 1.39261000e+07
2165.000000 1.20753000e+07
2175.000000 1.21796000e+07
2185.000000 1.26396000e+07
2195.000000 1.42364000e+07
2205.000000 1.33071000e+07
2215.000000 1.08299000e+07
2225.000000 1.02343000e+07
2235.000000 1.34621000e+07
2245.000000 1.18482000e+07
2255.000000 9.97569000e+06
2265.000000 1.02175000e+07
2275.000000 1.18763000e+07
2285.000000 1.26283000e+07
2295.000000 1.13834000e+07
2305.000000 1.16968000e+07
2315.000000 1.07137000e+07
2325.000000 1.01047000e+07
2335.000000 6.96561000e+06
2345.000000 5.40120000e+06
2355.000000 9.14988000e+06
2365.000000 5.31327000e+06
2375.000000 7.37079000e+06
2385.000000 4.16843000e+06
2395.000000 5.70904000e+06
2405.000000 5.34772000e+06
2415.000000 6.89740000e+06
2425.000000 1.06748000e+07
2435.000000 1.01419000e+07
2445.000000 1.10592000e+07
2455.000000 1.09118000e+07
2465.000000 1.03380000e+07
2475.000000 9.84501000e+06
2485.000000 1.03699000e+07
2495.000000 9.84576000e+06
2505.000000 1.27757000e+07
2513.000000 9.61753000e+06
2518.000000 1.07220000e+07
2525.000000 8.62995000e+06
2535.000000 8.47172000e+06
2545.000000 8.50764000e+06
2555.000000 1.01996000e+07
2565.000000 8.81009000e+06
2575.000000 1.03133000e+07
2585.000000 9.44498000e+06
2595.000000 8.36701000e+06
2605.000000 7.33693000e+06
2615.000000 6.84514000e+06
2625.000000 8.94446000e+06
2635.000000 1.06672000e+07
2645.000000 1.54003000e+07
2655.000000 1.54908000e+07
2665.000000 1.23741000e+07
2675.000000 1.37127000e+07
2685.000000 1.31316000e+07
2695.000000 1.26925000e+07
2705.000000 1.34298000e+07
2715.000000 1.16174000e+07
2725.000000 1.18346000e+07
2735.000000 1.29177000e+07
2745.000000 7.51656000e+06
2755.000000 8.85435000e+06
2765.000000 1.01544000e+07
2775.000000 1.25514000e+07
2785.000000 1.03034000e+07
2795.000000 3.88755000e+06
2805.000000 5.12663000e+06
2815.000000 1.21949000e+07
2825.000000 1.49070000e+07
2835.000000 1.39808000e+07
2845.000000 1.34084000e+07
2855.000000 1.21476000e+07
2865.000000 1.45469000e+07
2875.000000 1.38187000e+07
2885.000000 1.43233000e+07
2895.000000 1.32891000e+07
2910.000000 1.62791000e+07
2930.000000 1.52471000e+07
2950.000000 1.51255000e+07
2970.000000 1.62904000e+07
2990.000000 1.65645000e+07
3010.000000 1.73032000e+07
3030.000000 1.70180000e+07
3050.000000 1.68300000e+07
3070.000000 1.69236000e+07
3090.000000 1.77007000e+07
3110.000000 1.68899000e+07
3130.000000 1.67355000e+07
3150.000000 1.76954000e+07
3170.000000 1.75463000e+07
3190.000000 1.62904000e+07
3210.000000 1.72437000e+07
3230.000000 1.64805000e+07
3250.000000 1.73436000e+07
3270.000000 1.75951000e+07
3290.000000 1.78583000e+07
3310.000000 1.83377000e+07
3330.000000 1.77923000e+07
3350.000000 1.75409000e+07
3370.000000 1.73011000e+07
3390.000000 1.76240000e+07
3410.000000 1.82091000e+07
3430.000000 1.84498000e+07
3450.000000 1.83115000e+07
3470.000000 1.79615000e+07
3490.000000 1.77058000e+07
3510.000000 1.84544000e+07
3530.000000 1.86722000e+07
3550.000000 1.91287000e+07
3570.000000 1.82327000e+07
3590.000000 1.82891000e+07
3610.000000 1.83891000e+07
3630.000000 1.86428000e+07
3640.000000 1.82476000e+07
3650.000000 1.91050000e+07
3670.000000 1.87907000e+07
3690.000000 1.99779000e+07
3710.000000 2.60211000e+07
3730.000000 3.62246000e+07
3750.000000 5.61752000e+07
3770.000000 5.76854000e+07
3790.000000 6.94311000e+07
3810.000000 7.65003000e+07
3830.000000 6.08385000e+07
3850.000000 7.85432000e+07
3870.000000 8.22990000e+07
3890.000000 5.84534000e+07
3910.000000 7.83394000e+07
3930.000000 6.00210000e+07
3950.000000 7.72848000e+07
3970.000000 4.96556000e+07
3990.000000 7.84193000e+07
4010.000000 7.85668000e+07
4030.000000 7.69307000e+07
4050.000000 7.63542000e+07
4070.000000 7.47482000e+07
4090.000000 7.17872000e+07
4110.000000 5.65381000e+07
4130.000000 7.25899000e+07
4150.000000 7.36419000e+07
4170.000000 7.10978000e+07
4190.000000 7.07490000e+07
4210.000000 7.00380000e+07
4230.000000 6.87204000e+07
4250.000000 6.82545000e+07
4270.000000 6.61951000e+07
4290.000000 6.70613000e+07
4310.000000 6.33923000e+07
4330.000000 5.82568000e+07
4350.000000 5.03202000e+07
4370.000000 6.43286000e+07
4390.000000 6.26120000e+07
4410.000000 6.10361000e+07
4430.000000 6.13885000e+07
4450.000000 6.14867000e+07
4470.000000 6.08113000e+07
4490.000000 6.02017000e+07
4510.000000 6.07043000e+07
4530.000000 5.86310000e+07
4550.000000 5.70321000e+07
4570.000000 5.88303000e+07
4590.000000 5.63876000e+07
4610.000000 5.82162000e+07
4630.000000 5.59289000e+07
4650.000000 5.67085000e+07
4670.000000 5.59854000e+07
4690.000000 5.46183000e+07
4710.000000 5.27375000e+07
4730.000000 5.42373000e+07
4750.000000 5.42123000e+07
4770.000000 5.31212000e+07
4790.000000 5.26539000e+07
4810.000000 5.18326000e+07
4830.000000 5.09909000e+07
4850.000000 4.51275000e+07
4870.000000 3.63579000e+07
4890.000000 4.89437000e+07
4910.000000 4.89334000e+07
4930.000000 4.76691000e+07
4950.000000 4.80827000e+07
4970.000000 4.82105000e+07
4990.000000 4.65206000e+07
5010.000000 4.46265000e+07
5030.000000 4.53370000e+07
5050.000000 4.48013000e+07
5070.000000 4.50040000e+07
5090.000000 4.44736000e+07
5110.000000 4.40396000e+07
5130.000000 4.30155000e+07
5150.000000 4.21338000e+07
5170.000000 4.11953000e+07
5190.000000 4.08602000e+07
5210.000000 4.07886000e+07
5230.000000 4.00351000e+07
5250.000000 4.05508000e+07
5270.000000 3.85995000e+07
5290.000000 3.97702000e+07
5310.000000 3.86001000e+07
5330.000000 3.79927000e+07
5350.000000 3.88516000e+07
5370.000000 3.82466000e+07
5390.000000 3.76637000e+07
5410.000000 3.69636000e+07
5430.000000 3.66880000e+07
5450.000000 3.69455000e+07
5470.000000 3.64769000e+07
5490.000000 3.62679000e+07
5510.000000 3.57284000e+07
5530.000000 3.53595000e+07
5550.000000 3.53693000e+07
5570.000000 3.48438000e+07
5590.000000 3.45744000e+07
5610.000000 3.43834000e+07
5630.000000 3.40932000e+07
5650.000000 3.34758000e+07
5670.000000 3.31158000e+07
5690.000000 3.30906000e+07
5710.000000 3.28152000e+07
5730.000000 3.26371000e+07
5750.000000 3.21973000e+07
5770.000000 3.19394000e+07
5790.000000 3.15304000e+07
5810.000000 3.12746000e+07
5830.000000 3.09573000e+07
5850.000000 3.07273000e+07
5870.000000 3.04275000e+07
5890.000000 2.97054000e+07
5910.000000 2.98132000e+07
5930.000000 2.95353000e+07
5950.000000 2.91498000e+07
5970.000000 2.89823000e+07
5990.000000 2.85339000e+07
6010.000000 2.82807000e+07
6030.000000 2.81463000e+07
6050.000000 2.78246000e+07
6070.000000 2.76548000e+07
6090.000000 2.73262000e+07
6110.000000 2.70174000e+07
6130.000000 2.66630000e+07
6150.000000 2.59440000e+07
6170.000000 2.61739000e+07
6190.000000 2.61152000e+07
6210.000000 2.59101000e+07
6230.000000 2.55285000e+07
6250.000000 2.47501000e+07
6270.000000 2.52355000e+07
6290.000000 2.49895000e+07
6310.000000 2.45125000e+07
6330.000000 2.44566000e+07
6350.000000 2.40159000e+07
6370.000000 2.38450000e+07
6390.000000 2.37799000e+07
6410.000000 2.34254000e+07
6430.000000 2.33246000e+07
6450.000000 2.27980000e+07
6470.000000 2.30110000e+07
6490.000000 2.24418000e+07
6510.000000 2.23779000e+07
6530.000000 2.21872000e+07
6550.000000 2.03299000e+07
6570.000000 1.60074000e+07
6590.000000 2.13209000e+07
6610.000000 2.14611000e+07
6630.000000 2.14098000e+07
6650.000000 2.12616000e+07
6670.000000 2.10378000e+07
6690.000000 2.08928000e+07
6710.000000 2.07266000e+07
6730.000000 2.04996000e+07
6750.000000 2.03271000e+07
6770.000000 2.02310000e+07
6790.000000 2.00254000e+07
6810.000000 1.98811000e+07
6830.000000 1.96324000e+07
6850.000000 1.95035000e+07
6870.000000 1.93709000e+07
6890.000000 1.92150000e+07
6910.000000 1.90400000e+07
6930.000000 1.88651000e+07
6950.000000 1.87232000e+07
6970.000000 1.85469000e+07
6990.000000 1.84201000e+07
7010.000000 1.81204000e+07
7030.000000 1.80807000e+07
7050.000000 1.79381000e+07
7070.000000 1.78119000e+07
7090.000000 1.76748000e+07
7110.000000 1.72096000e+07
7130.000000 1.72866000e+07
7150.000000 1.71775000e+07
7170.000000 1.70554000e+07
7190.000000 1.68769000e+07
7210.000000 1.67573000e+07
7230.000000 1.65768000e+07
7250.000000 1.64618000e+07
7270.000000 1.63856000e+07
7290.000000 1.61902000e+07
7310.000000 1.60192000e+07
7330.000000 1.59431000e+07
7350.000000 1.58425000e+07
7370.000000 1.57671000e+07
7390.000000 1.55936000e+07
7410.000000 1.54148000e+07
7430.000000 1.52248000e+07
7450.000000 1.51547000e+07
7470.000000 1.49393000e+07
7490.000000 1.49019000e+07
7510.000000 1.47973000e+07
7530.000000 1.47460000e+07
7550.000000 1.46832000e+07
7570.000000 1.45288000e+07
7590.000000 1.44451000e+07
7610.000000 1.43413000e+07
7630.000000 1.42248000e+07
7650.000000 1.40598000e+07
7670.000000 1.39411000e+07
7690.000000 1.38668000e+07
7710.000000 1.37037000e+07
7730.000000 1.36770000e+07
7750.000000 1.35638000e+07
7770.000000 1.31403000e+07
7790.000000 1.33771000e+07
7810.000000 1.32691000e+07
7830.000000 1.31216000e+07
7850.000000 1.29674000e+07
7870.000000 1.28772000e+07
7890.000000 1.27442000e+07
7910.000000 1.26943000e+07
7930.000000 1.26244000e+07
7950.000000 1.24518000e+07
7970.000000 1.24926000e+07
7990.000000 1.22089000e+07
8010.000000 1.22842000e+07
8030.000000 1.21763000e+07
8050.000000 1.21095000e+07
8070.000000 1.20016000e+07
8090.000000 1.19187000e+07
8110.000000 1.18451000e+07
8130.000000 1.17738000e+07
8150.000000 1.16860000e+07
8170.000000 1.16006000e+07
8190.000000 1.13548000e+07
8210.000000 1.13168000e+07
8230.000000 1.12335000e+07
8250.000000 1.11886000e+07
8270.000000 1.12469000e+07
8290.000000 1.11351000e+07
8310.000000 1.10330000e+07
8330.000000 1.08015000e+07
8350.000000 1.08481000e+07
8370.000000 1.06006000e+07
8390.000000 1.05716000e+07
8410.000000 1.04872000e+07
8430.000000 1.07169000e+07
8450.000000 1.04837000e+07
8470.000000 1.01249000e+07
8490.000000 1.11252000e+07
8510.000000 9.82294000e+06
8530.000000 1.13571000e+07
8550.000000 9.21848000e+06
8570.000000 1.16453000e+07
8590.000000 1.07860000e+07
8610.000000 1.04443000e+07
8630.000000 1.19508000e+07
8650.000000 1.16897000e+07
8670.000000 9.03472000e+06
8690.000000 1.16083000e+07
8710.000000 1.19702000e+07
8730.000000 1.17028000e+07
8750.000000 9.20733000e+06
8770.000000 1.13421000e+07
8790.000000 1.17109000e+07
8810.000000 1.15786000e+07
8830.000000 1.12914000e+07
8850.000000 1.07056000e+07
8870.000000 8.93403000e+06
8890.000000 1.11386000e+07
8910.000000 1.11384000e+07
8930.000000 1.10518000e+07
8950.000000 1.10908000e+07
8970.000000 1.09707000e+07
8990.000000 1.07640000e+07
9010.000000 8.81447000e+06
9030.000000 9.80437000e+06
9050.000000 1.06074000e+07
9070.000000 1.03020000e+07
9090.000000 1.01696000e+07
9110.000000 1.03424000e+07
9130.000000 1.03437000e+07
9150.000000 1.03373000e+07
9170.000000 1.02120000e+07
9190.000000 1.00333000e+07
9210.000000 9.71934000e+06
9230.000000 7.66213000e+06
9250.000000 9.37965000e+06
9270.000000 9.51590000e+06
9290.000000 9.79232000e+06
9310.000000 9.75507000e+06
9330.000000 9.65963000e+06
9350.000000 9.62309000e+06
9370.000000 9.56832000e+06
9390.000000 9.40626000e+06
9410.000000 9.12211000e+06
9430.000000 9.27876000e+06
9450.000000 9.25513000e+06
9470.000000 9.20264000e+06
9490.000000 9.15260000e+06
9510.000000 9.04166000e+06
9530.000000 8.69721000e+06
9550.000000 6.98789000e+06
9570.000000 8.66826000e+06
9590.000000 8.81156000e+06
9610.000000 8.70027000e+06
9630.000000 8.53093000e+06
9650.000000 8.63517000e+06
9670.000000 8.48467000e+06
9690.000000 8.47095000e+06
9710.000000 8.50321000e+06
9730.000000 8.43208000e+06
9750.000000 8.33451000e+06
9770.000000 8.32845000e+06
9790.000000 8.26694000e+06
9810.000000 8.19725000e+06
9830.000000 8.12650000e+06
9850.000000 8.02675000e+06
9870.000000 7.99502000e+06
9890.000000 7.90302000e+06
9910.000000 7.89686000e+06
9930.000000 7.84177000e+06
9950.000000 7.79468000e+06
9970.000000 7.77556000e+06
9990.000000 7.71351000e+06
10025.000000 7.30026000e+06
10075.000000 6.91808000e+06
10125.000000 7.27767000e+06
10175.000000 7.23580000e+06
10225.000000 7.14466000e+06
10275.000000 7.03533000e+06
10325.000000 6.88926000e+06
10375.000000 6.79537000e+06
10425.000000 6.69221000e+06
10475.000000 6.51071000e+06
10525.000000 6.42791000e+06
10575.000000 6.35313000e+06
10625.000000 6.25710000e+06
10675.000000 6.05184000e+06
10725.000000 6.02764000e+06
10775.000000 5.94717000e+06
10825.000000 5.86181000e+06
10875.000000 5.76503000e+06
10925.000000 5.12151000e+06
10975.000000 5.48655000e+06
11025.000000 5.54445000e+06
11075.000000 5.46747000e+06
11125.000000 5.37126000e+06
11175.000000 5.29585000e+06
11225.000000 5.22216000e+06
11275.000000 5.04496000e+06
11325.000000 4.97995000e+06
11375.000000 4.96771000e+06
11425.000000 4.87469000e+06
11475.000000 4.84517000e+06
11525.000000 4.77770000e+06
11575.000000 4.70108000e+06
11625.000000 4.58128000e+06
11675.000000 4.49016000e+06
11725.000000 4.50292000e+06
11775.000000 4.35798000e+06
11825.000000 4.33359000e+06
11875.000000 4.24856000e+06
11925.000000 4.25513000e+06
11975.000000 4.15662000e+06
12025.000000 4.11926000e+06
12075.000000 4.05162000e+06
12125.000000 3.99778000e+06
12175.000000 3.95408000e+06
12225.000000 3.89332000e+06
12275.000000 3.83141000e+06
12325.000000 3.78278000e+06
12375.000000 3.73628000e+06
12425.000000 3.69383000e+06
12475.000000 3.62700000e+06
12525.000000 3.58489000e+06
12575.000000 3.50998000e+06
12625.000000 3.47869000e+06
12675.000000 3.44637000e+06
12725.000000 3.40259000e+06
12775.000000 3.33261000e+06
12825.000000 2.97571000e+06
12875.000000 3.25150000e+06
12925.000000 3.22075000e+06
12975.000000 3.17897000e+06
13025.000000 3.13996000e+06
13075.000000 3.09968000e+06
13125.000000 3.05664000e+06
13175.000000 3.00289000e+06
13225.000000 2.97871000e+06
13275.000000 2.93964000e+06
13325.000000 2.90256000e+06
13375.000000 2.86489000e+06
13425.000000 2.82562000e+06
13475.000000 2.78933000e+06
13525.000000 2.74548000e+06
13575.000000 2.71139000e+06
13625.000000 2.68280000e+06
13675.000000 2.64388000e+06
13725.000000 2.59205000e+06
13775.000000 2.57803000e+06
13825.000000 2.54759000e+06
13875.000000 2.52241000e+06
13925.000000 2.48180000e+06
13975.000000 2.45635000e+06
14025.000000 2.42719000e+06
14075.000000 2.39913000e+06
14125.000000 2.36670000e+06
14175.000000 2.33840000e+06
14225.000000 2.30915000e+06
14275.000000 2.28061000e+06
14325.000000 2.25371000e+06
14375.000000 2.22839000e+06
14425.000000 2.16409000e+06
14475.000000 2.17272000e+06
14525.000000 2.12796000e+06
14570.000000 2.12283000e+06
14620.000000 2.09317000e+06
14675.000000 2.07436000e+06
14725.000000 2.04605000e+06
14775.000000 2.01428000e+06
14825.000000 1.99694000e+06
14875.000000 1.96498000e+06
14925.000000 1.95641000e+06
14975.000000 1.92858000e+06
15025.000000 1.89390000e+06
15075.000000 1.87208000e+06
15125.000000 1.85462000e+06
15175.000000 1.83424000e+06
15225.000000 1.83732000e+06
15275.000000 1.77801000e+06
15325.000000 1.76225000e+06
15375.000000 1.78268000e+06
15425.000000 1.70005000e+06
15475.000000 1.75185000e+06
15525.000000 1.74434000e+06
15575.000000 1.63330000e+06
15625.000000 1.72995000e+06
15675.000000 1.67447000e+06
15725.000000 1.58979000e+06
15775.000000 1.67677000e+06
15825.000000 1.66815000e+06
15875.000000 1.50144000e+06
15925.000000 1.62439000e+06
15975.000000 1.62870000e+06
16050.000000 1.58938000e+06
16150.000000 1.49321000e+06
16250.000000 1.54180000e+06
16350.000000 1.48847000e+06
16450.000000 1.39692000e+06
16550.000000 1.44143000e+06
16650.000000 1.41058000e+06
16750.000000 1.36304000e+06
16850.000000 1.28053000e+06
16950.000000 1.32175000e+06
17050.000000 1.29003000e+06
17150.000000 1.26674000e+06
17250.000000 1.23349000e+06
17350.000000 1.13794000e+06
17450.000000 1.17634000e+06
17550.000000 1.15831000e+06
17650.000000 1.13399000e+06
17750.000000 1.11375000e+06
17850.000000 1.08997000e+06
17950.000000 1.07245000e+06
18050.000000 1.04502000e+06
18150.000000 9.73517000e+05
18250.000000 9.98281000e+05
18350.000000 9.87598000e+05
18450.000000 9.68832000e+05
18550.000000 9.46897000e+05
18650.000000 9.29686000e+05
18750.000000 8.58008000e+05
18850.000000 8.90861000e+05
18950.000000 8.73784000e+05
19050.000000 8.62330000e+05
19150.000000 8.45612000e+05
19250.000000 8.29163000e+05
19350.000000 8.12435000e+05
19450.000000 7.53792000e+05
19550.000000 7.82443000e+05
19650.000000 7.68987000e+05
19750.000000 7.53242000e+05
19850.000000 7.40776000e+05
19950.000000 7.27216000e+05
20050.000000 7.14095000e+05
20150.000000 7.01225000e+05
20250.000000 6.88134000e+05
20350.000000 6.75420000e+05
20450.000000 6.63984000e+05
20550.000000 6.51998000e+05
20650.000000 6.39620000e+05
20750.000000 6.28544000e+05
20850.000000 6.17711000e+05
20950.000000 6.06781000e+05
21050.000000 5.95843000e+05
21150.000000 5.84108000e+05
21250.000000 5.74235000e+05
21350.000000 5.64215000e+05
21450.000000 5.55896000e+05
21550.000000 5.46149000e+05
21650.000000 5.08227000e+05
21750.000000 5.26284000e+05
21850.000000 5.18993000e+05
21950.000000 5.10717000e+05
22050.000000 5.01407000e+05
22150.000000 4.92283000e+05
22250.000000 4.85547000e+05
22350.000000 4.77456000e+05
22450.000000 4.69646000e+05
22550.000000 4.60875000e+05
22650.000000 4.54185000e+05
22750.000000 4.46831000e+05
22850.000000 4.39847000e+05
22950.000000 4.32475000e+05
23050.000000 4.26086000e+05
23150.000000 4.19221000e+05
23250.000000 4.12786000e+05
23350.000000 4.06170000e+05
23450.000000 3.99767000e+05
23550.000000 3.93458000e+05
23650.000000 3.87168000e+05
23750.000000 3.81116000e+05
23850.000000 3.75026000e+05
23950.000000 3.69070000e+05
24050.000000 3.62698000e+05
24150.000000 3.56490000e+05
24250.000000 3.53851000e+05
24350.000000 3.45518000e+05
24450.000000 3.39597000e+05
24550.000000 3.37967000e+05
24650.000000 3.30537000e+05
24750.000000 3.25756000e+05
24850.000000 3.24592000e+05
24950.000000 3.10176000e+05
25050.000000 3.15929000e+05
25150.000000 3.11409000e+05
25250.000000 2.95498000e+05
25350.000000 3.02352000e+05
25450.000000 2.98707000e+05
25550.000000 2.93522000e+05
25650.000000 2.76923000e+05
25750.000000 2.85606000e+05
25850.000000 2.81788000e+05
25950.000000 2.78563000e+05
26050.000000 2.72897000e+05
26150.000000 2.57052000e+05
26250.000000 2.51281000e+05
26350.000000 2.62188000e+05
26450.000000 2.59946000e+05
26550.000000 2.56067000e+05
26650.000000 2.51412000e+05
26750.000000 2.35289000e+05
26850.000000 2.44927000e+05
26950.000000 2.42360000e+05
27050.000000 2.38759000e+05
27150.000000 2.35721000e+05
27250.000000 2.32436000e+05
27350.000000 2.29209000e+05
27450.000000 2.25932000e+05
27550.000000 2.12050000e+05
27650.000000 2.16871000e+05
27750.000000 2.16925000e+05
27850.000000 2.14049000e+05
27950.000000 2.11203000e+05
28050.000000 2.08345000e+05
28150.000000 2.05522000e+05
28250.000000 2.02767000e+05
28350.000000 2.00125000e+05
28450.000000 1.97263000e+05
28550.000000 1.94839000e+05
28650.000000 1.90989000e+05
28750.000000 1.79682000e+05
28850.000000 1.86943000e+05
28950.000000 1.84552000e+05
29050.000000 1.82418000e+05
29150.000000 1.79710000e+05
29250.000000 1.77655000e+05
29350.000000 1.75419000e+05
29450.000000 1.73170000e+05
29550.000000 1.70973000e+05
29650.000000 1.68789000e+05
29750.000000 1.66635000e+05
29850.000000 1.64543000e+05
29950.000000 1.62413000e+05
30050.000000 1.60349000e+05
30150.000000 1.58309000e+05
30250.000000 1.56297000e+05
30350.000000 1.48148000e+05
30450.000000 1.49773000e+05
30550.000000 1.50550000e+05
30650.000000 1.48743000e+05
30750.000000 1.46893000e+05
30850.000000 1.44830000e+05
30950.000000 1.43254000e+05
31050.000000 1.41470000e+05
31150.000000 1.39588000e+05
31250.000000 1.38010000e+05
31350.000000 1.36368000e+05
31450.000000 1.34668000e+05
31550.000000 1.33210000e+05
31650.000000 1.31659000e+05
31750.000000 1.29956000e+05
31850.000000 1.28536000e+05
31950.000000 1.26980000e+05
32100.000000 1.24732000e+05
32300.000000 1.21845000e+05
32500.000000 1.19005000e+05
32700.000000 1.16226000e+05
32900.000000 1.09899000e+05
33100.000000 1.10061000e+05
33300.000000 1.07982000e+05
33500.000000 1.05639000e+05
33700.000000 1.03108000e+05
33900.000000 1.00862000e+05
34100.000000 9.86525000e+04
34300.000000 9.65704000e+04
34500.000000 9.45329000e+04
34700.000000 9.24608000e+04
34900.000000 9.04514000e+04
35100.000000 8.85185000e+04
35300.000000 8.66173000e+04
35500.000000 8.46845000e+04
35700.000000 8.27777000e+04
35900.000000 8.14341000e+04
36100.000000 7.92247000e+04
36300.000000 7.81254000e+04
36500.000000 7.58294000e+04
36700.000000 7.49632000e+04
36900.000000 7.24513000e+04
37100.000000 7.18885000e+04
37300.000000 6.96168000e+04
37500.000000 6.67169000e+04
37700.000000 6.76623000e+04
37900.000000 6.63888000e+04
38100.000000 6.42143000e+04
38300.000000 6.33143000e+04
38500.000000 6.25769000e+04
38700.000000 6.12752000e+04
38900.000000 6.00393000e+04
39100.000000 5.75539000e+04
39300.000000 5.78769000e+04
39500.000000 5.68239000e+04
39700.000000 5.57700000e+04
39900.000000 5.45970000e+04
40100.000000 5.30557000e+04
40300.000000 5.15585000e+04
40500.000000 5.01961000e+04
40700.000000 5.06342000e+04
40900.000000 4.96763000e+04
41100.000000 4.88104000e+04
41300.000000 4.79037000e+04
41500.000000 4.69772000e+04
41700.000000 4.47749000e+04
41900.000000 4.52433000e+04
42100.000000 4.44276000e+04
42300.000000 4.36801000e+04
42500.000000 4.28882000e+04
42700.000000 4.21217000e+04
42900.000000 4.13675000e+04
43100.000000 4.06276000e+04
43300.000000 3.99035000e+04
43500.000000 3.92010000e+04
43700.000000 3.74739000e+04
43900.000000 3.76845000e+04
44100.000000 3.71594000e+04
44300.000000 3.65271000e+04
44500.000000 3.58913000e+04
44700.000000 3.53540000e+04
44900.000000 3.46660000e+04
45100.000000 3.40870000e+04
45300.000000 3.35021000e+04
45500.000000 3.29426000e+04
45700.000000 3.23789000e+04
45900.000000 3.18309000e+04
46100.000000 3.13124000e+04
46300.000000 3.07683000e+04
46500.000000 2.93874000e+04
46700.000000 2.88650000e+04
46900.000000 2.92360000e+04
47100.000000 2.88099000e+04
47300.000000 2.83496000e+04
47500.000000 2.78726000e+04
47700.000000 2.74274000e+04
47900.000000 2.69936000e+04
48100.000000 2.65595000e+04
48300.000000 2.61478000e+04
48500.000000 2.57116000e+04
48700.000000 2.53277000e+04
48900.000000 2.49036000e+04
49100.000000 2.45323000e+04
49300.000000 2.41136000e+04
49500.000000 2.37915000e+04
49700.000000 2.33411000e+04
49900.000000 2.30591000e+04
50100.000000 2.26997000e+04
50300.000000 2.22516000e+04
50500.000000 2.20225000e+04
50700.000000 2.16864000e+04
50900.000000 2.12109000e+04
51100.000000 2.09991000e+04
51300.000000 2.01070000e+04
51500.000000 2.03872000e+04
51700.000000 1.99183000e+04
51900.000000 1.98070000e+04
52100.000000 1.95206000e+04
52300.000000 1.92325000e+04
52500.000000 1.89099000e+04
52700.000000 1.84588000e+04
52900.000000 1.84137000e+04
53100.000000 1.81670000e+04
53300.000000 1.79023000e+04
53500.000000 1.76371000e+04
53700.000000 1.71924000e+04
53900.000000 1.69730000e+04
54100.000000 1.68915000e+04
54300.000000 1.66485000e+04
54500.000000 1.64124000e+04
54700.000000 1.61767000e+04
54900.000000 1.59528000e+04
55100.000000 1.56821000e+04
55300.000000 1.51833000e+04
55500.000000 1.52844000e+04
55700.000000 1.50729000e+04
55900.000000 1.48567000e+04
56100.000000 1.46588000e+04
56300.000000 1.44597000e+04
56500.000000 1.42620000e+04
56700.000000 1.40654000e+04
56900.000000 1.38643000e+04
57100.000000 1.33375000e+04
57300.000000 1.34798000e+04
57500.000000 1.33178000e+04
57700.000000 1.31386000e+04
57900.000000 1.29603000e+04
58100.000000 1.27897000e+04
58300.000000 1.26101000e+04
58500.000000 1.24459000e+04
58700.000000 1.22782000e+04
58900.000000 1.20928000e+04
59100.000000 1.15991000e+04
59300.000000 1.17835000e+04
59500.000000 1.13500000e+04
59700.000000 1.14306000e+04
59900.000000 1.13470000e+04
60100.000000 1.12038000e+04
60300.000000 1.10612000e+04
60500.000000 1.09193000e+04
60700.000000 1.07789000e+04
60900.000000 1.06412000e+04
61100.000000 1.05020000e+04
61300.000000 1.03734000e+04
61500.000000 1.02423000e+04
61700.000000 1.01137000e+04
61900.000000 9.98553000e+03
62100.000000 9.86074000e+03
62300.000000 9.73444000e+03
62500.000000 9.61351000e+03
62700.000000 9.48280000e+03
62900.000000 9.09818000e+03
63100.000000 9.23891000e+03
63300.000000 9.14612000e+03
63500.000000 9.03366000e+03
63700.000000 8.92791000e+03
63900.000000 8.81555000e+03
64200.000000 8.65895000e+03
64600.000000 8.44914000e+03
65000.000000 8.24480000e+03
65400.000000 8.06234000e+03
65800.000000 7.86360000e+03
66200.000000 7.67980000e+03
66600.000000 7.50527000e+03
67000.000000 7.33233000e+03
67400.000000 7.14356000e+03
67800.000000 6.88127000e+03
68200.000000 6.81852000e+03
68600.000000 6.68865000e+03
69000.000000 6.53694000e+03
69400.000000 6.36325000e+03
69800.000000 6.24784000e+03
70200.000000 6.11133000e+03
70600.000000 5.97433000e+03
71000.000000 5.81386000e+03
71400.000000 5.71757000e+03
71800.000000 5.59375000e+03
72200.000000 5.46994000e+03
72600.000000 5.31805000e+03
73000.000000 5.23844000e+03
73400.000000 5.13025000e+03
73800.000000 5.01751000e+03
74200.000000 4.90321000e+03
74600.000000 4.71964000e+03
75000.000000 4.54922000e+03
75400.000000 4.60061000e+03
75800.000000 4.51179000e+03
76200.000000 4.42075000e+03
76600.000000 4.33092000e+03
77000.000000 4.24874000e+03
77400.000000 4.15740000e+03
77800.000000 4.02918000e+03
78200.000000 3.99558000e+03
78600.000000 3.92190000e+03
79000.000000 3.84450000e+03
79400.000000 3.76887000e+03
79800.000000 3.69504000e+03
80200.000000 3.62272000e+03
80600.000000 3.55258000e+03
81000.000000 3.48353000e+03
81400.000000 3.37063000e+03
81800.000000 3.34078000e+03
82200.000000 3.28839000e+03
82600.000000 3.22658000e+03
83000.000000 3.16471000e+03
83400.000000 3.10540000e+03
83800.000000 3.04487000e+03
84200.000000 2.99087000e+03
84600.000000 2.93623000e+03
85000.000000 2.88035000e+03
85400.000000 2.82972000e+03
85800.000000 2.77495000e+03
86200.000000 2.72669000e+03
86600.000000 2.63173000e+03
87000.000000 2.62616000e+03
87400.000000 2.55572000e+03
87800.000000 2.51284000e+03
88200.000000 2.49189000e+03
88600.000000 2.44314000e+03
89000.000000 2.40472000e+03
89400.000000 2.36303000e+03
89800.000000 2.32161000e+03
90200.000000 2.28051000e+03
90600.000000 2.23655000e+03
91000.000000 2.20306000e+03
91400.000000 2.16533000e+03
91800.000000 2.12861000e+03
92200.000000 2.09175000e+03
92600.000000 2.04683000e+03
93000.000000 2.02172000e+03
93400.000000 1.98778000e+03
93800.000000 1.92025000e+03
94200.000000 1.91680000e+03
94600.000000 1.89069000e+03
95000.000000 1.85430000e+03
95400.000000 1.82107000e+03
95800.000000 1.79912000e+03
96200.000000 1.76958000e+03
96600.000000 1.74102000e+03
97000.000000 1.71284000e+03
97400.000000 1.68494000e+03
97800.000000 1.65807000e+03
98200.000000 1.62892000e+03
98600.000000 1.59434000e+03
99000.000000 1.58014000e+03
99400.000000 1.55517000e+03
99800.000000 1.53048000e+03
100200.000000 1.50650000e+03
200000.000000 9.67159000e+01
400000.000000 6.01967000e+00
600000.000000 1.17854000e+00
800000.000000 3.69889000e-01
1000000.000000 1.50424000e-01
1200000.000000 7.20940000e-02
1400000.000000 3.87032000e-02
1600000.000000 2.25773000e-02
