# Kurucz ODFNEW /NOVER, alpha: 0.0 (2003)
# teff = 48000 K (value for the effective temperature for the model. Temperatures are given in K)
# logg = 4.5 log(cm/s2) (value for Log(G) for the model.)
# lh = 1.25  (l/Hp where l is the  mixing length of the convective element and Hp is the pressure scale height)
# meta = -2  (value for the Metallicity for the model.)
# vtur = 2 km/s (Microturbulence velocity)
# alpha = 0  (Alpha)
#
# column 1: WAVELENGTH (ANGSTROM), Wavelength in Angstrom
# column 2: FLUX (ERG/CM2/S/A), Flux in erg/cm2/s/A
147.200000 2.38231000e+03
151.000000 4.17391000e+03
155.200000 7.49782000e+03
158.800000 1.20985000e+04
162.000000 1.82508000e+04
166.000000 2.97927000e+04
170.300000 4.90388000e+04
173.400000 6.92890000e+04
176.800000 1.00116000e+05
180.200000 1.42492000e+05
181.700000 1.64750000e+05
186.100000 2.54690000e+05
191.000000 4.01255000e+05
193.900000 5.20627000e+05
198.400000 7.65498000e+05
201.800000 1.01270000e+06
205.000000 1.30773000e+06
210.500000 1.98957000e+06
216.200000 3.00264000e+06
219.800000 3.85143000e+06
223.000000 4.76584000e+06
226.800000 6.08434000e+06
230.000000 2.01497000e+08
234.000000 2.58542000e+09
240.000000 2.49204000e+10
246.500000 9.59025000e+10
252.400000 1.67822000e+11
256.800000 1.22828000e+11
260.000000 2.42573000e+11
264.000000 2.99995000e+11
268.500000 3.12071000e+11
273.500000 3.49436000e+11
278.500000 3.48911000e+11
284.000000 3.77584000e+11
290.000000 4.03710000e+11
296.000000 3.55970000e+11
301.000000 1.78350000e+11
308.000000 2.23038000e+11
318.000000 3.17246000e+11
328.000000 3.29141000e+11
338.000000 3.09812000e+11
348.000000 3.04419000e+11
357.000000 3.41882000e+11
366.000000 3.63748000e+11
375.000000 3.62946000e+11
385.000000 3.18285000e+11
395.000000 3.53948000e+11
405.000000 3.70815000e+11
414.000000 3.69155000e+11
422.000000 3.55122000e+11
430.000000 3.51098000e+11
441.000000 3.63730000e+11
451.000000 3.60484000e+11
460.000000 3.44861000e+11
470.000000 3.38101000e+11
480.000000 3.40021000e+11
490.000000 3.23099000e+11
500.000000 3.29653000e+11
506.000000 3.11950000e+11
512.000000 3.28667000e+11
520.000000 3.19983000e+11
530.000000 3.13977000e+11
540.000000 2.92159000e+11
550.000000 2.77634000e+11
560.000000 2.92542000e+11
570.000000 2.89522000e+11
580.000000 2.81315000e+11
590.000000 2.78440000e+11
600.000000 2.67530000e+11
610.000000 2.53222000e+11
620.000000 2.57046000e+11
630.000000 2.47375000e+11
640.000000 2.47624000e+11
650.000000 2.39564000e+11
658.000000 2.30468000e+11
665.000000 2.33879000e+11
675.000000 2.29515000e+11
685.000000 2.18446000e+11
695.000000 2.20301000e+11
705.000000 2.08555000e+11
716.000000 2.09839000e+11
726.000000 2.06764000e+11
735.000000 2.02770000e+11
745.000000 1.97275000e+11
755.000000 1.91958000e+11
765.000000 1.84366000e+11
775.000000 1.84355000e+11
785.000000 1.78716000e+11
795.000000 1.75810000e+11
805.000000 1.73550000e+11
815.000000 1.70032000e+11
825.000000 1.67009000e+11
835.000000 1.59202000e+11
845.000000 1.59856000e+11
855.000000 1.55273000e+11
865.000000 1.53713000e+11
875.000000 1.51056000e+11
885.000000 1.47551000e+11
895.000000 1.44437000e+11
905.000000 1.40232000e+11
915.000000 1.08147000e+11
925.000000 1.71892000e+11
935.000000 2.06609000e+11
945.000000 2.33422000e+11
955.000000 2.43744000e+11
965.000000 2.57380000e+11
975.000000 2.17820000e+11
985.000000 2.42643000e+11
995.000000 2.26275000e+11
1005.000000 2.31735000e+11
1015.000000 2.25615000e+11
1025.000000 1.94345000e+11
1035.000000 2.15689000e+11
1045.000000 2.11902000e+11
1055.000000 2.06757000e+11
1065.000000 1.99949000e+11
1075.000000 1.96178000e+11
1085.000000 1.85148000e+11
1095.000000 1.86947000e+11
1105.000000 1.81669000e+11
1115.000000 1.76943000e+11
1125.000000 1.71650000e+11
1135.000000 1.69484000e+11
1145.000000 1.65416000e+11
1155.000000 1.60805000e+11
1165.000000 1.56265000e+11
1175.000000 1.48694000e+11
1185.000000 1.49836000e+11
1195.000000 1.45642000e+11
1205.000000 1.42584000e+11
1215.000000 1.22383000e+11
1225.000000 1.35930000e+11
1235.000000 1.31493000e+11
1245.000000 1.28504000e+11
1255.000000 1.27041000e+11
1265.000000 1.24143000e+11
1275.000000 1.21309000e+11
1285.000000 1.18516000e+11
1295.000000 1.15926000e+11
1305.000000 1.13086000e+11
1315.000000 1.10605000e+11
1325.000000 1.07912000e+11
1335.000000 1.05748000e+11
1345.000000 1.03554000e+11
1355.000000 1.00878000e+11
1365.000000 9.81986000e+10
1375.000000 9.52990000e+10
1385.000000 9.41340000e+10
1395.000000 9.17380000e+10
1405.000000 8.90418000e+10
1415.000000 8.85083000e+10
1425.000000 8.65506000e+10
1435.000000 8.49314000e+10
1442.000000 8.31051000e+10
1447.000000 8.23842000e+10
1455.000000 8.09167000e+10
1465.000000 7.92927000e+10
1475.000000 7.79407000e+10
1485.000000 7.66451000e+10
1495.000000 7.49961000e+10
1505.000000 7.35421000e+10
1512.000000 7.25562000e+10
1517.000000 7.16760000e+10
1525.000000 7.06311000e+10
1535.000000 6.90503000e+10
1545.000000 6.62134000e+10
1555.000000 6.50233000e+10
1565.000000 6.49672000e+10
1575.000000 6.37985000e+10
1585.000000 6.24367000e+10
1595.000000 6.12698000e+10
1605.000000 5.99632000e+10
1615.000000 5.88300000e+10
1625.000000 5.75503000e+10
1635.000000 5.57352000e+10
1645.000000 5.27820000e+10
1655.000000 5.45049000e+10
1665.000000 5.35247000e+10
1672.000000 5.26381000e+10
1677.000000 5.23234000e+10
1685.000000 5.15451000e+10
1695.000000 5.05964000e+10
1705.000000 4.96198000e+10
1715.000000 4.82551000e+10
1725.000000 4.76592000e+10
1735.000000 4.69563000e+10
1745.000000 4.60781000e+10
1755.000000 4.52243000e+10
1765.000000 4.44230000e+10
1775.000000 4.36226000e+10
1785.000000 4.28372000e+10
1795.000000 4.20561000e+10
1805.000000 4.13058000e+10
1815.000000 4.05694000e+10
1825.000000 3.98500000e+10
1835.000000 3.91473000e+10
1845.000000 3.84584000e+10
1855.000000 3.77778000e+10
1865.000000 3.71192000e+10
1875.000000 3.64736000e+10
1885.000000 3.58395000e+10
1895.000000 3.52325000e+10
1905.000000 3.46279000e+10
1915.000000 3.40340000e+10
1925.000000 3.34272000e+10
1935.000000 3.28874000e+10
1945.000000 3.23300000e+10
1955.000000 3.17852000e+10
1967.000000 3.11474000e+10
1976.000000 3.06742000e+10
1984.000000 3.02713000e+10
1995.000000 2.97169000e+10
2005.000000 2.92301000e+10
2015.000000 2.87495000e+10
2025.000000 2.82789000e+10
2035.000000 2.78170000e+10
2045.000000 2.73483000e+10
2055.000000 2.13788000e+10
2065.000000 2.06042000e+10
2074.000000 2.08996000e+10
2078.000000 2.13139000e+10
2085.000000 2.26043000e+10
2095.000000 2.46019000e+10
2105.000000 2.48210000e+10
2115.000000 2.45018000e+10
2125.000000 2.41265000e+10
2135.000000 2.37052000e+10
2145.000000 2.33717000e+10
2155.000000 2.33564000e+10
2165.000000 2.25127000e+10
2175.000000 2.27744000e+10
2185.000000 2.18262000e+10
2195.000000 2.20719000e+10
2205.000000 2.17575000e+10
2215.000000 2.08274000e+10
2225.000000 2.10987000e+10
2235.000000 2.07829000e+10
2245.000000 2.04591000e+10
2255.000000 1.96172000e+10
2265.000000 1.98571000e+10
2275.000000 1.95614000e+10
2285.000000 1.92671000e+10
2295.000000 1.89115000e+10
2305.000000 1.82174000e+10
2315.000000 1.84153000e+10
2325.000000 1.81569000e+10
2335.000000 1.78911000e+10
2345.000000 1.76300000e+10
2355.000000 1.73746000e+10
2365.000000 1.71229000e+10
2375.000000 1.68748000e+10
2385.000000 1.62084000e+10
2395.000000 1.63853000e+10
2405.000000 1.61549000e+10
2415.000000 1.59271000e+10
2425.000000 1.57050000e+10
2435.000000 1.54822000e+10
2445.000000 1.52645000e+10
2455.000000 1.50454000e+10
2465.000000 1.48398000e+10
2475.000000 1.46341000e+10
2485.000000 1.44293000e+10
2495.000000 1.40645000e+10
2505.000000 1.39945000e+10
2513.000000 1.31103000e+10
2518.000000 1.37636000e+10
2525.000000 1.36354000e+10
2535.000000 1.34659000e+10
2545.000000 1.32823000e+10
2555.000000 1.31024000e+10
2565.000000 1.29254000e+10
2575.000000 1.27513000e+10
2585.000000 1.25790000e+10
2595.000000 1.24056000e+10
2605.000000 1.22467000e+10
2615.000000 1.20811000e+10
2625.000000 1.19236000e+10
2635.000000 1.17660000e+10
2645.000000 1.16109000e+10
2655.000000 1.14584000e+10
2665.000000 1.13084000e+10
2675.000000 1.11577000e+10
2685.000000 1.10157000e+10
2695.000000 1.08718000e+10
2705.000000 1.07324000e+10
2715.000000 1.05942000e+10
2725.000000 1.04562000e+10
2735.000000 1.00681000e+10
2745.000000 1.01924000e+10
2755.000000 1.00630000e+10
2765.000000 9.93413000e+09
2775.000000 9.80982000e+09
2785.000000 9.68608000e+09
2795.000000 9.56384000e+09
2805.000000 9.44454000e+09
2815.000000 9.32669000e+09
2825.000000 9.20885000e+09
2835.000000 9.09619000e+09
2845.000000 8.98395000e+09
2855.000000 8.87306000e+09
2865.000000 8.76395000e+09
2875.000000 8.65660000e+09
2885.000000 8.55098000e+09
2895.000000 8.44661000e+09
2910.000000 8.29347000e+09
2930.000000 8.09418000e+09
2950.000000 7.89995000e+09
2970.000000 7.71320000e+09
2990.000000 7.53029000e+09
3010.000000 7.35446000e+09
3030.000000 7.18219000e+09
3050.000000 7.01581000e+09
3070.000000 6.85235000e+09
3090.000000 6.69804000e+09
3110.000000 6.54518000e+09
3130.000000 6.39681000e+09
3150.000000 6.25320000e+09
3170.000000 6.11268000e+09
3190.000000 5.97408000e+09
3210.000000 5.76423000e+09
3230.000000 5.71545000e+09
3250.000000 5.59040000e+09
3270.000000 5.46620000e+09
3290.000000 5.34948000e+09
3310.000000 5.23414000e+09
3330.000000 5.12185000e+09
3350.000000 5.01187000e+09
3370.000000 4.90612000e+09
3390.000000 4.80218000e+09
3410.000000 4.70098000e+09
3430.000000 4.60373000e+09
3450.000000 4.50746000e+09
3470.000000 4.41466000e+09
3490.000000 4.32369000e+09
3510.000000 4.23542000e+09
3530.000000 4.14886000e+09
3550.000000 4.06458000e+09
3570.000000 3.98281000e+09
3590.000000 3.90231000e+09
3610.000000 3.82479000e+09
3630.000000 3.74788000e+09
3640.000000 3.64230000e+09
3650.000000 3.33394000e+09
3670.000000 3.27253000e+09
3690.000000 3.21999000e+09
3710.000000 3.19002000e+09
3730.000000 3.17432000e+09
3750.000000 3.18690000e+09
3770.000000 3.18684000e+09
3790.000000 3.18450000e+09
3810.000000 3.17685000e+09
3830.000000 3.03615000e+09
3850.000000 3.08958000e+09
3870.000000 3.06225000e+09
3890.000000 2.84661000e+09
3910.000000 2.95655000e+09
3930.000000 2.88433000e+09
3950.000000 2.85254000e+09
3970.000000 2.63887000e+09
3990.000000 2.74689000e+09
4010.000000 2.70550000e+09
4030.000000 2.61747000e+09
4050.000000 2.60983000e+09
4070.000000 2.56264000e+09
4090.000000 2.47863000e+09
4110.000000 2.34663000e+09
4130.000000 2.42577000e+09
4150.000000 2.38429000e+09
4170.000000 2.34263000e+09
4190.000000 2.29371000e+09
4210.000000 2.23392000e+09
4230.000000 2.22190000e+09
4250.000000 2.18331000e+09
4270.000000 2.14555000e+09
4290.000000 2.10881000e+09
4310.000000 2.07224000e+09
4330.000000 1.99403000e+09
4350.000000 1.91525000e+09
4370.000000 1.96740000e+09
4390.000000 1.93434000e+09
4410.000000 1.90309000e+09
4430.000000 1.87124000e+09
4450.000000 1.84019000e+09
4470.000000 1.80445000e+09
4490.000000 1.77985000e+09
4510.000000 1.75058000e+09
4530.000000 1.72005000e+09
4550.000000 1.66964000e+09
4570.000000 1.66637000e+09
4590.000000 1.63943000e+09
4610.000000 1.61302000e+09
4630.000000 1.58704000e+09
4650.000000 1.56126000e+09
4670.000000 1.53576000e+09
4690.000000 1.46891000e+09
4710.000000 1.48798000e+09
4730.000000 1.46530000e+09
4750.000000 1.44235000e+09
4770.000000 1.41983000e+09
4790.000000 1.39775000e+09
4810.000000 1.37611000e+09
4830.000000 1.35463000e+09
4850.000000 1.31378000e+09
4870.000000 1.24960000e+09
4890.000000 1.29236000e+09
4910.000000 1.27396000e+09
4930.000000 1.25326000e+09
4950.000000 1.23579000e+09
4970.000000 1.21722000e+09
4990.000000 1.19901000e+09
5010.000000 1.18045000e+09
5030.000000 1.16359000e+09
5050.000000 1.14625000e+09
5070.000000 1.12946000e+09
5090.000000 1.11287000e+09
5110.000000 1.09658000e+09
5130.000000 1.08059000e+09
5150.000000 1.06488000e+09
5170.000000 1.04946000e+09
5190.000000 1.03432000e+09
5210.000000 1.01944000e+09
5230.000000 1.00485000e+09
5250.000000 9.90493000e+08
5270.000000 9.76396000e+08
5290.000000 9.62566000e+08
5310.000000 9.48968000e+08
5330.000000 9.35614000e+08
5350.000000 9.22485000e+08
5370.000000 9.09591000e+08
5390.000000 8.96914000e+08
5410.000000 8.70730000e+08
5430.000000 8.72211000e+08
5450.000000 8.60203000e+08
5470.000000 8.48384000e+08
5490.000000 8.36764000e+08
5510.000000 8.25340000e+08
5530.000000 8.14121000e+08
5550.000000 8.03090000e+08
5570.000000 7.92233000e+08
5590.000000 7.81523000e+08
5610.000000 7.71089000e+08
5630.000000 7.60771000e+08
5650.000000 7.50627000e+08
5670.000000 7.40653000e+08
5690.000000 7.22877000e+08
5710.000000 6.78987000e+08
5730.000000 6.70331000e+08
5750.000000 6.61825000e+08
5770.000000 6.53567000e+08
5790.000000 6.45756000e+08
5810.000000 6.38360000e+08
5830.000000 6.32103000e+08
5850.000000 6.26336000e+08
5870.000000 6.19243000e+08
5890.000000 6.15946000e+08
5910.000000 6.11418000e+08
5930.000000 6.07397000e+08
5950.000000 6.03970000e+08
5970.000000 6.00564000e+08
5990.000000 5.97757000e+08
6010.000000 5.91824000e+08
6030.000000 5.85688000e+08
6050.000000 5.79969000e+08
6070.000000 5.72115000e+08
6090.000000 5.65773000e+08
6110.000000 5.58261000e+08
6130.000000 5.51386000e+08
6150.000000 5.45395000e+08
6170.000000 5.36808000e+08
6190.000000 5.32017000e+08
6210.000000 5.25616000e+08
6230.000000 5.17103000e+08
6250.000000 5.12535000e+08
6270.000000 5.06731000e+08
6290.000000 5.00619000e+08
6310.000000 4.91736000e+08
6330.000000 4.88492000e+08
6350.000000 4.82851000e+08
6370.000000 4.77103000e+08
6390.000000 4.71252000e+08
6410.000000 4.62292000e+08
6430.000000 4.60350000e+08
6450.000000 4.54937000e+08
6470.000000 4.49600000e+08
6490.000000 4.44338000e+08
6510.000000 4.38980000e+08
6530.000000 4.29634000e+08
6550.000000 4.25091000e+08
6570.000000 4.01770000e+08
6590.000000 4.18723000e+08
6610.000000 4.14339000e+08
6630.000000 4.09589000e+08
6650.000000 4.04906000e+08
6670.000000 3.99450000e+08
6690.000000 3.91030000e+08
6710.000000 3.91237000e+08
6730.000000 3.86828000e+08
6750.000000 3.82464000e+08
6770.000000 3.78160000e+08
6790.000000 3.73926000e+08
6810.000000 3.69743000e+08
6830.000000 3.65618000e+08
6850.000000 3.61551000e+08
6870.000000 3.57541000e+08
6890.000000 3.49176000e+08
6910.000000 3.49548000e+08
6930.000000 3.45847000e+08
6950.000000 3.42049000e+08
6970.000000 3.38314000e+08
6990.000000 3.34622000e+08
7010.000000 3.30983000e+08
7030.000000 3.27387000e+08
7050.000000 3.23850000e+08
7070.000000 3.19925000e+08
7090.000000 3.16908000e+08
7110.000000 3.13503000e+08
7130.000000 3.10146000e+08
7150.000000 3.06837000e+08
7170.000000 3.00914000e+08
7190.000000 2.98878000e+08
7210.000000 2.97171000e+08
7230.000000 2.94030000e+08
7250.000000 2.90934000e+08
7270.000000 2.87874000e+08
7290.000000 2.84758000e+08
7310.000000 2.81884000e+08
7330.000000 2.78945000e+08
7350.000000 2.76042000e+08
7370.000000 2.73179000e+08
7390.000000 2.70357000e+08
7410.000000 2.67569000e+08
7430.000000 2.64813000e+08
7450.000000 2.62097000e+08
7470.000000 2.59413000e+08
7490.000000 2.56760000e+08
7510.000000 2.54145000e+08
7530.000000 2.51568000e+08
7550.000000 2.49014000e+08
7570.000000 2.46497000e+08
7590.000000 2.40694000e+08
7610.000000 2.41375000e+08
7630.000000 2.39134000e+08
7650.000000 2.36740000e+08
7670.000000 2.34380000e+08
7690.000000 2.32041000e+08
7710.000000 2.29736000e+08
7730.000000 2.27458000e+08
7750.000000 2.25213000e+08
7770.000000 2.22994000e+08
7790.000000 2.20801000e+08
7810.000000 2.18634000e+08
7830.000000 2.16493000e+08
7850.000000 2.14382000e+08
7870.000000 2.12296000e+08
7890.000000 2.10229000e+08
7910.000000 2.08192000e+08
7930.000000 2.06179000e+08
7950.000000 2.04195000e+08
7970.000000 2.02228000e+08
7990.000000 2.00285000e+08
8010.000000 1.98370000e+08
8030.000000 1.96471000e+08
8050.000000 1.94601000e+08
8070.000000 1.92747000e+08
8090.000000 1.90920000e+08
8110.000000 1.89115000e+08
8130.000000 1.87331000e+08
8150.000000 1.85561000e+08
8170.000000 1.83819000e+08
8190.000000 1.81394000e+08
8210.000000 1.73704000e+08
8230.000000 1.71237000e+08
8250.000000 1.70380000e+08
8270.000000 1.68989000e+08
8290.000000 1.67468000e+08
8310.000000 1.65954000e+08
8330.000000 1.64457000e+08
8350.000000 1.62990000e+08
8370.000000 1.61556000e+08
8390.000000 1.60149000e+08
8410.000000 1.58808000e+08
8430.000000 1.57483000e+08
8450.000000 1.56168000e+08
8470.000000 1.54912000e+08
8490.000000 1.53728000e+08
8510.000000 1.52491000e+08
8530.000000 1.51379000e+08
8550.000000 1.50089000e+08
8570.000000 1.49158000e+08
8590.000000 1.47842000e+08
8610.000000 1.46729000e+08
8630.000000 1.45984000e+08
8650.000000 1.44776000e+08
8670.000000 1.43041000e+08
8690.000000 1.42927000e+08
8710.000000 1.42108000e+08
8730.000000 1.40943000e+08
8750.000000 1.38208000e+08
8770.000000 1.38700000e+08
8790.000000 1.38362000e+08
8810.000000 1.37512000e+08
8830.000000 1.36474000e+08
8850.000000 1.34011000e+08
8870.000000 1.30879000e+08
8890.000000 1.32722000e+08
8910.000000 1.32079000e+08
8930.000000 1.31006000e+08
8950.000000 1.30153000e+08
8970.000000 1.28923000e+08
8990.000000 1.27231000e+08
9010.000000 1.22797000e+08
9030.000000 1.23381000e+08
9050.000000 1.24243000e+08
9070.000000 1.23545000e+08
9090.000000 1.22560000e+08
9110.000000 1.21264000e+08
9130.000000 1.20494000e+08
9150.000000 1.19477000e+08
9170.000000 1.18473000e+08
9190.000000 1.17302000e+08
9210.000000 1.15425000e+08
9230.000000 1.10499000e+08
9250.000000 1.13253000e+08
9270.000000 1.13383000e+08
9290.000000 1.12651000e+08
9310.000000 1.11716000e+08
9330.000000 1.10705000e+08
9350.000000 1.07840000e+08
9370.000000 1.08474000e+08
9390.000000 1.08060000e+08
9410.000000 1.07184000e+08
9430.000000 1.06306000e+08
9450.000000 1.05435000e+08
9470.000000 1.04566000e+08
9490.000000 1.03720000e+08
9510.000000 1.02642000e+08
9530.000000 1.00781000e+08
9550.000000 9.63814000e+07
9570.000000 9.95248000e+07
9590.000000 9.94665000e+07
9610.000000 9.87837000e+07
9630.000000 9.79838000e+07
9650.000000 9.72059000e+07
9670.000000 9.64255000e+07
9690.000000 9.56587000e+07
9710.000000 9.48935000e+07
9730.000000 9.41377000e+07
9750.000000 9.32763000e+07
9770.000000 9.20700000e+07
9790.000000 9.19182000e+07
9810.000000 9.11915000e+07
9830.000000 9.04738000e+07
9850.000000 8.97651000e+07
9870.000000 8.90575000e+07
9890.000000 8.83625000e+07
9910.000000 8.76725000e+07
9930.000000 8.69873000e+07
9950.000000 8.63107000e+07
9970.000000 8.56388000e+07
9990.000000 8.49717000e+07
10025.000000 8.28312000e+07
10075.000000 8.07121000e+07
10125.000000 7.95531000e+07
10175.000000 7.91225000e+07
10225.000000 7.76299000e+07
10275.000000 7.61733000e+07
10325.000000 7.47341000e+07
10375.000000 7.33575000e+07
10425.000000 7.16503000e+07
10475.000000 7.06692000e+07
10525.000000 6.93736000e+07
10575.000000 6.81060000e+07
10625.000000 6.68658000e+07
10675.000000 6.56525000e+07
10725.000000 6.44719000e+07
10775.000000 6.33136000e+07
10825.000000 6.21160000e+07
10875.000000 6.10683000e+07
10925.000000 5.84116000e+07
10975.000000 5.86031000e+07
11025.000000 5.78992000e+07
11075.000000 5.68892000e+07
11125.000000 5.58981000e+07
11175.000000 5.49585000e+07
11225.000000 5.40096000e+07
11275.000000 5.30812000e+07
11325.000000 5.21729000e+07
11375.000000 5.12843000e+07
11425.000000 5.04151000e+07
11475.000000 4.95647000e+07
11525.000000 4.87300000e+07
11575.000000 4.79134000e+07
11625.000000 4.66937000e+07
11675.000000 4.60348000e+07
11725.000000 4.55636000e+07
11775.000000 4.48133000e+07
11825.000000 4.40768000e+07
11875.000000 4.33565000e+07
11925.000000 4.26519000e+07
11975.000000 4.19445000e+07
12025.000000 4.12811000e+07
12075.000000 4.06170000e+07
12125.000000 3.99675000e+07
12175.000000 3.93273000e+07
12225.000000 3.87038000e+07
12275.000000 3.80916000e+07
12325.000000 3.74905000e+07
12375.000000 3.69003000e+07
12425.000000 3.63233000e+07
12475.000000 3.57568000e+07
12525.000000 3.52005000e+07
12575.000000 3.46567000e+07
12625.000000 3.41227000e+07
12675.000000 3.36008000e+07
12725.000000 3.30860000e+07
12775.000000 3.24974000e+07
12825.000000 3.11314000e+07
12875.000000 3.15696000e+07
12925.000000 3.11273000e+07
12975.000000 3.06574000e+07
13025.000000 3.02004000e+07
13075.000000 2.97517000e+07
13125.000000 2.93090000e+07
13175.000000 2.88764000e+07
13225.000000 2.84517000e+07
13275.000000 2.80347000e+07
13325.000000 2.76231000e+07
13375.000000 2.72211000e+07
13425.000000 2.68264000e+07
13475.000000 2.64389000e+07
13525.000000 2.60564000e+07
13575.000000 2.56829000e+07
13625.000000 2.53161000e+07
13675.000000 2.49540000e+07
13725.000000 2.46006000e+07
13775.000000 2.42516000e+07
13825.000000 2.39089000e+07
13875.000000 2.35745000e+07
13925.000000 2.32442000e+07
13975.000000 2.29181000e+07
14025.000000 2.25999000e+07
14075.000000 2.22874000e+07
14125.000000 2.19789000e+07
14175.000000 2.16760000e+07
14225.000000 2.13787000e+07
14275.000000 2.10868000e+07
14325.000000 2.07985000e+07
14375.000000 2.05173000e+07
14425.000000 2.02395000e+07
14475.000000 1.99651000e+07
14525.000000 1.96975000e+07
14570.000000 1.94589000e+07
14620.000000 1.92379000e+07
14675.000000 1.89558000e+07
14725.000000 1.86796000e+07
14775.000000 1.82756000e+07
14825.000000 1.82108000e+07
14875.000000 1.79745000e+07
14925.000000 1.77392000e+07
14975.000000 1.75084000e+07
15025.000000 1.72803000e+07
15075.000000 1.70531000e+07
15125.000000 1.68352000e+07
15175.000000 1.66181000e+07
15225.000000 1.64051000e+07
15275.000000 1.61945000e+07
15325.000000 1.59875000e+07
15375.000000 1.57841000e+07
15425.000000 1.55747000e+07
15475.000000 1.53866000e+07
15525.000000 1.51870000e+07
15575.000000 1.49815000e+07
15625.000000 1.48138000e+07
15675.000000 1.46112000e+07
15725.000000 1.44192000e+07
15775.000000 1.42672000e+07
15825.000000 1.40897000e+07
15875.000000 1.38644000e+07
15925.000000 1.37288000e+07
15975.000000 1.35773000e+07
16050.000000 1.33138000e+07
16150.000000 1.29641000e+07
16250.000000 1.26952000e+07
16350.000000 1.23682000e+07
16450.000000 1.20371000e+07
16550.000000 1.18127000e+07
16650.000000 1.15358000e+07
16750.000000 1.12380000e+07
16850.000000 1.09281000e+07
16950.000000 1.07521000e+07
17050.000000 1.05019000e+07
17150.000000 1.02665000e+07
17250.000000 1.00337000e+07
17350.000000 9.69837000e+06
17450.000000 9.57986000e+06
17550.000000 9.37462000e+06
17650.000000 9.16698000e+06
17750.000000 8.96498000e+06
17850.000000 8.76857000e+06
17950.000000 8.57748000e+06
18050.000000 8.39136000e+06
18150.000000 8.10839000e+06
18250.000000 8.01865000e+06
18350.000000 7.86313000e+06
18450.000000 7.69634000e+06
18550.000000 7.53508000e+06
18650.000000 7.30762000e+06
18750.000000 7.08736000e+06
18850.000000 7.07259000e+06
18950.000000 6.92659000e+06
19050.000000 6.78306000e+06
19150.000000 6.64532000e+06
19250.000000 6.50997000e+06
19350.000000 6.37675000e+06
19450.000000 6.15062000e+06
19550.000000 6.12176000e+06
19650.000000 6.00195000e+06
19750.000000 5.88280000e+06
19850.000000 5.76650000e+06
19950.000000 5.65318000e+06
20050.000000 5.54248000e+06
20150.000000 5.43462000e+06
20250.000000 5.32927000e+06
20350.000000 5.22644000e+06
20450.000000 5.12608000e+06
20550.000000 5.02788000e+06
20650.000000 4.93256000e+06
20750.000000 4.83920000e+06
20850.000000 4.74809000e+06
20950.000000 4.65909000e+06
21050.000000 4.57217000e+06
21150.000000 4.48667000e+06
21250.000000 4.40425000e+06
21350.000000 4.32317000e+06
21450.000000 4.24398000e+06
21550.000000 4.16647000e+06
21650.000000 4.01804000e+06
21750.000000 4.01375000e+06
21850.000000 3.94474000e+06
21950.000000 3.87408000e+06
22050.000000 3.80501000e+06
22150.000000 3.73748000e+06
22250.000000 3.67139000e+06
22350.000000 3.60679000e+06
22450.000000 3.54356000e+06
22550.000000 3.48175000e+06
22650.000000 3.42126000e+06
22750.000000 3.36213000e+06
22850.000000 3.30650000e+06
22950.000000 3.24979000e+06
23050.000000 3.19428000e+06
23150.000000 3.13996000e+06
23250.000000 3.08680000e+06
23350.000000 3.03479000e+06
23450.000000 2.98381000e+06
23550.000000 2.93394000e+06
23650.000000 2.88507000e+06
23750.000000 2.83725000e+06
23850.000000 2.79039000e+06
23950.000000 2.74448000e+06
24050.000000 2.69956000e+06
24150.000000 2.65554000e+06
24250.000000 2.61235000e+06
24350.000000 2.57010000e+06
24450.000000 2.52870000e+06
24550.000000 2.48808000e+06
24650.000000 2.44828000e+06
24750.000000 2.40910000e+06
24850.000000 2.37108000e+06
24950.000000 2.33359000e+06
25050.000000 2.29687000e+06
25150.000000 2.26089000e+06
25250.000000 2.22553000e+06
25350.000000 2.19095000e+06
25450.000000 2.15695000e+06
25550.000000 2.12365000e+06
25650.000000 2.08966000e+06
25750.000000 2.05898000e+06
25850.000000 2.02752000e+06
25950.000000 1.99670000e+06
26050.000000 1.96569000e+06
26150.000000 1.93074000e+06
26250.000000 1.86779000e+06
26350.000000 1.87713000e+06
26450.000000 1.85106000e+06
26550.000000 1.82352000e+06
26650.000000 1.79633000e+06
26750.000000 1.76260000e+06
26850.000000 1.74380000e+06
26950.000000 1.71838000e+06
27050.000000 1.69335000e+06
27150.000000 1.66868000e+06
27250.000000 1.64453000e+06
27350.000000 1.62074000e+06
27450.000000 1.59741000e+06
27550.000000 1.56553000e+06
27650.000000 1.54876000e+06
27750.000000 1.52994000e+06
27850.000000 1.50823000e+06
27950.000000 1.48690000e+06
28050.000000 1.46597000e+06
28150.000000 1.44536000e+06
28250.000000 1.42513000e+06
28350.000000 1.40525000e+06
28450.000000 1.38576000e+06
28550.000000 1.36655000e+06
28650.000000 1.34537000e+06
28750.000000 1.31706000e+06
28850.000000 1.31085000e+06
28950.000000 1.29304000e+06
29050.000000 1.27545000e+06
29150.000000 1.25816000e+06
29250.000000 1.24116000e+06
29350.000000 1.22440000e+06
29450.000000 1.20798000e+06
29550.000000 1.19179000e+06
29650.000000 1.17588000e+06
29750.000000 1.16024000e+06
29850.000000 1.14487000e+06
29950.000000 1.12977000e+06
30050.000000 1.11487000e+06
30150.000000 1.10024000e+06
30250.000000 1.08585000e+06
30350.000000 1.06104000e+06
30450.000000 1.05242000e+06
30550.000000 1.04405000e+06
30650.000000 1.03059000e+06
30750.000000 1.01732000e+06
30850.000000 1.00428000e+06
30950.000000 9.91434000e+05
31050.000000 9.78767000e+05
31150.000000 9.66320000e+05
31250.000000 9.54089000e+05
31350.000000 9.42032000e+05
31450.000000 9.30185000e+05
31550.000000 9.18507000e+05
31650.000000 9.06996000e+05
31750.000000 8.95686000e+05
31850.000000 8.84537000e+05
31950.000000 8.73583000e+05
32100.000000 8.57431000e+05
32300.000000 8.36518000e+05
32500.000000 8.16197000e+05
32700.000000 7.96484000e+05
32900.000000 7.69880000e+05
33100.000000 7.57922000e+05
33300.000000 7.41133000e+05
33500.000000 7.23683000e+05
33700.000000 7.06726000e+05
33900.000000 6.90249000e+05
34100.000000 6.74271000e+05
34300.000000 6.58746000e+05
34500.000000 6.43661000e+05
34700.000000 6.29004000e+05
34900.000000 6.14763000e+05
35100.000000 6.00927000e+05
35300.000000 5.87486000e+05
35500.000000 5.74398000e+05
35700.000000 5.61684000e+05
35900.000000 5.49305000e+05
36100.000000 5.37280000e+05
36300.000000 5.25573000e+05
36500.000000 5.14173000e+05
36700.000000 5.03102000e+05
36900.000000 4.92323000e+05
37100.000000 4.81774000e+05
37300.000000 4.69311000e+05
37500.000000 4.57701000e+05
37700.000000 4.51957000e+05
37900.000000 4.42531000e+05
38100.000000 4.33329000e+05
38300.000000 4.24372000e+05
38500.000000 4.15654000e+05
38700.000000 4.07143000e+05
38900.000000 3.98860000e+05
39100.000000 3.90625000e+05
39300.000000 3.82903000e+05
39500.000000 3.75220000e+05
39700.000000 3.67744000e+05
39900.000000 3.60446000e+05
40100.000000 3.53135000e+05
40300.000000 3.45950000e+05
40500.000000 3.35284000e+05
40700.000000 3.32975000e+05
40900.000000 3.26528000e+05
41100.000000 3.20214000e+05
41300.000000 3.14072000e+05
41500.000000 3.08077000e+05
41700.000000 3.01294000e+05
41900.000000 2.96494000e+05
42100.000000 2.90899000e+05
42300.000000 2.85459000e+05
42500.000000 2.80130000e+05
42700.000000 2.74909000e+05
42900.000000 2.69813000e+05
43100.000000 2.64861000e+05
43300.000000 2.60009000e+05
43500.000000 2.55254000e+05
43700.000000 2.49550000e+05
43900.000000 2.45815000e+05
44100.000000 2.41673000e+05
44300.000000 2.37326000e+05
44500.000000 2.33105000e+05
44700.000000 2.29006000e+05
44900.000000 2.24953000e+05
45100.000000 2.20999000e+05
45300.000000 2.17124000e+05
45500.000000 2.13327000e+05
45700.000000 2.09624000e+05
45900.000000 2.05995000e+05
46100.000000 2.02439000e+05
46300.000000 1.98971000e+05
46500.000000 1.92298000e+05
46700.000000 1.90585000e+05
46900.000000 1.88843000e+05
47100.000000 1.85800000e+05
47300.000000 1.82683000e+05
47500.000000 1.79611000e+05
47700.000000 1.76618000e+05
47900.000000 1.73701000e+05
48100.000000 1.70827000e+05
48300.000000 1.68010000e+05
48500.000000 1.65250000e+05
48700.000000 1.62561000e+05
48900.000000 1.59911000e+05
49100.000000 1.57329000e+05
49300.000000 1.54784000e+05
49500.000000 1.52297000e+05
49700.000000 1.49860000e+05
49900.000000 1.47470000e+05
50100.000000 1.45129000e+05
50300.000000 1.42833000e+05
50500.000000 1.40583000e+05
50700.000000 1.38376000e+05
50900.000000 1.36211000e+05
51100.000000 1.34002000e+05
51300.000000 1.30542000e+05
51500.000000 1.29945000e+05
51700.000000 1.27968000e+05
51900.000000 1.26006000e+05
52100.000000 1.24081000e+05
52300.000000 1.22192000e+05
52500.000000 1.20339000e+05
52700.000000 1.18520000e+05
52900.000000 1.16737000e+05
53100.000000 1.14985000e+05
53300.000000 1.13267000e+05
53500.000000 1.11581000e+05
53700.000000 1.09924000e+05
53900.000000 1.08300000e+05
54100.000000 1.06706000e+05
54300.000000 1.05141000e+05
54500.000000 1.03603000e+05
54700.000000 1.02094000e+05
54900.000000 1.00612000e+05
55100.000000 9.91567000e+04
55300.000000 9.77263000e+04
55500.000000 9.63248000e+04
55700.000000 9.49470000e+04
55900.000000 9.35925000e+04
56100.000000 9.22632000e+04
56300.000000 9.09564000e+04
56500.000000 8.96728000e+04
56700.000000 8.84120000e+04
56900.000000 8.71725000e+04
57100.000000 8.59228000e+04
57300.000000 8.47595000e+04
57500.000000 8.35852000e+04
57700.000000 8.24297000e+04
57900.000000 8.12948000e+04
58100.000000 8.01792000e+04
58300.000000 7.90814000e+04
58500.000000 7.80143000e+04
58700.000000 7.69544000e+04
58900.000000 7.58289000e+04
59100.000000 7.36879000e+04
59300.000000 7.38495000e+04
59500.000000 7.27547000e+04
59700.000000 7.18706000e+04
59900.000000 7.09579000e+04
60100.000000 7.00160000e+04
60300.000000 6.90892000e+04
60500.000000 6.81782000e+04
60700.000000 6.72818000e+04
60900.000000 6.63998000e+04
61100.000000 6.55329000e+04
61300.000000 6.46789000e+04
61500.000000 6.38396000e+04
61700.000000 6.30137000e+04
61900.000000 6.22011000e+04
62100.000000 6.14015000e+04
62300.000000 6.06148000e+04
62500.000000 5.98408000e+04
62700.000000 5.90773000e+04
62900.000000 5.80661000e+04
63100.000000 5.75661000e+04
63300.000000 5.68635000e+04
63500.000000 5.61490000e+04
63700.000000 5.54451000e+04
63900.000000 5.47526000e+04
64200.000000 5.37330000e+04
64600.000000 5.24106000e+04
65000.000000 5.11282000e+04
65400.000000 4.98855000e+04
65800.000000 4.86796000e+04
66200.000000 4.75094000e+04
66600.000000 4.63748000e+04
67000.000000 4.52730000e+04
67400.000000 4.41957000e+04
67800.000000 4.29890000e+04
68200.000000 4.21590000e+04
68600.000000 4.11804000e+04
69000.000000 4.02304000e+04
69400.000000 3.93072000e+04
69800.000000 3.84111000e+04
70200.000000 3.75396000e+04
70600.000000 3.66922000e+04
71000.000000 3.58696000e+04
71400.000000 3.50691000e+04
71800.000000 3.42914000e+04
72200.000000 3.35345000e+04
72600.000000 3.27979000e+04
73000.000000 3.20824000e+04
73400.000000 3.13855000e+04
73800.000000 3.07080000e+04
74200.000000 3.00452000e+04
74600.000000 2.89745000e+04
75000.000000 2.82745000e+04
75400.000000 2.81495000e+04
75800.000000 2.75798000e+04
76200.000000 2.70023000e+04
76600.000000 2.64405000e+04
77000.000000 2.58926000e+04
77400.000000 2.53590000e+04
77800.000000 2.48388000e+04
78200.000000 2.43327000e+04
78600.000000 2.38387000e+04
79000.000000 2.33571000e+04
79400.000000 2.28881000e+04
79800.000000 2.24303000e+04
80200.000000 2.19839000e+04
80600.000000 2.15488000e+04
81000.000000 2.11241000e+04
81400.000000 2.07009000e+04
81800.000000 2.03053000e+04
82200.000000 1.99113000e+04
82600.000000 1.95262000e+04
83000.000000 1.91509000e+04
83400.000000 1.87840000e+04
83800.000000 1.84260000e+04
84200.000000 1.80765000e+04
84600.000000 1.77354000e+04
85000.000000 1.74020000e+04
85400.000000 1.70762000e+04
85800.000000 1.67582000e+04
86200.000000 1.64473000e+04
86600.000000 1.61159000e+04
87000.000000 1.58471000e+04
87400.000000 1.54736000e+04
87800.000000 1.51907000e+04
88200.000000 1.49975000e+04
88600.000000 1.47271000e+04
89000.000000 1.44628000e+04
89400.000000 1.42040000e+04
89800.000000 1.39512000e+04
90200.000000 1.37041000e+04
90600.000000 1.34622000e+04
91000.000000 1.32253000e+04
91400.000000 1.29939000e+04
91800.000000 1.27678000e+04
92200.000000 1.25461000e+04
92600.000000 1.23294000e+04
93000.000000 1.21173000e+04
93400.000000 1.19096000e+04
93800.000000 1.16661000e+04
94200.000000 1.14993000e+04
94600.000000 1.13130000e+04
95000.000000 1.11228000e+04
95400.000000 1.09362000e+04
95800.000000 1.07535000e+04
96200.000000 1.05747000e+04
96600.000000 1.03993000e+04
97000.000000 1.02276000e+04
97400.000000 1.00596000e+04
97800.000000 9.89517000e+03
98200.000000 9.73386000e+03
98600.000000 9.57560000e+03
99000.000000 9.42073000e+03
99400.000000 9.26919000e+03
99800.000000 9.12052000e+03
100200.000000 8.97468000e+03
200000.000000 5.51334000e+02
400000.000000 3.33924000e+01
600000.000000 6.47357000e+00
800000.000000 2.02210000e+00
1000000.000000 8.20366000e-01
1200000.000000 3.92688000e-01
1400000.000000 2.10699000e-01
1600000.000000 1.22898000e-01
