# Kurucz ODFNEW /NOVER, alpha: 0.0 (2003)
# teff = 24000 K (value for the effective temperature for the model. Temperatures are given in K)
# logg = 5 log(cm/s2) (value for Log(G) for the model.)
# lh = 1.25  (l/Hp where l is the  mixing length of the convective element and Hp is the pressure scale height)
# meta = 0.5  (value for the Metallicity for the model.)
# vtur = 2 km/s (Microturbulence velocity)
# alpha = 0  (Alpha)
#
# column 1: WAVELENGTH (ANGSTROM), Wavelength in Angstrom
# column 2: FLUX (ERG/CM2/S/A), Flux in erg/cm2/s/A
147.200000 4.79748000e-14
151.000000 1.96122000e-13
155.200000 8.60031000e-13
158.800000 2.87595000e-12
162.000000 8.05969000e-12
166.000000 2.76914000e-11
170.300000 9.76789000e-11
173.400000 2.35152000e-10
176.800000 5.93135000e-10
180.200000 1.44731000e-09
181.700000 2.12197000e-09
186.100000 6.32233000e-09
191.000000 2.01888000e-08
193.900000 3.90685000e-08
198.400000 1.05077000e-07
201.800000 2.15955000e-07
205.000000 4.16424000e-07
210.500000 1.23306000e-06
216.200000 3.59470000e-06
219.800000 6.87871000e-06
223.000000 1.20460000e-05
226.800000 2.29832000e-05
230.000000 6.04312000e-04
234.000000 1.36970000e-03
240.000000 3.26669000e-03
246.500000 7.97017000e-03
252.400000 1.74315000e-02
256.800000 2.94494000e-02
260.000000 4.65194000e-02
264.000000 7.40854000e-02
268.500000 1.23895000e-01
273.500000 2.13903000e-01
278.500000 3.66023000e-01
284.000000 6.73765000e-01
290.000000 1.20656000e+00
296.000000 2.11979000e+00
301.000000 3.31435000e+00
308.000000 6.27498000e+00
318.000000 1.47039000e+01
328.000000 3.09223000e+01
338.000000 6.57275000e+01
348.000000 1.29624000e+02
357.000000 3.47498000e+02
366.000000 6.29907000e+02
375.000000 1.00078000e+03
385.000000 1.69733000e+03
395.000000 2.90904000e+03
405.000000 4.58966000e+03
414.000000 6.93888000e+03
422.000000 9.75015000e+03
430.000000 1.38991000e+04
441.000000 2.14030000e+04
451.000000 3.06939000e+04
460.000000 4.16984000e+04
470.000000 5.93745000e+04
480.000000 8.21806000e+04
490.000000 1.13425000e+05
500.000000 1.52696000e+05
506.000000 6.54313000e+05
512.000000 7.53907000e+06
520.000000 8.78446000e+06
530.000000 1.06860000e+07
540.000000 1.17587000e+07
550.000000 1.66782000e+07
560.000000 1.92629000e+07
570.000000 2.34595000e+07
580.000000 2.31491000e+07
590.000000 2.99933000e+07
600.000000 3.34232000e+07
610.000000 3.90144000e+07
620.000000 4.14030000e+07
630.000000 4.27795000e+07
640.000000 3.75506000e+07
650.000000 2.70184000e+07
658.000000 4.21189000e+07
665.000000 5.54107000e+07
675.000000 6.43233000e+07
685.000000 6.79273000e+07
695.000000 8.97084000e+07
705.000000 9.37456000e+07
716.000000 1.06114000e+08
726.000000 1.11923000e+08
735.000000 1.16912000e+08
745.000000 1.32963000e+08
755.000000 1.43052000e+08
765.000000 1.54953000e+08
775.000000 1.66529000e+08
785.000000 1.78453000e+08
795.000000 1.84918000e+08
805.000000 1.93235000e+08
815.000000 2.01612000e+08
825.000000 2.19315000e+08
835.000000 2.02617000e+08
845.000000 2.29195000e+08
855.000000 2.36182000e+08
865.000000 2.53148000e+08
875.000000 2.69715000e+08
885.000000 2.92471000e+08
895.000000 3.06604000e+08
905.000000 3.00022000e+08
915.000000 3.79881000e+08
925.000000 1.57050000e+09
935.000000 3.46903000e+09
945.000000 8.27769000e+09
955.000000 1.36577000e+10
965.000000 1.76017000e+10
975.000000 2.86281000e+09
985.000000 1.71240000e+10
995.000000 1.70262000e+10
1005.000000 2.15689000e+10
1015.000000 2.04618000e+10
1025.000000 6.63797000e+09
1035.000000 1.45093000e+10
1045.000000 2.80643000e+10
1055.000000 2.61830000e+10
1065.000000 1.89882000e+10
1075.000000 2.37361000e+10
1085.000000 2.09927000e+10
1095.000000 2.43832000e+10
1105.000000 2.12723000e+10
1115.000000 1.96140000e+10
1125.000000 1.56937000e+10
1135.000000 2.20027000e+10
1145.000000 1.85341000e+10
1155.000000 2.00600000e+10
1165.000000 1.98801000e+10
1175.000000 1.12856000e+10
1185.000000 1.93974000e+10
1195.000000 1.62985000e+10
1205.000000 9.44376000e+09
1215.000000 6.14363000e+09
1225.000000 1.31901000e+10
1235.000000 1.87739000e+10
1245.000000 1.85982000e+10
1255.000000 1.81437000e+10
1265.000000 1.83849000e+10
1275.000000 1.90668000e+10
1285.000000 1.93395000e+10
1295.000000 1.18388000e+10
1305.000000 1.22850000e+10
1315.000000 1.84602000e+10
1325.000000 1.66650000e+10
1335.000000 1.57644000e+10
1345.000000 1.66850000e+10
1355.000000 1.64142000e+10
1365.000000 1.41708000e+10
1375.000000 1.38620000e+10
1385.000000 1.37101000e+10
1395.000000 1.00341000e+10
1405.000000 1.09204000e+10
1415.000000 1.17919000e+10
1425.000000 1.19210000e+10
1435.000000 1.22675000e+10
1442.000000 1.27826000e+10
1447.000000 1.25615000e+10
1455.000000 1.21549000e+10
1465.000000 1.09370000e+10
1475.000000 1.12441000e+10
1485.000000 1.09833000e+10
1495.000000 1.08603000e+10
1505.000000 9.47202000e+09
1512.000000 8.45627000e+09
1517.000000 8.81511000e+09
1525.000000 9.26360000e+09
1535.000000 7.75755000e+09
1545.000000 7.58249000e+09
1555.000000 7.42015000e+09
1565.000000 7.97458000e+09
1575.000000 8.51255000e+09
1585.000000 8.61706000e+09
1595.000000 8.51068000e+09
1605.000000 8.79602000e+09
1615.000000 8.65233000e+09
1625.000000 8.38966000e+09
1635.000000 9.01228000e+09
1645.000000 8.98685000e+09
1655.000000 8.71476000e+09
1665.000000 9.15764000e+09
1672.000000 8.69167000e+09
1677.000000 9.32765000e+09
1685.000000 9.21036000e+09
1695.000000 8.61723000e+09
1705.000000 8.27890000e+09
1715.000000 7.77827000e+09
1725.000000 7.60365000e+09
1735.000000 8.07617000e+09
1745.000000 7.79471000e+09
1755.000000 7.92667000e+09
1765.000000 7.61918000e+09
1775.000000 7.22519000e+09
1785.000000 7.38862000e+09
1795.000000 7.78580000e+09
1805.000000 7.87021000e+09
1815.000000 6.85066000e+09
1825.000000 7.22563000e+09
1835.000000 6.86828000e+09
1845.000000 6.20027000e+09
1855.000000 6.17816000e+09
1865.000000 6.27748000e+09
1875.000000 6.80403000e+09
1885.000000 5.94788000e+09
1895.000000 5.53068000e+09
1905.000000 6.09199000e+09
1915.000000 5.58413000e+09
1925.000000 5.32792000e+09
1935.000000 5.69860000e+09
1945.000000 5.81671000e+09
1955.000000 5.21977000e+09
1967.000000 5.77437000e+09
1976.000000 6.02736000e+09
1984.000000 5.50385000e+09
1995.000000 5.41692000e+09
2005.000000 5.69045000e+09
2015.000000 5.49438000e+09
2025.000000 5.77980000e+09
2035.000000 5.20542000e+09
2045.000000 5.35670000e+09
2055.000000 5.16205000e+09
2065.000000 5.17331000e+09
2074.000000 5.41525000e+09
2078.000000 4.84775000e+09
2085.000000 5.16839000e+09
2095.000000 4.82896000e+09
2105.000000 5.02949000e+09
2115.000000 5.04908000e+09
2125.000000 5.09828000e+09
2135.000000 4.95832000e+09
2145.000000 4.71626000e+09
2155.000000 4.93988000e+09
2165.000000 4.90930000e+09
2175.000000 4.84706000e+09
2185.000000 4.64861000e+09
2195.000000 4.74733000e+09
2205.000000 4.69949000e+09
2215.000000 4.59802000e+09
2225.000000 4.44538000e+09
2235.000000 4.44068000e+09
2245.000000 4.46594000e+09
2255.000000 4.26891000e+09
2265.000000 4.38133000e+09
2275.000000 4.31152000e+09
2285.000000 4.32805000e+09
2295.000000 3.96819000e+09
2305.000000 4.14294000e+09
2315.000000 3.98948000e+09
2325.000000 3.94088000e+09
2335.000000 3.77564000e+09
2345.000000 3.79146000e+09
2355.000000 3.79357000e+09
2365.000000 3.72606000e+09
2375.000000 3.67104000e+09
2385.000000 3.63356000e+09
2395.000000 3.64571000e+09
2405.000000 3.51762000e+09
2415.000000 3.53345000e+09
2425.000000 3.53857000e+09
2435.000000 3.39793000e+09
2445.000000 3.43611000e+09
2455.000000 3.44324000e+09
2465.000000 3.36471000e+09
2475.000000 3.30892000e+09
2485.000000 3.28716000e+09
2495.000000 2.99397000e+09
2505.000000 3.20312000e+09
2513.000000 3.01835000e+09
2518.000000 3.17108000e+09
2525.000000 3.08445000e+09
2535.000000 3.04439000e+09
2545.000000 2.93158000e+09
2555.000000 3.00419000e+09
2565.000000 2.96031000e+09
2575.000000 2.98520000e+09
2585.000000 2.96299000e+09
2595.000000 2.93444000e+09
2605.000000 2.89358000e+09
2615.000000 2.86301000e+09
2625.000000 2.83894000e+09
2635.000000 2.82258000e+09
2645.000000 2.80381000e+09
2655.000000 2.80181000e+09
2665.000000 2.66317000e+09
2675.000000 2.69932000e+09
2685.000000 2.68196000e+09
2695.000000 2.58030000e+09
2705.000000 2.53016000e+09
2715.000000 2.52745000e+09
2725.000000 2.51994000e+09
2735.000000 2.52235000e+09
2745.000000 2.41831000e+09
2755.000000 2.42178000e+09
2765.000000 2.40301000e+09
2775.000000 2.44120000e+09
2785.000000 2.39801000e+09
2795.000000 2.28988000e+09
2805.000000 2.32501000e+09
2815.000000 2.34094000e+09
2825.000000 2.29943000e+09
2835.000000 2.18564000e+09
2845.000000 2.22635000e+09
2855.000000 2.20024000e+09
2865.000000 2.21309000e+09
2875.000000 2.18382000e+09
2885.000000 2.15517000e+09
2895.000000 2.12718000e+09
2910.000000 2.08903000e+09
2930.000000 2.05837000e+09
2950.000000 1.99181000e+09
2970.000000 1.97126000e+09
2990.000000 1.92050000e+09
3010.000000 1.86354000e+09
3030.000000 1.85999000e+09
3050.000000 1.82324000e+09
3070.000000 1.79385000e+09
3090.000000 1.72683000e+09
3110.000000 1.71497000e+09
3130.000000 1.67651000e+09
3150.000000 1.64857000e+09
3170.000000 1.60073000e+09
3190.000000 1.56477000e+09
3210.000000 1.55191000e+09
3230.000000 1.51755000e+09
3250.000000 1.49422000e+09
3270.000000 1.46254000e+09
3290.000000 1.43347000e+09
3310.000000 1.40866000e+09
3330.000000 1.37804000e+09
3350.000000 1.35284000e+09
3370.000000 1.32614000e+09
3390.000000 1.30608000e+09
3410.000000 1.28174000e+09
3430.000000 1.25198000e+09
3450.000000 1.22459000e+09
3470.000000 1.20375000e+09
3490.000000 1.18013000e+09
3510.000000 1.15956000e+09
3530.000000 1.14293000e+09
3550.000000 1.12252000e+09
3570.000000 1.10980000e+09
3590.000000 1.07137000e+09
3610.000000 1.05699000e+09
3630.000000 1.04128000e+09
3640.000000 1.04307000e+09
3650.000000 1.02736000e+09
3670.000000 1.01636000e+09
3690.000000 9.99836000e+08
3710.000000 9.62098000e+08
3730.000000 9.28738000e+08
3750.000000 9.22019000e+08
3770.000000 8.95961000e+08
3790.000000 9.35916000e+08
3810.000000 9.76957000e+08
3830.000000 8.45355000e+08
3850.000000 1.00292000e+09
3870.000000 1.01839000e+09
3890.000000 7.90574000e+08
3910.000000 1.02134000e+09
3930.000000 9.99187000e+08
3950.000000 9.81923000e+08
3970.000000 7.35393000e+08
3990.000000 9.39120000e+08
4010.000000 9.54844000e+08
4030.000000 8.81600000e+08
4050.000000 9.27830000e+08
4070.000000 8.77206000e+08
4090.000000 7.95050000e+08
4110.000000 6.94800000e+08
4130.000000 8.35007000e+08
4150.000000 8.36625000e+08
4170.000000 8.37263000e+08
4190.000000 8.30427000e+08
4210.000000 8.24553000e+08
4230.000000 8.04794000e+08
4250.000000 7.80636000e+08
4270.000000 7.52988000e+08
4290.000000 7.50671000e+08
4310.000000 7.21959000e+08
4330.000000 6.37624000e+08
4350.000000 5.81245000e+08
4370.000000 6.81320000e+08
4390.000000 6.74950000e+08
4410.000000 6.81995000e+08
4430.000000 6.76178000e+08
4450.000000 6.68002000e+08
4470.000000 6.21010000e+08
4490.000000 6.43165000e+08
4510.000000 6.43993000e+08
4530.000000 6.31141000e+08
4550.000000 6.23949000e+08
4570.000000 6.13449000e+08
4590.000000 6.03465000e+08
4610.000000 5.87179000e+08
4630.000000 5.76669000e+08
4650.000000 5.63426000e+08
4670.000000 5.63568000e+08
4690.000000 5.59611000e+08
4710.000000 5.32792000e+08
4730.000000 5.35587000e+08
4750.000000 5.28214000e+08
4770.000000 5.29804000e+08
4790.000000 5.18247000e+08
4810.000000 5.04209000e+08
4830.000000 4.92468000e+08
4850.000000 4.42978000e+08
4870.000000 3.91313000e+08
4890.000000 4.70784000e+08
4910.000000 4.70535000e+08
4930.000000 4.49923000e+08
4950.000000 4.58640000e+08
4970.000000 4.56055000e+08
4990.000000 4.47867000e+08
5010.000000 4.24097000e+08
5030.000000 4.32926000e+08
5050.000000 4.19887000e+08
5070.000000 4.23146000e+08
5090.000000 4.15872000e+08
5110.000000 4.07978000e+08
5130.000000 3.95899000e+08
5150.000000 3.91978000e+08
5170.000000 3.92841000e+08
5190.000000 3.87777000e+08
5210.000000 3.79046000e+08
5230.000000 3.76813000e+08
5250.000000 3.72062000e+08
5270.000000 3.65594000e+08
5290.000000 3.62337000e+08
5310.000000 3.56807000e+08
5330.000000 3.51402000e+08
5350.000000 3.45200000e+08
5370.000000 3.43156000e+08
5390.000000 3.38306000e+08
5410.000000 3.33827000e+08
5430.000000 3.28382000e+08
5450.000000 3.24074000e+08
5470.000000 3.19430000e+08
5490.000000 3.15944000e+08
5510.000000 3.12513000e+08
5530.000000 3.07559000e+08
5550.000000 3.04576000e+08
5570.000000 3.00231000e+08
5590.000000 2.96905000e+08
5610.000000 2.92458000e+08
5630.000000 2.89421000e+08
5650.000000 2.82277000e+08
5670.000000 2.77547000e+08
5690.000000 2.74506000e+08
5710.000000 2.73164000e+08
5730.000000 2.70377000e+08
5750.000000 2.66277000e+08
5770.000000 2.64287000e+08
5790.000000 2.60689000e+08
5810.000000 2.57346000e+08
5830.000000 2.53566000e+08
5850.000000 2.50779000e+08
5870.000000 2.37833000e+08
5890.000000 2.40640000e+08
5910.000000 2.40460000e+08
5930.000000 2.37416000e+08
5950.000000 2.33758000e+08
5970.000000 2.33156000e+08
5990.000000 2.28893000e+08
6010.000000 2.27341000e+08
6030.000000 2.24012000e+08
6050.000000 2.21576000e+08
6070.000000 2.19249000e+08
6090.000000 2.16471000e+08
6110.000000 2.13976000e+08
6130.000000 2.11690000e+08
6150.000000 2.06948000e+08
6170.000000 2.05817000e+08
6190.000000 2.04037000e+08
6210.000000 2.01777000e+08
6230.000000 1.99455000e+08
6250.000000 1.96020000e+08
6270.000000 1.94331000e+08
6290.000000 1.92335000e+08
6310.000000 1.89840000e+08
6330.000000 1.88050000e+08
6350.000000 1.84504000e+08
6370.000000 1.83152000e+08
6390.000000 1.81306000e+08
6410.000000 1.79260000e+08
6430.000000 1.77590000e+08
6450.000000 1.75314000e+08
6470.000000 1.72305000e+08
6490.000000 1.70708000e+08
6510.000000 1.68692000e+08
6530.000000 1.65452000e+08
6550.000000 1.54863000e+08
6570.000000 1.34450000e+08
6590.000000 1.56814000e+08
6610.000000 1.58996000e+08
6630.000000 1.57996000e+08
6650.000000 1.56510000e+08
6670.000000 1.52677000e+08
6690.000000 1.51159000e+08
6710.000000 1.51632000e+08
6730.000000 1.49593000e+08
6750.000000 1.48434000e+08
6770.000000 1.46835000e+08
6790.000000 1.43275000e+08
6810.000000 1.43207000e+08
6830.000000 1.41755000e+08
6850.000000 1.40503000e+08
6870.000000 1.39000000e+08
6890.000000 1.37385000e+08
6910.000000 1.35817000e+08
6930.000000 1.34446000e+08
6950.000000 1.33190000e+08
6970.000000 1.31806000e+08
6990.000000 1.30344000e+08
7010.000000 1.28903000e+08
7030.000000 1.27569000e+08
7050.000000 1.26065000e+08
7070.000000 1.22173000e+08
7090.000000 1.23230000e+08
7110.000000 1.21338000e+08
7130.000000 1.20140000e+08
7150.000000 1.19329000e+08
7170.000000 1.18385000e+08
7190.000000 1.17392000e+08
7210.000000 1.16206000e+08
7230.000000 1.12609000e+08
7250.000000 1.13608000e+08
7270.000000 1.12663000e+08
7290.000000 1.10451000e+08
7310.000000 1.10355000e+08
7330.000000 1.09214000e+08
7350.000000 1.08181000e+08
7370.000000 1.07102000e+08
7390.000000 1.06020000e+08
7410.000000 1.04961000e+08
7430.000000 1.03735000e+08
7450.000000 1.02819000e+08
7470.000000 1.01303000e+08
7490.000000 1.00709000e+08
7510.000000 9.97062000e+07
7530.000000 9.86524000e+07
7550.000000 9.78594000e+07
7570.000000 9.69157000e+07
7590.000000 9.59217000e+07
7610.000000 9.49303000e+07
7630.000000 9.40644000e+07
7650.000000 9.31741000e+07
7670.000000 9.22662000e+07
7690.000000 9.13664000e+07
7710.000000 9.04747000e+07
7730.000000 8.95721000e+07
7750.000000 8.87717000e+07
7770.000000 8.70798000e+07
7790.000000 8.70802000e+07
7810.000000 8.61963000e+07
7830.000000 8.54308000e+07
7850.000000 8.44030000e+07
7870.000000 8.36036000e+07
7890.000000 8.24964000e+07
7910.000000 8.21520000e+07
7930.000000 8.14207000e+07
7950.000000 8.03737000e+07
7970.000000 7.98166000e+07
7990.000000 7.87094000e+07
8010.000000 7.83169000e+07
8030.000000 7.75650000e+07
8050.000000 7.68312000e+07
8070.000000 7.61327000e+07
8090.000000 7.53884000e+07
8110.000000 7.44442000e+07
8130.000000 7.40613000e+07
8150.000000 7.33863000e+07
8170.000000 7.27791000e+07
8190.000000 7.18456000e+07
8210.000000 7.11439000e+07
8230.000000 7.02979000e+07
8250.000000 7.01346000e+07
8270.000000 6.89145000e+07
8290.000000 6.88455000e+07
8310.000000 6.82799000e+07
8330.000000 6.76864000e+07
8350.000000 6.67520000e+07
8370.000000 6.63097000e+07
8390.000000 6.59190000e+07
8410.000000 6.53022000e+07
8430.000000 6.47012000e+07
8450.000000 6.33400000e+07
8470.000000 6.35926000e+07
8490.000000 6.28021000e+07
8510.000000 6.23616000e+07
8530.000000 6.17381000e+07
8550.000000 6.10270000e+07
8570.000000 6.09528000e+07
8590.000000 5.91224000e+07
8610.000000 5.92546000e+07
8630.000000 5.96378000e+07
8650.000000 5.80533000e+07
8670.000000 5.62371000e+07
8690.000000 5.79541000e+07
8710.000000 5.81749000e+07
8730.000000 5.63170000e+07
8750.000000 5.26203000e+07
8770.000000 5.46435000e+07
8790.000000 5.63991000e+07
8810.000000 5.64103000e+07
8830.000000 5.52805000e+07
8850.000000 5.15678000e+07
8870.000000 4.85870000e+07
8890.000000 5.31211000e+07
8910.000000 5.41120000e+07
8930.000000 5.39407000e+07
8950.000000 5.37375000e+07
8970.000000 5.29410000e+07
8990.000000 5.07433000e+07
9010.000000 4.51625000e+07
9030.000000 4.70283000e+07
9050.000000 5.03716000e+07
9070.000000 5.02688000e+07
9090.000000 5.05494000e+07
9110.000000 5.04684000e+07
9130.000000 5.01074000e+07
9150.000000 4.96456000e+07
9170.000000 4.89051000e+07
9190.000000 4.80279000e+07
9210.000000 4.50881000e+07
9230.000000 3.95709000e+07
9250.000000 4.41134000e+07
9270.000000 4.58522000e+07
9290.000000 4.66110000e+07
9310.000000 4.62240000e+07
9330.000000 4.60304000e+07
9350.000000 4.58380000e+07
9370.000000 4.55567000e+07
9390.000000 4.51877000e+07
9410.000000 4.45618000e+07
9430.000000 4.43984000e+07
9450.000000 4.39787000e+07
9470.000000 4.32134000e+07
9490.000000 4.29645000e+07
9510.000000 4.16635000e+07
9530.000000 3.90323000e+07
9550.000000 3.45652000e+07
9570.000000 3.93739000e+07
9590.000000 4.08733000e+07
9610.000000 4.08702000e+07
9630.000000 4.04017000e+07
9650.000000 4.06575000e+07
9670.000000 4.03848000e+07
9690.000000 4.00485000e+07
9710.000000 3.96200000e+07
9730.000000 3.94808000e+07
9750.000000 3.91442000e+07
9770.000000 3.88799000e+07
9790.000000 3.85644000e+07
9810.000000 3.82296000e+07
9830.000000 3.79482000e+07
9850.000000 3.76642000e+07
9870.000000 3.73273000e+07
9890.000000 3.69696000e+07
9910.000000 3.63345000e+07
9930.000000 3.64909000e+07
9950.000000 3.61358000e+07
9970.000000 3.57507000e+07
9990.000000 3.53752000e+07
10025.000000 3.27981000e+07
10075.000000 3.15429000e+07
10125.000000 3.35007000e+07
10175.000000 3.32232000e+07
10225.000000 3.26378000e+07
10275.000000 3.20497000e+07
10325.000000 3.12842000e+07
10375.000000 3.08854000e+07
10425.000000 3.03261000e+07
10475.000000 2.97694000e+07
10525.000000 2.92081000e+07
10575.000000 2.87007000e+07
10625.000000 2.81930000e+07
10675.000000 2.75768000e+07
10725.000000 2.71928000e+07
10775.000000 2.67016000e+07
10825.000000 2.58469000e+07
10875.000000 2.55183000e+07
10925.000000 2.24663000e+07
10975.000000 2.37925000e+07
11025.000000 2.41549000e+07
11075.000000 2.39729000e+07
11125.000000 2.36249000e+07
11175.000000 2.32212000e+07
11225.000000 2.28156000e+07
11275.000000 2.23695000e+07
11325.000000 2.20009000e+07
11375.000000 2.16891000e+07
11425.000000 2.12931000e+07
11475.000000 2.09749000e+07
11525.000000 2.06265000e+07
11575.000000 2.02507000e+07
11625.000000 1.99303000e+07
11675.000000 1.96076000e+07
11725.000000 1.93005000e+07
11775.000000 1.89587000e+07
11825.000000 1.86815000e+07
11875.000000 1.83794000e+07
11925.000000 1.80879000e+07
11975.000000 1.75018000e+07
12025.000000 1.75142000e+07
12075.000000 1.72372000e+07
12125.000000 1.69633000e+07
12175.000000 1.66967000e+07
12225.000000 1.64346000e+07
12275.000000 1.61780000e+07
12325.000000 1.59247000e+07
12375.000000 1.56787000e+07
12425.000000 1.54388000e+07
12475.000000 1.51751000e+07
12525.000000 1.49188000e+07
12575.000000 1.47199000e+07
12625.000000 1.45042000e+07
12675.000000 1.42824000e+07
12725.000000 1.40182000e+07
12775.000000 1.34249000e+07
12825.000000 1.20994000e+07
12875.000000 1.32226000e+07
12925.000000 1.32057000e+07
12975.000000 1.29061000e+07
13025.000000 1.28634000e+07
13075.000000 1.26786000e+07
13125.000000 1.24932000e+07
13175.000000 1.23019000e+07
13225.000000 1.21315000e+07
13275.000000 1.19559000e+07
13325.000000 1.17796000e+07
13375.000000 1.16101000e+07
13425.000000 1.14312000e+07
13475.000000 1.12820000e+07
13525.000000 1.11176000e+07
13575.000000 1.09629000e+07
13625.000000 1.08016000e+07
13675.000000 1.06523000e+07
13725.000000 1.05018000e+07
13775.000000 1.03616000e+07
13825.000000 1.02170000e+07
13875.000000 1.00738000e+07
13925.000000 9.92077000e+06
13975.000000 9.79069000e+06
14025.000000 9.66182000e+06
14075.000000 9.53093000e+06
14125.000000 9.39937000e+06
14175.000000 9.27243000e+06
14225.000000 9.14778000e+06
14275.000000 9.02355000e+06
14325.000000 8.90155000e+06
14375.000000 8.78139000e+06
14425.000000 8.66232000e+06
14475.000000 8.54721000e+06
14525.000000 8.43364000e+06
14570.000000 8.33566000e+06
14620.000000 8.22552000e+06
14675.000000 8.10835000e+06
14725.000000 8.00177000e+06
14775.000000 7.89559000e+06
14825.000000 7.79631000e+06
14875.000000 7.69546000e+06
14925.000000 7.59714000e+06
14975.000000 7.49878000e+06
15025.000000 7.40273000e+06
15075.000000 7.28839000e+06
15125.000000 7.21608000e+06
15175.000000 7.12443000e+06
15225.000000 7.03400000e+06
15275.000000 6.94491000e+06
15325.000000 6.85748000e+06
15375.000000 6.77152000e+06
15425.000000 6.68304000e+06
15475.000000 6.60217000e+06
15525.000000 6.51719000e+06
15575.000000 6.42852000e+06
15625.000000 6.36445000e+06
15675.000000 6.26718000e+06
15725.000000 6.18138000e+06
15775.000000 6.13605000e+06
15825.000000 6.05401000e+06
15875.000000 5.91683000e+06
15925.000000 5.88924000e+06
15975.000000 5.85287000e+06
16050.000000 5.71670000e+06
16150.000000 5.53317000e+06
16250.000000 5.49196000e+06
16350.000000 5.29815000e+06
16450.000000 5.10515000e+06
16550.000000 5.12521000e+06
16650.000000 5.01042000e+06
16750.000000 4.79609000e+06
16850.000000 4.60293000e+06
16950.000000 4.66469000e+06
17050.000000 4.53639000e+06
17150.000000 4.47366000e+06
17250.000000 4.35104000e+06
17350.000000 4.02795000e+06
17450.000000 4.12766000e+06
17550.000000 4.08662000e+06
17650.000000 4.00163000e+06
17750.000000 3.91278000e+06
17850.000000 3.82118000e+06
17950.000000 3.74645000e+06
18050.000000 3.64366000e+06
18150.000000 3.36941000e+06
18250.000000 3.43472000e+06
18350.000000 3.42950000e+06
18450.000000 3.36199000e+06
18550.000000 3.28204000e+06
18650.000000 3.17199000e+06
18750.000000 2.94247000e+06
18850.000000 3.07482000e+06
18950.000000 3.02431000e+06
19050.000000 2.94914000e+06
19150.000000 2.90589000e+06
19250.000000 2.84650000e+06
19350.000000 2.76574000e+06
19450.000000 2.53312000e+06
19550.000000 2.65118000e+06
19650.000000 2.62661000e+06
19750.000000 2.57651000e+06
19850.000000 2.52605000e+06
19950.000000 2.47674000e+06
20050.000000 2.42858000e+06
20150.000000 2.38161000e+06
20250.000000 2.33573000e+06
20350.000000 2.29100000e+06
20450.000000 2.24640000e+06
20550.000000 2.19899000e+06
20650.000000 2.16308000e+06
20750.000000 2.12233000e+06
20850.000000 2.08269000e+06
20950.000000 2.04363000e+06
21050.000000 2.00573000e+06
21150.000000 1.95834000e+06
21250.000000 1.93261000e+06
21350.000000 1.89686000e+06
21450.000000 1.86038000e+06
21550.000000 1.81371000e+06
21650.000000 1.65843000e+06
21750.000000 1.73950000e+06
21850.000000 1.72779000e+06
21950.000000 1.70106000e+06
22050.000000 1.67133000e+06
22150.000000 1.64184000e+06
22250.000000 1.61205000e+06
22350.000000 1.58476000e+06
22450.000000 1.55714000e+06
22550.000000 1.53010000e+06
22650.000000 1.50369000e+06
22750.000000 1.47791000e+06
22850.000000 1.45259000e+06
22950.000000 1.42795000e+06
23050.000000 1.40332000e+06
23150.000000 1.38004000e+06
23250.000000 1.35691000e+06
23350.000000 1.33418000e+06
23450.000000 1.31200000e+06
23550.000000 1.29009000e+06
23650.000000 1.26883000e+06
23750.000000 1.24794000e+06
23850.000000 1.22757000e+06
23950.000000 1.20735000e+06
24050.000000 1.18770000e+06
24150.000000 1.16838000e+06
24250.000000 1.14974000e+06
24350.000000 1.13116000e+06
24450.000000 1.11298000e+06
24550.000000 1.09530000e+06
24650.000000 1.07776000e+06
24750.000000 1.05824000e+06
24850.000000 1.04407000e+06
24950.000000 1.02682000e+06
25050.000000 1.01161000e+06
25150.000000 9.95721000e+05
25250.000000 9.78514000e+05
25350.000000 9.64771000e+05
25450.000000 9.50748000e+05
25550.000000 9.34664000e+05
25650.000000 9.17599000e+05
25750.000000 9.06679000e+05
25850.000000 8.94096000e+05
25950.000000 8.79946000e+05
26050.000000 8.62377000e+05
26150.000000 8.37118000e+05
26250.000000 7.77228000e+05
26350.000000 8.17948000e+05
26450.000000 8.15652000e+05
26550.000000 8.03373000e+05
26650.000000 7.89080000e+05
26750.000000 7.67555000e+05
26850.000000 7.65663000e+05
26950.000000 7.59006000e+05
27050.000000 7.49955000e+05
27150.000000 7.39228000e+05
27250.000000 7.28536000e+05
27350.000000 7.16872000e+05
27450.000000 7.03259000e+05
27550.000000 6.77515000e+05
27650.000000 6.75235000e+05
27750.000000 6.75172000e+05
27850.000000 6.68097000e+05
27950.000000 6.58937000e+05
28050.000000 6.49315000e+05
28150.000000 6.40622000e+05
28250.000000 6.31610000e+05
28350.000000 6.22756000e+05
28450.000000 6.14010000e+05
28550.000000 6.03015000e+05
28650.000000 5.86604000e+05
28750.000000 5.63889000e+05
28850.000000 5.75783000e+05
28950.000000 5.71857000e+05
29050.000000 5.65517000e+05
29150.000000 5.57830000e+05
29250.000000 5.50324000e+05
29350.000000 5.42907000e+05
29450.000000 5.35664000e+05
29550.000000 5.28550000e+05
29650.000000 5.21477000e+05
29750.000000 5.14572000e+05
29850.000000 5.07790000e+05
29950.000000 5.01087000e+05
30050.000000 4.94461000e+05
30150.000000 4.86752000e+05
30250.000000 4.78023000e+05
30350.000000 4.54183000e+05
30450.000000 4.54049000e+05
30550.000000 4.60325000e+05
30650.000000 4.56684000e+05
30750.000000 4.50691000e+05
30850.000000 4.45201000e+05
30950.000000 4.39851000e+05
31050.000000 4.34287000e+05
31150.000000 4.28630000e+05
31250.000000 4.23075000e+05
31350.000000 4.18004000e+05
31450.000000 4.12760000e+05
31550.000000 4.07612000e+05
31650.000000 4.02483000e+05
31750.000000 3.97485000e+05
31850.000000 3.92579000e+05
31950.000000 3.87726000e+05
32100.000000 3.80565000e+05
32300.000000 3.71317000e+05
32500.000000 3.62302000e+05
32700.000000 3.52846000e+05
32900.000000 3.30526000e+05
33100.000000 3.31839000e+05
33300.000000 3.28202000e+05
33500.000000 3.20860000e+05
33700.000000 3.13424000e+05
33900.000000 3.06180000e+05
34100.000000 2.99129000e+05
34300.000000 2.92270000e+05
34500.000000 2.85615000e+05
34700.000000 2.79128000e+05
34900.000000 2.72833000e+05
35100.000000 2.66717000e+05
35300.000000 2.60765000e+05
35500.000000 2.54980000e+05
35700.000000 2.49353000e+05
35900.000000 2.43875000e+05
36100.000000 2.38536000e+05
36300.000000 2.33358000e+05
36500.000000 2.28286000e+05
36700.000000 2.23379000e+05
36900.000000 2.18477000e+05
37100.000000 2.13262000e+05
37300.000000 2.04036000e+05
37500.000000 1.98393000e+05
37700.000000 2.00395000e+05
37900.000000 1.96538000e+05
38100.000000 1.92298000e+05
38300.000000 1.88374000e+05
38500.000000 1.84747000e+05
38700.000000 1.81137000e+05
38900.000000 1.77091000e+05
39100.000000 1.73147000e+05
39300.000000 1.70189000e+05
39500.000000 1.67094000e+05
39700.000000 1.63818000e+05
39900.000000 1.60322000e+05
40100.000000 1.56414000e+05
40300.000000 1.52611000e+05
40500.000000 1.44585000e+05
40700.000000 1.47634000e+05
40900.000000 1.45482000e+05
41100.000000 1.42684000e+05
41300.000000 1.39795000e+05
41500.000000 1.36758000e+05
41700.000000 1.32765000e+05
41900.000000 1.31552000e+05
42100.000000 1.29636000e+05
42300.000000 1.27219000e+05
42500.000000 1.24769000e+05
42700.000000 1.22532000e+05
42900.000000 1.20029000e+05
43100.000000 1.18056000e+05
43300.000000 1.15893000e+05
43500.000000 1.13432000e+05
43700.000000 1.09482000e+05
43900.000000 1.08540000e+05
44100.000000 1.07592000e+05
44300.000000 1.05800000e+05
44500.000000 1.03917000e+05
44700.000000 1.02220000e+05
44900.000000 1.00412000e+05
45100.000000 9.86456000e+04
45300.000000 9.68953000e+04
45500.000000 9.52210000e+04
45700.000000 9.35578000e+04
45900.000000 9.18019000e+04
46100.000000 9.00782000e+04
46300.000000 8.82068000e+04
46500.000000 8.25015000e+04
46700.000000 8.25634000e+04
46900.000000 8.33216000e+04
47100.000000 8.26529000e+04
47300.000000 8.13963000e+04
47500.000000 8.01547000e+04
47700.000000 7.88448000e+04
47900.000000 7.75507000e+04
48100.000000 7.62704000e+04
48300.000000 7.50152000e+04
48500.000000 7.37876000e+04
48700.000000 7.25839000e+04
48900.000000 7.14037000e+04
49100.000000 7.02482000e+04
49300.000000 6.91167000e+04
49500.000000 6.80073000e+04
49700.000000 6.69197000e+04
49900.000000 6.58532000e+04
50100.000000 6.48047000e+04
50300.000000 6.37797000e+04
50500.000000 6.27806000e+04
50700.000000 6.17587000e+04
50900.000000 6.06403000e+04
51100.000000 5.92345000e+04
51300.000000 5.65046000e+04
51500.000000 5.75453000e+04
51700.000000 5.69867000e+04
51900.000000 5.62547000e+04
52100.000000 5.54169000e+04
52300.000000 5.45738000e+04
52500.000000 5.37474000e+04
52700.000000 5.29319000e+04
52900.000000 5.21394000e+04
53100.000000 5.13585000e+04
53300.000000 5.05919000e+04
53500.000000 4.98392000e+04
53700.000000 4.90911000e+04
53900.000000 4.83670000e+04
54100.000000 4.76638000e+04
54300.000000 4.69658000e+04
54500.000000 4.62793000e+04
54700.000000 4.56053000e+04
54900.000000 4.49449000e+04
55100.000000 4.42482000e+04
55300.000000 4.35493000e+04
55500.000000 4.30305000e+04
55700.000000 4.24160000e+04
55900.000000 4.18117000e+04
56100.000000 4.12184000e+04
56300.000000 4.06361000e+04
56500.000000 4.00633000e+04
56700.000000 3.94999000e+04
56900.000000 3.88923000e+04
57100.000000 3.82448000e+04
57300.000000 3.77924000e+04
57500.000000 3.73454000e+04
57700.000000 3.68289000e+04
57900.000000 3.63187000e+04
58100.000000 3.58247000e+04
58300.000000 3.53344000e+04
58500.000000 3.48136000e+04
58700.000000 3.42804000e+04
58900.000000 3.34844000e+04
59100.000000 3.18312000e+04
59300.000000 3.26625000e+04
59500.000000 3.22879000e+04
59700.000000 3.19525000e+04
59900.000000 3.16366000e+04
60100.000000 3.12845000e+04
60300.000000 3.08960000e+04
60500.000000 3.04893000e+04
60700.000000 3.00883000e+04
60900.000000 2.96950000e+04
61100.000000 2.93072000e+04
61300.000000 2.89257000e+04
61500.000000 2.85507000e+04
61700.000000 2.81818000e+04
61900.000000 2.78181000e+04
62100.000000 2.74614000e+04
62300.000000 2.71097000e+04
62500.000000 2.67040000e+04
62700.000000 2.62771000e+04
62900.000000 2.57123000e+04
63100.000000 2.55817000e+04
63300.000000 2.53629000e+04
63500.000000 2.51091000e+04
63700.000000 2.47994000e+04
63900.000000 2.44894000e+04
64200.000000 2.40344000e+04
64600.000000 2.34434000e+04
65000.000000 2.28704000e+04
65400.000000 2.23149000e+04
65800.000000 2.17756000e+04
66200.000000 2.12519000e+04
66600.000000 2.07460000e+04
67000.000000 2.02497000e+04
67400.000000 1.96676000e+04
67800.000000 1.89912000e+04
68200.000000 1.88209000e+04
68600.000000 1.84236000e+04
69000.000000 1.80001000e+04
69400.000000 1.75875000e+04
69800.000000 1.71870000e+04
70200.000000 1.67975000e+04
70600.000000 1.64187000e+04
71000.000000 1.60512000e+04
71400.000000 1.56923000e+04
71800.000000 1.53454000e+04
72200.000000 1.50075000e+04
72600.000000 1.46775000e+04
73000.000000 1.43580000e+04
73400.000000 1.40467000e+04
73800.000000 1.37323000e+04
74200.000000 1.33670000e+04
74600.000000 1.26582000e+04
75000.000000 1.23031000e+04
75400.000000 1.24831000e+04
75800.000000 1.23169000e+04
76200.000000 1.20880000e+04
76600.000000 1.18369000e+04
77000.000000 1.15923000e+04
77400.000000 1.13526000e+04
77800.000000 1.10974000e+04
78200.000000 1.08948000e+04
78600.000000 1.06745000e+04
79000.000000 1.04592000e+04
79400.000000 1.02495000e+04
79800.000000 1.00447000e+04
80200.000000 9.84516000e+03
80600.000000 9.65084000e+03
81000.000000 9.46044000e+03
81400.000000 9.24715000e+03
81800.000000 9.07755000e+03
82200.000000 8.91861000e+03
82600.000000 8.74631000e+03
83000.000000 8.57854000e+03
83400.000000 8.41466000e+03
83800.000000 8.25459000e+03
84200.000000 8.09823000e+03
84600.000000 7.94551000e+03
85000.000000 7.79687000e+03
85400.000000 7.65116000e+03
85800.000000 7.50886000e+03
86200.000000 7.35872000e+03
86600.000000 7.18641000e+03
87000.000000 7.07071000e+03
87400.000000 6.83747000e+03
87800.000000 6.71471000e+03
88200.000000 6.70915000e+03
88600.000000 6.60072000e+03
89000.000000 6.48207000e+03
89400.000000 6.36669000e+03
89800.000000 6.25357000e+03
90200.000000 6.14266000e+03
90600.000000 6.03438000e+03
91000.000000 5.92868000e+03
91400.000000 5.82504000e+03
91800.000000 5.72387000e+03
92200.000000 5.62468000e+03
92600.000000 5.52742000e+03
93000.000000 5.43294000e+03
93400.000000 5.32777000e+03
93800.000000 5.19337000e+03
94200.000000 5.12982000e+03
94600.000000 5.06759000e+03
95000.000000 4.98744000e+03
95400.000000 4.90431000e+03
95800.000000 4.82239000e+03
96200.000000 4.74248000e+03
96600.000000 4.66412000e+03
97000.000000 4.58730000e+03
97400.000000 4.51197000e+03
97800.000000 4.43812000e+03
98200.000000 4.36609000e+03
98600.000000 4.29509000e+03
99000.000000 4.22586000e+03
99400.000000 4.15798000e+03
99800.000000 4.09143000e+03
100200.000000 4.02619000e+03
200000.000000 2.49564000e+02
400000.000000 1.52889000e+01
600000.000000 2.98045000e+00
800000.000000 9.33700000e-01
1000000.000000 3.79367000e-01
1200000.000000 1.81707000e-01
1400000.000000 9.75056000e-02
1600000.000000 5.68641000e-02
