# Kurucz ODFNEW /NOVER, alpha: 0.0 (2003)
# teff = 4250 K (value for the effective temperature for the model. Temperatures are given in K)
# logg = 0 log(cm/s2) (value for Log(G) for the model.)
# lh = 1.25  (l/Hp where l is the  mixing length of the convective element and Hp is the pressure scale height)
# meta = -2.5  (value for the Metallicity for the model.)
# vtur = 2 km/s (Microturbulence velocity)
# alpha = 0  (Alpha)
#
# column 1: WAVELENGTH (ANGSTROM), Wavelength in Angstrom
# column 2: FLUX (ERG/CM2/S/A), Flux in erg/cm2/s/A
147.200000 8.58445000e-188
151.000000 7.87660000e-183
155.200000 1.24860000e-177
158.800000 2.14991000e-173
162.000000 8.67839000e-170
166.000000 1.77346000e-165
170.300000 4.51536000e-161
173.400000 4.94349000e-158
176.800000 8.01397000e-155
180.200000 9.80444000e-152
181.700000 2.07233000e-150
186.100000 1.19981000e-146
191.000000 1.15628000e-142
193.900000 2.10944000e-140
198.400000 5.02072000e-137
201.800000 1.41854000e-134
205.000000 2.42254000e-132
210.500000 1.14557000e-128
216.200000 4.65681000e-125
219.800000 7.07911000e-123
223.000000 5.35462000e-121
226.800000 7.77287000e-119
230.000000 4.52382000e-117
234.000000 6.19255000e-115
240.000000 7.26643000e-112
246.500000 1.03758000e-108
252.400000 5.45901000e-106
256.800000 4.82961000e-104
260.000000 1.14234000e-102
264.000000 5.34154000e-101
268.500000 3.50966000e-99
273.500000 3.11508000e-97
278.500000 2.35128000e-95
284.000000 2.28548000e-93
290.000000 2.75268000e-91
296.000000 2.71703000e-89
301.000000 1.08381000e-87
308.000000 1.53858000e-85
318.000000 1.24198000e-82
328.000000 6.61651000e-80
338.000000 2.41146000e-77
348.000000 6.22314000e-75
357.000000 7.01795000e-73
366.000000 6.25211000e-71
375.000000 4.46449000e-69
385.000000 4.03302000e-67
395.000000 2.88297000e-65
405.000000 1.66112000e-63
414.000000 5.37742000e-62
422.000000 1.04064000e-60
430.000000 1.79864000e-59
441.000000 7.61203000e-58
451.000000 1.94643000e-56
460.000000 3.18066000e-55
470.000000 6.23317000e-54
480.000000 1.07473000e-52
490.000000 1.64499000e-51
500.000000 2.24787000e-50
506.000000 1.39036000e-49
512.000000 6.83877000e-49
520.000000 4.64670000e-48
530.000000 4.71415000e-47
540.000000 4.31986000e-46
550.000000 3.68024000e-45
560.000000 2.88217000e-44
570.000000 2.09422000e-43
580.000000 1.40299000e-42
590.000000 8.96791000e-42
600.000000 5.32277000e-41
610.000000 2.97303000e-40
620.000000 1.56739000e-39
630.000000 7.82077000e-39
640.000000 3.70530000e-38
650.000000 1.67009000e-37
658.000000 5.38202000e-37
665.000000 1.46262000e-36
675.000000 5.87595000e-36
685.000000 2.26242000e-35
695.000000 8.36405000e-35
705.000000 2.97450000e-34
716.000000 1.15042000e-33
726.000000 3.79048000e-33
735.000000 1.07700000e-32
745.000000 3.33197000e-32
755.000000 9.98884000e-32
765.000000 2.90556000e-31
775.000000 8.20980000e-31
785.000000 2.25601000e-30
795.000000 6.03518000e-30
805.000000 1.57342000e-29
815.000000 4.00151000e-29
825.000000 9.93708000e-29
835.000000 2.41202000e-28
845.000000 5.71933000e-28
855.000000 1.32397000e-27
865.000000 3.00085000e-27
875.000000 6.67029000e-27
885.000000 1.45237000e-26
895.000000 3.11495000e-26
905.000000 6.52288000e-26
915.000000 1.59385000e-21
925.000000 1.47191000e-20
935.000000 1.62792000e-20
945.000000 5.59130000e-20
955.000000 6.15225000e-20
965.000000 1.29279000e-19
975.000000 2.19544000e-19
985.000000 6.73762000e-19
995.000000 1.44253000e-18
1005.000000 2.35573000e-18
1015.000000 4.08205000e-18
1025.000000 5.96420000e-18
1035.000000 1.90305000e-17
1045.000000 3.98179000e-17
1055.000000 5.12076000e-17
1065.000000 1.99813000e-16
1075.000000 3.41840000e-16
1085.000000 1.80901000e-15
1095.000000 4.13451000e-15
1105.000000 3.61079000e-15
1115.000000 1.05405000e-14
1125.000000 2.10397000e-14
1135.000000 4.07487000e-14
1145.000000 4.86923000e-14
1155.000000 5.42915000e-14
1165.000000 4.91083000e-14
1175.000000 6.02712000e-14
1185.000000 1.18197000e-12
1195.000000 1.00027000e-13
1205.000000 4.19662000e-14
1215.000000 2.61680000e-15
1225.000000 4.23067000e-14
1235.000000 7.02268000e-13
1245.000000 6.33624000e-13
1255.000000 1.48180000e-12
1265.000000 3.80043000e-12
1275.000000 7.74374000e-12
1285.000000 1.46003000e-11
1295.000000 2.47802000e-11
1305.000000 5.13079000e-11
1315.000000 8.11595000e-11
1325.000000 1.27188000e-10
1335.000000 1.83107000e-10
1345.000000 2.79326000e-10
1355.000000 4.51864000e-10
1365.000000 5.93656000e-10
1375.000000 7.93381000e-10
1385.000000 1.09952000e-09
1395.000000 1.45029000e-09
1405.000000 2.19203000e-09
1415.000000 3.22216000e-09
1425.000000 3.85667000e-09
1435.000000 5.66734000e-09
1442.000000 8.69279000e-09
1447.000000 7.84817000e-09
1455.000000 9.99060000e-09
1465.000000 1.45240000e-08
1475.000000 1.63597000e-08
1485.000000 2.19113000e-08
1495.000000 3.56852000e-08
1505.000000 5.29611000e-08
1512.000000 3.39019000e-08
1517.000000 6.14707000e-08
1525.000000 1.73071000e-07
1535.000000 9.48737000e-06
1545.000000 1.00340000e-05
1555.000000 2.35524000e-05
1565.000000 2.17772000e-05
1575.000000 1.32618000e-04
1585.000000 1.66064000e-04
1595.000000 1.97100000e-04
1605.000000 2.09378000e-04
1615.000000 2.69205000e-04
1625.000000 3.33541000e-04
1635.000000 6.44459000e-04
1645.000000 1.31570000e-03
1655.000000 8.55398000e-04
1665.000000 2.14169000e-03
1672.000000 1.29040000e-03
1677.000000 3.17838000e-03
1685.000000 7.38631000e-03
1695.000000 1.72300000e-02
1705.000000 2.45177000e-02
1715.000000 2.79509000e-02
1725.000000 4.70363000e-02
1735.000000 6.29004000e-02
1745.000000 9.97391000e-02
1755.000000 1.25469000e-01
1765.000000 1.68458000e-01
1775.000000 1.40570000e-01
1785.000000 2.71306000e-01
1795.000000 2.67544000e-01
1805.000000 4.17163000e-01
1815.000000 3.44042000e-01
1825.000000 5.72567000e-01
1835.000000 5.72340000e-01
1845.000000 5.72914000e-01
1855.000000 6.54383000e-01
1865.000000 1.06584000e+00
1875.000000 1.11831000e+00
1885.000000 1.43494000e+00
1895.000000 1.99893000e+00
1905.000000 1.99180000e+00
1915.000000 2.84076000e+00
1925.000000 2.95162000e+00
1935.000000 3.06326000e+00
1945.000000 4.06562000e+00
1955.000000 5.11046000e+00
1967.000000 6.35839000e+00
1976.000000 7.03909000e+00
1984.000000 8.40963000e+00
1995.000000 8.52662000e+00
2005.000000 9.78553000e+00
2015.000000 1.13996000e+01
2025.000000 9.95608000e+00
2035.000000 1.44097000e+01
2045.000000 1.60582000e+01
2055.000000 1.84082000e+01
2065.000000 1.83354000e+01
2074.000000 2.07437000e+01
2078.000000 2.34260000e+01
2085.000000 2.36971000e+01
2095.000000 2.39160000e+01
2105.000000 2.39113000e+01
2115.000000 2.81476000e+01
2125.000000 2.69322000e+01
2135.000000 3.48387000e+01
2145.000000 3.07236000e+01
2155.000000 3.59911000e+01
2165.000000 3.50566000e+01
2175.000000 3.87956000e+01
2185.000000 3.78961000e+01
2195.000000 5.30671000e+01
2205.000000 5.09690000e+01
2215.000000 5.13460000e+01
2225.000000 5.15788000e+01
2235.000000 7.23688000e+01
2245.000000 8.03237000e+01
2255.000000 8.13539000e+01
2265.000000 6.57133000e+01
2275.000000 9.94591000e+01
2285.000000 1.08165000e+02
2295.000000 1.32602000e+02
2305.000000 7.96425000e+01
2315.000000 1.55768000e+02
2325.000000 1.62069000e+02
2335.000000 1.94638000e+02
2345.000000 1.40374000e+02
2355.000000 1.66776000e+02
2365.000000 1.77075000e+02
2375.000000 1.99912000e+02
2385.000000 2.07405000e+02
2395.000000 2.45760000e+02
2405.000000 3.04567000e+02
2415.000000 2.66433000e+02
2425.000000 3.42397000e+02
2435.000000 4.29674000e+02
2445.000000 4.95941000e+02
2455.000000 5.43664000e+02
2465.000000 4.97697000e+02
2475.000000 5.64237000e+02
2485.000000 3.28813000e+02
2495.000000 4.30402000e+02
2505.000000 6.53495000e+02
2513.000000 5.27944000e+02
2518.000000 4.71815000e+02
2525.000000 5.01453000e+02
2535.000000 7.78465000e+02
2545.000000 8.71529000e+02
2555.000000 1.03104000e+03
2565.000000 9.84479000e+02
2575.000000 1.11128000e+03
2585.000000 1.13883000e+03
2595.000000 1.12224000e+03
2605.000000 1.19913000e+03
2615.000000 1.21064000e+03
2625.000000 1.44713000e+03
2635.000000 1.72721000e+03
2645.000000 2.08030000e+03
2655.000000 2.36384000e+03
2665.000000 2.29367000e+03
2675.000000 2.43997000e+03
2685.000000 2.71739000e+03
2695.000000 2.59088000e+03
2705.000000 2.99009000e+03
2715.000000 2.66713000e+03
2725.000000 2.67656000e+03
2735.000000 3.03167000e+03
2745.000000 2.66140000e+03
2755.000000 3.00395000e+03
2765.000000 3.51691000e+03
2775.000000 3.75212000e+03
2785.000000 3.59388000e+03
2795.000000 1.93900000e+03
2805.000000 2.39942000e+03
2815.000000 4.36554000e+03
2825.000000 4.93770000e+03
2835.000000 5.30041000e+03
2845.000000 4.97929000e+03
2855.000000 2.93932000e+03
2865.000000 6.15473000e+03
2875.000000 7.23275000e+03
2885.000000 7.46513000e+03
2895.000000 8.25737000e+03
2910.000000 9.80250000e+03
2930.000000 1.05148000e+04
2950.000000 1.08675000e+04
2970.000000 1.18055000e+04
2990.000000 1.27598000e+04
3010.000000 1.37638000e+04
3030.000000 1.50045000e+04
3050.000000 1.70584000e+04
3070.000000 1.66027000e+04
3090.000000 1.75922000e+04
3110.000000 1.98762000e+04
3130.000000 1.98380000e+04
3150.000000 2.08679000e+04
3170.000000 2.42292000e+04
3190.000000 2.42639000e+04
3210.000000 2.74717000e+04
3230.000000 2.73127000e+04
3250.000000 3.50336000e+04
3270.000000 4.08618000e+04
3290.000000 4.31439000e+04
3310.000000 4.38104000e+04
3330.000000 4.49402000e+04
3350.000000 4.51605000e+04
3370.000000 3.95873000e+04
3390.000000 4.75169000e+04
3410.000000 5.28609000e+04
3430.000000 6.14044000e+04
3450.000000 6.45813000e+04
3470.000000 6.93581000e+04
3490.000000 7.49896000e+04
3510.000000 8.20358000e+04
3530.000000 8.23273000e+04
3550.000000 9.48632000e+04
3570.000000 8.89674000e+04
3590.000000 9.26002000e+04
3610.000000 1.01634000e+05
3630.000000 1.06730000e+05
3640.000000 1.08001000e+05
3650.000000 1.15116000e+05
3670.000000 1.23134000e+05
3690.000000 1.31478000e+05
3710.000000 1.44031000e+05
3730.000000 1.35982000e+05
3750.000000 1.48187000e+05
3770.000000 1.62456000e+05
3790.000000 1.71547000e+05
3810.000000 1.79942000e+05
3830.000000 1.67517000e+05
3850.000000 1.81313000e+05
3870.000000 1.76008000e+05
3890.000000 1.84407000e+05
3910.000000 1.99287000e+05
3930.000000 1.30933000e+05
3950.000000 2.05698000e+05
3970.000000 1.62360000e+05
3990.000000 2.59804000e+05
4010.000000 2.87442000e+05
4030.000000 2.88748000e+05
4050.000000 2.98513000e+05
4070.000000 3.04501000e+05
4090.000000 3.37879000e+05
4110.000000 3.46062000e+05
4130.000000 3.48218000e+05
4150.000000 3.56288000e+05
4170.000000 3.68802000e+05
4190.000000 3.66127000e+05
4210.000000 3.71073000e+05
4230.000000 3.75931000e+05
4250.000000 3.74633000e+05
4270.000000 3.72785000e+05
4290.000000 3.43648000e+05
4310.000000 2.92686000e+05
4330.000000 4.18867000e+05
4350.000000 4.15383000e+05
4370.000000 4.31475000e+05
4390.000000 4.31853000e+05
4410.000000 4.77224000e+05
4430.000000 5.29267000e+05
4450.000000 5.41280000e+05
4470.000000 5.61147000e+05
4490.000000 5.87460000e+05
4510.000000 6.15266000e+05
4530.000000 6.01180000e+05
4550.000000 6.20910000e+05
4570.000000 6.52700000e+05
4590.000000 6.58433000e+05
4610.000000 6.79393000e+05
4630.000000 6.93342000e+05
4650.000000 7.02584000e+05
4670.000000 7.26256000e+05
4690.000000 7.39343000e+05
4710.000000 7.48616000e+05
4730.000000 7.64626000e+05
4750.000000 7.80107000e+05
4770.000000 7.88382000e+05
4790.000000 7.97443000e+05
4810.000000 8.13817000e+05
4830.000000 8.18218000e+05
4850.000000 8.27756000e+05
4870.000000 8.14283000e+05
4890.000000 8.53325000e+05
4910.000000 8.69812000e+05
4930.000000 8.65822000e+05
4950.000000 8.92665000e+05
4970.000000 9.22084000e+05
4990.000000 9.06689000e+05
5010.000000 9.00830000e+05
5030.000000 9.43845000e+05
5050.000000 9.43149000e+05
5070.000000 9.74210000e+05
5090.000000 9.72487000e+05
5110.000000 9.80269000e+05
5130.000000 9.87542000e+05
5150.000000 9.86407000e+05
5170.000000 9.77070000e+05
5190.000000 1.00354000e+06
5210.000000 1.00107000e+06
5230.000000 1.03337000e+06
5250.000000 1.06009000e+06
5270.000000 1.04147000e+06
5290.000000 1.08992000e+06
5310.000000 1.10703000e+06
5330.000000 1.08666000e+06
5350.000000 1.12376000e+06
5370.000000 1.13188000e+06
5390.000000 1.13540000e+06
5410.000000 1.14170000e+06
5430.000000 1.14759000e+06
5450.000000 1.16860000e+06
5470.000000 1.18607000e+06
5490.000000 1.19709000e+06
5510.000000 1.19908000e+06
5530.000000 1.21921000e+06
5550.000000 1.23785000e+06
5570.000000 1.23420000e+06
5590.000000 1.24009000e+06
5610.000000 1.25137000e+06
5630.000000 1.27221000e+06
5650.000000 1.27608000e+06
5670.000000 1.27905000e+06
5690.000000 1.29823000e+06
5710.000000 1.29320000e+06
5730.000000 1.31758000e+06
5750.000000 1.32221000e+06
5770.000000 1.33207000e+06
5790.000000 1.33615000e+06
5810.000000 1.34571000e+06
5830.000000 1.35556000e+06
5850.000000 1.35500000e+06
5870.000000 1.36743000e+06
5890.000000 1.34676000e+06
5910.000000 1.38027000e+06
5930.000000 1.38779000e+06
5950.000000 1.39412000e+06
5970.000000 1.40234000e+06
5990.000000 1.40843000e+06
6010.000000 1.41158000e+06
6030.000000 1.41954000e+06
6050.000000 1.42931000e+06
6070.000000 1.43249000e+06
6090.000000 1.43802000e+06
6110.000000 1.44094000e+06
6130.000000 1.42854000e+06
6150.000000 1.44198000e+06
6170.000000 1.44462000e+06
6190.000000 1.45634000e+06
6210.000000 1.46651000e+06
6230.000000 1.46128000e+06
6250.000000 1.45436000e+06
6270.000000 1.47844000e+06
6290.000000 1.48181000e+06
6310.000000 1.47953000e+06
6330.000000 1.48787000e+06
6350.000000 1.50047000e+06
6370.000000 1.50508000e+06
6390.000000 1.50518000e+06
6410.000000 1.50029000e+06
6430.000000 1.50537000e+06
6450.000000 1.51471000e+06
6470.000000 1.51822000e+06
6490.000000 1.50298000e+06
6510.000000 1.53020000e+06
6530.000000 1.53763000e+06
6550.000000 1.53467000e+06
6570.000000 1.47664000e+06
6590.000000 1.53830000e+06
6610.000000 1.54504000e+06
6630.000000 1.55176000e+06
6650.000000 1.55173000e+06
6670.000000 1.54896000e+06
6690.000000 1.56075000e+06
6710.000000 1.56000000e+06
6730.000000 1.56529000e+06
6750.000000 1.56414000e+06
6770.000000 1.56641000e+06
6790.000000 1.57052000e+06
6810.000000 1.57146000e+06
6830.000000 1.57527000e+06
6850.000000 1.57524000e+06
6870.000000 1.57646000e+06
6890.000000 1.58121000e+06
6910.000000 1.58130000e+06
6930.000000 1.58364000e+06
6950.000000 1.58273000e+06
6970.000000 1.58630000e+06
6990.000000 1.58656000e+06
7010.000000 1.58588000e+06
7030.000000 1.58876000e+06
7050.000000 1.59029000e+06
7070.000000 1.58952000e+06
7090.000000 1.59069000e+06
7110.000000 1.59211000e+06
7130.000000 1.58964000e+06
7150.000000 1.58908000e+06
7170.000000 1.59313000e+06
7190.000000 1.58559000e+06
7210.000000 1.58934000e+06
7230.000000 1.59353000e+06
7250.000000 1.59472000e+06
7270.000000 1.59486000e+06
7290.000000 1.59208000e+06
7310.000000 1.59374000e+06
7330.000000 1.59382000e+06
7350.000000 1.59451000e+06
7370.000000 1.59599000e+06
7390.000000 1.59316000e+06
7410.000000 1.58910000e+06
7430.000000 1.59222000e+06
7450.000000 1.59292000e+06
7470.000000 1.59365000e+06
7490.000000 1.59146000e+06
7510.000000 1.59161000e+06
7530.000000 1.59214000e+06
7550.000000 1.59283000e+06
7570.000000 1.59160000e+06
7590.000000 1.58956000e+06
7610.000000 1.59006000e+06
7630.000000 1.58963000e+06
7650.000000 1.58919000e+06
7670.000000 1.57982000e+06
7690.000000 1.58741000e+06
7710.000000 1.57893000e+06
7730.000000 1.57960000e+06
7750.000000 1.57867000e+06
7770.000000 1.58285000e+06
7790.000000 1.57926000e+06
7810.000000 1.58020000e+06
7830.000000 1.57669000e+06
7850.000000 1.57618000e+06
7870.000000 1.57554000e+06
7890.000000 1.57259000e+06
7910.000000 1.56850000e+06
7930.000000 1.56545000e+06
7950.000000 1.56342000e+06
7970.000000 1.56650000e+06
7990.000000 1.56463000e+06
8010.000000 1.56164000e+06
8030.000000 1.56123000e+06
8050.000000 1.55529000e+06
8070.000000 1.55707000e+06
8090.000000 1.55330000e+06
8110.000000 1.55344000e+06
8130.000000 1.55202000e+06
8150.000000 1.55019000e+06
8170.000000 1.54848000e+06
8190.000000 1.54104000e+06
8210.000000 1.54248000e+06
8230.000000 1.53917000e+06
8250.000000 1.54079000e+06
8270.000000 1.54012000e+06
8290.000000 1.53764000e+06
8310.000000 1.53341000e+06
8330.000000 1.51921000e+06
8350.000000 1.52999000e+06
8370.000000 1.52677000e+06
8390.000000 1.50891000e+06
8410.000000 1.52278000e+06
8430.000000 1.51439000e+06
8450.000000 1.51905000e+06
8470.000000 1.50889000e+06
8490.000000 1.50760000e+06
8510.000000 1.46062000e+06
8530.000000 1.50452000e+06
8550.000000 1.38437000e+06
8570.000000 1.50564000e+06
8590.000000 1.50134000e+06
8610.000000 1.49620000e+06
8630.000000 1.49737000e+06
8650.000000 1.49317000e+06
8670.000000 1.38796000e+06
8690.000000 1.47502000e+06
8710.000000 1.48767000e+06
8730.000000 1.48521000e+06
8750.000000 1.47725000e+06
8770.000000 1.48056000e+06
8790.000000 1.47709000e+06
8810.000000 1.46525000e+06
8830.000000 1.46036000e+06
8850.000000 1.46719000e+06
8870.000000 1.46120000e+06
8890.000000 1.46483000e+06
8910.000000 1.46220000e+06
8930.000000 1.45845000e+06
8950.000000 1.45424000e+06
8970.000000 1.45324000e+06
8990.000000 1.45079000e+06
9010.000000 1.43429000e+06
9030.000000 1.44495000e+06
9050.000000 1.44312000e+06
9070.000000 1.43923000e+06
9090.000000 1.42762000e+06
9110.000000 1.43207000e+06
9130.000000 1.43032000e+06
9150.000000 1.42511000e+06
9170.000000 1.42092000e+06
9190.000000 1.41813000e+06
9210.000000 1.41193000e+06
9230.000000 1.40635000e+06
9250.000000 1.40618000e+06
9270.000000 1.40687000e+06
9290.000000 1.40335000e+06
9310.000000 1.40185000e+06
9330.000000 1.39922000e+06
9350.000000 1.39565000e+06
9370.000000 1.39069000e+06
9390.000000 1.38968000e+06
9410.000000 1.38280000e+06
9430.000000 1.38296000e+06
9450.000000 1.37990000e+06
9470.000000 1.37815000e+06
9490.000000 1.37532000e+06
9510.000000 1.37304000e+06
9530.000000 1.36935000e+06
9550.000000 1.36172000e+06
9570.000000 1.36385000e+06
9590.000000 1.36137000e+06
9610.000000 1.35795000e+06
9630.000000 1.35487000e+06
9650.000000 1.34809000e+06
9670.000000 1.34683000e+06
9690.000000 1.34641000e+06
9710.000000 1.34267000e+06
9730.000000 1.33990000e+06
9750.000000 1.33596000e+06
9770.000000 1.33452000e+06
9790.000000 1.32950000e+06
9810.000000 1.32925000e+06
9830.000000 1.32646000e+06
9850.000000 1.32357000e+06
9870.000000 1.32030000e+06
9890.000000 1.31739000e+06
9910.000000 1.31442000e+06
9930.000000 1.31180000e+06
9950.000000 1.30885000e+06
9970.000000 1.30600000e+06
9990.000000 1.30323000e+06
10025.000000 1.29725000e+06
10075.000000 1.28775000e+06
10125.000000 1.28245000e+06
10175.000000 1.27432000e+06
10225.000000 1.26725000e+06
10275.000000 1.26062000e+06
10325.000000 1.24777000e+06
10375.000000 1.24417000e+06
10425.000000 1.23844000e+06
10475.000000 1.23014000e+06
10525.000000 1.22376000e+06
10575.000000 1.21558000e+06
10625.000000 1.20677000e+06
10675.000000 1.19883000e+06
10725.000000 1.19410000e+06
10775.000000 1.18473000e+06
10825.000000 1.17204000e+06
10875.000000 1.17075000e+06
10925.000000 1.15955000e+06
10975.000000 1.15380000e+06
11025.000000 1.14710000e+06
11075.000000 1.14153000e+06
11125.000000 1.13440000e+06
11175.000000 1.12840000e+06
11225.000000 1.12277000e+06
11275.000000 1.11497000e+06
11325.000000 1.11016000e+06
11375.000000 1.10267000e+06
11425.000000 1.09382000e+06
11475.000000 1.09146000e+06
11525.000000 1.08541000e+06
11575.000000 1.07786000e+06
11625.000000 1.06648000e+06
11675.000000 1.06483000e+06
11725.000000 1.06087000e+06
11775.000000 1.05275000e+06
11825.000000 1.04572000e+06
11875.000000 1.03514000e+06
11925.000000 1.03684000e+06
11975.000000 1.02200000e+06
12025.000000 1.02342000e+06
12075.000000 1.01772000e+06
12125.000000 1.01301000e+06
12175.000000 1.00796000e+06
12225.000000 1.00238000e+06
12275.000000 9.96457000e+05
12325.000000 9.91414000e+05
12375.000000 9.85879000e+05
12425.000000 9.80669000e+05
12475.000000 9.75486000e+05
12525.000000 9.70187000e+05
12575.000000 9.65036000e+05
12625.000000 9.59913000e+05
12675.000000 9.54957000e+05
12725.000000 9.50166000e+05
12775.000000 9.45329000e+05
12825.000000 9.33185000e+05
12875.000000 9.35610000e+05
12925.000000 9.30685000e+05
12975.000000 9.26525000e+05
13025.000000 9.22023000e+05
13075.000000 9.17563000e+05
13125.000000 9.12663000e+05
13175.000000 9.07941000e+05
13225.000000 9.04406000e+05
13275.000000 8.99188000e+05
13325.000000 8.95783000e+05
13375.000000 8.91836000e+05
13425.000000 8.87944000e+05
13475.000000 8.84001000e+05
13525.000000 8.80114000e+05
13575.000000 8.75932000e+05
13625.000000 8.71686000e+05
13675.000000 8.68748000e+05
13725.000000 8.65170000e+05
13775.000000 8.61660000e+05
13825.000000 8.58238000e+05
13875.000000 8.54196000e+05
13925.000000 8.49958000e+05
13975.000000 8.47301000e+05
14025.000000 8.43856000e+05
14075.000000 8.40952000e+05
14125.000000 8.37256000e+05
14175.000000 8.34472000e+05
14225.000000 8.30831000e+05
14275.000000 8.27869000e+05
14325.000000 8.25698000e+05
14375.000000 8.23227000e+05
14425.000000 8.19141000e+05
14475.000000 8.18113000e+05
14525.000000 8.13937000e+05
14570.000000 8.11969000e+05
14620.000000 8.08980000e+05
14675.000000 8.06497000e+05
14725.000000 8.04104000e+05
14775.000000 8.02105000e+05
14825.000000 7.99858000e+05
14875.000000 7.94302000e+05
14925.000000 7.95805000e+05
14975.000000 7.93775000e+05
15025.000000 7.84897000e+05
15075.000000 7.86330000e+05
15125.000000 7.86343000e+05
15175.000000 7.84475000e+05
15225.000000 7.83377000e+05
15275.000000 7.78289000e+05
15325.000000 7.76989000e+05
15375.000000 7.77123000e+05
15425.000000 7.70668000e+05
15475.000000 7.74317000e+05
15525.000000 7.71869000e+05
15575.000000 7.62558000e+05
15625.000000 7.68039000e+05
15675.000000 7.64803000e+05
15725.000000 7.54813000e+05
15775.000000 7.57242000e+05
15825.000000 7.57835000e+05
15875.000000 7.41139000e+05
15925.000000 7.52566000e+05
15975.000000 7.49397000e+05
16050.000000 7.44077000e+05
16150.000000 7.31641000e+05
16250.000000 7.29170000e+05
16350.000000 7.19136000e+05
16450.000000 6.99936000e+05
16550.000000 6.93842000e+05
16650.000000 6.79892000e+05
16750.000000 6.66253000e+05
16850.000000 6.47448000e+05
16950.000000 6.41510000e+05
17050.000000 6.28862000e+05
17150.000000 6.16362000e+05
17250.000000 6.05021000e+05
17350.000000 5.87291000e+05
17450.000000 5.82249000e+05
17550.000000 5.71315000e+05
17650.000000 5.60567000e+05
17750.000000 5.50263000e+05
17850.000000 5.39834000e+05
17950.000000 5.30165000e+05
18050.000000 5.19924000e+05
18150.000000 5.05702000e+05
18250.000000 5.00786000e+05
18350.000000 4.92065000e+05
18450.000000 4.82706000e+05
18550.000000 4.74045000e+05
18650.000000 4.65542000e+05
18750.000000 4.48877000e+05
18850.000000 4.48771000e+05
18950.000000 4.40322000e+05
19050.000000 4.33013000e+05
19150.000000 4.25297000e+05
19250.000000 4.17901000e+05
19350.000000 4.10162000e+05
19450.000000 3.98994000e+05
19550.000000 3.96036000e+05
19650.000000 3.89225000e+05
19750.000000 3.81769000e+05
19850.000000 3.75780000e+05
19950.000000 3.69334000e+05
20050.000000 3.63214000e+05
20150.000000 3.57038000e+05
20250.000000 3.50847000e+05
20350.000000 3.44860000e+05
20450.000000 3.39244000e+05
20550.000000 3.33416000e+05
20650.000000 3.27783000e+05
20750.000000 3.22400000e+05
20850.000000 3.17019000e+05
20950.000000 3.11708000e+05
21050.000000 3.06670000e+05
21150.000000 3.01629000e+05
21250.000000 2.96695000e+05
21350.000000 2.91848000e+05
21450.000000 2.87168000e+05
21550.000000 2.82497000e+05
21650.000000 2.75432000e+05
21750.000000 2.73415000e+05
21850.000000 2.69001000e+05
21950.000000 2.64820000e+05
22050.000000 2.60455000e+05
22150.000000 2.56488000e+05
22250.000000 2.52377000e+05
22350.000000 2.48442000e+05
22450.000000 2.44581000e+05
22550.000000 2.40720000e+05
22650.000000 2.36984000e+05
22750.000000 2.33355000e+05
22850.000000 2.29975000e+05
22950.000000 2.18162000e+05
23050.000000 2.18754000e+05
23150.000000 2.16595000e+05
23250.000000 2.04923000e+05
23350.000000 2.07296000e+05
23450.000000 2.06142000e+05
23550.000000 1.95598000e+05
23650.000000 1.97753000e+05
23750.000000 1.96559000e+05
23850.000000 1.87774000e+05
23950.000000 1.88784000e+05
24050.000000 1.87296000e+05
24150.000000 1.81013000e+05
24250.000000 1.80779000e+05
24350.000000 1.79119000e+05
24450.000000 1.74853000e+05
24550.000000 1.72712000e+05
24650.000000 1.71909000e+05
24750.000000 1.68518000e+05
24850.000000 1.66121000e+05
24950.000000 1.64477000e+05
25050.000000 1.62806000e+05
25150.000000 1.59412000e+05
25250.000000 1.57520000e+05
25350.000000 1.56191000e+05
25450.000000 1.53937000e+05
25550.000000 1.52047000e+05
25650.000000 1.49713000e+05
25750.000000 1.48325000e+05
25850.000000 1.45821000e+05
25950.000000 1.44375000e+05
26050.000000 1.42414000e+05
26150.000000 1.40197000e+05
26250.000000 1.37611000e+05
26350.000000 1.36911000e+05
26450.000000 1.35269000e+05
26550.000000 1.33007000e+05
26650.000000 1.31236000e+05
26750.000000 1.29509000e+05
26850.000000 1.28306000e+05
26950.000000 1.26567000e+05
27050.000000 1.24984000e+05
27150.000000 1.23349000e+05
27250.000000 1.21827000e+05
27350.000000 1.20212000e+05
27450.000000 1.18653000e+05
27550.000000 1.16686000e+05
27650.000000 1.15622000e+05
27750.000000 1.14169000e+05
27850.000000 1.12671000e+05
27950.000000 1.11080000e+05
28050.000000 1.09485000e+05
28150.000000 1.08304000e+05
28250.000000 1.06968000e+05
28350.000000 1.05638000e+05
28450.000000 1.04287000e+05
28550.000000 1.02938000e+05
28650.000000 1.01615000e+05
28750.000000 9.99887000e+04
28850.000000 9.91202000e+04
28950.000000 9.79017000e+04
29050.000000 9.65771000e+04
29150.000000 9.54855000e+04
29250.000000 9.41689000e+04
29350.000000 9.29379000e+04
29450.000000 9.18473000e+04
29550.000000 9.07953000e+04
29650.000000 8.94211000e+04
29750.000000 8.85443000e+04
29850.000000 8.75250000e+04
29950.000000 8.64123000e+04
30050.000000 8.51039000e+04
30150.000000 8.43579000e+04
30250.000000 8.33483000e+04
30350.000000 8.20269000e+04
30450.000000 8.08755000e+04
30550.000000 8.03792000e+04
30650.000000 7.93824000e+04
30750.000000 7.84247000e+04
30850.000000 7.73312000e+04
30950.000000 7.63840000e+04
31050.000000 7.56583000e+04
31150.000000 7.46802000e+04
31250.000000 7.39137000e+04
31350.000000 7.26456000e+04
31450.000000 7.21349000e+04
31550.000000 7.12431000e+04
31650.000000 7.05379000e+04
31750.000000 6.95187000e+04
31850.000000 6.86966000e+04
31950.000000 6.79794000e+04
32100.000000 6.69361000e+04
32300.000000 6.51600000e+04
32500.000000 6.39183000e+04
32700.000000 6.24518000e+04
32900.000000 6.07690000e+04
33100.000000 5.97274000e+04
33300.000000 5.82375000e+04
33500.000000 5.70440000e+04
33700.000000 5.58747000e+04
33900.000000 5.44076000e+04
34100.000000 5.34441000e+04
34300.000000 5.23295000e+04
34500.000000 5.10060000e+04
34700.000000 5.00819000e+04
34900.000000 4.90487000e+04
35100.000000 4.79134000e+04
35300.000000 4.68882000e+04
35500.000000 4.60146000e+04
35700.000000 4.49566000e+04
35900.000000 4.40274000e+04
36100.000000 4.32230000e+04
36300.000000 4.22762000e+04
36500.000000 4.14353000e+04
36700.000000 4.05989000e+04
36900.000000 3.97810000e+04
37100.000000 3.89481000e+04
37300.000000 3.81714000e+04
37500.000000 3.73957000e+04
37700.000000 3.66739000e+04
37900.000000 3.60125000e+04
38100.000000 3.52383000e+04
38300.000000 3.45939000e+04
38500.000000 3.39126000e+04
38700.000000 3.32914000e+04
38900.000000 3.26113000e+04
39100.000000 3.19878000e+04
39300.000000 3.13874000e+04
39500.000000 3.08241000e+04
39700.000000 3.02370000e+04
39900.000000 2.96247000e+04
40100.000000 2.91143000e+04
40300.000000 2.85431000e+04
40500.000000 2.79426000e+04
40700.000000 2.74936000e+04
40900.000000 2.70272000e+04
41100.000000 2.65150000e+04
41300.000000 2.60468000e+04
41500.000000 2.55688000e+04
41700.000000 2.50793000e+04
41900.000000 2.46667000e+04
42100.000000 2.42033000e+04
42300.000000 2.37939000e+04
42500.000000 2.33640000e+04
42700.000000 2.29514000e+04
42900.000000 2.20276000e+04
43100.000000 2.12903000e+04
43300.000000 2.12207000e+04
43500.000000 2.03292000e+04
43700.000000 1.98890000e+04
43900.000000 1.96300000e+04
44100.000000 1.87788000e+04
44300.000000 1.86099000e+04
44500.000000 1.82875000e+04
44700.000000 1.75184000e+04
44900.000000 1.74771000e+04
45100.000000 1.70887000e+04
45300.000000 1.65706000e+04
45500.000000 1.64114000e+04
45700.000000 1.62347000e+04
45900.000000 1.56411000e+04
46100.000000 1.55908000e+04
46300.000000 1.52583000e+04
46500.000000 1.51718000e+04
46700.000000 1.49537000e+04
46900.000000 1.46654000e+04
47100.000000 1.44926000e+04
47300.000000 1.44513000e+04
47500.000000 1.40982000e+04
47700.000000 1.39317000e+04
47900.000000 1.38112000e+04
48100.000000 1.34283000e+04
48300.000000 1.34337000e+04
48500.000000 1.32347000e+04
48700.000000 1.29542000e+04
48900.000000 1.27927000e+04
49100.000000 1.26284000e+04
49300.000000 1.24231000e+04
49500.000000 1.22435000e+04
49700.000000 1.20744000e+04
49900.000000 1.19420000e+04
50100.000000 1.16837000e+04
50300.000000 1.16113000e+04
50500.000000 1.13486000e+04
50700.000000 1.12251000e+04
50900.000000 1.11256000e+04
51100.000000 1.09237000e+04
51300.000000 1.07930000e+04
51500.000000 1.06287000e+04
51700.000000 1.05882000e+04
51900.000000 1.03318000e+04
52100.000000 1.01986000e+04
52300.000000 1.00621000e+04
52500.000000 9.96766000e+03
52700.000000 9.86529000e+03
52900.000000 9.64464000e+03
53100.000000 9.55034000e+03
53300.000000 9.41462000e+03
53500.000000 9.31251000e+03
53700.000000 9.20774000e+03
53900.000000 9.08728000e+03
54100.000000 8.96293000e+03
54300.000000 8.79443000e+03
54500.000000 8.73190000e+03
54700.000000 8.62271000e+03
54900.000000 8.47851000e+03
55100.000000 8.39473000e+03
55300.000000 8.33646000e+03
55500.000000 8.14464000e+03
55700.000000 8.11552000e+03
55900.000000 7.98100000e+03
56100.000000 7.87225000e+03
56300.000000 7.76483000e+03
56500.000000 7.70382000e+03
56700.000000 7.60398000e+03
56900.000000 7.47336000e+03
57100.000000 7.41521000e+03
57300.000000 7.31511000e+03
57500.000000 7.21976000e+03
57700.000000 7.13189000e+03
57900.000000 7.05809000e+03
58100.000000 6.95378000e+03
58300.000000 6.87069000e+03
58500.000000 6.79847000e+03
58700.000000 6.69963000e+03
58900.000000 6.62207000e+03
59100.000000 6.54464000e+03
59300.000000 6.46029000e+03
59500.000000 6.37873000e+03
59700.000000 6.31186000e+03
59900.000000 6.23408000e+03
60100.000000 6.16022000e+03
60300.000000 6.08098000e+03
60500.000000 5.99926000e+03
60700.000000 5.92759000e+03
60900.000000 5.86068000e+03
61100.000000 5.78403000e+03
61300.000000 5.71918000e+03
61500.000000 5.64967000e+03
61700.000000 5.58292000e+03
61900.000000 5.51839000e+03
62100.000000 5.45027000e+03
62300.000000 5.38622000e+03
62500.000000 5.31669000e+03
62700.000000 5.25466000e+03
62900.000000 5.18997000e+03
63100.000000 5.12930000e+03
63300.000000 5.07127000e+03
63500.000000 5.00658000e+03
63700.000000 4.95236000e+03
63900.000000 4.88837000e+03
64200.000000 4.80404000e+03
64600.000000 4.69066000e+03
65000.000000 4.58165000e+03
65400.000000 4.47443000e+03
65800.000000 4.37129000e+03
66200.000000 4.26963000e+03
66600.000000 4.17229000e+03
67000.000000 4.07722000e+03
67400.000000 3.98419000e+03
67800.000000 3.89363000e+03
68200.000000 3.80646000e+03
68600.000000 3.72146000e+03
69000.000000 3.63847000e+03
69400.000000 3.55778000e+03
69800.000000 3.47962000e+03
70200.000000 3.40330000e+03
70600.000000 3.32917000e+03
71000.000000 3.25694000e+03
71400.000000 3.18671000e+03
71800.000000 3.11834000e+03
72200.000000 3.05172000e+03
72600.000000 2.98688000e+03
73000.000000 2.92391000e+03
73400.000000 2.86234000e+03
73800.000000 2.80262000e+03
74200.000000 2.74430000e+03
74600.000000 2.68503000e+03
75000.000000 2.63074000e+03
75400.000000 2.57825000e+03
75800.000000 2.52548000e+03
76200.000000 2.47386000e+03
76600.000000 2.42356000e+03
77000.000000 2.37411000e+03
77400.000000 2.32612000e+03
77800.000000 2.27917000e+03
78200.000000 2.23398000e+03
78600.000000 2.18929000e+03
79000.000000 2.14653000e+03
79400.000000 2.10410000e+03
79800.000000 2.06366000e+03
80200.000000 2.02397000e+03
80600.000000 1.98561000e+03
81000.000000 1.94801000e+03
81400.000000 1.91129000e+03
81800.000000 1.87530000e+03
82200.000000 1.84009000e+03
82600.000000 1.80553000e+03
83000.000000 1.77171000e+03
83400.000000 1.73877000e+03
83800.000000 1.70644000e+03
84200.000000 1.67459000e+03
84600.000000 1.64416000e+03
85000.000000 1.61386000e+03
85400.000000 1.58457000e+03
85800.000000 1.55591000e+03
86200.000000 1.52787000e+03
86600.000000 1.50027000e+03
87000.000000 1.47367000e+03
87400.000000 1.44759000e+03
87800.000000 1.42177000e+03
88200.000000 1.39684000e+03
88600.000000 1.37260000e+03
89000.000000 1.34883000e+03
89400.000000 1.32533000e+03
89800.000000 1.30248000e+03
90200.000000 1.28021000e+03
90600.000000 1.25828000e+03
91000.000000 1.23682000e+03
91400.000000 1.21552000e+03
91800.000000 1.19524000e+03
92200.000000 1.17506000e+03
92600.000000 1.15526000e+03
93000.000000 1.13616000e+03
93400.000000 1.11699000e+03
93800.000000 1.09823000e+03
94200.000000 1.08065000e+03
94600.000000 1.06235000e+03
95000.000000 1.04545000e+03
95400.000000 1.02846000e+03
95800.000000 1.01103000e+03
96200.000000 9.95391000e+02
96600.000000 9.78364000e+02
97000.000000 9.63505000e+02
97400.000000 9.48102000e+02
97800.000000 9.31973000e+02
98200.000000 9.18223000e+02
98600.000000 9.03620000e+02
99000.000000 8.88914000e+02
99400.000000 8.74758000e+02
99800.000000 8.61897000e+02
100200.000000 8.48501000e+02
200000.000000 5.52775000e+01
400000.000000 3.48545000e+00
600000.000000 6.87092000e-01
800000.000000 2.16519000e-01
1000000.000000 8.82828000e-02
1200000.000000 4.23768000e-02
1400000.000000 2.27691000e-02
1600000.000000 1.32881000e-02
