# Kurucz ODFNEW /NOVER, alpha: 0.0 (2003)
# teff = 47000 K (value for the effective temperature for the model. Temperatures are given in K)
# logg = 5 log(cm/s2) (value for Log(G) for the model.)
# lh = 1.25  (l/Hp where l is the  mixing length of the convective element and Hp is the pressure scale height)
# meta = -2  (value for the Metallicity for the model.)
# vtur = 2 km/s (Microturbulence velocity)
# alpha = 0  (Alpha)
#
# column 1: WAVELENGTH (ANGSTROM), Wavelength in Angstrom
# column 2: FLUX (ERG/CM2/S/A), Flux in erg/cm2/s/A
147.200000 1.60155000e+03
151.000000 2.89375000e+03
155.200000 5.37637000e+03
158.800000 8.91335000e+03
162.000000 1.37267000e+04
166.000000 2.29871000e+04
170.300000 3.88991000e+04
173.400000 5.59364000e+04
176.800000 8.21765000e+04
180.200000 1.18871000e+05
181.700000 1.38893000e+05
186.100000 2.18228000e+05
191.000000 3.50882000e+05
193.900000 4.59684000e+05
198.400000 6.86778000e+05
201.800000 9.18677000e+05
205.000000 1.19720000e+06
210.500000 1.84920000e+06
216.200000 2.83000000e+06
219.800000 3.65836000e+06
223.000000 4.55956000e+06
226.800000 5.86829000e+06
230.000000 1.17427000e+08
234.000000 5.38083000e+08
240.000000 4.80886000e+09
246.500000 4.34314000e+10
252.400000 9.90762000e+10
256.800000 6.76438000e+10
260.000000 1.67684000e+11
264.000000 2.25310000e+11
268.500000 2.53272000e+11
273.500000 2.90854000e+11
278.500000 2.94026000e+11
284.000000 3.25033000e+11
290.000000 3.47111000e+11
296.000000 2.97527000e+11
301.000000 1.23089000e+11
308.000000 1.78143000e+11
318.000000 2.73852000e+11
328.000000 2.88707000e+11
338.000000 2.70663000e+11
348.000000 2.66542000e+11
357.000000 2.96982000e+11
366.000000 3.11523000e+11
375.000000 3.09019000e+11
385.000000 2.73858000e+11
395.000000 2.99404000e+11
405.000000 3.08205000e+11
414.000000 3.03852000e+11
422.000000 2.90833000e+11
430.000000 2.85369000e+11
441.000000 2.91747000e+11
451.000000 2.86602000e+11
460.000000 2.73111000e+11
470.000000 2.67292000e+11
480.000000 2.67210000e+11
490.000000 2.52429000e+11
500.000000 2.56297000e+11
506.000000 2.48724000e+11
512.000000 2.80308000e+11
520.000000 2.73254000e+11
530.000000 2.68472000e+11
540.000000 2.49771000e+11
550.000000 2.41929000e+11
560.000000 2.52070000e+11
570.000000 2.49240000e+11
580.000000 2.40663000e+11
590.000000 2.38938000e+11
600.000000 2.29857000e+11
610.000000 2.19356000e+11
620.000000 2.22313000e+11
630.000000 2.15511000e+11
640.000000 2.14670000e+11
650.000000 2.07910000e+11
658.000000 2.00127000e+11
665.000000 2.02598000e+11
675.000000 1.99955000e+11
685.000000 1.90787000e+11
695.000000 1.92013000e+11
705.000000 1.82382000e+11
716.000000 1.83972000e+11
726.000000 1.81126000e+11
735.000000 1.77917000e+11
745.000000 1.73213000e+11
755.000000 1.69190000e+11
765.000000 1.63650000e+11
775.000000 1.62778000e+11
785.000000 1.58480000e+11
795.000000 1.55836000e+11
805.000000 1.53738000e+11
815.000000 1.50953000e+11
825.000000 1.48644000e+11
835.000000 1.41739000e+11
845.000000 1.42556000e+11
855.000000 1.38926000e+11
865.000000 1.37545000e+11
875.000000 1.35207000e+11
885.000000 1.32395000e+11
895.000000 1.29730000e+11
905.000000 1.26143000e+11
915.000000 9.63034000e+10
925.000000 1.49107000e+11
935.000000 1.84856000e+11
945.000000 2.26209000e+11
955.000000 2.41794000e+11
965.000000 2.72122000e+11
975.000000 2.13818000e+11
985.000000 2.60283000e+11
995.000000 2.37729000e+11
1005.000000 2.49172000e+11
1015.000000 2.41369000e+11
1025.000000 1.89296000e+11
1035.000000 2.28930000e+11
1045.000000 2.26174000e+11
1055.000000 2.20444000e+11
1065.000000 2.12388000e+11
1075.000000 2.07839000e+11
1085.000000 1.92044000e+11
1095.000000 1.97912000e+11
1105.000000 1.91937000e+11
1115.000000 1.86822000e+11
1125.000000 1.80518000e+11
1135.000000 1.78286000e+11
1145.000000 1.73789000e+11
1155.000000 1.68475000e+11
1165.000000 1.63696000e+11
1175.000000 1.54217000e+11
1185.000000 1.56275000e+11
1195.000000 1.51908000e+11
1205.000000 1.47770000e+11
1215.000000 1.18351000e+11
1225.000000 1.40268000e+11
1235.000000 1.36670000e+11
1245.000000 1.33375000e+11
1255.000000 1.31726000e+11
1265.000000 1.28626000e+11
1275.000000 1.25580000e+11
1285.000000 1.22618000e+11
1295.000000 1.19725000e+11
1305.000000 1.16800000e+11
1315.000000 1.14144000e+11
1325.000000 1.11333000e+11
1335.000000 1.08942000e+11
1345.000000 1.06551000e+11
1355.000000 1.03835000e+11
1365.000000 1.01134000e+11
1375.000000 9.82480000e+10
1385.000000 9.67009000e+10
1395.000000 9.39953000e+10
1405.000000 9.13490000e+10
1415.000000 9.06025000e+10
1425.000000 8.84893000e+10
1435.000000 8.67664000e+10
1442.000000 8.50165000e+10
1447.000000 8.42051000e+10
1455.000000 8.26748000e+10
1465.000000 8.09638000e+10
1475.000000 7.94316000e+10
1485.000000 7.79844000e+10
1495.000000 7.62687000e+10
1505.000000 7.47346000e+10
1512.000000 7.36916000e+10
1517.000000 7.28039000e+10
1525.000000 7.16468000e+10
1535.000000 6.99537000e+10
1545.000000 6.69331000e+10
1555.000000 6.58210000e+10
1565.000000 6.56686000e+10
1575.000000 6.44698000e+10
1585.000000 6.31325000e+10
1595.000000 6.18843000e+10
1605.000000 6.04779000e+10
1615.000000 5.92864000e+10
1625.000000 5.79812000e+10
1635.000000 5.57141000e+10
1645.000000 5.26358000e+10
1655.000000 5.48722000e+10
1665.000000 5.38590000e+10
1672.000000 5.29494000e+10
1677.000000 5.26529000e+10
1685.000000 5.18357000e+10
1695.000000 5.08574000e+10
1705.000000 4.98569000e+10
1715.000000 4.84523000e+10
1725.000000 4.78542000e+10
1735.000000 4.71315000e+10
1745.000000 4.62291000e+10
1755.000000 4.53368000e+10
1765.000000 4.45307000e+10
1775.000000 4.37135000e+10
1785.000000 4.29176000e+10
1795.000000 4.21157000e+10
1805.000000 4.13509000e+10
1815.000000 4.06037000e+10
1825.000000 3.98681000e+10
1835.000000 3.91573000e+10
1845.000000 3.84529000e+10
1855.000000 3.77603000e+10
1865.000000 3.70889000e+10
1875.000000 3.64328000e+10
1885.000000 3.57865000e+10
1895.000000 3.51759000e+10
1905.000000 3.45615000e+10
1915.000000 3.39590000e+10
1925.000000 3.33255000e+10
1935.000000 3.27958000e+10
1945.000000 3.22334000e+10
1955.000000 3.16798000e+10
1967.000000 3.10354000e+10
1976.000000 3.05604000e+10
1984.000000 3.01498000e+10
1995.000000 2.95911000e+10
2005.000000 2.90970000e+10
2015.000000 2.86122000e+10
2025.000000 2.81374000e+10
2035.000000 2.76714000e+10
2045.000000 2.72078000e+10
2055.000000 2.08025000e+10
2065.000000 1.98895000e+10
2074.000000 2.00089000e+10
2078.000000 2.03088000e+10
2085.000000 2.12143000e+10
2095.000000 2.33015000e+10
2105.000000 2.44945000e+10
2115.000000 2.43384000e+10
2125.000000 2.39655000e+10
2135.000000 2.35275000e+10
2145.000000 2.31997000e+10
2155.000000 2.31926000e+10
2165.000000 2.22514000e+10
2175.000000 2.26701000e+10
2185.000000 2.15351000e+10
2195.000000 2.19742000e+10
2205.000000 2.16893000e+10
2215.000000 2.04996000e+10
2225.000000 2.10211000e+10
2235.000000 2.07279000e+10
2245.000000 2.03702000e+10
2255.000000 1.92913000e+10
2265.000000 1.97851000e+10
2275.000000 1.94929000e+10
2285.000000 1.91943000e+10
2295.000000 1.88156000e+10
2305.000000 1.79089000e+10
2315.000000 1.83141000e+10
2325.000000 1.80753000e+10
2335.000000 1.78075000e+10
2345.000000 1.75443000e+10
2355.000000 1.72863000e+10
2365.000000 1.70333000e+10
2375.000000 1.67806000e+10
2385.000000 1.59243000e+10
2395.000000 1.62756000e+10
2405.000000 1.60598000e+10
2415.000000 1.58295000e+10
2425.000000 1.56057000e+10
2435.000000 1.53818000e+10
2445.000000 1.51636000e+10
2455.000000 1.49441000e+10
2465.000000 1.47363000e+10
2475.000000 1.45295000e+10
2485.000000 1.43243000e+10
2495.000000 1.39380000e+10
2505.000000 1.38450000e+10
2513.000000 1.27709000e+10
2518.000000 1.36263000e+10
2525.000000 1.35308000e+10
2535.000000 1.33574000e+10
2545.000000 1.31736000e+10
2555.000000 1.29927000e+10
2565.000000 1.28155000e+10
2575.000000 1.26411000e+10
2585.000000 1.24697000e+10
2595.000000 1.22954000e+10
2605.000000 1.21368000e+10
2615.000000 1.19725000e+10
2625.000000 1.18137000e+10
2635.000000 1.16564000e+10
2645.000000 1.15011000e+10
2655.000000 1.13489000e+10
2665.000000 1.11986000e+10
2675.000000 1.10477000e+10
2685.000000 1.09065000e+10
2695.000000 1.07608000e+10
2705.000000 1.06238000e+10
2715.000000 1.04859000e+10
2725.000000 1.03400000e+10
2735.000000 9.87475000e+09
2745.000000 1.00844000e+10
2755.000000 9.95525000e+09
2765.000000 9.82375000e+09
2775.000000 9.70269000e+09
2785.000000 9.57970000e+09
2795.000000 9.45727000e+09
2805.000000 9.33872000e+09
2815.000000 9.22162000e+09
2825.000000 9.10122000e+09
2835.000000 8.98979000e+09
2845.000000 8.88016000e+09
2855.000000 8.76953000e+09
2865.000000 8.66114000e+09
2875.000000 8.55405000e+09
2885.000000 8.44869000e+09
2895.000000 8.34502000e+09
2910.000000 8.19203000e+09
2930.000000 7.99413000e+09
2950.000000 7.79822000e+09
2970.000000 7.61497000e+09
2990.000000 7.43295000e+09
3010.000000 7.25841000e+09
3030.000000 7.08658000e+09
3050.000000 6.92145000e+09
3070.000000 6.76122000e+09
3090.000000 6.60651000e+09
3110.000000 6.45481000e+09
3130.000000 6.30760000e+09
3150.000000 6.16511000e+09
3170.000000 6.02608000e+09
3190.000000 5.88227000e+09
3210.000000 5.66185000e+09
3230.000000 5.63240000e+09
3250.000000 5.50836000e+09
3270.000000 5.38482000e+09
3290.000000 5.26978000e+09
3310.000000 5.15574000e+09
3330.000000 5.04473000e+09
3350.000000 4.93533000e+09
3370.000000 4.83115000e+09
3390.000000 4.72875000e+09
3410.000000 4.62841000e+09
3430.000000 4.53264000e+09
3450.000000 4.43656000e+09
3470.000000 4.34552000e+09
3490.000000 4.25565000e+09
3510.000000 4.16815000e+09
3530.000000 4.08235000e+09
3550.000000 3.99852000e+09
3570.000000 3.91896000e+09
3590.000000 3.83771000e+09
3610.000000 3.76177000e+09
3630.000000 3.68498000e+09
3640.000000 3.57918000e+09
3650.000000 3.26268000e+09
3670.000000 3.20232000e+09
3690.000000 3.14695000e+09
3710.000000 3.10682000e+09
3730.000000 3.08605000e+09
3750.000000 3.08563000e+09
3770.000000 3.08293000e+09
3790.000000 3.09690000e+09
3810.000000 3.11067000e+09
3830.000000 2.95474000e+09
3850.000000 3.03493000e+09
3870.000000 3.02150000e+09
3890.000000 2.75624000e+09
3910.000000 2.91909000e+09
3930.000000 2.85799000e+09
3950.000000 2.81898000e+09
3970.000000 2.55091000e+09
3990.000000 2.71092000e+09
4010.000000 2.67809000e+09
4030.000000 2.58106000e+09
4050.000000 2.58985000e+09
4070.000000 2.53853000e+09
4090.000000 2.42796000e+09
4110.000000 2.28151000e+09
4130.000000 2.39927000e+09
4150.000000 2.36351000e+09
4170.000000 2.32356000e+09
4190.000000 2.26796000e+09
4210.000000 2.20672000e+09
4230.000000 2.20316000e+09
4250.000000 2.16475000e+09
4270.000000 2.12695000e+09
4290.000000 2.09018000e+09
4310.000000 2.04994000e+09
4330.000000 1.94942000e+09
4350.000000 1.86450000e+09
4370.000000 1.94503000e+09
4390.000000 1.91372000e+09
4410.000000 1.88526000e+09
4430.000000 1.85340000e+09
4450.000000 1.82261000e+09
4470.000000 1.78022000e+09
4490.000000 1.76249000e+09
4510.000000 1.73334000e+09
4530.000000 1.70050000e+09
4550.000000 1.64371000e+09
4570.000000 1.64950000e+09
4590.000000 1.62269000e+09
4610.000000 1.59641000e+09
4630.000000 1.57052000e+09
4650.000000 1.54450000e+09
4670.000000 1.51865000e+09
4690.000000 1.44524000e+09
4710.000000 1.47054000e+09
4730.000000 1.44945000e+09
4750.000000 1.42664000e+09
4770.000000 1.40427000e+09
4790.000000 1.38232000e+09
4810.000000 1.36079000e+09
4830.000000 1.33698000e+09
4850.000000 1.28412000e+09
4870.000000 1.21529000e+09
4890.000000 1.27429000e+09
4910.000000 1.25928000e+09
4930.000000 1.23603000e+09
4950.000000 1.22137000e+09
4970.000000 1.20294000e+09
4990.000000 1.18486000e+09
5010.000000 1.16531000e+09
5030.000000 1.14970000e+09
5050.000000 1.13225000e+09
5070.000000 1.11583000e+09
5090.000000 1.09936000e+09
5110.000000 1.08319000e+09
5130.000000 1.06733000e+09
5150.000000 1.05176000e+09
5170.000000 1.03646000e+09
5190.000000 1.02144000e+09
5210.000000 1.00670000e+09
5230.000000 9.92215000e+08
5250.000000 9.77986000e+08
5270.000000 9.64012000e+08
5290.000000 9.50315000e+08
5310.000000 9.36837000e+08
5330.000000 9.23586000e+08
5350.000000 9.10587000e+08
5370.000000 8.97807000e+08
5390.000000 8.85244000e+08
5410.000000 8.54949000e+08
5430.000000 8.60380000e+08
5450.000000 8.48876000e+08
5470.000000 8.37178000e+08
5490.000000 8.25665000e+08
5510.000000 8.14346000e+08
5530.000000 8.03243000e+08
5550.000000 7.92315000e+08
5570.000000 7.81572000e+08
5590.000000 7.70950000e+08
5610.000000 7.60627000e+08
5630.000000 7.50419000e+08
5650.000000 7.40383000e+08
5670.000000 7.30517000e+08
5690.000000 7.12533000e+08
5710.000000 6.67189000e+08
5730.000000 6.58696000e+08
5750.000000 6.50328000e+08
5770.000000 6.42149000e+08
5790.000000 6.34237000e+08
5810.000000 6.26597000e+08
5830.000000 6.19845000e+08
5850.000000 6.13577000e+08
5870.000000 6.05128000e+08
5890.000000 6.02503000e+08
5910.000000 5.97774000e+08
5930.000000 5.93395000e+08
5950.000000 5.89497000e+08
5970.000000 5.85914000e+08
5990.000000 5.83099000e+08
6010.000000 5.78745000e+08
6030.000000 5.74550000e+08
6050.000000 5.70171000e+08
6070.000000 5.63066000e+08
6090.000000 5.56570000e+08
6110.000000 5.50016000e+08
6130.000000 5.43536000e+08
6150.000000 5.37496000e+08
6170.000000 5.29247000e+08
6190.000000 5.24161000e+08
6210.000000 5.17948000e+08
6230.000000 5.09833000e+08
6250.000000 5.04907000e+08
6270.000000 4.99285000e+08
6290.000000 4.93240000e+08
6310.000000 4.84800000e+08
6330.000000 4.81112000e+08
6350.000000 4.75685000e+08
6370.000000 4.70010000e+08
6390.000000 4.64065000e+08
6410.000000 4.55709000e+08
6430.000000 4.53379000e+08
6450.000000 4.48109000e+08
6470.000000 4.42841000e+08
6490.000000 4.37638000e+08
6510.000000 4.31958000e+08
6530.000000 4.22866000e+08
6550.000000 4.15871000e+08
6570.000000 3.91218000e+08
6590.000000 4.11358000e+08
6610.000000 4.08011000e+08
6630.000000 4.03324000e+08
6650.000000 3.98704000e+08
6670.000000 3.92608000e+08
6690.000000 3.84439000e+08
6710.000000 3.85196000e+08
6730.000000 3.80864000e+08
6750.000000 3.76560000e+08
6770.000000 3.72316000e+08
6790.000000 3.68132000e+08
6810.000000 3.64007000e+08
6830.000000 3.59932000e+08
6850.000000 3.55923000e+08
6870.000000 3.51954000e+08
6890.000000 3.43144000e+08
6910.000000 3.43851000e+08
6930.000000 3.40426000e+08
6950.000000 3.36684000e+08
6970.000000 3.32994000e+08
6990.000000 3.29348000e+08
7010.000000 3.25762000e+08
7030.000000 3.22219000e+08
7050.000000 3.18726000e+08
7070.000000 3.14408000e+08
7090.000000 3.11880000e+08
7110.000000 3.08525000e+08
7130.000000 3.05211000e+08
7150.000000 3.01944000e+08
7170.000000 2.95652000e+08
7190.000000 2.93550000e+08
7210.000000 2.92410000e+08
7230.000000 2.89317000e+08
7250.000000 2.86261000e+08
7270.000000 2.83248000e+08
7290.000000 2.80016000e+08
7310.000000 2.77337000e+08
7330.000000 2.74444000e+08
7350.000000 2.71585000e+08
7370.000000 2.68761000e+08
7390.000000 2.65977000e+08
7410.000000 2.63226000e+08
7430.000000 2.60514000e+08
7450.000000 2.57834000e+08
7470.000000 2.55186000e+08
7490.000000 2.52576000e+08
7510.000000 2.49997000e+08
7530.000000 2.47455000e+08
7550.000000 2.44943000e+08
7570.000000 2.42454000e+08
7590.000000 2.35946000e+08
7610.000000 2.37238000e+08
7630.000000 2.35206000e+08
7650.000000 2.32845000e+08
7670.000000 2.30518000e+08
7690.000000 2.28219000e+08
7710.000000 2.25946000e+08
7730.000000 2.23700000e+08
7750.000000 2.21487000e+08
7770.000000 2.19300000e+08
7790.000000 2.17139000e+08
7810.000000 2.15003000e+08
7830.000000 2.12898000e+08
7850.000000 2.10824000e+08
7870.000000 2.08769000e+08
7890.000000 2.06737000e+08
7910.000000 2.04730000e+08
7930.000000 2.02746000e+08
7950.000000 2.00785000e+08
7970.000000 1.98848000e+08
7990.000000 1.96939000e+08
8010.000000 1.95046000e+08
8030.000000 1.93182000e+08
8050.000000 1.91340000e+08
8070.000000 1.89513000e+08
8090.000000 1.87714000e+08
8110.000000 1.85936000e+08
8130.000000 1.84173000e+08
8150.000000 1.82436000e+08
8170.000000 1.80720000e+08
8190.000000 1.78305000e+08
8210.000000 1.70664000e+08
8230.000000 1.68089000e+08
8250.000000 1.67297000e+08
8270.000000 1.66032000e+08
8290.000000 1.64546000e+08
8310.000000 1.63057000e+08
8330.000000 1.61585000e+08
8350.000000 1.60120000e+08
8370.000000 1.58706000e+08
8390.000000 1.57302000e+08
8410.000000 1.55942000e+08
8430.000000 1.54594000e+08
8450.000000 1.53245000e+08
8470.000000 1.51992000e+08
8490.000000 1.50786000e+08
8510.000000 1.49568000e+08
8530.000000 1.48396000e+08
8550.000000 1.47162000e+08
8570.000000 1.46127000e+08
8590.000000 1.44860000e+08
8610.000000 1.43796000e+08
8630.000000 1.42933000e+08
8650.000000 1.41724000e+08
8670.000000 1.40280000e+08
8690.000000 1.39839000e+08
8710.000000 1.38994000e+08
8730.000000 1.37775000e+08
8750.000000 1.35635000e+08
8770.000000 1.35600000e+08
8790.000000 1.35261000e+08
8810.000000 1.34473000e+08
8830.000000 1.33454000e+08
8850.000000 1.31101000e+08
8870.000000 1.28614000e+08
8890.000000 1.29928000e+08
8910.000000 1.29531000e+08
8930.000000 1.28658000e+08
8950.000000 1.27712000e+08
8970.000000 1.26479000e+08
8990.000000 1.24653000e+08
9010.000000 1.20486000e+08
9030.000000 1.20802000e+08
9050.000000 1.21851000e+08
9070.000000 1.21186000e+08
9090.000000 1.20389000e+08
9110.000000 1.19267000e+08
9130.000000 1.18541000e+08
9150.000000 1.17538000e+08
9170.000000 1.16407000e+08
9190.000000 1.15071000e+08
9210.000000 1.12867000e+08
9230.000000 1.08168000e+08
9250.000000 1.10722000e+08
9270.000000 1.11204000e+08
9290.000000 1.10661000e+08
9310.000000 1.09842000e+08
9330.000000 1.08740000e+08
9350.000000 1.05621000e+08
9370.000000 1.06741000e+08
9390.000000 1.06257000e+08
9410.000000 1.05423000e+08
9430.000000 1.04561000e+08
9450.000000 1.03701000e+08
9470.000000 1.02806000e+08
9490.000000 1.01900000e+08
9510.000000 1.00605000e+08
9530.000000 9.83875000e+07
9550.000000 9.40641000e+07
9570.000000 9.72830000e+07
9590.000000 9.75494000e+07
9610.000000 9.70704000e+07
9630.000000 9.63426000e+07
9650.000000 9.55958000e+07
9670.000000 9.48301000e+07
9690.000000 9.40699000e+07
9710.000000 9.33032000e+07
9730.000000 9.25778000e+07
9750.000000 9.17030000e+07
9770.000000 9.06373000e+07
9790.000000 9.03892000e+07
9810.000000 8.96765000e+07
9830.000000 8.89689000e+07
9850.000000 8.82701000e+07
9870.000000 8.75763000e+07
9890.000000 8.68874000e+07
9910.000000 8.62071000e+07
9930.000000 8.55355000e+07
9950.000000 8.48685000e+07
9970.000000 8.42062000e+07
9990.000000 8.34995000e+07
10025.000000 8.09907000e+07
10075.000000 7.88898000e+07
10125.000000 7.80354000e+07
10175.000000 7.77944000e+07
10225.000000 7.63219000e+07
10275.000000 7.48887000e+07
10325.000000 7.34513000e+07
10375.000000 7.21151000e+07
10425.000000 7.04336000e+07
10475.000000 6.94709000e+07
10525.000000 6.81935000e+07
10575.000000 6.69472000e+07
10625.000000 6.57279000e+07
10675.000000 6.45318000e+07
10725.000000 6.33714000e+07
10775.000000 6.22330000e+07
10825.000000 6.10036000e+07
10875.000000 5.99502000e+07
10925.000000 5.69818000e+07
10975.000000 5.73395000e+07
11025.000000 5.68826000e+07
11075.000000 5.59094000e+07
11125.000000 5.49362000e+07
11175.000000 5.40113000e+07
11225.000000 5.30767000e+07
11275.000000 5.21655000e+07
11325.000000 5.12711000e+07
11375.000000 5.03963000e+07
11425.000000 4.95406000e+07
11475.000000 4.87035000e+07
11525.000000 4.78848000e+07
11575.000000 4.70811000e+07
11625.000000 4.57905000e+07
11675.000000 4.51753000e+07
11725.000000 4.47689000e+07
11775.000000 4.40308000e+07
11825.000000 4.33090000e+07
11875.000000 4.26004000e+07
11925.000000 4.19049000e+07
11975.000000 4.11879000e+07
12025.000000 4.05595000e+07
12075.000000 3.99065000e+07
12125.000000 3.92679000e+07
12175.000000 3.86386000e+07
12225.000000 3.80257000e+07
12275.000000 3.74215000e+07
12325.000000 3.68308000e+07
12375.000000 3.62534000e+07
12425.000000 3.56864000e+07
12475.000000 3.51298000e+07
12525.000000 3.45785000e+07
12575.000000 3.40468000e+07
12625.000000 3.35224000e+07
12675.000000 3.30075000e+07
12725.000000 3.25020000e+07
12775.000000 3.18234000e+07
12825.000000 3.03458000e+07
12875.000000 3.09605000e+07
12925.000000 3.05771000e+07
12975.000000 3.01092000e+07
13025.000000 2.96675000e+07
13075.000000 2.92250000e+07
13125.000000 2.87907000e+07
13175.000000 2.83642000e+07
13225.000000 2.79477000e+07
13275.000000 2.75366000e+07
13325.000000 2.71330000e+07
13375.000000 2.67389000e+07
13425.000000 2.63478000e+07
13475.000000 2.59679000e+07
13525.000000 2.55930000e+07
13575.000000 2.52270000e+07
13625.000000 2.48656000e+07
13675.000000 2.45109000e+07
13725.000000 2.41606000e+07
13775.000000 2.38188000e+07
13825.000000 2.34832000e+07
13875.000000 2.31518000e+07
13925.000000 2.28285000e+07
13975.000000 2.25092000e+07
14025.000000 2.21957000e+07
14075.000000 2.18881000e+07
14125.000000 2.15861000e+07
14175.000000 2.12879000e+07
14225.000000 2.09951000e+07
14275.000000 2.07078000e+07
14325.000000 2.04258000e+07
14375.000000 2.01491000e+07
14425.000000 1.98756000e+07
14475.000000 1.96073000e+07
14525.000000 1.93440000e+07
14570.000000 1.91093000e+07
14620.000000 1.88590000e+07
14675.000000 1.85815000e+07
14725.000000 1.83252000e+07
14775.000000 1.79218000e+07
14825.000000 1.78525000e+07
14875.000000 1.76391000e+07
14925.000000 1.74247000e+07
14975.000000 1.71959000e+07
15025.000000 1.69732000e+07
15075.000000 1.67448000e+07
15125.000000 1.65354000e+07
15175.000000 1.63221000e+07
15225.000000 1.61122000e+07
15275.000000 1.59058000e+07
15325.000000 1.57026000e+07
15375.000000 1.55026000e+07
15425.000000 1.53001000e+07
15475.000000 1.51122000e+07
15525.000000 1.49160000e+07
15575.000000 1.47154000e+07
15625.000000 1.45493000e+07
15675.000000 1.43484000e+07
15725.000000 1.41617000e+07
15775.000000 1.40125000e+07
15825.000000 1.38309000e+07
15875.000000 1.36244000e+07
15925.000000 1.34780000e+07
15975.000000 1.33344000e+07
16050.000000 1.30725000e+07
16150.000000 1.27352000e+07
16250.000000 1.24678000e+07
16350.000000 1.21420000e+07
16450.000000 1.18247000e+07
16550.000000 1.16009000e+07
16650.000000 1.13290000e+07
16750.000000 1.10258000e+07
16850.000000 1.07295000e+07
16950.000000 1.05591000e+07
17050.000000 1.03090000e+07
17150.000000 1.00820000e+07
17250.000000 9.84975000e+06
17350.000000 9.51352000e+06
17450.000000 9.39873000e+06
17550.000000 9.20582000e+06
17650.000000 9.00179000e+06
17750.000000 8.80344000e+06
17850.000000 8.61049000e+06
17950.000000 8.42268000e+06
18050.000000 8.23977000e+06
18150.000000 7.94600000e+06
18250.000000 7.86221000e+06
18350.000000 7.72093000e+06
18450.000000 7.55711000e+06
18550.000000 7.39867000e+06
18650.000000 7.16140000e+06
18750.000000 6.93187000e+06
18850.000000 6.94196000e+06
18950.000000 6.80101000e+06
19050.000000 6.65869000e+06
19150.000000 6.52482000e+06
19250.000000 6.39193000e+06
19350.000000 6.25571000e+06
19450.000000 6.01777000e+06
19550.000000 6.00604000e+06
19650.000000 5.89307000e+06
19750.000000 5.77608000e+06
19850.000000 5.66190000e+06
19950.000000 5.55057000e+06
20050.000000 5.44193000e+06
20150.000000 5.33590000e+06
20250.000000 5.23253000e+06
20350.000000 5.13156000e+06
20450.000000 5.03303000e+06
20550.000000 4.93626000e+06
20650.000000 4.84307000e+06
20750.000000 4.75135000e+06
20850.000000 4.66186000e+06
20950.000000 4.57446000e+06
21050.000000 4.48910000e+06
21150.000000 4.40439000e+06
21250.000000 4.32424000e+06
21350.000000 4.24465000e+06
21450.000000 4.16676000e+06
21550.000000 4.08787000e+06
21650.000000 3.92730000e+06
21750.000000 3.93634000e+06
21850.000000 3.87285000e+06
21950.000000 3.80356000e+06
22050.000000 3.73574000e+06
22150.000000 3.66937000e+06
22250.000000 3.60450000e+06
22350.000000 3.54110000e+06
22450.000000 3.47905000e+06
22550.000000 3.41833000e+06
22650.000000 3.35891000e+06
22750.000000 3.30084000e+06
22850.000000 3.24647000e+06
22950.000000 3.19078000e+06
23050.000000 3.13628000e+06
23150.000000 3.08295000e+06
23250.000000 3.03070000e+06
23350.000000 2.97965000e+06
23450.000000 2.92956000e+06
23550.000000 2.88055000e+06
23650.000000 2.83260000e+06
23750.000000 2.78562000e+06
23850.000000 2.73959000e+06
23950.000000 2.69456000e+06
24050.000000 2.65038000e+06
24150.000000 2.60716000e+06
24250.000000 2.56482000e+06
24350.000000 2.52327000e+06
24450.000000 2.48257000e+06
24550.000000 2.44276000e+06
24650.000000 2.40370000e+06
24750.000000 2.36488000e+06
24850.000000 2.32789000e+06
24950.000000 2.29105000e+06
25050.000000 2.25502000e+06
25150.000000 2.21968000e+06
25250.000000 2.18499000e+06
25350.000000 2.15096000e+06
25450.000000 2.11763000e+06
25550.000000 2.08493000e+06
25650.000000 2.05284000e+06
25750.000000 2.02142000e+06
25850.000000 1.99059000e+06
25950.000000 1.96028000e+06
26050.000000 1.92983000e+06
26150.000000 1.89438000e+06
26250.000000 1.82394000e+06
26350.000000 1.84061000e+06
26450.000000 1.81730000e+06
26550.000000 1.79011000e+06
26650.000000 1.76339000e+06
26750.000000 1.73180000e+06
26850.000000 1.71182000e+06
26950.000000 1.68706000e+06
27050.000000 1.66240000e+06
27150.000000 1.63822000e+06
27250.000000 1.61450000e+06
27350.000000 1.59118000e+06
27450.000000 1.56821000e+06
27550.000000 1.53784000e+06
27650.000000 1.52003000e+06
27750.000000 1.50195000e+06
27850.000000 1.48069000e+06
27950.000000 1.45975000e+06
28050.000000 1.43916000e+06
28150.000000 1.41897000e+06
28250.000000 1.39912000e+06
28350.000000 1.37957000e+06
28450.000000 1.36039000e+06
28550.000000 1.34154000e+06
28650.000000 1.31962000e+06
28750.000000 1.29354000e+06
28850.000000 1.28609000e+06
28950.000000 1.26940000e+06
29050.000000 1.25210000e+06
29150.000000 1.23510000e+06
29250.000000 1.21844000e+06
29350.000000 1.20201000e+06
29450.000000 1.18587000e+06
29550.000000 1.16996000e+06
29650.000000 1.15437000e+06
29750.000000 1.13900000e+06
29850.000000 1.12390000e+06
29950.000000 1.10906000e+06
30050.000000 1.09443000e+06
30150.000000 1.08010000e+06
30250.000000 1.06552000e+06
30350.000000 1.04133000e+06
30450.000000 1.03166000e+06
30550.000000 1.02491000e+06
30650.000000 1.01166000e+06
30750.000000 9.98675000e+05
30850.000000 9.85838000e+05
30950.000000 9.73225000e+05
31050.000000 9.60831000e+05
31150.000000 9.48616000e+05
31250.000000 9.36575000e+05
31350.000000 9.24745000e+05
31450.000000 9.13122000e+05
31550.000000 9.01628000e+05
31650.000000 8.90373000e+05
31750.000000 8.79242000e+05
31850.000000 8.68308000e+05
31950.000000 8.57530000e+05
32100.000000 8.41710000e+05
32300.000000 8.21136000e+05
32500.000000 8.01217000e+05
32700.000000 7.81863000e+05
32900.000000 7.54635000e+05
33100.000000 7.43205000e+05
33300.000000 7.27544000e+05
33500.000000 7.10390000e+05
33700.000000 6.93756000e+05
33900.000000 6.77596000e+05
34100.000000 6.61895000e+05
34300.000000 6.46642000e+05
34500.000000 6.31855000e+05
34700.000000 6.17458000e+05
34900.000000 6.03474000e+05
35100.000000 5.89889000e+05
35300.000000 5.76693000e+05
35500.000000 5.63846000e+05
35700.000000 5.51339000e+05
35900.000000 5.39220000e+05
36100.000000 5.27394000e+05
36300.000000 5.15909000e+05
36500.000000 5.04728000e+05
36700.000000 4.93844000e+05
36900.000000 4.83248000e+05
37100.000000 4.72879000e+05
37300.000000 4.59888000e+05
37500.000000 4.48566000e+05
37700.000000 4.43634000e+05
37900.000000 4.34374000e+05
38100.000000 4.25336000e+05
38300.000000 4.16565000e+05
38500.000000 4.08004000e+05
38700.000000 3.99647000e+05
38900.000000 3.91515000e+05
39100.000000 3.83577000e+05
39300.000000 3.75854000e+05
39500.000000 3.68315000e+05
39700.000000 3.60956000e+05
39900.000000 3.53797000e+05
40100.000000 3.46669000e+05
40300.000000 3.39641000e+05
40500.000000 3.27934000e+05
40700.000000 3.26812000e+05
40900.000000 3.20493000e+05
41100.000000 3.14326000e+05
41300.000000 3.08263000e+05
41500.000000 3.02390000e+05
41700.000000 2.95921000e+05
41900.000000 2.91022000e+05
42100.000000 2.85542000e+05
42300.000000 2.80175000e+05
42500.000000 2.74958000e+05
42700.000000 2.69847000e+05
42900.000000 2.64819000e+05
43100.000000 2.59974000e+05
43300.000000 2.55206000e+05
43500.000000 2.50556000e+05
43700.000000 2.45032000e+05
43900.000000 2.41221000e+05
44100.000000 2.37198000e+05
44300.000000 2.32950000e+05
44500.000000 2.28787000e+05
44700.000000 2.24783000e+05
44900.000000 2.20804000e+05
45100.000000 2.16924000e+05
45300.000000 2.13122000e+05
45500.000000 2.09396000e+05
45700.000000 2.05746000e+05
45900.000000 2.02186000e+05
46100.000000 1.98698000e+05
46300.000000 1.95263000e+05
46500.000000 1.88029000e+05
46700.000000 1.86940000e+05
46900.000000 1.85230000e+05
47100.000000 1.82352000e+05
47300.000000 1.79298000e+05
47500.000000 1.76288000e+05
47700.000000 1.73356000e+05
47900.000000 1.70483000e+05
48100.000000 1.67668000e+05
48300.000000 1.64910000e+05
48500.000000 1.62191000e+05
48700.000000 1.59543000e+05
48900.000000 1.56954000e+05
49100.000000 1.54412000e+05
49300.000000 1.51920000e+05
49500.000000 1.49479000e+05
49700.000000 1.47087000e+05
49900.000000 1.44741000e+05
50100.000000 1.42442000e+05
50300.000000 1.40189000e+05
50500.000000 1.37980000e+05
50700.000000 1.35814000e+05
50900.000000 1.33690000e+05
51100.000000 1.31425000e+05
51300.000000 1.28083000e+05
51500.000000 1.27471000e+05
51700.000000 1.25599000e+05
51900.000000 1.23673000e+05
52100.000000 1.21783000e+05
52300.000000 1.19929000e+05
52500.000000 1.18110000e+05
52700.000000 1.16325000e+05
52900.000000 1.14575000e+05
53100.000000 1.12855000e+05
53300.000000 1.11169000e+05
53500.000000 1.09514000e+05
53700.000000 1.07889000e+05
53900.000000 1.06295000e+05
54100.000000 1.04729000e+05
54300.000000 1.03192000e+05
54500.000000 1.01684000e+05
54700.000000 1.00203000e+05
54900.000000 9.87480000e+04
55100.000000 9.73202000e+04
55300.000000 9.59166000e+04
55500.000000 9.45404000e+04
55700.000000 9.31876000e+04
55900.000000 9.18588000e+04
56100.000000 9.05539000e+04
56300.000000 8.92722000e+04
56500.000000 8.80123000e+04
56700.000000 8.67749000e+04
56900.000000 8.55574000e+04
57100.000000 8.43618000e+04
57300.000000 8.31887000e+04
57500.000000 8.20356000e+04
57700.000000 8.09021000e+04
57900.000000 7.97879000e+04
58100.000000 7.86926000e+04
58300.000000 7.76161000e+04
58500.000000 7.65689000e+04
58700.000000 7.55287000e+04
58900.000000 7.43434000e+04
59100.000000 7.22242000e+04
59300.000000 7.24117000e+04
59500.000000 7.14480000e+04
59700.000000 7.05568000e+04
59900.000000 6.96433000e+04
60100.000000 6.87185000e+04
60300.000000 6.78096000e+04
60500.000000 6.69153000e+04
60700.000000 6.60354000e+04
60900.000000 6.51697000e+04
61100.000000 6.43189000e+04
61300.000000 6.34818000e+04
61500.000000 6.26573000e+04
61700.000000 6.18470000e+04
61900.000000 6.10497000e+04
62100.000000 6.02644000e+04
62300.000000 5.94928000e+04
62500.000000 5.87327000e+04
62700.000000 5.79829000e+04
62900.000000 5.70482000e+04
63100.000000 5.65008000e+04
63300.000000 5.58105000e+04
63500.000000 5.51091000e+04
63700.000000 5.44183000e+04
63900.000000 5.37386000e+04
64200.000000 5.27385000e+04
64600.000000 5.14401000e+04
65000.000000 5.01821000e+04
65400.000000 4.89615000e+04
65800.000000 4.77781000e+04
66200.000000 4.66300000e+04
66600.000000 4.55161000e+04
67000.000000 4.44354000e+04
67400.000000 4.33672000e+04
67800.000000 4.22039000e+04
68200.000000 4.13782000e+04
68600.000000 4.04191000e+04
69000.000000 3.94866000e+04
69400.000000 3.85806000e+04
69800.000000 3.77005000e+04
70200.000000 3.68455000e+04
70600.000000 3.60142000e+04
71000.000000 3.52068000e+04
71400.000000 3.44210000e+04
71800.000000 3.36571000e+04
72200.000000 3.29144000e+04
72600.000000 3.21925000e+04
73000.000000 3.14893000e+04
73400.000000 3.08058000e+04
73800.000000 3.01408000e+04
74200.000000 2.94848000e+04
74600.000000 2.83402000e+04
75000.000000 2.77005000e+04
75400.000000 2.76062000e+04
75800.000000 2.70710000e+04
76200.000000 2.65047000e+04
76600.000000 2.59531000e+04
77000.000000 2.54154000e+04
77400.000000 2.48918000e+04
77800.000000 2.43813000e+04
78200.000000 2.38843000e+04
78600.000000 2.33997000e+04
79000.000000 2.29273000e+04
79400.000000 2.24662000e+04
79800.000000 2.20174000e+04
80200.000000 2.15792000e+04
80600.000000 2.11522000e+04
81000.000000 2.07353000e+04
81400.000000 2.03279000e+04
81800.000000 1.99314000e+04
82200.000000 1.95450000e+04
82600.000000 1.91673000e+04
83000.000000 1.87987000e+04
83400.000000 1.84385000e+04
83800.000000 1.80875000e+04
84200.000000 1.77444000e+04
84600.000000 1.74096000e+04
85000.000000 1.70824000e+04
85400.000000 1.67626000e+04
85800.000000 1.64506000e+04
86200.000000 1.61457000e+04
86600.000000 1.58326000e+04
87000.000000 1.55565000e+04
87400.000000 1.51791000e+04
87800.000000 1.49048000e+04
88200.000000 1.47229000e+04
88600.000000 1.44574000e+04
89000.000000 1.41979000e+04
89400.000000 1.39438000e+04
89800.000000 1.36956000e+04
90200.000000 1.34531000e+04
90600.000000 1.32157000e+04
91000.000000 1.29833000e+04
91400.000000 1.27563000e+04
91800.000000 1.25340000e+04
92200.000000 1.23169000e+04
92600.000000 1.21040000e+04
93000.000000 1.18960000e+04
93400.000000 1.16920000e+04
93800.000000 1.14623000e+04
94200.000000 1.12896000e+04
94600.000000 1.11068000e+04
95000.000000 1.09199000e+04
95400.000000 1.07367000e+04
95800.000000 1.05573000e+04
96200.000000 1.03818000e+04
96600.000000 1.02100000e+04
97000.000000 1.00414000e+04
97400.000000 9.87654000e+03
97800.000000 9.71478000e+03
98200.000000 9.55649000e+03
98600.000000 9.40161000e+03
99000.000000 9.24930000e+03
99400.000000 9.10066000e+03
99800.000000 8.95447000e+03
100200.000000 8.81146000e+03
200000.000000 5.42208000e+02
400000.000000 3.29332000e+01
600000.000000 6.39844000e+00
800000.000000 2.00232000e+00
1000000.000000 8.13660000e-01
1200000.000000 3.90020000e-01
1400000.000000 2.09527000e-01
1600000.000000 1.22334000e-01
