# Kurucz ODFNEW /NOVER, alpha: 0.0 (2003)
# teff = 3500 K (value for the effective temperature for the model. Temperatures are given in K)
# logg = 5 log(cm/s2) (value for Log(G) for the model.)
# lh = 1.25  (l/Hp where l is the  mixing length of the convective element and Hp is the pressure scale height)
# meta = -2.5  (value for the Metallicity for the model.)
# vtur = 2 km/s (Microturbulence velocity)
# alpha = 0  (Alpha)
#
# column 1: WAVELENGTH (ANGSTROM), Wavelength in Angstrom
# column 2: FLUX (ERG/CM2/S/A), Flux in erg/cm2/s/A
147.200000 1.59468000e-180
151.000000 1.01737000e-175
155.200000 1.10171000e-170
158.800000 1.38966000e-166
162.000000 4.30359000e-163
166.000000 6.40588000e-159
170.300000 1.17942000e-154
173.400000 1.03219000e-151
176.800000 1.32080000e-148
180.200000 1.28697000e-145
181.700000 2.46692000e-144
186.100000 1.08180000e-140
191.000000 7.76415000e-137
193.900000 1.19681000e-134
198.400000 2.21515000e-131
201.800000 5.21986000e-129
205.000000 7.56202000e-127
210.500000 2.72067000e-123
216.200000 8.45703000e-120
219.800000 1.09326000e-117
223.000000 7.18315000e-116
226.800000 8.87439000e-114
230.000000 4.53129000e-112
234.000000 5.28588000e-110
240.000000 4.92999000e-107
246.500000 5.55996000e-104
252.400000 2.38678000e-101
256.800000 1.82583000e-99
260.000000 3.89781000e-98
264.000000 1.60916000e-96
268.500000 9.22329000e-95
273.500000 7.07001000e-93
278.500000 4.63899000e-91
284.000000 3.88575000e-89
290.000000 4.00399000e-87
296.000000 3.39915000e-85
301.000000 1.20290000e-83
308.000000 1.45257000e-81
318.000000 9.42233000e-79
328.000000 4.08966000e-76
338.000000 1.22881000e-73
348.000000 2.64598000e-71
357.000000 2.55542000e-69
366.000000 1.96700000e-67
375.000000 1.22139000e-65
385.000000 9.52441000e-64
395.000000 5.91998000e-62
405.000000 2.98788000e-60
414.000000 8.63597000e-59
422.000000 1.51664000e-57
430.000000 2.38813000e-56
441.000000 8.94553000e-55
451.000000 2.05737000e-53
460.000000 3.06867000e-52
470.000000 5.45755000e-51
480.000000 8.57256000e-50
490.000000 1.20105000e-48
500.000000 1.50650000e-47
506.000000 2.20650000e-46
512.000000 1.18171000e-45
520.000000 7.47956000e-45
530.000000 7.04104000e-44
540.000000 5.89434000e-43
550.000000 4.68900000e-42
560.000000 3.40582000e-41
570.000000 2.30119000e-40
580.000000 1.42102000e-39
590.000000 8.57895000e-39
600.000000 4.77065000e-38
610.000000 2.50063000e-37
620.000000 1.23966000e-36
630.000000 5.82749000e-36
640.000000 2.60602000e-35
650.000000 1.11057000e-34
658.000000 3.42626000e-34
665.000000 8.97046000e-34
675.000000 3.42114000e-33
685.000000 1.25241000e-32
695.000000 4.40852000e-32
705.000000 1.49471000e-31
716.000000 5.49402000e-31
726.000000 1.73056000e-30
735.000000 4.72682000e-30
745.000000 1.40117000e-29
755.000000 4.02937000e-29
765.000000 1.12551000e-28
775.000000 3.05693000e-28
785.000000 8.08266000e-28
795.000000 2.08254000e-27
805.000000 5.23401000e-27
815.000000 1.28430000e-26
825.000000 3.08009000e-26
835.000000 7.22579000e-26
845.000000 1.58886000e-25
855.000000 3.20292000e-25
865.000000 6.79017000e-25
875.000000 1.39748000e-24
885.000000 2.66588000e-24
895.000000 5.56329000e-24
905.000000 1.10150000e-23
915.000000 2.94404000e-20
925.000000 1.83283000e-19
935.000000 3.68126000e-19
945.000000 7.39052000e-19
955.000000 1.43575000e-18
965.000000 2.80618000e-18
975.000000 5.35238000e-18
985.000000 1.34244000e-17
995.000000 2.51143000e-17
1005.000000 3.47209000e-17
1015.000000 8.34036000e-17
1025.000000 1.50681000e-16
1035.000000 2.68385000e-16
1045.000000 5.85677000e-16
1055.000000 8.10035000e-16
1065.000000 1.75297000e-15
1075.000000 2.97208000e-15
1085.000000 5.08376000e-15
1095.000000 8.49462000e-15
1105.000000 1.40544000e-14
1115.000000 2.32997000e-14
1125.000000 4.56942000e-14
1135.000000 8.73842000e-14
1145.000000 1.40488000e-13
1155.000000 2.27471000e-13
1165.000000 3.10521000e-13
1175.000000 5.99192000e-13
1185.000000 9.09693000e-13
1195.000000 1.57783000e-12
1205.000000 2.19192000e-12
1215.000000 2.63032000e-12
1225.000000 5.01318000e-12
1235.000000 9.98717000e-12
1245.000000 1.59130000e-11
1255.000000 2.74613000e-11
1265.000000 4.52812000e-11
1275.000000 6.05548000e-11
1285.000000 1.12937000e-10
1295.000000 1.47601000e-10
1305.000000 3.26332000e-10
1315.000000 4.50709000e-10
1325.000000 7.63619000e-10
1335.000000 8.72224000e-10
1345.000000 1.41014000e-09
1355.000000 2.01203000e-09
1365.000000 3.26298000e-09
1375.000000 4.19386000e-09
1385.000000 5.75633000e-09
1395.000000 7.71511000e-09
1405.000000 1.09895000e-08
1415.000000 1.72894000e-08
1425.000000 2.03093000e-08
1435.000000 3.16846000e-08
1442.000000 5.12726000e-08
1447.000000 4.00802000e-08
1455.000000 5.69305000e-08
1465.000000 7.77340000e-08
1475.000000 1.00280000e-07
1485.000000 1.18561000e-07
1495.000000 2.15652000e-07
1505.000000 3.35194000e-07
1512.000000 2.07023000e-07
1517.000000 3.01002000e-07
1525.000000 5.46119000e-07
1535.000000 1.09754000e-06
1545.000000 6.83503000e-07
1555.000000 1.25589000e-06
1565.000000 1.25614000e-06
1575.000000 2.34987000e-06
1585.000000 2.76134000e-06
1595.000000 2.96405000e-06
1605.000000 3.24926000e-06
1615.000000 4.26283000e-06
1625.000000 4.63838000e-06
1635.000000 6.53929000e-06
1645.000000 1.07324000e-05
1655.000000 8.91351000e-06
1665.000000 1.64147000e-05
1672.000000 1.44407000e-05
1677.000000 2.72146000e-05
1685.000000 3.83732000e-05
1695.000000 5.23942000e-05
1705.000000 6.15086000e-05
1715.000000 7.83399000e-05
1725.000000 1.11472000e-04
1735.000000 1.37965000e-04
1745.000000 2.17907000e-04
1755.000000 2.12312000e-04
1765.000000 1.79801000e-04
1775.000000 1.96422000e-04
1785.000000 6.42216000e-04
1795.000000 4.22011000e-04
1805.000000 1.11688000e-03
1815.000000 5.20043000e-04
1825.000000 8.73215000e-04
1835.000000 8.51528000e-04
1845.000000 1.02060000e-03
1855.000000 7.55413000e-04
1865.000000 1.93097000e-03
1875.000000 1.78601000e-03
1885.000000 2.47917000e-03
1895.000000 3.79979000e-03
1905.000000 3.63844000e-03
1915.000000 6.48023000e-03
1925.000000 3.75243000e-03
1935.000000 1.65503000e-03
1945.000000 6.29740000e-03
1955.000000 1.02235000e-02
1967.000000 1.25518000e-02
1976.000000 1.34682000e-02
1984.000000 1.94219000e-02
1995.000000 1.51420000e-02
2005.000000 1.97885000e-02
2015.000000 2.32965000e-02
2025.000000 1.25496000e-02
2035.000000 2.57428000e-02
2045.000000 2.66357000e-02
2055.000000 2.82978000e-02
2065.000000 2.95660000e-02
2074.000000 1.91348000e-02
2078.000000 3.79078000e-02
2085.000000 4.72746000e-02
2095.000000 1.04521000e-01
2105.000000 2.20025000e-01
2115.000000 4.65469000e-01
2125.000000 6.21964000e-01
2135.000000 8.27061000e-01
2145.000000 3.18143000e-01
2155.000000 6.80819000e-01
2165.000000 2.83301000e-01
2175.000000 3.32370000e-01
2185.000000 3.08416000e-01
2195.000000 8.52602000e-01
2205.000000 4.36956000e-01
2215.000000 9.08762000e-01
2225.000000 4.13079000e-01
2235.000000 2.94017000e+00
2245.000000 2.53962000e+00
2255.000000 3.22860000e+00
2265.000000 2.69383000e-01
2275.000000 6.74930000e-01
2285.000000 1.66227000e+00
2295.000000 3.91226000e+00
2305.000000 2.46344000e-01
2315.000000 4.88694000e+00
2325.000000 5.41347000e+00
2335.000000 2.84270000e+01
2345.000000 2.50076000e+01
2355.000000 2.52318000e+00
2365.000000 5.75363000e+00
2375.000000 3.00001000e+00
2385.000000 1.86344000e+01
2395.000000 1.24558000e+01
2405.000000 7.62183000e+01
2415.000000 3.57291000e+01
2425.000000 1.39996000e+01
2435.000000 4.46448000e+01
2445.000000 7.83957000e+01
2455.000000 1.02486000e+02
2465.000000 2.29284000e+01
2475.000000 2.23548000e+01
2485.000000 2.05964000e+00
2495.000000 6.14263000e+00
2505.000000 1.55326000e+01
2513.000000 6.16173000e+00
2518.000000 3.37215000e+00
2525.000000 5.05867000e+00
2535.000000 6.51193000e+01
2545.000000 5.79220000e+01
2555.000000 3.00921000e+02
2565.000000 1.79282000e+02
2575.000000 1.65933000e+02
2585.000000 3.12767000e+02
2595.000000 3.05662000e+02
2605.000000 4.83162000e+02
2615.000000 5.00998000e+02
2625.000000 8.42944000e+02
2635.000000 1.03921000e+03
2645.000000 7.96697000e+02
2655.000000 9.64561000e+02
2665.000000 8.40957000e+02
2675.000000 8.25468000e+02
2685.000000 1.20577000e+03
2695.000000 8.53461000e+02
2705.000000 9.68980000e+02
2715.000000 4.59988000e+02
2725.000000 2.18282000e+02
2735.000000 3.33667000e+02
2745.000000 3.27661000e+02
2755.000000 3.71507000e+02
2765.000000 7.78469000e+02
2775.000000 7.06286000e+02
2785.000000 5.08687000e+02
2795.000000 4.01506000e+02
2805.000000 3.38577000e+02
2815.000000 3.28464000e+02
2825.000000 1.89743000e+02
2835.000000 8.16904000e+01
2845.000000 2.08913000e+01
2855.000000 7.92095000e+00
2865.000000 4.49199000e+01
2875.000000 1.48306000e+02
2885.000000 3.41600000e+02
2895.000000 6.46835000e+02
2910.000000 1.09441000e+03
2930.000000 1.44532000e+03
2950.000000 1.06835000e+03
2970.000000 1.14447000e+03
2990.000000 1.05281000e+03
3010.000000 9.12332000e+02
3030.000000 1.40271000e+03
3050.000000 1.56114000e+03
3070.000000 3.26461000e+03
3090.000000 2.12636000e+03
3110.000000 5.39264000e+03
3130.000000 7.57427000e+03
3150.000000 9.39726000e+03
3170.000000 1.36087000e+04
3190.000000 9.47330000e+03
3210.000000 1.39225000e+04
3230.000000 1.23513000e+04
3250.000000 1.91883000e+04
3270.000000 2.85398000e+04
3290.000000 2.45436000e+04
3310.000000 1.54015000e+04
3330.000000 1.49158000e+04
3350.000000 1.29553000e+04
3370.000000 7.77449000e+03
3390.000000 1.13339000e+04
3410.000000 1.36536000e+04
3430.000000 1.54817000e+04
3450.000000 1.04228000e+04
3470.000000 1.02560000e+04
3490.000000 1.62784000e+04
3510.000000 2.15141000e+04
3530.000000 2.82790000e+04
3550.000000 4.47980000e+04
3570.000000 1.38766000e+04
3590.000000 1.01562000e+04
3610.000000 1.80275000e+04
3630.000000 2.66858000e+04
3640.000000 2.95649000e+04
3650.000000 3.14646000e+04
3670.000000 5.27213000e+04
3690.000000 3.72355000e+04
3710.000000 2.15195000e+04
3730.000000 6.80734000e+03
3750.000000 1.02768000e+04
3770.000000 3.89110000e+04
3790.000000 4.71013000e+04
3810.000000 4.38779000e+04
3830.000000 1.51707000e+04
3850.000000 2.91293000e+04
3870.000000 2.52396000e+04
3890.000000 2.38355000e+04
3910.000000 3.65096000e+04
3930.000000 1.16059000e+04
3950.000000 2.33197000e+04
3970.000000 2.00941000e+04
3990.000000 6.66017000e+04
4010.000000 1.03469000e+05
4030.000000 6.80186000e+04
4050.000000 9.46021000e+04
4070.000000 8.35678000e+04
4090.000000 1.02584000e+05
4110.000000 2.42357000e+04
4130.000000 4.08006000e+04
4150.000000 2.73647000e+04
4170.000000 3.36803000e+04
4190.000000 4.06190000e+04
4210.000000 2.81058000e+04
4230.000000 9.87486000e+03
4250.000000 4.01414000e+04
4270.000000 5.16242000e+04
4290.000000 5.46115000e+04
4310.000000 7.20641000e+04
4330.000000 1.20404000e+05
4350.000000 1.33524000e+05
4370.000000 1.38320000e+05
4390.000000 1.23730000e+05
4410.000000 1.36550000e+05
4430.000000 1.51940000e+05
4450.000000 1.70308000e+05
4470.000000 2.17505000e+05
4490.000000 2.26728000e+05
4510.000000 2.59542000e+05
4530.000000 1.92854000e+05
4550.000000 2.35782000e+05
4570.000000 2.64424000e+05
4590.000000 2.55902000e+05
4610.000000 2.66432000e+05
4630.000000 3.00478000e+05
4650.000000 2.62757000e+05
4670.000000 3.03593000e+05
4690.000000 2.94963000e+05
4710.000000 2.90171000e+05
4730.000000 2.80397000e+05
4750.000000 2.68073000e+05
4770.000000 2.26158000e+05
4790.000000 2.29823000e+05
4810.000000 3.04772000e+05
4830.000000 2.94260000e+05
4850.000000 3.32070000e+05
4870.000000 3.29364000e+05
4890.000000 3.28046000e+05
4910.000000 3.35692000e+05
4930.000000 3.03911000e+05
4950.000000 2.87761000e+05
4970.000000 2.78770000e+05
4990.000000 2.20999000e+05
5010.000000 1.92461000e+05
5030.000000 1.97962000e+05
5050.000000 1.75332000e+05
5070.000000 1.60409000e+05
5090.000000 1.53160000e+05
5110.000000 1.33036000e+05
5130.000000 1.24743000e+05
5150.000000 1.06220000e+05
5170.000000 1.02416000e+05
5190.000000 1.51818000e+05
5210.000000 1.66338000e+05
5230.000000 3.72337000e+05
5250.000000 4.18233000e+05
5270.000000 3.16856000e+05
5290.000000 4.27858000e+05
5310.000000 4.56387000e+05
5330.000000 3.83613000e+05
5350.000000 4.18196000e+05
5370.000000 4.18889000e+05
5390.000000 4.27988000e+05
5410.000000 3.99498000e+05
5430.000000 3.99154000e+05
5450.000000 3.91753000e+05
5470.000000 4.59616000e+05
5490.000000 4.63611000e+05
5510.000000 4.35322000e+05
5530.000000 4.84621000e+05
5550.000000 4.91372000e+05
5570.000000 4.86562000e+05
5590.000000 4.15585000e+05
5610.000000 4.83323000e+05
5630.000000 5.32167000e+05
5650.000000 5.55137000e+05
5670.000000 5.51813000e+05
5690.000000 5.42553000e+05
5710.000000 5.48153000e+05
5730.000000 5.60225000e+05
5750.000000 5.68253000e+05
5770.000000 5.68609000e+05
5790.000000 5.66565000e+05
5810.000000 5.63541000e+05
5830.000000 5.59903000e+05
5850.000000 5.18125000e+05
5870.000000 4.08514000e+05
5890.000000 7.37624000e+04
5910.000000 2.97291000e+05
5930.000000 5.14781000e+05
5950.000000 5.63501000e+05
5970.000000 5.85459000e+05
5990.000000 5.97568000e+05
6010.000000 6.04330000e+05
6030.000000 6.11569000e+05
6050.000000 6.14542000e+05
6070.000000 6.14987000e+05
6090.000000 6.14581000e+05
6110.000000 5.85881000e+05
6130.000000 5.46984000e+05
6150.000000 6.10925000e+05
6170.000000 4.86606000e+05
6190.000000 6.28382000e+05
6210.000000 6.29734000e+05
6230.000000 6.30249000e+05
6250.000000 6.15932000e+05
6270.000000 6.27178000e+05
6290.000000 6.42183000e+05
6310.000000 6.44798000e+05
6330.000000 6.50377000e+05
6350.000000 6.58498000e+05
6370.000000 6.59271000e+05
6390.000000 6.58860000e+05
6410.000000 6.56057000e+05
6430.000000 6.35599000e+05
6450.000000 5.92100000e+05
6470.000000 5.96778000e+05
6490.000000 6.15395000e+05
6510.000000 6.56341000e+05
6530.000000 6.77683000e+05
6550.000000 6.73235000e+05
6570.000000 6.60755000e+05
6590.000000 6.80823000e+05
6610.000000 6.83487000e+05
6630.000000 6.88008000e+05
6650.000000 6.89737000e+05
6670.000000 6.87631000e+05
6690.000000 6.91354000e+05
6710.000000 6.83557000e+05
6730.000000 6.94963000e+05
6750.000000 6.91454000e+05
6770.000000 7.00132000e+05
6790.000000 7.00851000e+05
6810.000000 7.03084000e+05
6830.000000 7.05433000e+05
6850.000000 7.07462000e+05
6870.000000 7.05368000e+05
6890.000000 7.07199000e+05
6910.000000 7.08848000e+05
6930.000000 7.09320000e+05
6950.000000 7.08534000e+05
6970.000000 7.12190000e+05
6990.000000 7.11451000e+05
7010.000000 7.14696000e+05
7030.000000 7.14561000e+05
7050.000000 7.19183000e+05
7070.000000 7.15467000e+05
7090.000000 7.17109000e+05
7110.000000 7.17366000e+05
7130.000000 7.18631000e+05
7150.000000 6.76709000e+05
7170.000000 7.20982000e+05
7190.000000 7.23135000e+05
7210.000000 7.07040000e+05
7230.000000 7.26535000e+05
7250.000000 7.17873000e+05
7270.000000 7.28185000e+05
7290.000000 7.30716000e+05
7310.000000 7.29473000e+05
7330.000000 7.10633000e+05
7350.000000 7.22949000e+05
7370.000000 7.28602000e+05
7390.000000 7.29286000e+05
7410.000000 7.29746000e+05
7430.000000 7.29712000e+05
7450.000000 7.30822000e+05
7470.000000 7.32450000e+05
7490.000000 7.34655000e+05
7510.000000 7.35289000e+05
7530.000000 7.37368000e+05
7550.000000 7.36771000e+05
7570.000000 7.38734000e+05
7590.000000 7.39489000e+05
7610.000000 7.39706000e+05
7630.000000 7.40686000e+05
7650.000000 7.37011000e+05
7670.000000 6.40189000e+05
7690.000000 7.24523000e+05
7710.000000 6.81856000e+05
7730.000000 7.41885000e+05
7750.000000 7.39189000e+05
7770.000000 7.43938000e+05
7790.000000 7.44344000e+05
7810.000000 7.44243000e+05
7830.000000 7.44440000e+05
7850.000000 7.44319000e+05
7870.000000 7.46319000e+05
7890.000000 7.46232000e+05
7910.000000 7.44450000e+05
7930.000000 7.45372000e+05
7950.000000 7.42402000e+05
7970.000000 7.46628000e+05
7990.000000 7.45727000e+05
8010.000000 7.45942000e+05
8030.000000 7.45678000e+05
8050.000000 7.44070000e+05
8070.000000 7.44899000e+05
8090.000000 7.45883000e+05
8110.000000 7.45588000e+05
8130.000000 7.45971000e+05
8150.000000 7.45887000e+05
8170.000000 7.42296000e+05
8190.000000 6.51171000e+05
8210.000000 7.40223000e+05
8230.000000 7.43471000e+05
8250.000000 7.44022000e+05
8270.000000 7.44724000e+05
8290.000000 7.44424000e+05
8310.000000 7.42700000e+05
8330.000000 7.18452000e+05
8350.000000 7.42085000e+05
8370.000000 7.33434000e+05
8390.000000 6.90177000e+05
8410.000000 7.29723000e+05
8430.000000 6.84438000e+05
8450.000000 7.37921000e+05
8470.000000 7.29294000e+05
8490.000000 7.21576000e+05
8510.000000 6.97536000e+05
8530.000000 7.15653000e+05
8550.000000 6.17176000e+05
8570.000000 7.33096000e+05
8590.000000 7.35711000e+05
8610.000000 7.34889000e+05
8630.000000 7.34420000e+05
8650.000000 7.22015000e+05
8670.000000 6.27574000e+05
8690.000000 6.88096000e+05
8710.000000 7.33306000e+05
8730.000000 7.33262000e+05
8750.000000 7.32522000e+05
8770.000000 7.31585000e+05
8790.000000 7.32550000e+05
8810.000000 7.20346000e+05
8830.000000 7.08341000e+05
8850.000000 7.28904000e+05
8870.000000 7.29643000e+05
8890.000000 7.29510000e+05
8910.000000 7.28848000e+05
8930.000000 7.27666000e+05
8950.000000 7.26298000e+05
8970.000000 7.26200000e+05
8990.000000 7.24837000e+05
9010.000000 7.15219000e+05
9030.000000 7.22865000e+05
9050.000000 7.23446000e+05
9070.000000 7.22732000e+05
9090.000000 7.17412000e+05
9110.000000 7.20121000e+05
9130.000000 7.19274000e+05
9150.000000 7.19193000e+05
9170.000000 7.17986000e+05
9190.000000 7.17362000e+05
9210.000000 7.15716000e+05
9230.000000 7.15050000e+05
9250.000000 7.13766000e+05
9270.000000 7.12969000e+05
9290.000000 7.10252000e+05
9310.000000 7.11637000e+05
9330.000000 7.10840000e+05
9350.000000 7.09870000e+05
9370.000000 7.08002000e+05
9390.000000 7.08151000e+05
9410.000000 7.07313000e+05
9430.000000 7.06435000e+05
9450.000000 7.03827000e+05
9470.000000 7.04428000e+05
9490.000000 7.03386000e+05
9510.000000 7.02389000e+05
9530.000000 7.01310000e+05
9550.000000 6.91850000e+05
9570.000000 6.97887000e+05
9590.000000 6.97724000e+05
9610.000000 6.86501000e+05
9630.000000 6.89949000e+05
9650.000000 6.54323000e+05
9670.000000 6.66768000e+05
9690.000000 6.82073000e+05
9710.000000 6.70236000e+05
9730.000000 6.71582000e+05
9750.000000 6.75448000e+05
9770.000000 6.80381000e+05
9790.000000 6.59406000e+05
9810.000000 6.85884000e+05
9830.000000 6.83992000e+05
9850.000000 6.83586000e+05
9870.000000 6.82404000e+05
9890.000000 6.81187000e+05
9910.000000 6.80013000e+05
9930.000000 6.78614000e+05
9950.000000 6.77563000e+05
9970.000000 6.76439000e+05
9990.000000 6.75206000e+05
10025.000000 6.72673000e+05
10075.000000 6.69613000e+05
10125.000000 6.67022000e+05
10175.000000 6.63903000e+05
10225.000000 6.60813000e+05
10275.000000 6.57787000e+05
10325.000000 6.50054000e+05
10375.000000 6.48738000e+05
10425.000000 6.47903000e+05
10475.000000 6.42797000e+05
10525.000000 6.42145000e+05
10575.000000 6.37031000e+05
10625.000000 6.36088000e+05
10675.000000 6.30970000e+05
10725.000000 6.28376000e+05
10775.000000 6.26808000e+05
10825.000000 6.23410000e+05
10875.000000 6.21131000e+05
10925.000000 6.18142000e+05
10975.000000 6.14399000e+05
11025.000000 6.10605000e+05
11075.000000 6.07807000e+05
11125.000000 6.04487000e+05
11175.000000 6.01895000e+05
11225.000000 5.99356000e+05
11275.000000 5.95296000e+05
11325.000000 5.93224000e+05
11375.000000 5.82110000e+05
11425.000000 5.73245000e+05
11475.000000 5.84940000e+05
11525.000000 5.82230000e+05
11575.000000 5.77801000e+05
11625.000000 5.69217000e+05
11675.000000 5.68885000e+05
11725.000000 5.70154000e+05
11775.000000 5.62904000e+05
11825.000000 5.60121000e+05
11875.000000 5.51674000e+05
11925.000000 5.57972000e+05
11975.000000 5.43576000e+05
12025.000000 5.51726000e+05
12075.000000 5.48510000e+05
12125.000000 5.45969000e+05
12175.000000 5.42993000e+05
12225.000000 5.39947000e+05
12275.000000 5.36908000e+05
12325.000000 5.33924000e+05
12375.000000 5.30922000e+05
12425.000000 5.27707000e+05
12475.000000 5.24962000e+05
12525.000000 5.21427000e+05
12575.000000 5.19028000e+05
12625.000000 5.16060000e+05
12675.000000 5.12958000e+05
12725.000000 5.10191000e+05
12775.000000 5.07382000e+05
12825.000000 5.01373000e+05
12875.000000 5.00940000e+05
12925.000000 4.97050000e+05
12975.000000 4.95665000e+05
13025.000000 4.92800000e+05
13075.000000 4.89875000e+05
13125.000000 4.79917000e+05
13175.000000 4.80666000e+05
13225.000000 4.81217000e+05
13275.000000 4.77535000e+05
13325.000000 4.71963000e+05
13375.000000 4.66525000e+05
13425.000000 4.62701000e+05
13475.000000 4.60892000e+05
13525.000000 4.57243000e+05
13575.000000 4.55435000e+05
13625.000000 4.51956000e+05
13675.000000 4.51115000e+05
13725.000000 4.48554000e+05
13775.000000 4.46058000e+05
13825.000000 4.42483000e+05
13875.000000 4.38164000e+05
13925.000000 4.34227000e+05
13975.000000 4.30913000e+05
14025.000000 4.28267000e+05
14075.000000 4.25344000e+05
14125.000000 4.20941000e+05
14175.000000 4.17977000e+05
14225.000000 4.14969000e+05
14275.000000 4.11106000e+05
14325.000000 4.08847000e+05
14375.000000 4.05716000e+05
14425.000000 4.02727000e+05
14475.000000 3.99500000e+05
14525.000000 3.96272000e+05
14570.000000 3.93260000e+05
14620.000000 3.90134000e+05
14675.000000 3.86376000e+05
14725.000000 3.83791000e+05
14775.000000 3.80318000e+05
14825.000000 3.77003000e+05
14875.000000 3.73451000e+05
14925.000000 3.70885000e+05
14975.000000 3.67757000e+05
15025.000000 3.61743000e+05
15075.000000 3.60872000e+05
15125.000000 3.57914000e+05
15175.000000 3.54479000e+05
15225.000000 3.51781000e+05
15275.000000 3.47980000e+05
15325.000000 3.44719000e+05
15375.000000 3.41747000e+05
15425.000000 3.38063000e+05
15475.000000 3.35315000e+05
15525.000000 3.31784000e+05
15575.000000 3.28585000e+05
15625.000000 3.25544000e+05
15675.000000 3.22321000e+05
15725.000000 3.18873000e+05
15775.000000 3.15825000e+05
15825.000000 3.12795000e+05
15875.000000 3.09572000e+05
15925.000000 3.06413000e+05
15975.000000 3.03390000e+05
16050.000000 2.98675000e+05
16150.000000 2.92561000e+05
16250.000000 2.86646000e+05
16350.000000 2.80853000e+05
16450.000000 2.74915000e+05
16550.000000 2.69320000e+05
16650.000000 2.63744000e+05
16750.000000 2.58147000e+05
16850.000000 2.53194000e+05
16950.000000 2.47921000e+05
17050.000000 2.42675000e+05
17150.000000 2.37382000e+05
17250.000000 2.32586000e+05
17350.000000 2.27698000e+05
17450.000000 2.22968000e+05
17550.000000 2.18220000e+05
17650.000000 2.13759000e+05
17750.000000 2.09217000e+05
17850.000000 2.04857000e+05
17950.000000 2.00757000e+05
18050.000000 1.96735000e+05
18150.000000 1.93052000e+05
18250.000000 1.89721000e+05
18350.000000 1.86260000e+05
18450.000000 1.82387000e+05
18550.000000 1.78565000e+05
18650.000000 1.75723000e+05
18750.000000 1.72783000e+05
18850.000000 1.70519000e+05
18950.000000 1.67602000e+05
19050.000000 1.65006000e+05
19150.000000 1.62209000e+05
19250.000000 1.59267000e+05
19350.000000 1.55100000e+05
19450.000000 1.51507000e+05
19550.000000 1.49991000e+05
19650.000000 1.48468000e+05
19750.000000 1.43057000e+05
19850.000000 1.42164000e+05
19950.000000 1.40610000e+05
20050.000000 1.38602000e+05
20150.000000 1.36283000e+05
20250.000000 1.34160000e+05
20350.000000 1.32080000e+05
20450.000000 1.29999000e+05
20550.000000 1.28103000e+05
20650.000000 1.26017000e+05
20750.000000 1.24176000e+05
20850.000000 1.22251000e+05
20950.000000 1.20443000e+05
21050.000000 1.18613000e+05
21150.000000 1.16896000e+05
21250.000000 1.15197000e+05
21350.000000 1.13550000e+05
21450.000000 1.11921000e+05
21550.000000 1.10309000e+05
21650.000000 1.08746000e+05
21750.000000 1.07143000e+05
21850.000000 1.05636000e+05
21950.000000 1.04136000e+05
22050.000000 1.02527000e+05
22150.000000 1.01250000e+05
22250.000000 9.98093000e+04
22350.000000 9.85637000e+04
22450.000000 9.73063000e+04
22550.000000 9.60452000e+04
22650.000000 9.47877000e+04
22750.000000 9.35850000e+04
22850.000000 9.23853000e+04
22950.000000 9.08452000e+04
23050.000000 8.97751000e+04
23150.000000 8.86567000e+04
23250.000000 8.72545000e+04
23350.000000 8.62324000e+04
23450.000000 8.52176000e+04
23550.000000 8.39792000e+04
23650.000000 8.32166000e+04
23750.000000 8.24038000e+04
23850.000000 8.13036000e+04
23950.000000 8.05407000e+04
24050.000000 7.95010000e+04
24150.000000 7.84758000e+04
24250.000000 7.75032000e+04
24350.000000 7.64359000e+04
24450.000000 7.53519000e+04
24550.000000 7.43142000e+04
24650.000000 7.31111000e+04
24750.000000 7.21525000e+04
24850.000000 7.09629000e+04
24950.000000 7.01652000e+04
25050.000000 6.93059000e+04
25150.000000 6.82913000e+04
25250.000000 6.77042000e+04
25350.000000 6.68487000e+04
25450.000000 6.63825000e+04
25550.000000 6.60832000e+04
25650.000000 6.47788000e+04
25750.000000 6.48675000e+04
25850.000000 6.44963000e+04
25950.000000 6.40057000e+04
26050.000000 6.37207000e+04
26150.000000 6.36474000e+04
26250.000000 6.30705000e+04
26350.000000 6.26198000e+04
26450.000000 6.20341000e+04
26550.000000 6.17761000e+04
26650.000000 6.08784000e+04
26750.000000 5.93554000e+04
26850.000000 5.86737000e+04
26950.000000 5.76737000e+04
27050.000000 5.72635000e+04
27150.000000 5.64489000e+04
27250.000000 5.56194000e+04
27350.000000 5.54249000e+04
27450.000000 5.54868000e+04
27550.000000 5.42608000e+04
27650.000000 5.39922000e+04
27750.000000 5.38141000e+04
27850.000000 5.26658000e+04
27950.000000 5.34084000e+04
28050.000000 5.12519000e+04
28150.000000 5.14256000e+04
28250.000000 5.09489000e+04
28350.000000 4.97698000e+04
28450.000000 5.06168000e+04
28550.000000 4.86682000e+04
28650.000000 4.95270000e+04
28750.000000 4.81803000e+04
28850.000000 4.79058000e+04
28950.000000 4.75799000e+04
29050.000000 4.64047000e+04
29150.000000 4.72750000e+04
29250.000000 4.51558000e+04
29350.000000 4.66854000e+04
29450.000000 4.43447000e+04
29550.000000 4.54300000e+04
29650.000000 4.38771000e+04
29750.000000 4.47063000e+04
29850.000000 4.29106000e+04
29950.000000 4.40944000e+04
30050.000000 4.24873000e+04
30150.000000 4.32337000e+04
30250.000000 4.19026000e+04
30350.000000 4.22159000e+04
30450.000000 4.15043000e+04
30550.000000 4.13945000e+04
30650.000000 4.11489000e+04
30750.000000 4.05590000e+04
30850.000000 4.04865000e+04
30950.000000 3.97022000e+04
31050.000000 4.00721000e+04
31150.000000 3.92639000e+04
31250.000000 3.92329000e+04
31350.000000 3.86534000e+04
31450.000000 3.84194000e+04
31550.000000 3.81346000e+04
31650.000000 3.79015000e+04
31750.000000 3.74613000e+04
31850.000000 3.72785000e+04
31950.000000 3.68705000e+04
32100.000000 3.64909000e+04
32300.000000 3.58754000e+04
32500.000000 3.52983000e+04
32700.000000 3.46909000e+04
32900.000000 3.41069000e+04
33100.000000 3.35532000e+04
33300.000000 3.29927000e+04
33500.000000 3.23700000e+04
33700.000000 3.17999000e+04
33900.000000 3.12084000e+04
34100.000000 3.06283000e+04
34300.000000 3.01181000e+04
34500.000000 2.94987000e+04
34700.000000 2.90148000e+04
34900.000000 2.84441000e+04
35100.000000 2.79469000e+04
35300.000000 2.74134000e+04
35500.000000 2.69356000e+04
35700.000000 2.64351000e+04
35900.000000 2.59569000e+04
36100.000000 2.54900000e+04
36300.000000 2.50272000e+04
36500.000000 2.45733000e+04
36700.000000 2.41213000e+04
36900.000000 2.36959000e+04
37100.000000 2.32657000e+04
37300.000000 2.28463000e+04
37500.000000 2.24452000e+04
37700.000000 2.20372000e+04
37900.000000 2.16526000e+04
38100.000000 2.12611000e+04
38300.000000 2.08814000e+04
38500.000000 2.05247000e+04
38700.000000 2.01597000e+04
38900.000000 1.98085000e+04
39100.000000 1.94603000e+04
39300.000000 1.91278000e+04
39500.000000 1.87866000e+04
39700.000000 1.84489000e+04
39900.000000 1.81219000e+04
40100.000000 1.78130000e+04
40300.000000 1.75053000e+04
40500.000000 1.71985000e+04
40700.000000 1.68989000e+04
40900.000000 1.66052000e+04
41100.000000 1.63321000e+04
41300.000000 1.60550000e+04
41500.000000 1.57926000e+04
41700.000000 1.55229000e+04
41900.000000 1.52699000e+04
42100.000000 1.50162000e+04
42300.000000 1.47863000e+04
42500.000000 1.45190000e+04
42700.000000 1.42955000e+04
42900.000000 1.40305000e+04
43100.000000 1.36436000e+04
43300.000000 1.33024000e+04
43500.000000 1.29572000e+04
43700.000000 1.25300000e+04
43900.000000 1.21889000e+04
44100.000000 1.19407000e+04
44300.000000 1.15728000e+04
44500.000000 1.13311000e+04
44700.000000 1.10908000e+04
44900.000000 1.09189000e+04
45100.000000 1.05702000e+04
45300.000000 1.05013000e+04
45500.000000 1.03661000e+04
45700.000000 1.02631000e+04
45900.000000 1.00938000e+04
46100.000000 1.00129000e+04
46300.000000 9.88952000e+03
46500.000000 9.89680000e+03
46700.000000 9.87216000e+03
46900.000000 9.65575000e+03
47100.000000 9.56390000e+03
47300.000000 9.54061000e+03
47500.000000 9.28278000e+03
47700.000000 9.16238000e+03
47900.000000 9.04498000e+03
48100.000000 8.84210000e+03
48300.000000 8.77435000e+03
48500.000000 8.59403000e+03
48700.000000 8.43701000e+03
48900.000000 8.27944000e+03
49100.000000 8.27135000e+03
49300.000000 8.02163000e+03
49500.000000 7.94157000e+03
49700.000000 7.83370000e+03
49900.000000 7.78858000e+03
50100.000000 7.56353000e+03
50300.000000 7.55621000e+03
50500.000000 7.36293000e+03
50700.000000 7.35215000e+03
50900.000000 7.27340000e+03
51100.000000 7.17070000e+03
51300.000000 7.08884000e+03
51500.000000 6.99668000e+03
51700.000000 6.89839000e+03
51900.000000 6.82813000e+03
52100.000000 6.73347000e+03
52300.000000 6.67353000e+03
52500.000000 6.56182000e+03
52700.000000 6.52310000e+03
52900.000000 6.39619000e+03
53100.000000 6.39473000e+03
53300.000000 6.25003000e+03
53500.000000 6.21944000e+03
53700.000000 6.07796000e+03
53900.000000 6.11360000e+03
54100.000000 5.96319000e+03
54300.000000 5.85380000e+03
54500.000000 5.85036000e+03
54700.000000 5.76585000e+03
54900.000000 5.74417000e+03
55100.000000 5.62003000e+03
55300.000000 5.58253000e+03
55500.000000 5.47241000e+03
55700.000000 5.41205000e+03
55900.000000 5.40896000e+03
56100.000000 5.29337000e+03
56300.000000 5.25678000e+03
56500.000000 5.18257000e+03
56700.000000 5.11010000e+03
56900.000000 5.06679000e+03
57100.000000 4.99277000e+03
57300.000000 4.91518000e+03
57500.000000 4.94793000e+03
57700.000000 4.81060000e+03
57900.000000 4.78754000e+03
58100.000000 4.76412000e+03
58300.000000 4.63950000e+03
58500.000000 4.63645000e+03
58700.000000 4.58763000e+03
58900.000000 4.51972000e+03
59100.000000 4.48141000e+03
59300.000000 4.44213000e+03
59500.000000 4.38146000e+03
59700.000000 4.32382000e+03
59900.000000 4.31715000e+03
60100.000000 4.28565000e+03
60300.000000 4.18195000e+03
60500.000000 4.12758000e+03
60700.000000 4.12425000e+03
60900.000000 4.09111000e+03
61100.000000 4.01997000e+03
61300.000000 4.02566000e+03
61500.000000 3.94912000e+03
61700.000000 3.91258000e+03
61900.000000 3.87170000e+03
62100.000000 3.83166000e+03
62300.000000 3.80516000e+03
62500.000000 3.74458000e+03
62700.000000 3.71096000e+03
62900.000000 3.67740000e+03
63100.000000 3.62858000e+03
63300.000000 3.59778000e+03
63500.000000 3.53218000e+03
63700.000000 3.50976000e+03
63900.000000 3.45461000e+03
64200.000000 3.36627000e+03
64600.000000 3.20835000e+03
65000.000000 3.09926000e+03
65400.000000 3.03213000e+03
65800.000000 2.89993000e+03
66200.000000 2.79046000e+03
66600.000000 2.79288000e+03
67000.000000 2.71734000e+03
67400.000000 2.68800000e+03
67800.000000 2.60401000e+03
68200.000000 2.51151000e+03
68600.000000 2.51313000e+03
69000.000000 2.46975000e+03
69400.000000 2.40702000e+03
69800.000000 2.39970000e+03
70200.000000 2.30760000e+03
70600.000000 2.27148000e+03
71000.000000 2.23220000e+03
71400.000000 2.20275000e+03
71800.000000 2.16644000e+03
72200.000000 2.09878000e+03
72600.000000 2.06542000e+03
73000.000000 2.05310000e+03
73400.000000 1.97743000e+03
73800.000000 1.96346000e+03
74200.000000 1.91504000e+03
74600.000000 1.87242000e+03
75000.000000 1.86228000e+03
75400.000000 1.81826000e+03
75800.000000 1.75466000e+03
76200.000000 1.73058000e+03
76600.000000 1.70517000e+03
77000.000000 1.68159000e+03
77400.000000 1.61835000e+03
77800.000000 1.61084000e+03
78200.000000 1.57703000e+03
78600.000000 1.54175000e+03
79000.000000 1.48983000e+03
79400.000000 1.49763000e+03
79800.000000 1.44852000e+03
80200.000000 1.43293000e+03
80600.000000 1.40291000e+03
81000.000000 1.37279000e+03
81400.000000 1.35700000e+03
81800.000000 1.33019000e+03
82200.000000 1.30579000e+03
82600.000000 1.29991000e+03
83000.000000 1.26942000e+03
83400.000000 1.23793000e+03
83800.000000 1.21327000e+03
84200.000000 1.22180000e+03
84600.000000 1.19080000e+03
85000.000000 1.16054000e+03
85400.000000 1.15274000e+03
85800.000000 1.13848000e+03
86200.000000 1.12525000e+03
86600.000000 1.10670000e+03
87000.000000 1.09211000e+03
87400.000000 1.06315000e+03
87800.000000 1.05182000e+03
88200.000000 1.03659000e+03
88600.000000 1.02317000e+03
89000.000000 1.01447000e+03
89400.000000 9.97260000e+02
89800.000000 9.78679000e+02
90200.000000 9.68907000e+02
90600.000000 9.53302000e+02
91000.000000 9.36387000e+02
91400.000000 9.24917000e+02
91800.000000 9.09901000e+02
92200.000000 8.98876000e+02
92600.000000 8.81242000e+02
93000.000000 8.73199000e+02
93400.000000 8.59905000e+02
93800.000000 8.45908000e+02
94200.000000 8.26724000e+02
94600.000000 8.13180000e+02
95000.000000 8.03133000e+02
95400.000000 8.00551000e+02
95800.000000 7.80827000e+02
96200.000000 7.68363000e+02
96600.000000 7.58137000e+02
97000.000000 7.47093000e+02
97400.000000 7.37355000e+02
97800.000000 7.27161000e+02
98200.000000 7.12068000e+02
98600.000000 7.01033000e+02
99000.000000 6.72624000e+02
99400.000000 6.79003000e+02
99800.000000 6.69789000e+02
100200.000000 6.59837000e+02
200000.000000 4.57500000e+01
400000.000000 2.89493000e+00
600000.000000 5.66141000e-01
800000.000000 1.76992000e-01
1000000.000000 7.16765000e-02
1200000.000000 3.42091000e-02
1400000.000000 1.82919000e-02
1600000.000000 1.06311000e-02
