# Kurucz ODFNEW /NOVER, alpha: 0.0 (2003)
# teff = 10750 K (value for the effective temperature for the model. Temperatures are given in K)
# logg = 5 log(cm/s2) (value for Log(G) for the model.)
# lh = 1.25  (l/Hp where l is the  mixing length of the convective element and Hp is the pressure scale height)
# meta = 0.2  (value for the Metallicity for the model.)
# vtur = 2 km/s (Microturbulence velocity)
# alpha = 0  (Alpha)
#
# column 1: WAVELENGTH (ANGSTROM), Wavelength in Angstrom
# column 2: FLUX (ERG/CM2/S/A), Flux in erg/cm2/s/A
240.000000 3.96351000e-24
246.500000 1.27225000e-22
252.400000 7.16963000e-22
256.800000 2.42709000e-21
260.000000 5.74680000e-21
264.000000 1.63976000e-20
268.500000 5.12689000e-20
273.500000 1.74514000e-19
278.500000 5.72898000e-19
284.000000 2.02041000e-18
290.000000 7.58879000e-18
296.000000 2.70194000e-17
301.000000 7.53908000e-17
308.000000 3.01399000e-16
318.000000 1.97559000e-15
328.000000 1.16366000e-14
338.000000 6.20771000e-14
348.000000 3.03225000e-13
357.000000 1.18201000e-12
366.000000 4.31694000e-12
375.000000 1.48348000e-11
385.000000 5.49470000e-11
395.000000 1.90715000e-10
405.000000 6.25115000e-10
414.000000 1.73796000e-09
422.000000 4.16174000e-09
430.000000 9.63013000e-09
441.000000 2.92638000e-08
451.000000 7.65716000e-08
460.000000 1.75768000e-07
470.000000 4.26272000e-07
480.000000 9.98153000e-07
490.000000 2.25802000e-06
500.000000 4.94058000e-06
506.000000 1.01149000e-05
512.000000 1.72726000e-05
520.000000 3.00993000e-05
530.000000 5.91367000e-05
540.000000 1.12242000e-04
550.000000 2.10956000e-04
560.000000 3.85451000e-04
570.000000 6.89302000e-04
580.000000 1.19996000e-03
590.000000 2.07564000e-03
600.000000 3.50348000e-03
610.000000 5.81820000e-03
620.000000 9.50017000e-03
630.000000 1.52714000e-02
640.000000 2.41637000e-02
650.000000 3.77443000e-02
658.000000 5.33530000e-02
665.000000 7.16359000e-02
675.000000 1.08052000e-01
685.000000 1.61169000e-01
695.000000 2.37577000e-01
705.000000 3.45664000e-01
716.000000 5.16605000e-01
726.000000 7.35267000e-01
735.000000 1.00154000e+00
745.000000 1.39994000e+00
755.000000 1.93875000e+00
765.000000 2.66043000e+00
775.000000 3.61798000e+00
785.000000 4.87980000e+00
795.000000 6.52038000e+00
805.000000 8.66502000e+00
815.000000 1.14291000e+01
825.000000 1.49563000e+01
835.000000 1.94226000e+01
845.000000 2.50796000e+01
855.000000 3.21564000e+01
865.000000 4.09978000e+01
875.000000 5.19265000e+01
885.000000 6.54205000e+01
895.000000 8.19279000e+01
905.000000 1.01976000e+02
915.000000 1.02581000e+03
925.000000 7.36309000e+03
935.000000 1.25797000e+04
945.000000 2.15358000e+04
955.000000 3.14879000e+04
965.000000 4.13291000e+04
975.000000 3.34807000e+04
985.000000 5.66672000e+04
995.000000 6.11656000e+04
1005.000000 7.48927000e+04
1015.000000 8.32390000e+04
1025.000000 5.74332000e+04
1035.000000 1.02916000e+05
1045.000000 1.23449000e+05
1055.000000 1.39746000e+05
1065.000000 1.50678000e+05
1075.000000 1.74998000e+05
1085.000000 1.95471000e+05
1095.000000 2.08312000e+05
1105.000000 3.06906000e+05
1115.000000 5.35386000e+06
1125.000000 9.48889000e+06
1135.000000 1.46805000e+07
1145.000000 1.21764000e+07
1155.000000 1.52931000e+07
1165.000000 1.52887000e+07
1175.000000 9.89804000e+06
1185.000000 4.83097000e+06
1195.000000 8.14518000e+05
1205.000000 7.58868000e+05
1215.000000 2.12526000e+05
1225.000000 7.67204000e+05
1235.000000 1.68486000e+06
1245.000000 5.22941000e+06
1255.000000 3.11903000e+07
1265.000000 3.97488000e+07
1275.000000 8.49807000e+07
1285.000000 1.35835000e+08
1295.000000 1.37433000e+08
1305.000000 6.90380000e+07
1315.000000 1.46664000e+08
1325.000000 1.73923000e+08
1335.000000 1.63394000e+08
1345.000000 2.02242000e+08
1355.000000 1.83774000e+08
1365.000000 1.65980000e+08
1375.000000 1.88683000e+08
1385.000000 1.70742000e+08
1395.000000 1.81978000e+08
1405.000000 1.92485000e+08
1415.000000 1.91824000e+08
1425.000000 2.15709000e+08
1435.000000 1.85307000e+08
1442.000000 2.22230000e+08
1447.000000 2.38455000e+08
1455.000000 2.36321000e+08
1465.000000 2.12165000e+08
1475.000000 2.01505000e+08
1485.000000 2.12023000e+08
1495.000000 2.36587000e+08
1505.000000 2.36081000e+08
1512.000000 2.07814000e+08
1517.000000 2.37501000e+08
1525.000000 2.16112000e+08
1535.000000 2.07533000e+08
1545.000000 2.48052000e+08
1555.000000 1.83112000e+08
1565.000000 1.56000000e+08
1575.000000 2.04157000e+08
1585.000000 2.37204000e+08
1595.000000 2.52202000e+08
1605.000000 2.42780000e+08
1615.000000 2.41271000e+08
1625.000000 2.07808000e+08
1635.000000 2.14294000e+08
1645.000000 2.44148000e+08
1655.000000 1.92627000e+08
1665.000000 2.34744000e+08
1672.000000 1.72033000e+08
1677.000000 2.22193000e+08
1685.000000 2.49160000e+08
1695.000000 2.15860000e+08
1705.000000 2.11301000e+08
1715.000000 2.09215000e+08
1725.000000 2.05316000e+08
1735.000000 2.19588000e+08
1745.000000 2.15569000e+08
1755.000000 2.37056000e+08
1765.000000 1.96841000e+08
1775.000000 2.25670000e+08
1785.000000 2.24615000e+08
1795.000000 2.44662000e+08
1805.000000 2.30002000e+08
1815.000000 2.27898000e+08
1825.000000 2.18326000e+08
1835.000000 2.10091000e+08
1845.000000 1.92458000e+08
1855.000000 2.04008000e+08
1865.000000 2.05520000e+08
1875.000000 2.15742000e+08
1885.000000 2.11657000e+08
1895.000000 2.10100000e+08
1905.000000 1.99544000e+08
1915.000000 2.08437000e+08
1925.000000 2.09388000e+08
1935.000000 2.01645000e+08
1945.000000 2.12752000e+08
1955.000000 2.08599000e+08
1967.000000 2.16558000e+08
1976.000000 2.14079000e+08
1984.000000 2.06499000e+08
1995.000000 1.99400000e+08
2005.000000 1.96929000e+08
2015.000000 1.85302000e+08
2025.000000 1.88869000e+08
2035.000000 1.92394000e+08
2045.000000 1.98534000e+08
2055.000000 1.88738000e+08
2065.000000 1.86208000e+08
2074.000000 1.92977000e+08
2078.000000 1.98307000e+08
2085.000000 1.95894000e+08
2095.000000 1.87892000e+08
2105.000000 1.82769000e+08
2115.000000 1.82494000e+08
2125.000000 1.84568000e+08
2135.000000 1.59833000e+08
2145.000000 1.76892000e+08
2155.000000 1.77810000e+08
2165.000000 1.68367000e+08
2175.000000 1.65413000e+08
2185.000000 1.65449000e+08
2195.000000 1.73664000e+08
2205.000000 1.65847000e+08
2215.000000 1.52697000e+08
2225.000000 1.49592000e+08
2235.000000 1.65067000e+08
2245.000000 1.48635000e+08
2255.000000 1.45060000e+08
2265.000000 1.46734000e+08
2275.000000 1.54626000e+08
2285.000000 1.58925000e+08
2295.000000 1.49575000e+08
2305.000000 1.45125000e+08
2315.000000 1.39825000e+08
2325.000000 1.39057000e+08
2335.000000 1.31974000e+08
2345.000000 1.23281000e+08
2355.000000 1.37316000e+08
2365.000000 1.23070000e+08
2375.000000 1.28742000e+08
2385.000000 1.15154000e+08
2395.000000 1.26390000e+08
2405.000000 1.19773000e+08
2415.000000 1.22704000e+08
2425.000000 1.28997000e+08
2435.000000 1.22310000e+08
2445.000000 1.30802000e+08
2455.000000 1.25432000e+08
2465.000000 1.25378000e+08
2475.000000 1.19938000e+08
2485.000000 1.26418000e+08
2495.000000 1.21636000e+08
2505.000000 1.33022000e+08
2513.000000 1.20467000e+08
2518.000000 1.22193000e+08
2525.000000 1.14361000e+08
2535.000000 1.13226000e+08
2545.000000 1.12466000e+08
2555.000000 1.19349000e+08
2565.000000 1.18581000e+08
2575.000000 1.26258000e+08
2585.000000 1.26202000e+08
2595.000000 1.24330000e+08
2605.000000 1.18959000e+08
2615.000000 1.17957000e+08
2625.000000 1.23211000e+08
2635.000000 1.23476000e+08
2645.000000 1.34230000e+08
2655.000000 1.32023000e+08
2665.000000 1.21486000e+08
2675.000000 1.26676000e+08
2685.000000 1.25661000e+08
2695.000000 1.20799000e+08
2705.000000 1.23275000e+08
2715.000000 1.17452000e+08
2725.000000 1.18189000e+08
2735.000000 1.25828000e+08
2745.000000 1.09599000e+08
2755.000000 1.09728000e+08
2765.000000 1.12927000e+08
2775.000000 1.19198000e+08
2785.000000 1.16163000e+08
2795.000000 8.99672000e+07
2805.000000 1.01340000e+08
2815.000000 1.20351000e+08
2825.000000 1.21507000e+08
2835.000000 1.16658000e+08
2845.000000 1.12264000e+08
2855.000000 1.09492000e+08
2865.000000 1.15742000e+08
2875.000000 1.12372000e+08
2885.000000 1.14392000e+08
2895.000000 1.10573000e+08
2910.000000 1.19708000e+08
2930.000000 1.14416000e+08
2950.000000 1.14077000e+08
2970.000000 1.14558000e+08
2990.000000 1.14328000e+08
3010.000000 1.15492000e+08
3030.000000 1.13755000e+08
3050.000000 1.12195000e+08
3070.000000 1.10554000e+08
3090.000000 1.10934000e+08
3110.000000 1.08250000e+08
3130.000000 1.07463000e+08
3150.000000 1.07834000e+08
3170.000000 1.06598000e+08
3190.000000 1.02770000e+08
3210.000000 1.04013000e+08
3230.000000 1.01804000e+08
3250.000000 1.02042000e+08
3270.000000 1.01890000e+08
3290.000000 1.01797000e+08
3310.000000 1.01468000e+08
3330.000000 9.92572000e+07
3350.000000 9.75015000e+07
3370.000000 9.71172000e+07
3390.000000 9.58960000e+07
3410.000000 9.65434000e+07
3430.000000 9.57410000e+07
3450.000000 9.48114000e+07
3470.000000 9.35120000e+07
3490.000000 9.27897000e+07
3510.000000 9.28025000e+07
3530.000000 9.23434000e+07
3550.000000 9.17453000e+07
3570.000000 9.01645000e+07
3590.000000 8.94024000e+07
3610.000000 8.86631000e+07
3630.000000 8.79633000e+07
3640.000000 8.75261000e+07
3650.000000 8.87241000e+07
3670.000000 8.82492000e+07
3690.000000 8.65757000e+07
3710.000000 8.41915000e+07
3730.000000 7.94162000e+07
3750.000000 8.80442000e+07
3770.000000 9.07120000e+07
3790.000000 1.09942000e+08
3810.000000 1.29703000e+08
3830.000000 1.03597000e+08
3850.000000 1.44465000e+08
3870.000000 1.68114000e+08
3890.000000 8.93942000e+07
3910.000000 1.68606000e+08
3930.000000 1.83592000e+08
3950.000000 1.68236000e+08
3970.000000 8.55768000e+07
3990.000000 1.58578000e+08
4010.000000 1.87881000e+08
4030.000000 1.89018000e+08
4050.000000 1.86737000e+08
4070.000000 1.73529000e+08
4090.000000 1.23357000e+08
4110.000000 9.34659000e+07
4130.000000 1.59633000e+08
4150.000000 1.73780000e+08
4170.000000 1.74050000e+08
4190.000000 1.72624000e+08
4210.000000 1.70775000e+08
4230.000000 1.67155000e+08
4250.000000 1.64847000e+08
4270.000000 1.60449000e+08
4290.000000 1.57614000e+08
4310.000000 1.44102000e+08
4330.000000 9.97819000e+07
4350.000000 8.48545000e+07
4370.000000 1.36984000e+08
4390.000000 1.44682000e+08
4410.000000 1.46358000e+08
4430.000000 1.44626000e+08
4450.000000 1.45038000e+08
4470.000000 1.42617000e+08
4490.000000 1.38670000e+08
4510.000000 1.39387000e+08
4530.000000 1.37177000e+08
4550.000000 1.34281000e+08
4570.000000 1.34321000e+08
4590.000000 1.31631000e+08
4610.000000 1.31498000e+08
4630.000000 1.28203000e+08
4650.000000 1.27958000e+08
4670.000000 1.26030000e+08
4690.000000 1.23062000e+08
4710.000000 1.19013000e+08
4730.000000 1.20858000e+08
4750.000000 1.19089000e+08
4770.000000 1.17319000e+08
4790.000000 1.15035000e+08
4810.000000 1.11234000e+08
4830.000000 1.02880000e+08
4850.000000 7.51985000e+07
4870.000000 6.13854000e+07
4890.000000 9.52722000e+07
4910.000000 1.03519000e+08
4930.000000 1.03882000e+08
4950.000000 1.04254000e+08
4970.000000 1.03673000e+08
4990.000000 1.02252000e+08
5010.000000 9.99139000e+07
5030.000000 9.95409000e+07
5050.000000 9.74851000e+07
5070.000000 9.75983000e+07
5090.000000 9.64257000e+07
5110.000000 9.51746000e+07
5130.000000 9.41348000e+07
5150.000000 9.26195000e+07
5170.000000 9.06725000e+07
5190.000000 8.98589000e+07
5210.000000 8.93744000e+07
5230.000000 8.78038000e+07
5250.000000 8.75365000e+07
5270.000000 8.54654000e+07
5290.000000 8.55554000e+07
5310.000000 8.39528000e+07
5330.000000 8.29606000e+07
5350.000000 8.26389000e+07
5370.000000 8.15307000e+07
5390.000000 8.06065000e+07
5410.000000 7.93410000e+07
5430.000000 7.87052000e+07
5450.000000 7.80005000e+07
5470.000000 7.70358000e+07
5490.000000 7.62006000e+07
5510.000000 7.53369000e+07
5530.000000 7.44419000e+07
5550.000000 7.37033000e+07
5570.000000 7.28520000e+07
5590.000000 7.20676000e+07
5610.000000 7.13536000e+07
5630.000000 7.05730000e+07
5650.000000 6.96859000e+07
5670.000000 6.89034000e+07
5690.000000 6.82128000e+07
5710.000000 6.74827000e+07
5730.000000 6.67818000e+07
5750.000000 6.59853000e+07
5770.000000 6.52922000e+07
5790.000000 6.45284000e+07
5810.000000 6.38706000e+07
5830.000000 6.31926000e+07
5850.000000 6.25114000e+07
5870.000000 6.17078000e+07
5890.000000 6.07932000e+07
5910.000000 6.04979000e+07
5930.000000 5.98805000e+07
5950.000000 5.91008000e+07
5970.000000 5.85586000e+07
5990.000000 5.78406000e+07
6010.000000 5.72884000e+07
6030.000000 5.67587000e+07
6050.000000 5.61247000e+07
6070.000000 5.55755000e+07
6090.000000 5.49947000e+07
6110.000000 5.44173000e+07
6130.000000 5.38212000e+07
6150.000000 5.27048000e+07
6170.000000 5.26625000e+07
6190.000000 5.22205000e+07
6210.000000 5.16737000e+07
6230.000000 5.11133000e+07
6250.000000 5.03740000e+07
6270.000000 5.01097000e+07
6290.000000 4.96039000e+07
6310.000000 4.90354000e+07
6330.000000 4.85860000e+07
6350.000000 4.75937000e+07
6370.000000 4.73065000e+07
6390.000000 4.70883000e+07
6410.000000 4.65061000e+07
6430.000000 4.60487000e+07
6450.000000 4.52754000e+07
6470.000000 4.49627000e+07
6490.000000 4.41833000e+07
6510.000000 4.32127000e+07
6530.000000 4.10338000e+07
6550.000000 3.43682000e+07
6570.000000 2.81450000e+07
6590.000000 3.80129000e+07
6610.000000 4.06752000e+07
6630.000000 4.11518000e+07
6650.000000 4.10792000e+07
6670.000000 4.08104000e+07
6690.000000 4.05104000e+07
6710.000000 4.01822000e+07
6730.000000 3.97990000e+07
6750.000000 3.94693000e+07
6770.000000 3.91386000e+07
6790.000000 3.87547000e+07
6810.000000 3.83983000e+07
6830.000000 3.80074000e+07
6850.000000 3.76645000e+07
6870.000000 3.73194000e+07
6890.000000 3.69785000e+07
6910.000000 3.66235000e+07
6930.000000 3.62673000e+07
6950.000000 3.59434000e+07
6970.000000 3.56095000e+07
6990.000000 3.52942000e+07
7010.000000 3.48708000e+07
7030.000000 3.46277000e+07
7050.000000 3.42890000e+07
7070.000000 3.40018000e+07
7090.000000 3.37023000e+07
7110.000000 3.31814000e+07
7130.000000 3.30459000e+07
7150.000000 3.27404000e+07
7170.000000 3.24774000e+07
7190.000000 3.21826000e+07
7210.000000 3.18999000e+07
7230.000000 3.16011000e+07
7250.000000 3.12787000e+07
7270.000000 3.10512000e+07
7290.000000 3.07535000e+07
7310.000000 3.04874000e+07
7330.000000 3.02252000e+07
7350.000000 2.99654000e+07
7370.000000 2.97024000e+07
7390.000000 2.94287000e+07
7410.000000 2.91541000e+07
7430.000000 2.88084000e+07
7450.000000 2.86098000e+07
7470.000000 2.82867000e+07
7490.000000 2.81042000e+07
7510.000000 2.78886000e+07
7530.000000 2.76716000e+07
7550.000000 2.74419000e+07
7570.000000 2.72031000e+07
7590.000000 2.69703000e+07
7610.000000 2.67429000e+07
7630.000000 2.65058000e+07
7650.000000 2.62714000e+07
7670.000000 2.60347000e+07
7690.000000 2.58205000e+07
7710.000000 2.55986000e+07
7730.000000 2.53944000e+07
7750.000000 2.51782000e+07
7770.000000 2.44722000e+07
7790.000000 2.47577000e+07
7810.000000 2.45544000e+07
7830.000000 2.43302000e+07
7850.000000 2.40903000e+07
7870.000000 2.38038000e+07
7890.000000 2.35446000e+07
7910.000000 2.34926000e+07
7930.000000 2.33305000e+07
7950.000000 2.30183000e+07
7970.000000 2.29623000e+07
7990.000000 2.25158000e+07
8010.000000 2.25797000e+07
8030.000000 2.23873000e+07
8050.000000 2.22128000e+07
8070.000000 2.20230000e+07
8090.000000 2.18458000e+07
8110.000000 2.16671000e+07
8130.000000 2.15014000e+07
8150.000000 2.13279000e+07
8170.000000 2.11576000e+07
8190.000000 2.08814000e+07
8210.000000 2.07787000e+07
8230.000000 2.05782000e+07
8250.000000 2.05074000e+07
8270.000000 2.04656000e+07
8290.000000 2.02869000e+07
8310.000000 2.01556000e+07
8330.000000 1.99275000e+07
8350.000000 1.98570000e+07
8370.000000 1.97192000e+07
8390.000000 1.95648000e+07
8410.000000 1.94128000e+07
8430.000000 1.92444000e+07
8450.000000 1.88427000e+07
8470.000000 1.88851000e+07
8490.000000 1.87565000e+07
8510.000000 1.83558000e+07
8530.000000 1.84873000e+07
8550.000000 1.76794000e+07
8570.000000 1.83069000e+07
8590.000000 1.75718000e+07
8610.000000 1.73332000e+07
8630.000000 1.80552000e+07
8650.000000 1.73546000e+07
8670.000000 1.56683000e+07
8690.000000 1.74167000e+07
8710.000000 1.79505000e+07
8730.000000 1.70948000e+07
8750.000000 1.44152000e+07
8770.000000 1.62520000e+07
8790.000000 1.77301000e+07
8810.000000 1.79361000e+07
8830.000000 1.72519000e+07
8850.000000 1.51240000e+07
8870.000000 1.33369000e+07
8890.000000 1.61632000e+07
8910.000000 1.73184000e+07
8930.000000 1.76335000e+07
8950.000000 1.76380000e+07
8970.000000 1.70800000e+07
8990.000000 1.57231000e+07
9010.000000 1.27182000e+07
9030.000000 1.35947000e+07
9050.000000 1.58171000e+07
9070.000000 1.64655000e+07
9090.000000 1.65987000e+07
9110.000000 1.68305000e+07
9130.000000 1.67858000e+07
9150.000000 1.66216000e+07
9170.000000 1.62306000e+07
9190.000000 1.54486000e+07
9210.000000 1.38342000e+07
9230.000000 1.11220000e+07
9250.000000 1.32516000e+07
9270.000000 1.45978000e+07
9290.000000 1.54853000e+07
9310.000000 1.56701000e+07
9330.000000 1.56610000e+07
9350.000000 1.56186000e+07
9370.000000 1.55357000e+07
9390.000000 1.53423000e+07
9410.000000 1.50525000e+07
9430.000000 1.51251000e+07
9450.000000 1.49747000e+07
9470.000000 1.47380000e+07
9490.000000 1.43551000e+07
9510.000000 1.36171000e+07
9530.000000 1.20235000e+07
9550.000000 9.95621000e+06
9570.000000 1.21470000e+07
9590.000000 1.33642000e+07
9610.000000 1.37692000e+07
9630.000000 1.37433000e+07
9650.000000 1.39308000e+07
9670.000000 1.38039000e+07
9690.000000 1.37959000e+07
9710.000000 1.37515000e+07
9730.000000 1.36561000e+07
9750.000000 1.35565000e+07
9770.000000 1.34750000e+07
9790.000000 1.33764000e+07
9810.000000 1.32745000e+07
9830.000000 1.31488000e+07
9850.000000 1.30559000e+07
9870.000000 1.29501000e+07
9890.000000 1.27845000e+07
9910.000000 1.27464000e+07
9930.000000 1.26198000e+07
9950.000000 1.24904000e+07
9970.000000 1.23152000e+07
9990.000000 1.20263000e+07
10025.000000 1.05120000e+07
10075.000000 9.96849000e+06
10125.000000 1.14931000e+07
10175.000000 1.15875000e+07
10225.000000 1.14550000e+07
10275.000000 1.12802000e+07
10325.000000 1.10903000e+07
10375.000000 1.09049000e+07
10425.000000 1.07226000e+07
10475.000000 1.05041000e+07
10525.000000 1.03328000e+07
10575.000000 1.01719000e+07
10625.000000 1.00127000e+07
10675.000000 9.72935000e+06
10725.000000 9.62018000e+06
10775.000000 9.46491000e+06
10825.000000 9.24876000e+06
10875.000000 8.83772000e+06
10925.000000 7.25868000e+06
10975.000000 7.91049000e+06
11025.000000 8.57036000e+06
11075.000000 8.57608000e+06
11125.000000 8.47298000e+06
11175.000000 8.35872000e+06
11225.000000 8.23598000e+06
11275.000000 8.01433000e+06
11325.000000 7.90319000e+06
11375.000000 7.84172000e+06
11425.000000 7.71407000e+06
11475.000000 7.61123000e+06
11525.000000 7.49598000e+06
11575.000000 7.37822000e+06
11625.000000 7.23265000e+06
11675.000000 7.09952000e+06
11725.000000 7.04486000e+06
11775.000000 6.86777000e+06
11825.000000 6.80578000e+06
11875.000000 6.69168000e+06
11925.000000 6.63065000e+06
11975.000000 6.50946000e+06
12025.000000 6.42678000e+06
12075.000000 6.32431000e+06
12125.000000 6.23280000e+06
12175.000000 6.14816000e+06
12225.000000 6.05537000e+06
12275.000000 5.96014000e+06
12325.000000 5.87592000e+06
12375.000000 5.79335000e+06
12425.000000 5.71583000e+06
12475.000000 5.61394000e+06
12525.000000 5.54832000e+06
12575.000000 5.44020000e+06
12625.000000 5.36316000e+06
12675.000000 5.27778000e+06
12725.000000 5.14262000e+06
12775.000000 4.80721000e+06
12825.000000 4.11084000e+06
12875.000000 4.73987000e+06
12925.000000 4.87465000e+06
12975.000000 4.85394000e+06
13025.000000 4.80320000e+06
13075.000000 4.74736000e+06
13125.000000 4.68567000e+06
13175.000000 4.60894000e+06
13225.000000 4.55929000e+06
13275.000000 4.49744000e+06
13325.000000 4.43638000e+06
13375.000000 4.37631000e+06
13425.000000 4.31639000e+06
13475.000000 4.25745000e+06
13525.000000 4.19555000e+06
13575.000000 4.14221000e+06
13625.000000 4.08832000e+06
13675.000000 4.03189000e+06
13725.000000 3.97257000e+06
13775.000000 3.92909000e+06
13825.000000 3.87806000e+06
13875.000000 3.82922000e+06
13925.000000 3.77554000e+06
13975.000000 3.72890000e+06
14025.000000 3.68129000e+06
14075.000000 3.63426000e+06
14125.000000 3.58649000e+06
14175.000000 3.54098000e+06
14225.000000 3.49546000e+06
14275.000000 3.45105000e+06
14325.000000 3.40699000e+06
14375.000000 3.36456000e+06
14425.000000 3.29945000e+06
14475.000000 3.27957000e+06
14525.000000 3.22846000e+06
14570.000000 3.20198000e+06
14620.000000 3.16373000e+06
14675.000000 3.12536000e+06
14725.000000 3.08645000e+06
14775.000000 3.04282000e+06
14825.000000 3.01119000e+06
14875.000000 2.96884000e+06
14925.000000 2.94273000e+06
14975.000000 2.90446000e+06
15025.000000 2.86747000e+06
15075.000000 2.83406000e+06
15125.000000 2.80399000e+06
15175.000000 2.77017000e+06
15225.000000 2.73803000e+06
15275.000000 2.70511000e+06
15325.000000 2.67209000e+06
15375.000000 2.64056000e+06
15425.000000 2.60352000e+06
15475.000000 2.57665000e+06
15525.000000 2.54398000e+06
15575.000000 2.50562000e+06
15625.000000 2.49270000e+06
15675.000000 2.44309000e+06
15725.000000 2.40533000e+06
15775.000000 2.40722000e+06
15825.000000 2.37398000e+06
15875.000000 2.28087000e+06
15925.000000 2.29954000e+06
15975.000000 2.31145000e+06
16050.000000 2.23798000e+06
16150.000000 2.14376000e+06
16250.000000 2.18979000e+06
16350.000000 2.07261000e+06
16450.000000 1.96744000e+06
16550.000000 2.05955000e+06
16650.000000 2.01966000e+06
16750.000000 1.87839000e+06
16850.000000 1.77284000e+06
16950.000000 1.88678000e+06
17050.000000 1.86212000e+06
17150.000000 1.82138000e+06
17250.000000 1.75133000e+06
17350.000000 1.54448000e+06
17450.000000 1.64436000e+06
17550.000000 1.66493000e+06
17650.000000 1.63754000e+06
17750.000000 1.60634000e+06
17850.000000 1.57172000e+06
17950.000000 1.53707000e+06
18050.000000 1.48147000e+06
18150.000000 1.31389000e+06
18250.000000 1.37203000e+06
18350.000000 1.40724000e+06
18450.000000 1.38627000e+06
18550.000000 1.35418000e+06
18650.000000 1.30590000e+06
18750.000000 1.15174000e+06
18850.000000 1.24717000e+06
18950.000000 1.24978000e+06
19050.000000 1.23088000e+06
19150.000000 1.20665000e+06
19250.000000 1.17880000e+06
19350.000000 1.12952000e+06
19450.000000 1.00102000e+06
19550.000000 1.08622000e+06
19650.000000 1.09149000e+06
19750.000000 1.07515000e+06
19850.000000 1.05727000e+06
19950.000000 1.03742000e+06
20050.000000 1.01810000e+06
20150.000000 9.99113000e+05
20250.000000 9.80542000e+05
20350.000000 9.62377000e+05
20450.000000 9.44881000e+05
20550.000000 9.27589000e+05
20650.000000 9.10411000e+05
20750.000000 8.94045000e+05
20850.000000 8.78037000e+05
20950.000000 8.62207000e+05
21050.000000 8.46705000e+05
21150.000000 8.30717000e+05
21250.000000 8.16001000e+05
21350.000000 7.99928000e+05
21450.000000 7.83251000e+05
21550.000000 7.55012000e+05
21650.000000 6.73346000e+05
21750.000000 7.20430000e+05
21850.000000 7.29088000e+05
21950.000000 7.20521000e+05
22050.000000 7.09870000e+05
22150.000000 6.97624000e+05
22250.000000 6.86360000e+05
22350.000000 6.74772000e+05
22450.000000 6.63437000e+05
22550.000000 6.52105000e+05
22650.000000 6.41425000e+05
22750.000000 6.30762000e+05
22850.000000 6.20678000e+05
22950.000000 6.10460000e+05
23050.000000 6.00672000e+05
23150.000000 5.90911000e+05
23250.000000 5.81441000e+05
23350.000000 5.72070000e+05
23450.000000 5.62934000e+05
23550.000000 5.53979000e+05
23650.000000 5.45188000e+05
23750.000000 5.36553000e+05
23850.000000 5.28069000e+05
23950.000000 5.19787000e+05
24050.000000 5.11500000e+05
24150.000000 5.03585000e+05
24250.000000 4.95801000e+05
24350.000000 4.88090000e+05
24450.000000 4.80508000e+05
24550.000000 4.73082000e+05
24650.000000 4.65686000e+05
24750.000000 4.58536000e+05
24850.000000 4.51498000e+05
24950.000000 4.43928000e+05
25050.000000 4.38109000e+05
25150.000000 4.31356000e+05
25250.000000 4.23231000e+05
25350.000000 4.18210000e+05
25450.000000 4.12825000e+05
25550.000000 4.05052000e+05
25650.000000 3.96282000e+05
25750.000000 3.93381000e+05
25850.000000 3.88793000e+05
25950.000000 3.82356000e+05
26050.000000 3.71826000e+05
26150.000000 3.57104000e+05
26250.000000 3.28206000e+05
26350.000000 3.49691000e+05
26450.000000 3.54365000e+05
26550.000000 3.50685000e+05
26650.000000 3.42419000e+05
26750.000000 3.28581000e+05
26850.000000 3.32859000e+05
26950.000000 3.32437000e+05
27050.000000 3.28887000e+05
27150.000000 3.24680000e+05
27250.000000 3.20043000e+05
27350.000000 3.14746000e+05
27450.000000 3.06947000e+05
27550.000000 2.89679000e+05
27650.000000 2.91278000e+05
27750.000000 2.96095000e+05
27850.000000 2.94254000e+05
27950.000000 2.90947000e+05
28050.000000 2.87406000e+05
28150.000000 2.83861000e+05
28250.000000 2.79655000e+05
28350.000000 2.75515000e+05
28450.000000 2.71082000e+05
28550.000000 2.65438000e+05
28650.000000 2.54368000e+05
28750.000000 2.41353000e+05
28850.000000 2.51858000e+05
28950.000000 2.52562000e+05
29050.000000 2.50603000e+05
29150.000000 2.47800000e+05
29250.000000 2.44916000e+05
29350.000000 2.41745000e+05
29450.000000 2.38608000e+05
29550.000000 2.35529000e+05
29650.000000 2.32468000e+05
29750.000000 2.29469000e+05
29850.000000 2.26535000e+05
29950.000000 2.23391000e+05
30050.000000 2.20000000e+05
30150.000000 2.16330000e+05
30250.000000 2.10773000e+05
30350.000000 1.96687000e+05
30450.000000 1.97457000e+05
30550.000000 2.03638000e+05
30650.000000 2.03290000e+05
30750.000000 2.01404000e+05
30850.000000 1.99242000e+05
30950.000000 1.96989000e+05
31050.000000 1.94546000e+05
31150.000000 1.92111000e+05
31250.000000 1.89757000e+05
31350.000000 1.87456000e+05
31450.000000 1.85131000e+05
31550.000000 1.82941000e+05
31650.000000 1.80722000e+05
31750.000000 1.78498000e+05
31850.000000 1.76387000e+05
31950.000000 1.74252000e+05
32100.000000 1.71124000e+05
32300.000000 1.67080000e+05
32500.000000 1.62993000e+05
32700.000000 1.58067000e+05
32900.000000 1.45522000e+05
33100.000000 1.47383000e+05
33300.000000 1.47598000e+05
33500.000000 1.44656000e+05
33700.000000 1.41382000e+05
33900.000000 1.38279000e+05
34100.000000 1.35204000e+05
34300.000000 1.32223000e+05
34500.000000 1.29321000e+05
34700.000000 1.26470000e+05
34900.000000 1.23704000e+05
35100.000000 1.21005000e+05
35300.000000 1.18380000e+05
35500.000000 1.15824000e+05
35700.000000 1.13330000e+05
35900.000000 1.10910000e+05
36100.000000 1.08537000e+05
36300.000000 1.06250000e+05
36500.000000 1.03980000e+05
36700.000000 1.01784000e+05
36900.000000 9.94994000e+04
37100.000000 9.71322000e+04
37300.000000 9.18476000e+04
37500.000000 8.91720000e+04
37700.000000 9.12634000e+04
37900.000000 8.98201000e+04
38100.000000 8.78675000e+04
38300.000000 8.61586000e+04
38500.000000 8.46659000e+04
38700.000000 8.29781000e+04
38900.000000 8.11262000e+04
39100.000000 7.91822000e+04
39300.000000 7.80978000e+04
39500.000000 7.67053000e+04
39700.000000 7.52484000e+04
39900.000000 7.36440000e+04
40100.000000 7.16039000e+04
40300.000000 6.98024000e+04
40500.000000 6.55134000e+04
40700.000000 6.75843000e+04
40900.000000 6.69655000e+04
41100.000000 6.58091000e+04
41300.000000 6.45327000e+04
41500.000000 6.29716000e+04
41700.000000 6.06098000e+04
41900.000000 6.05905000e+04
42100.000000 5.98993000e+04
42300.000000 5.89658000e+04
42500.000000 5.79532000e+04
42700.000000 5.69013000e+04
42900.000000 5.58745000e+04
43100.000000 5.48644000e+04
43300.000000 5.37398000e+04
43500.000000 5.24883000e+04
43700.000000 5.00875000e+04
43900.000000 4.99488000e+04
44100.000000 4.99036000e+04
44300.000000 4.92352000e+04
44500.000000 4.84303000e+04
44700.000000 4.76377000e+04
44900.000000 4.67396000e+04
45100.000000 4.59408000e+04
45300.000000 4.51468000e+04
45500.000000 4.43741000e+04
45700.000000 4.36005000e+04
45900.000000 4.28244000e+04
46100.000000 4.20087000e+04
46300.000000 4.09260000e+04
46500.000000 3.80380000e+04
46700.000000 3.79029000e+04
46900.000000 3.86524000e+04
47100.000000 3.85728000e+04
47300.000000 3.80756000e+04
47500.000000 3.74918000e+04
47700.000000 3.69032000e+04
47900.000000 3.63198000e+04
48100.000000 3.57383000e+04
48300.000000 3.51668000e+04
48500.000000 3.46051000e+04
48700.000000 3.40546000e+04
48900.000000 3.35135000e+04
49100.000000 3.29817000e+04
49300.000000 3.24635000e+04
49500.000000 3.19526000e+04
49700.000000 3.14519000e+04
49900.000000 3.09598000e+04
50100.000000 3.04744000e+04
50300.000000 2.99958000e+04
50500.000000 2.95253000e+04
50700.000000 2.90437000e+04
50900.000000 2.85076000e+04
51100.000000 2.76890000e+04
51300.000000 2.61952000e+04
51500.000000 2.69538000e+04
51700.000000 2.68344000e+04
51900.000000 2.65063000e+04
52100.000000 2.61353000e+04
52300.000000 2.57526000e+04
52500.000000 2.53641000e+04
52700.000000 2.49861000e+04
52900.000000 2.46333000e+04
53100.000000 2.42784000e+04
53300.000000 2.39241000e+04
53500.000000 2.35666000e+04
53700.000000 2.32019000e+04
53900.000000 2.28667000e+04
54100.000000 2.25589000e+04
54300.000000 2.22448000e+04
54500.000000 2.19461000e+04
54700.000000 2.16134000e+04
54900.000000 2.12963000e+04
55100.000000 2.09633000e+04
55300.000000 2.06419000e+04
55500.000000 2.03931000e+04
55700.000000 2.01267000e+04
55900.000000 1.98853000e+04
56100.000000 1.96085000e+04
56300.000000 1.93387000e+04
56500.000000 1.90616000e+04
56700.000000 1.87621000e+04
56900.000000 1.84664000e+04
57100.000000 1.81420000e+04
57300.000000 1.79536000e+04
57500.000000 1.77514000e+04
57700.000000 1.75392000e+04
57900.000000 1.73216000e+04
58100.000000 1.70887000e+04
58300.000000 1.68165000e+04
58500.000000 1.65795000e+04
58700.000000 1.63005000e+04
58900.000000 1.58404000e+04
59100.000000 1.49665000e+04
59300.000000 1.54688000e+04
59500.000000 1.53054000e+04
59700.000000 1.51851000e+04
59900.000000 1.50849000e+04
60100.000000 1.49231000e+04
60300.000000 1.47435000e+04
60500.000000 1.45587000e+04
60700.000000 1.43739000e+04
60900.000000 1.41913000e+04
61100.000000 1.40098000e+04
61300.000000 1.38323000e+04
61500.000000 1.36568000e+04
61700.000000 1.34833000e+04
61900.000000 1.33108000e+04
62100.000000 1.31392000e+04
62300.000000 1.29647000e+04
62500.000000 1.27777000e+04
62700.000000 1.25420000e+04
62900.000000 1.22015000e+04
63100.000000 1.22037000e+04
63300.000000 1.21446000e+04
63500.000000 1.20243000e+04
63700.000000 1.18877000e+04
63900.000000 1.17469000e+04
64200.000000 1.15396000e+04
64600.000000 1.12780000e+04
65000.000000 1.10067000e+04
65400.000000 1.07448000e+04
65800.000000 1.04884000e+04
66200.000000 1.02400000e+04
66600.000000 9.98653000e+03
67000.000000 9.73672000e+03
67400.000000 9.43822000e+03
67800.000000 9.06083000e+03
68200.000000 9.05448000e+03
68600.000000 8.87795000e+03
69000.000000 8.69619000e+03
69400.000000 8.50003000e+03
69800.000000 8.30932000e+03
70200.000000 8.12546000e+03
70600.000000 7.94446000e+03
71000.000000 7.77000000e+03
71400.000000 7.59820000e+03
71800.000000 7.43339000e+03
72200.000000 7.27104000e+03
72600.000000 7.10415000e+03
73000.000000 6.95384000e+03
73400.000000 6.80259000e+03
73800.000000 6.64570000e+03
74200.000000 6.46544000e+03
74600.000000 6.07583000e+03
75000.000000 5.89942000e+03
75400.000000 6.02372000e+03
75800.000000 5.96858000e+03
76200.000000 5.85930000e+03
76600.000000 5.74337000e+03
77000.000000 5.62724000e+03
77400.000000 5.50986000e+03
77800.000000 5.38993000e+03
78200.000000 5.29132000e+03
78600.000000 5.19430000e+03
79000.000000 5.09741000e+03
79400.000000 4.99676000e+03
79800.000000 4.89852000e+03
80200.000000 4.80239000e+03
80600.000000 4.70839000e+03
81000.000000 4.60608000e+03
81400.000000 4.50151000e+03
81800.000000 4.42082000e+03
82200.000000 4.34908000e+03
82600.000000 4.27431000e+03
83000.000000 4.19346000e+03
83400.000000 4.11417000e+03
83800.000000 4.03690000e+03
84200.000000 3.96170000e+03
84600.000000 3.88843000e+03
85000.000000 3.81657000e+03
85400.000000 3.74608000e+03
85800.000000 3.67107000e+03
86200.000000 3.59464000e+03
86600.000000 3.50153000e+03
87000.000000 3.45169000e+03
87400.000000 3.32108000e+03
87800.000000 3.26235000e+03
88200.000000 3.28150000e+03
88600.000000 3.23355000e+03
89000.000000 3.18134000e+03
89400.000000 3.12555000e+03
89800.000000 3.07077000e+03
90200.000000 3.01720000e+03
90600.000000 2.96482000e+03
91000.000000 2.91352000e+03
91400.000000 2.86332000e+03
91800.000000 2.81424000e+03
92200.000000 2.76616000e+03
92600.000000 2.71398000e+03
93000.000000 2.66598000e+03
93400.000000 2.61426000e+03
93800.000000 2.53515000e+03
94200.000000 2.51274000e+03
94600.000000 2.48900000e+03
95000.000000 2.45097000e+03
95400.000000 2.41329000e+03
95800.000000 2.37663000e+03
96200.000000 2.33770000e+03
96600.000000 2.29956000e+03
97000.000000 2.26218000e+03
97400.000000 2.22557000e+03
97800.000000 2.18971000e+03
98200.000000 2.15414000e+03
98600.000000 2.11883000e+03
99000.000000 2.08629000e+03
99400.000000 2.05321000e+03
99800.000000 2.02075000e+03
100200.000000 1.98893000e+03
200000.000000 1.26506000e+02
400000.000000 7.82514000e+00
600000.000000 1.52858000e+00
800000.000000 4.79165000e-01
1000000.000000 1.94750000e-01
1200000.000000 9.33033000e-02
1400000.000000 5.00781000e-02
1600000.000000 2.92098000e-02
