# Kurucz ODFNEW /NOVER, alpha: 0.0 (2003)
# teff = 12000 K (value for the effective temperature for the model. Temperatures are given in K)
# logg = 3 log(cm/s2) (value for Log(G) for the model.)
# lh = 1.25  (l/Hp where l is the  mixing length of the convective element and Hp is the pressure scale height)
# meta = -1.5  (value for the Metallicity for the model.)
# vtur = 2 km/s (Microturbulence velocity)
# alpha = 0  (Alpha)
#
# column 1: WAVELENGTH (ANGSTROM), Wavelength in Angstrom
# column 2: FLUX (ERG/CM2/S/A), Flux in erg/cm2/s/A
210.500000 3.24227000e-23
216.200000 4.14437000e-22
219.800000 1.54655000e-21
223.000000 4.72145000e-21
226.800000 1.70530000e-20
230.000000 4.86821000e-20
234.000000 1.73160000e-19
240.000000 1.07237000e-18
246.500000 6.99242000e-18
252.400000 3.52485000e-17
256.800000 1.12157000e-16
260.000000 2.53902000e-16
264.000000 6.85557000e-16
268.500000 2.01946000e-15
273.500000 6.42788000e-15
278.500000 1.96369000e-14
284.000000 6.40135000e-14
290.000000 2.20465000e-13
296.000000 7.20600000e-13
301.000000 1.86541000e-12
308.000000 6.69594000e-12
318.000000 3.76044000e-11
328.000000 1.89531000e-10
338.000000 8.65089000e-10
348.000000 3.60976000e-09
357.000000 1.21601000e-08
366.000000 3.85234000e-08
375.000000 1.15155000e-07
385.000000 3.65229000e-07
395.000000 1.08959000e-06
405.000000 3.07263000e-06
414.000000 7.46882000e-06
422.000000 1.59059000e-05
430.000000 3.28828000e-05
441.000000 8.53351000e-05
451.000000 1.94550000e-04
460.000000 3.95406000e-04
470.000000 8.40709000e-04
480.000000 1.72864000e-03
490.000000 3.44532000e-03
500.000000 6.66645000e-03
506.000000 2.48342000e-02
512.000000 4.80785000e-02
520.000000 7.53891000e-02
530.000000 1.32816000e-01
540.000000 2.17756000e-01
550.000000 3.70303000e-01
560.000000 5.99860000e-01
570.000000 9.55425000e-01
580.000000 1.43860000e+00
590.000000 2.28895000e+00
600.000000 3.48255000e+00
610.000000 5.20688000e+00
620.000000 7.66572000e+00
630.000000 1.11453000e+01
640.000000 1.59687000e+01
650.000000 2.26876000e+01
658.000000 2.97615000e+01
665.000000 3.75055000e+01
675.000000 5.17040000e+01
685.000000 7.06057000e+01
695.000000 9.55424000e+01
705.000000 1.27968000e+02
716.000000 1.74639000e+02
726.000000 2.29679000e+02
735.000000 2.91739000e+02
745.000000 3.77975000e+02
755.000000 4.85867000e+02
765.000000 6.19794000e+02
775.000000 7.85604000e+02
785.000000 9.88859000e+02
795.000000 1.23636000e+03
805.000000 1.53662000e+03
815.000000 1.89787000e+03
825.000000 2.33125000e+03
835.000000 2.83628000e+03
845.000000 3.45893000e+03
855.000000 4.17877000e+03
865.000000 5.02903000e+03
875.000000 6.01832000e+03
885.000000 7.17312000e+03
895.000000 8.50789000e+03
905.000000 1.00044000e+04
915.000000 3.61856000e+04
925.000000 1.50859000e+05
935.000000 2.67086000e+05
945.000000 1.80559000e+06
955.000000 3.41187000e+07
965.000000 5.45296000e+07
975.000000 7.85896000e+06
985.000000 2.02020000e+08
995.000000 2.85626000e+08
1005.000000 2.99410000e+08
1015.000000 1.37019000e+08
1025.000000 1.57472000e+06
1035.000000 8.70586000e+07
1045.000000 3.42450000e+08
1055.000000 4.28338000e+08
1065.000000 4.00005000e+08
1075.000000 4.49386000e+08
1085.000000 4.45749000e+08
1095.000000 4.56182000e+08
1105.000000 4.33523000e+08
1115.000000 4.37782000e+08
1125.000000 4.43577000e+08
1135.000000 4.67379000e+08
1145.000000 4.47584000e+08
1155.000000 4.45289000e+08
1165.000000 4.69127000e+08
1175.000000 4.45322000e+08
1185.000000 3.79781000e+08
1195.000000 1.21087000e+08
1205.000000 3.00704000e+07
1215.000000 1.82244000e+06
1225.000000 1.79520000e+07
1235.000000 1.67885000e+08
1245.000000 3.88876000e+08
1255.000000 4.47619000e+08
1265.000000 4.03750000e+08
1275.000000 4.76304000e+08
1285.000000 5.10740000e+08
1295.000000 4.73904000e+08
1305.000000 4.14595000e+08
1315.000000 5.05501000e+08
1325.000000 5.04423000e+08
1335.000000 4.82901000e+08
1345.000000 5.21354000e+08
1355.000000 5.00924000e+08
1365.000000 4.74646000e+08
1375.000000 4.85043000e+08
1385.000000 4.96447000e+08
1395.000000 4.94369000e+08
1405.000000 5.00028000e+08
1415.000000 4.78159000e+08
1425.000000 4.79969000e+08
1435.000000 4.66973000e+08
1442.000000 4.83176000e+08
1447.000000 4.86554000e+08
1455.000000 4.83745000e+08
1465.000000 4.72899000e+08
1475.000000 4.66300000e+08
1485.000000 4.65850000e+08
1495.000000 4.63448000e+08
1505.000000 4.64062000e+08
1512.000000 4.57188000e+08
1517.000000 4.65786000e+08
1525.000000 4.51030000e+08
1535.000000 4.41863000e+08
1545.000000 4.55637000e+08
1555.000000 4.35182000e+08
1565.000000 4.12519000e+08
1575.000000 4.18201000e+08
1585.000000 4.31700000e+08
1595.000000 4.39884000e+08
1605.000000 4.19166000e+08
1615.000000 4.18512000e+08
1625.000000 3.98269000e+08
1635.000000 4.02107000e+08
1645.000000 4.00713000e+08
1655.000000 3.74003000e+08
1665.000000 4.00643000e+08
1672.000000 3.73538000e+08
1677.000000 3.84575000e+08
1685.000000 3.93471000e+08
1695.000000 3.82181000e+08
1705.000000 3.73616000e+08
1715.000000 3.70681000e+08
1725.000000 3.65344000e+08
1735.000000 3.75037000e+08
1745.000000 3.66346000e+08
1755.000000 3.74965000e+08
1765.000000 3.49867000e+08
1775.000000 3.69899000e+08
1785.000000 3.62254000e+08
1795.000000 3.68518000e+08
1805.000000 3.61371000e+08
1815.000000 3.57194000e+08
1825.000000 3.52125000e+08
1835.000000 3.46205000e+08
1845.000000 3.39696000e+08
1855.000000 3.35014000e+08
1865.000000 3.32655000e+08
1875.000000 3.40196000e+08
1885.000000 3.34942000e+08
1895.000000 3.29413000e+08
1905.000000 3.33376000e+08
1915.000000 3.24787000e+08
1925.000000 3.24319000e+08
1935.000000 3.20714000e+08
1945.000000 3.26198000e+08
1955.000000 3.19666000e+08
1967.000000 3.22233000e+08
1976.000000 3.19025000e+08
1984.000000 3.15787000e+08
1995.000000 3.07421000e+08
2005.000000 3.06883000e+08
2015.000000 2.97507000e+08
2025.000000 3.01512000e+08
2035.000000 2.99903000e+08
2045.000000 2.99337000e+08
2055.000000 2.88696000e+08
2065.000000 2.88531000e+08
2074.000000 2.90954000e+08
2078.000000 2.90394000e+08
2085.000000 2.92225000e+08
2095.000000 2.86017000e+08
2105.000000 2.85976000e+08
2115.000000 2.83219000e+08
2125.000000 2.82279000e+08
2135.000000 2.72053000e+08
2145.000000 2.77948000e+08
2155.000000 2.75423000e+08
2165.000000 2.66945000e+08
2175.000000 2.64791000e+08
2185.000000 2.62546000e+08
2195.000000 2.68627000e+08
2205.000000 2.61284000e+08
2215.000000 2.53432000e+08
2225.000000 2.47613000e+08
2235.000000 2.58299000e+08
2245.000000 2.49283000e+08
2255.000000 2.43647000e+08
2265.000000 2.42734000e+08
2275.000000 2.47934000e+08
2285.000000 2.48496000e+08
2295.000000 2.41150000e+08
2305.000000 2.38679000e+08
2315.000000 2.35659000e+08
2325.000000 2.36263000e+08
2335.000000 2.30782000e+08
2345.000000 2.19775000e+08
2355.000000 2.26899000e+08
2365.000000 2.18391000e+08
2375.000000 2.22453000e+08
2385.000000 2.10564000e+08
2395.000000 2.18989000e+08
2405.000000 2.13206000e+08
2415.000000 2.14324000e+08
2425.000000 2.16500000e+08
2435.000000 2.09471000e+08
2445.000000 2.13666000e+08
2455.000000 2.11148000e+08
2465.000000 2.07621000e+08
2475.000000 2.03942000e+08
2485.000000 2.10217000e+08
2495.000000 2.04789000e+08
2505.000000 2.09809000e+08
2513.000000 2.05343000e+08
2518.000000 2.06668000e+08
2525.000000 1.98108000e+08
2535.000000 1.96091000e+08
2545.000000 1.94506000e+08
2555.000000 1.99421000e+08
2565.000000 1.97005000e+08
2575.000000 2.01040000e+08
2585.000000 2.00745000e+08
2595.000000 1.99463000e+08
2605.000000 1.94937000e+08
2615.000000 1.93432000e+08
2625.000000 1.92973000e+08
2635.000000 1.93388000e+08
2645.000000 1.99721000e+08
2655.000000 1.97952000e+08
2665.000000 1.93297000e+08
2675.000000 1.94634000e+08
2685.000000 1.93956000e+08
2695.000000 1.90963000e+08
2705.000000 1.90012000e+08
2715.000000 1.86540000e+08
2725.000000 1.85543000e+08
2735.000000 1.87951000e+08
2745.000000 1.78745000e+08
2755.000000 1.77722000e+08
2765.000000 1.80376000e+08
2775.000000 1.83002000e+08
2785.000000 1.81977000e+08
2795.000000 1.73820000e+08
2805.000000 1.78127000e+08
2815.000000 1.80862000e+08
2825.000000 1.79008000e+08
2835.000000 1.75830000e+08
2845.000000 1.72716000e+08
2855.000000 1.72183000e+08
2865.000000 1.73273000e+08
2875.000000 1.71450000e+08
2885.000000 1.72133000e+08
2895.000000 1.71494000e+08
2910.000000 1.72200000e+08
2930.000000 1.68203000e+08
2950.000000 1.66311000e+08
2970.000000 1.65052000e+08
2990.000000 1.63151000e+08
3010.000000 1.62794000e+08
3030.000000 1.61293000e+08
3050.000000 1.59180000e+08
3070.000000 1.57401000e+08
3090.000000 1.56029000e+08
3110.000000 1.53989000e+08
3130.000000 1.52005000e+08
3150.000000 1.50650000e+08
3170.000000 1.49081000e+08
3190.000000 1.46396000e+08
3210.000000 1.45608000e+08
3230.000000 1.44118000e+08
3250.000000 1.42842000e+08
3270.000000 1.41575000e+08
3290.000000 1.40134000e+08
3310.000000 1.38803000e+08
3330.000000 1.37243000e+08
3350.000000 1.35532000e+08
3370.000000 1.34137000e+08
3390.000000 1.32815000e+08
3410.000000 1.31621000e+08
3430.000000 1.30231000e+08
3450.000000 1.29036000e+08
3470.000000 1.27612000e+08
3490.000000 1.26343000e+08
3510.000000 1.25185000e+08
3530.000000 1.23967000e+08
3550.000000 1.22721000e+08
3570.000000 1.21471000e+08
3590.000000 1.20241000e+08
3610.000000 1.19048000e+08
3630.000000 1.17834000e+08
3640.000000 1.17279000e+08
3650.000000 1.17587000e+08
3670.000000 1.16038000e+08
3690.000000 1.11831000e+08
3710.000000 1.23364000e+08
3730.000000 1.36328000e+08
3750.000000 1.78293000e+08
3770.000000 1.83489000e+08
3790.000000 2.03363000e+08
3810.000000 2.21489000e+08
3830.000000 1.86083000e+08
3850.000000 2.30015000e+08
3870.000000 2.37849000e+08
3890.000000 1.71240000e+08
3910.000000 2.32786000e+08
3930.000000 2.31293000e+08
3950.000000 2.26849000e+08
3970.000000 1.61518000e+08
3990.000000 2.18800000e+08
4010.000000 2.19994000e+08
4030.000000 2.14875000e+08
4050.000000 2.14783000e+08
4070.000000 2.10683000e+08
4090.000000 1.91194000e+08
4110.000000 1.57232000e+08
4130.000000 2.00005000e+08
4150.000000 1.99406000e+08
4170.000000 1.97168000e+08
4190.000000 1.94608000e+08
4210.000000 1.91937000e+08
4230.000000 1.89225000e+08
4250.000000 1.86601000e+08
4270.000000 1.83913000e+08
4290.000000 1.81316000e+08
4310.000000 1.77773000e+08
4330.000000 1.56793000e+08
4350.000000 1.37852000e+08
4370.000000 1.70296000e+08
4390.000000 1.68218000e+08
4410.000000 1.67193000e+08
4430.000000 1.64796000e+08
4450.000000 1.62770000e+08
4470.000000 1.59039000e+08
4490.000000 1.57383000e+08
4510.000000 1.56275000e+08
4530.000000 1.54199000e+08
4550.000000 1.51978000e+08
4570.000000 1.50256000e+08
4590.000000 1.48150000e+08
4610.000000 1.46383000e+08
4630.000000 1.44334000e+08
4650.000000 1.42606000e+08
4670.000000 1.40743000e+08
4690.000000 1.38945000e+08
4710.000000 1.36715000e+08
4730.000000 1.35388000e+08
4750.000000 1.33637000e+08
4770.000000 1.32002000e+08
4790.000000 1.30323000e+08
4810.000000 1.28445000e+08
4830.000000 1.26088000e+08
4850.000000 1.13659000e+08
4870.000000 9.66377000e+07
4890.000000 1.20907000e+08
4910.000000 1.20508000e+08
4930.000000 1.18677000e+08
4950.000000 1.17855000e+08
4970.000000 1.16414000e+08
4990.000000 1.14972000e+08
5010.000000 1.13087000e+08
5030.000000 1.12147000e+08
5050.000000 1.10384000e+08
5070.000000 1.09465000e+08
5090.000000 1.08143000e+08
5110.000000 1.06823000e+08
5130.000000 1.05571000e+08
5150.000000 1.04281000e+08
5170.000000 1.02967000e+08
5190.000000 1.01802000e+08
5210.000000 1.00577000e+08
5230.000000 9.93675000e+07
5250.000000 9.82456000e+07
5270.000000 9.70225000e+07
5290.000000 9.59685000e+07
5310.000000 9.47926000e+07
5330.000000 9.37431000e+07
5350.000000 9.26539000e+07
5370.000000 9.15836000e+07
5390.000000 9.05278000e+07
5410.000000 8.94761000e+07
5430.000000 8.84426000e+07
5450.000000 8.74459000e+07
5470.000000 8.64387000e+07
5490.000000 8.54638000e+07
5510.000000 8.44921000e+07
5530.000000 8.35445000e+07
5550.000000 8.26059000e+07
5570.000000 8.16774000e+07
5590.000000 8.07624000e+07
5610.000000 7.98620000e+07
5630.000000 7.89759000e+07
5650.000000 7.80803000e+07
5670.000000 7.72222000e+07
5690.000000 7.63778000e+07
5710.000000 7.55386000e+07
5730.000000 7.47082000e+07
5750.000000 7.38897000e+07
5770.000000 7.30830000e+07
5790.000000 7.22801000e+07
5810.000000 7.14998000e+07
5830.000000 7.07252000e+07
5850.000000 6.99607000e+07
5870.000000 6.87391000e+07
5890.000000 6.84555000e+07
5910.000000 6.77287000e+07
5930.000000 6.70080000e+07
5950.000000 6.62752000e+07
5970.000000 6.55846000e+07
5990.000000 6.48754000e+07
6010.000000 6.42097000e+07
6030.000000 6.35327000e+07
6050.000000 6.28653000e+07
6070.000000 6.22073000e+07
6090.000000 6.15576000e+07
6110.000000 6.09171000e+07
6130.000000 6.02847000e+07
6150.000000 5.96392000e+07
6170.000000 5.90434000e+07
6190.000000 5.84364000e+07
6210.000000 5.78359000e+07
6230.000000 5.72400000e+07
6250.000000 5.66360000e+07
6270.000000 5.60817000e+07
6290.000000 5.55104000e+07
6310.000000 5.49434000e+07
6330.000000 5.43917000e+07
6350.000000 5.37096000e+07
6370.000000 5.32280000e+07
6390.000000 5.27662000e+07
6410.000000 5.22348000e+07
6430.000000 5.17181000e+07
6450.000000 5.11932000e+07
6470.000000 5.06954000e+07
6490.000000 5.01831000e+07
6510.000000 4.96032000e+07
6530.000000 4.88678000e+07
6550.000000 4.59381000e+07
6570.000000 3.89228000e+07
6590.000000 4.70798000e+07
6610.000000 4.71437000e+07
6630.000000 4.68382000e+07
6650.000000 4.63942000e+07
6670.000000 4.58844000e+07
6690.000000 4.54472000e+07
6710.000000 4.50637000e+07
6730.000000 4.46299000e+07
6750.000000 4.42029000e+07
6770.000000 4.37802000e+07
6790.000000 4.33625000e+07
6810.000000 4.29498000e+07
6830.000000 4.25420000e+07
6850.000000 4.21381000e+07
6870.000000 4.17415000e+07
6890.000000 4.13479000e+07
6910.000000 4.09590000e+07
6930.000000 4.05731000e+07
6950.000000 4.01964000e+07
6970.000000 3.98218000e+07
6990.000000 3.94516000e+07
7010.000000 3.90843000e+07
7030.000000 3.87242000e+07
7050.000000 3.83593000e+07
7070.000000 3.79459000e+07
7090.000000 3.76639000e+07
7110.000000 3.73181000e+07
7130.000000 3.69764000e+07
7150.000000 3.66394000e+07
7170.000000 3.63063000e+07
7190.000000 3.59764000e+07
7210.000000 3.56502000e+07
7230.000000 3.53257000e+07
7250.000000 3.50092000e+07
7270.000000 3.46943000e+07
7290.000000 3.43674000e+07
7310.000000 3.40745000e+07
7330.000000 3.37710000e+07
7350.000000 3.34703000e+07
7370.000000 3.31724000e+07
7390.000000 3.28779000e+07
7410.000000 3.25867000e+07
7430.000000 3.22969000e+07
7450.000000 3.20138000e+07
7470.000000 3.17298000e+07
7490.000000 3.14538000e+07
7510.000000 3.11770000e+07
7530.000000 3.09073000e+07
7550.000000 3.06380000e+07
7570.000000 3.03711000e+07
7590.000000 3.01080000e+07
7610.000000 2.98478000e+07
7630.000000 2.95899000e+07
7650.000000 2.93343000e+07
7670.000000 2.90823000e+07
7690.000000 2.88331000e+07
7710.000000 2.85855000e+07
7730.000000 2.83425000e+07
7750.000000 2.81005000e+07
7770.000000 2.77757000e+07
7790.000000 2.76258000e+07
7810.000000 2.73918000e+07
7830.000000 2.71605000e+07
7850.000000 2.69282000e+07
7870.000000 2.66935000e+07
7890.000000 2.64561000e+07
7910.000000 2.62599000e+07
7930.000000 2.60407000e+07
7950.000000 2.58204000e+07
7970.000000 2.56086000e+07
7990.000000 2.53849000e+07
8010.000000 2.51861000e+07
8030.000000 2.49778000e+07
8050.000000 2.47719000e+07
8070.000000 2.45683000e+07
8090.000000 2.43664000e+07
8110.000000 2.41667000e+07
8130.000000 2.39693000e+07
8150.000000 2.37736000e+07
8170.000000 2.35805000e+07
8190.000000 2.33875000e+07
8210.000000 2.32468000e+07
8230.000000 2.30656000e+07
8250.000000 2.29007000e+07
8270.000000 2.27284000e+07
8290.000000 2.25525000e+07
8310.000000 2.23786000e+07
8330.000000 2.21828000e+07
8350.000000 2.19816000e+07
8370.000000 2.17255000e+07
8390.000000 2.14974000e+07
8410.000000 2.12392000e+07
8430.000000 2.11868000e+07
8450.000000 2.10787000e+07
8470.000000 2.02767000e+07
8490.000000 2.12595000e+07
8510.000000 1.98285000e+07
8530.000000 2.13438000e+07
8550.000000 1.90183000e+07
8570.000000 2.14933000e+07
8590.000000 2.00092000e+07
8610.000000 1.94752000e+07
8630.000000 2.16173000e+07
8650.000000 2.10054000e+07
8670.000000 1.77397000e+07
8690.000000 2.13423000e+07
8710.000000 2.16188000e+07
8730.000000 2.10646000e+07
8750.000000 1.71540000e+07
8770.000000 2.02102000e+07
8790.000000 2.10213000e+07
8810.000000 2.09328000e+07
8830.000000 2.06603000e+07
8850.000000 1.92808000e+07
8870.000000 1.65790000e+07
8890.000000 1.99223000e+07
8910.000000 2.01191000e+07
8930.000000 2.00107000e+07
8950.000000 1.98644000e+07
8970.000000 1.96659000e+07
8990.000000 1.92438000e+07
9010.000000 1.61755000e+07
9030.000000 1.74803000e+07
9050.000000 1.89353000e+07
9070.000000 1.89246000e+07
9090.000000 1.88323000e+07
9110.000000 1.87125000e+07
9130.000000 1.85674000e+07
9150.000000 1.84300000e+07
9170.000000 1.82440000e+07
9190.000000 1.80259000e+07
9210.000000 1.74077000e+07
9230.000000 1.42391000e+07
9250.000000 1.68995000e+07
9270.000000 1.74141000e+07
9290.000000 1.74269000e+07
9310.000000 1.73356000e+07
9330.000000 1.72090000e+07
9350.000000 1.70803000e+07
9370.000000 1.69530000e+07
9390.000000 1.68240000e+07
9410.000000 1.66832000e+07
9430.000000 1.65748000e+07
9450.000000 1.64524000e+07
9470.000000 1.63213000e+07
9490.000000 1.61626000e+07
9510.000000 1.59502000e+07
9530.000000 1.52329000e+07
9550.000000 1.27370000e+07
9570.000000 1.52082000e+07
9590.000000 1.55152000e+07
9610.000000 1.54706000e+07
9630.000000 1.53711000e+07
9650.000000 1.52787000e+07
9670.000000 1.51648000e+07
9690.000000 1.50566000e+07
9710.000000 1.49463000e+07
9730.000000 1.48391000e+07
9750.000000 1.47315000e+07
9770.000000 1.46251000e+07
9790.000000 1.45194000e+07
9810.000000 1.44149000e+07
9830.000000 1.43107000e+07
9850.000000 1.42083000e+07
9870.000000 1.41063000e+07
9890.000000 1.40039000e+07
9910.000000 1.39056000e+07
9930.000000 1.38061000e+07
9950.000000 1.37080000e+07
9970.000000 1.36106000e+07
9990.000000 1.34815000e+07
10025.000000 1.27514000e+07
10075.000000 1.22005000e+07
10125.000000 1.28620000e+07
10175.000000 1.26613000e+07
10225.000000 1.24426000e+07
10275.000000 1.22287000e+07
10325.000000 1.20169000e+07
10375.000000 1.18138000e+07
10425.000000 1.16131000e+07
10475.000000 1.14167000e+07
10525.000000 1.12238000e+07
10575.000000 1.10360000e+07
10625.000000 1.08520000e+07
10675.000000 1.06669000e+07
10725.000000 1.04940000e+07
10775.000000 1.03216000e+07
10825.000000 1.01306000e+07
10875.000000 9.95549000e+06
10925.000000 8.92871000e+06
10975.000000 9.42992000e+06
11025.000000 9.49614000e+06
11075.000000 9.35530000e+06
11125.000000 9.20534000e+06
11175.000000 9.05829000e+06
11225.000000 8.91439000e+06
11275.000000 8.76912000e+06
11325.000000 8.63282000e+06
11375.000000 8.49945000e+06
11425.000000 8.36634000e+06
11475.000000 8.23608000e+06
11525.000000 8.10833000e+06
11575.000000 7.98304000e+06
11625.000000 7.85960000e+06
11675.000000 7.73880000e+06
11725.000000 7.62115000e+06
11775.000000 7.50331000e+06
11825.000000 7.39149000e+06
11875.000000 7.27969000e+06
11925.000000 7.17056000e+06
11975.000000 7.06168000e+06
12025.000000 6.95748000e+06
12075.000000 6.85399000e+06
12125.000000 6.75248000e+06
12175.000000 6.65291000e+06
12225.000000 6.55499000e+06
12275.000000 6.45894000e+06
12325.000000 6.36473000e+06
12375.000000 6.27207000e+06
12425.000000 6.18119000e+06
12475.000000 6.09155000e+06
12525.000000 6.00435000e+06
12575.000000 5.91810000e+06
12625.000000 5.83374000e+06
12675.000000 5.75076000e+06
12725.000000 5.66680000e+06
12775.000000 5.53342000e+06
12825.000000 5.00411000e+06
12875.000000 5.39803000e+06
12925.000000 5.35725000e+06
12975.000000 5.28225000e+06
13025.000000 5.20935000e+06
13075.000000 5.13741000e+06
13125.000000 5.06663000e+06
13175.000000 4.99656000e+06
13225.000000 4.92870000e+06
13275.000000 4.86128000e+06
13325.000000 4.79538000e+06
13375.000000 4.73032000e+06
13425.000000 4.66651000e+06
13475.000000 4.60373000e+06
13525.000000 4.54195000e+06
13575.000000 4.48116000e+06
13625.000000 4.42154000e+06
13675.000000 4.36288000e+06
13725.000000 4.30515000e+06
13775.000000 4.24854000e+06
13825.000000 4.19264000e+06
13875.000000 4.13782000e+06
13925.000000 4.08368000e+06
13975.000000 4.03059000e+06
14025.000000 3.97834000e+06
14075.000000 3.92693000e+06
14125.000000 3.87633000e+06
14175.000000 3.82653000e+06
14225.000000 3.77752000e+06
14275.000000 3.72948000e+06
14325.000000 3.68201000e+06
14375.000000 3.63529000e+06
14425.000000 3.58913000e+06
14475.000000 3.54424000e+06
14525.000000 3.49970000e+06
14570.000000 3.46019000e+06
14620.000000 3.42053000e+06
14675.000000 3.37464000e+06
14725.000000 3.33370000e+06
14775.000000 3.29322000e+06
14825.000000 3.25339000e+06
14875.000000 3.21385000e+06
14925.000000 3.17476000e+06
14975.000000 3.13546000e+06
15025.000000 3.09610000e+06
15075.000000 3.05653000e+06
15125.000000 3.01692000e+06
15175.000000 2.97941000e+06
15225.000000 2.95077000e+06
15275.000000 2.89741000e+06
15325.000000 2.86202000e+06
15375.000000 2.84853000e+06
15425.000000 2.77468000e+06
15475.000000 2.78635000e+06
15525.000000 2.75937000e+06
15575.000000 2.64850000e+06
15625.000000 2.72632000e+06
15675.000000 2.64241000e+06
15725.000000 2.55418000e+06
15775.000000 2.64459000e+06
15825.000000 2.61286000e+06
15875.000000 2.41047000e+06
15925.000000 2.53232000e+06
15975.000000 2.54159000e+06
16050.000000 2.47884000e+06
16150.000000 2.34526000e+06
16250.000000 2.40165000e+06
16350.000000 2.31416000e+06
16450.000000 2.19172000e+06
16550.000000 2.24413000e+06
16650.000000 2.19456000e+06
16750.000000 2.11378000e+06
16850.000000 2.00451000e+06
16950.000000 2.05252000e+06
17050.000000 2.00804000e+06
17150.000000 1.96484000e+06
17250.000000 1.92035000e+06
17350.000000 1.77901000e+06
17450.000000 1.83291000e+06
17550.000000 1.80229000e+06
17650.000000 1.76427000e+06
17750.000000 1.72735000e+06
17850.000000 1.69138000e+06
17950.000000 1.65622000e+06
18050.000000 1.62080000e+06
18150.000000 1.51002000e+06
18250.000000 1.54272000e+06
18350.000000 1.52472000e+06
18450.000000 1.49396000e+06
18550.000000 1.46377000e+06
18650.000000 1.43209000e+06
18750.000000 1.33691000e+06
18850.000000 1.37493000e+06
18950.000000 1.35101000e+06
19050.000000 1.32451000e+06
19150.000000 1.29870000e+06
19250.000000 1.27345000e+06
19350.000000 1.24583000e+06
19450.000000 1.16085000e+06
19550.000000 1.19839000e+06
19650.000000 1.17852000e+06
19750.000000 1.15618000e+06
19850.000000 1.13443000e+06
19950.000000 1.11314000e+06
20050.000000 1.09232000e+06
20150.000000 1.07204000e+06
20250.000000 1.05220000e+06
20350.000000 1.03279000e+06
20450.000000 1.01388000e+06
20550.000000 9.95298000e+05
20650.000000 9.77289000e+05
20750.000000 9.59580000e+05
20850.000000 9.42338000e+05
20950.000000 9.25381000e+05
21050.000000 9.08873000e+05
21150.000000 8.92719000e+05
21250.000000 8.76995000e+05
21350.000000 8.61526000e+05
21450.000000 8.46388000e+05
21550.000000 8.29952000e+05
21650.000000 7.76787000e+05
21750.000000 7.99469000e+05
21850.000000 7.89248000e+05
21950.000000 7.75693000e+05
22050.000000 7.62451000e+05
22150.000000 7.49485000e+05
22250.000000 7.36805000e+05
22350.000000 7.24381000e+05
22450.000000 7.12224000e+05
22550.000000 7.00321000e+05
22650.000000 6.88658000e+05
22750.000000 6.77245000e+05
22850.000000 6.66359000e+05
22950.000000 6.55472000e+05
23050.000000 6.44819000e+05
23150.000000 6.34375000e+05
23250.000000 6.24142000e+05
23350.000000 6.14109000e+05
23450.000000 6.04265000e+05
23550.000000 5.94613000e+05
23650.000000 5.85109000e+05
23750.000000 5.75778000e+05
23850.000000 5.66615000e+05
23950.000000 5.57604000e+05
24050.000000 5.48633000e+05
24150.000000 5.39667000e+05
24250.000000 5.31984000e+05
24350.000000 5.22941000e+05
24450.000000 5.14267000e+05
24550.000000 5.07742000e+05
24650.000000 4.98565000e+05
24750.000000 4.91051000e+05
24850.000000 4.86351000e+05
24950.000000 4.71796000e+05
25050.000000 4.71958000e+05
25150.000000 4.65180000e+05
25250.000000 4.48285000e+05
25350.000000 4.50946000e+05
25450.000000 4.45548000e+05
25550.000000 4.37837000e+05
25650.000000 4.19152000e+05
25750.000000 4.25698000e+05
25850.000000 4.20381000e+05
25950.000000 4.14216000e+05
26050.000000 4.05224000e+05
26150.000000 3.86865000e+05
26250.000000 3.76712000e+05
26350.000000 3.89045000e+05
26450.000000 3.85866000e+05
26550.000000 3.80838000e+05
26650.000000 3.73508000e+05
26750.000000 3.52478000e+05
26850.000000 3.62964000e+05
26950.000000 3.59627000e+05
27050.000000 3.54558000e+05
27150.000000 3.49580000e+05
27250.000000 3.44685000e+05
27350.000000 3.39872000e+05
27450.000000 3.34536000e+05
27550.000000 3.16735000e+05
27650.000000 3.21130000e+05
27750.000000 3.21324000e+05
27850.000000 3.17044000e+05
27950.000000 3.12710000e+05
28050.000000 3.08455000e+05
28150.000000 3.04266000e+05
28250.000000 3.00151000e+05
28350.000000 2.96102000e+05
28450.000000 2.92125000e+05
28550.000000 2.88187000e+05
28650.000000 2.81640000e+05
28750.000000 2.67578000e+05
28850.000000 2.76128000e+05
28950.000000 2.73203000e+05
29050.000000 2.69611000e+05
29150.000000 2.66071000e+05
29250.000000 2.62591000e+05
29350.000000 2.59169000e+05
29450.000000 2.55800000e+05
29550.000000 2.52488000e+05
29650.000000 2.49228000e+05
29750.000000 2.46019000e+05
29850.000000 2.42864000e+05
29950.000000 2.39758000e+05
30050.000000 2.36701000e+05
30150.000000 2.33691000e+05
30250.000000 2.30403000e+05
30350.000000 2.19734000e+05
30450.000000 2.20377000e+05
30550.000000 2.21972000e+05
30650.000000 2.19355000e+05
30750.000000 2.16620000e+05
30850.000000 2.13928000e+05
30950.000000 2.11281000e+05
31050.000000 2.08672000e+05
31150.000000 2.06100000e+05
31250.000000 2.03571000e+05
31350.000000 2.01079000e+05
31450.000000 1.98629000e+05
31550.000000 1.96210000e+05
31650.000000 1.93832000e+05
31750.000000 1.91489000e+05
31850.000000 1.89181000e+05
31950.000000 1.86910000e+05
32100.000000 1.83562000e+05
32300.000000 1.79216000e+05
32500.000000 1.74999000e+05
32700.000000 1.70902000e+05
32900.000000 1.62319000e+05
33100.000000 1.61955000e+05
33300.000000 1.59037000e+05
33500.000000 1.55445000e+05
33700.000000 1.51937000e+05
33900.000000 1.48517000e+05
34100.000000 1.45196000e+05
34300.000000 1.41961000e+05
34500.000000 1.38819000e+05
34700.000000 1.35760000e+05
34900.000000 1.32776000e+05
35100.000000 1.29882000e+05
35300.000000 1.27069000e+05
35500.000000 1.24302000e+05
35700.000000 1.21592000e+05
35900.000000 1.19136000e+05
36100.000000 1.16406000e+05
36300.000000 1.14175000e+05
36500.000000 1.11462000e+05
36700.000000 1.09512000e+05
36900.000000 1.06682000e+05
37100.000000 1.04974000e+05
37300.000000 1.01712000e+05
37500.000000 9.84653000e+04
37700.000000 9.87195000e+04
37900.000000 9.67965000e+04
38100.000000 9.41791000e+04
38300.000000 9.24533000e+04
38500.000000 9.11318000e+04
38700.000000 8.93371000e+04
38900.000000 8.74573000e+04
39100.000000 8.44851000e+04
39300.000000 8.42030000e+04
39500.000000 8.26789000e+04
39700.000000 8.10735000e+04
39900.000000 7.95031000e+04
40100.000000 7.71892000e+04
40300.000000 7.53092000e+04
40500.000000 7.32719000e+04
40700.000000 7.35133000e+04
40900.000000 7.22105000e+04
41100.000000 7.08538000e+04
41300.000000 6.95287000e+04
41500.000000 6.81580000e+04
41700.000000 6.52981000e+04
41900.000000 6.56290000e+04
42100.000000 6.45266000e+04
42300.000000 6.33493000e+04
42500.000000 6.21956000e+04
42700.000000 6.10688000e+04
42900.000000 5.99685000e+04
43100.000000 5.88920000e+04
43300.000000 5.78409000e+04
43500.000000 5.68066000e+04
43700.000000 5.45518000e+04
43900.000000 5.44976000e+04
44100.000000 5.38592000e+04
44300.000000 5.29190000e+04
44500.000000 5.19973000e+04
44700.000000 5.11522000e+04
44900.000000 5.02135000e+04
45100.000000 4.93524000e+04
45300.000000 4.85100000e+04
45500.000000 4.76842000e+04
45700.000000 4.68745000e+04
45900.000000 4.60824000e+04
46100.000000 4.52988000e+04
46300.000000 4.44935000e+04
46500.000000 4.26812000e+04
46700.000000 4.19053000e+04
46900.000000 4.22371000e+04
47100.000000 4.16601000e+04
47300.000000 4.09886000e+04
47500.000000 4.03236000e+04
47700.000000 3.96699000e+04
47900.000000 3.90290000e+04
48100.000000 3.83990000e+04
48300.000000 3.77829000e+04
48500.000000 3.71757000e+04
48700.000000 3.65850000e+04
48900.000000 3.60012000e+04
49100.000000 3.54350000e+04
49300.000000 3.48707000e+04
49500.000000 3.43358000e+04
49700.000000 3.37763000e+04
49900.000000 3.33003000e+04
50100.000000 3.27723000e+04
50300.000000 3.22189000e+04
50500.000000 3.18002000e+04
50700.000000 3.12963000e+04
50900.000000 3.07280000e+04
51100.000000 3.02441000e+04
51300.000000 2.90940000e+04
51500.000000 2.93600000e+04
51700.000000 2.88852000e+04
51900.000000 2.85651000e+04
52100.000000 2.81630000e+04
52300.000000 2.77442000e+04
52500.000000 2.72680000e+04
52700.000000 2.67847000e+04
52900.000000 2.65314000e+04
53100.000000 2.61436000e+04
53300.000000 2.57608000e+04
53500.000000 2.53856000e+04
53700.000000 2.48820000e+04
53900.000000 2.45343000e+04
54100.000000 2.43004000e+04
54300.000000 2.39531000e+04
54500.000000 2.36102000e+04
54700.000000 2.32742000e+04
54900.000000 2.29437000e+04
55100.000000 2.25541000e+04
55300.000000 2.20672000e+04
55500.000000 2.19782000e+04
55700.000000 2.16786000e+04
55900.000000 2.13766000e+04
56100.000000 2.10796000e+04
56300.000000 2.07875000e+04
56500.000000 2.05002000e+04
56700.000000 2.02187000e+04
56900.000000 1.99186000e+04
57100.000000 1.93714000e+04
57300.000000 1.93615000e+04
57500.000000 1.91381000e+04
57700.000000 1.88790000e+04
57900.000000 1.86240000e+04
58100.000000 1.83744000e+04
58300.000000 1.81277000e+04
58500.000000 1.79093000e+04
58700.000000 1.76355000e+04
58900.000000 1.73541000e+04
59100.000000 1.67310000e+04
59300.000000 1.69076000e+04
59500.000000 1.64536000e+04
59700.000000 1.64080000e+04
59900.000000 1.62986000e+04
60100.000000 1.61121000e+04
60300.000000 1.59029000e+04
60500.000000 1.56980000e+04
60700.000000 1.54956000e+04
60900.000000 1.52965000e+04
61100.000000 1.51016000e+04
61300.000000 1.49090000e+04
61500.000000 1.47186000e+04
61700.000000 1.45323000e+04
61900.000000 1.43490000e+04
62100.000000 1.41679000e+04
62300.000000 1.39907000e+04
62500.000000 1.38154000e+04
62700.000000 1.35952000e+04
62900.000000 1.31527000e+04
63100.000000 1.32417000e+04
63300.000000 1.31365000e+04
63500.000000 1.29801000e+04
63700.000000 1.28207000e+04
63900.000000 1.26631000e+04
64200.000000 1.24326000e+04
64600.000000 1.21329000e+04
65000.000000 1.18413000e+04
65400.000000 1.15595000e+04
65800.000000 1.12854000e+04
66200.000000 1.10196000e+04
66600.000000 1.07620000e+04
67000.000000 1.05113000e+04
67400.000000 1.02476000e+04
67800.000000 9.88447000e+03
68200.000000 9.79073000e+03
68600.000000 9.57922000e+03
69000.000000 9.36245000e+03
69400.000000 9.14142000e+03
69800.000000 8.94725000e+03
70200.000000 8.74849000e+03
70600.000000 8.55441000e+03
71000.000000 8.35142000e+03
71400.000000 8.18347000e+03
71800.000000 8.00558000e+03
72200.000000 7.83185000e+03
72600.000000 7.64500000e+03
73000.000000 7.49641000e+03
73400.000000 7.34011000e+03
73800.000000 7.18398000e+03
74200.000000 7.02668000e+03
74600.000000 6.77281000e+03
75000.000000 6.57076000e+03
75400.000000 6.58307000e+03
75800.000000 6.46630000e+03
76200.000000 6.33365000e+03
76600.000000 6.20443000e+03
77000.000000 6.07844000e+03
77400.000000 5.95446000e+03
77800.000000 5.79623000e+03
78200.000000 5.71701000e+03
78600.000000 5.60530000e+03
79000.000000 5.49430000e+03
79400.000000 5.38601000e+03
79800.000000 5.28039000e+03
80200.000000 5.17736000e+03
80600.000000 5.07681000e+03
81000.000000 4.97862000e+03
81400.000000 4.84640000e+03
81800.000000 4.77693000e+03
82200.000000 4.69816000e+03
82600.000000 4.60909000e+03
83000.000000 4.52207000e+03
83400.000000 4.43714000e+03
83800.000000 4.35417000e+03
84200.000000 4.27315000e+03
84600.000000 4.19394000e+03
85000.000000 4.11660000e+03
85400.000000 4.04109000e+03
85800.000000 3.96721000e+03
86200.000000 3.89428000e+03
86600.000000 3.77791000e+03
87000.000000 3.75132000e+03
87400.000000 3.65502000e+03
87800.000000 3.59046000e+03
88200.000000 3.55783000e+03
88600.000000 3.49482000e+03
89000.000000 3.43318000e+03
89400.000000 3.37297000e+03
89800.000000 3.31403000e+03
90200.000000 3.25631000e+03
90600.000000 3.19986000e+03
91000.000000 3.14467000e+03
91400.000000 3.09065000e+03
91800.000000 3.03780000e+03
92200.000000 2.98602000e+03
92600.000000 2.93216000e+03
93000.000000 2.88582000e+03
93400.000000 2.83723000e+03
93800.000000 2.75258000e+03
94200.000000 2.73469000e+03
94600.000000 2.69768000e+03
95000.000000 2.65109000e+03
95400.000000 2.60651000e+03
95800.000000 2.56652000e+03
96200.000000 2.52463000e+03
96600.000000 2.48354000e+03
97000.000000 2.44328000e+03
97400.000000 2.40383000e+03
97800.000000 2.36518000e+03
98200.000000 2.32572000e+03
98600.000000 2.28476000e+03
99000.000000 2.25380000e+03
99400.000000 2.21816000e+03
99800.000000 2.18317000e+03
100200.000000 2.14893000e+03
200000.000000 1.37808000e+02
400000.000000 8.60309000e+00
600000.000000 1.68775000e+00
800000.000000 5.30335000e-01
1000000.000000 2.15911000e-01
1200000.000000 1.03585000e-01
1400000.000000 5.56675000e-02
1600000.000000 3.25076000e-02
