# Kurucz ODFNEW /NOVER, alpha: 0.0 (2003)
# teff = 25000 K (value for the effective temperature for the model. Temperatures are given in K)
# logg = 5 log(cm/s2) (value for Log(G) for the model.)
# lh = 1.25  (l/Hp where l is the  mixing length of the convective element and Hp is the pressure scale height)
# meta = 0  (value for the Metallicity for the model.)
# vtur = 2 km/s (Microturbulence velocity)
# alpha = 0  (Alpha)
#
# column 1: WAVELENGTH (ANGSTROM), Wavelength in Angstrom
# column 2: FLUX (ERG/CM2/S/A), Flux in erg/cm2/s/A
147.200000 1.69039000e-13
151.000000 6.78843000e-13
155.200000 2.92412000e-12
158.800000 9.64492000e-12
162.000000 2.67345000e-11
166.000000 9.07495000e-11
170.300000 3.17378000e-10
173.400000 7.56702000e-10
176.800000 1.89725000e-09
180.200000 4.60922000e-09
181.700000 6.74566000e-09
186.100000 1.99888000e-08
191.000000 6.34660000e-08
193.900000 1.22536000e-07
198.400000 3.28277000e-07
201.800000 6.72795000e-07
205.000000 1.29527000e-06
210.500000 3.82645000e-06
216.200000 1.11320000e-05
219.800000 2.12741000e-05
223.000000 3.72093000e-05
226.800000 7.08904000e-05
230.000000 3.01818000e-03
234.000000 6.82703000e-03
240.000000 1.57958000e-02
246.500000 3.73913000e-02
252.400000 7.96856000e-02
256.800000 1.31060000e-01
260.000000 2.01751000e-01
264.000000 3.15903000e-01
268.500000 5.18239000e-01
273.500000 8.77129000e-01
278.500000 1.46768000e+00
284.000000 2.58595000e+00
290.000000 4.52882000e+00
296.000000 7.76970000e+00
301.000000 1.19238000e+01
308.000000 2.12172000e+01
318.000000 4.83671000e+01
328.000000 9.87591000e+01
338.000000 2.01766000e+02
348.000000 3.85552000e+02
357.000000 7.99873000e+02
366.000000 1.38882000e+03
375.000000 2.19997000e+03
385.000000 3.68406000e+03
395.000000 6.06824000e+03
405.000000 9.50431000e+03
414.000000 1.41778000e+04
422.000000 1.94995000e+04
430.000000 2.71494000e+04
441.000000 4.12409000e+04
451.000000 5.90558000e+04
460.000000 7.96420000e+04
470.000000 1.11579000e+05
480.000000 1.52454000e+05
490.000000 2.07240000e+05
500.000000 2.76821000e+05
506.000000 1.39701000e+06
512.000000 8.54375000e+06
520.000000 1.00600000e+07
530.000000 1.25198000e+07
540.000000 1.36726000e+07
550.000000 1.86783000e+07
560.000000 2.13352000e+07
570.000000 2.57739000e+07
580.000000 2.55871000e+07
590.000000 3.25972000e+07
600.000000 3.66914000e+07
610.000000 4.27635000e+07
620.000000 4.65933000e+07
630.000000 5.06473000e+07
640.000000 4.95184000e+07
650.000000 4.64398000e+07
658.000000 5.95917000e+07
665.000000 6.90112000e+07
675.000000 7.52326000e+07
685.000000 7.96389000e+07
695.000000 9.78900000e+07
705.000000 1.02758000e+08
716.000000 1.15138000e+08
726.000000 1.21887000e+08
735.000000 1.28397000e+08
745.000000 1.43517000e+08
755.000000 1.54313000e+08
765.000000 1.66051000e+08
775.000000 1.78804000e+08
785.000000 1.91768000e+08
795.000000 1.99998000e+08
805.000000 2.10356000e+08
815.000000 2.19847000e+08
825.000000 2.37492000e+08
835.000000 2.31233000e+08
845.000000 2.53418000e+08
855.000000 2.63841000e+08
865.000000 2.81022000e+08
875.000000 2.98992000e+08
885.000000 3.20099000e+08
895.000000 3.35091000e+08
905.000000 3.36783000e+08
915.000000 4.11627000e+08
925.000000 1.62567000e+09
935.000000 3.99812000e+09
945.000000 1.14138000e+10
955.000000 1.92680000e+10
965.000000 2.62583000e+10
975.000000 4.66362000e+09
985.000000 2.95524000e+10
995.000000 2.79907000e+10
1005.000000 3.24572000e+10
1015.000000 2.87093000e+10
1025.000000 7.55987000e+09
1035.000000 2.12848000e+10
1045.000000 3.76031000e+10
1055.000000 3.54077000e+10
1065.000000 2.79771000e+10
1075.000000 3.27854000e+10
1085.000000 2.90577000e+10
1095.000000 3.26796000e+10
1105.000000 2.92985000e+10
1115.000000 2.81717000e+10
1125.000000 2.34046000e+10
1135.000000 2.92163000e+10
1145.000000 2.52996000e+10
1155.000000 2.68162000e+10
1165.000000 2.65435000e+10
1175.000000 1.69416000e+10
1185.000000 2.52881000e+10
1195.000000 2.19945000e+10
1205.000000 1.43201000e+10
1215.000000 6.37995000e+09
1225.000000 1.65629000e+10
1235.000000 2.27239000e+10
1245.000000 2.27696000e+10
1255.000000 2.22946000e+10
1265.000000 2.23080000e+10
1275.000000 2.29455000e+10
1285.000000 2.27170000e+10
1295.000000 1.63202000e+10
1305.000000 1.67617000e+10
1315.000000 2.15377000e+10
1325.000000 1.98806000e+10
1335.000000 1.88730000e+10
1345.000000 1.93420000e+10
1355.000000 1.91491000e+10
1365.000000 1.73467000e+10
1375.000000 1.69518000e+10
1385.000000 1.68028000e+10
1395.000000 1.32380000e+10
1405.000000 1.40489000e+10
1415.000000 1.48599000e+10
1425.000000 1.46586000e+10
1435.000000 1.48857000e+10
1442.000000 1.53128000e+10
1447.000000 1.49977000e+10
1455.000000 1.45894000e+10
1465.000000 1.34855000e+10
1475.000000 1.35565000e+10
1485.000000 1.31970000e+10
1495.000000 1.30359000e+10
1505.000000 1.17369000e+10
1512.000000 1.06005000e+10
1517.000000 1.09257000e+10
1525.000000 1.12823000e+10
1535.000000 9.75166000e+09
1545.000000 9.65961000e+09
1555.000000 9.28695000e+09
1565.000000 9.84621000e+09
1575.000000 1.03546000e+10
1585.000000 1.02681000e+10
1595.000000 1.02264000e+10
1605.000000 1.02569000e+10
1615.000000 1.00166000e+10
1625.000000 9.83944000e+09
1635.000000 1.02730000e+10
1645.000000 1.01514000e+10
1655.000000 9.93310000e+09
1665.000000 1.01865000e+10
1672.000000 9.75384000e+09
1677.000000 1.03063000e+10
1685.000000 1.00820000e+10
1695.000000 9.57511000e+09
1705.000000 9.17335000e+09
1715.000000 8.73430000e+09
1725.000000 8.53192000e+09
1735.000000 8.84472000e+09
1745.000000 8.60210000e+09
1755.000000 8.67963000e+09
1765.000000 8.33062000e+09
1775.000000 8.01940000e+09
1785.000000 8.08067000e+09
1795.000000 8.31604000e+09
1805.000000 8.31955000e+09
1815.000000 7.52584000e+09
1825.000000 7.78089000e+09
1835.000000 7.47524000e+09
1845.000000 6.82668000e+09
1855.000000 6.80320000e+09
1865.000000 6.89268000e+09
1875.000000 7.21713000e+09
1885.000000 6.45001000e+09
1895.000000 6.00843000e+09
1905.000000 6.46290000e+09
1915.000000 6.08493000e+09
1925.000000 5.81763000e+09
1935.000000 6.10197000e+09
1945.000000 6.23088000e+09
1955.000000 5.65889000e+09
1967.000000 6.07924000e+09
1976.000000 6.33707000e+09
1984.000000 5.83012000e+09
1995.000000 5.72635000e+09
2005.000000 5.88585000e+09
2015.000000 5.78749000e+09
2025.000000 5.97696000e+09
2035.000000 5.47415000e+09
2045.000000 5.53641000e+09
2055.000000 5.36339000e+09
2065.000000 5.40522000e+09
2074.000000 5.58988000e+09
2078.000000 5.13792000e+09
2085.000000 5.32793000e+09
2095.000000 5.03488000e+09
2105.000000 5.19766000e+09
2115.000000 5.17836000e+09
2125.000000 5.23894000e+09
2135.000000 5.10857000e+09
2145.000000 4.87232000e+09
2155.000000 5.03723000e+09
2165.000000 4.98952000e+09
2175.000000 4.91125000e+09
2185.000000 4.77857000e+09
2195.000000 4.81387000e+09
2205.000000 4.75225000e+09
2215.000000 4.67588000e+09
2225.000000 4.54765000e+09
2235.000000 4.50456000e+09
2245.000000 4.51161000e+09
2255.000000 4.36848000e+09
2265.000000 4.41121000e+09
2275.000000 4.34238000e+09
2285.000000 4.33346000e+09
2295.000000 4.07977000e+09
2305.000000 4.17910000e+09
2315.000000 4.06006000e+09
2325.000000 4.01259000e+09
2335.000000 3.88585000e+09
2345.000000 3.87079000e+09
2355.000000 3.87019000e+09
2365.000000 3.80203000e+09
2375.000000 3.74230000e+09
2385.000000 3.70350000e+09
2395.000000 3.68347000e+09
2405.000000 3.59526000e+09
2415.000000 3.56787000e+09
2425.000000 3.56881000e+09
2435.000000 3.46204000e+09
2445.000000 3.45993000e+09
2455.000000 3.45400000e+09
2465.000000 3.38560000e+09
2475.000000 3.34120000e+09
2485.000000 3.30430000e+09
2495.000000 3.09728000e+09
2505.000000 3.21783000e+09
2513.000000 3.06625000e+09
2518.000000 3.17417000e+09
2525.000000 3.11819000e+09
2535.000000 3.07013000e+09
2545.000000 2.99062000e+09
2555.000000 3.02335000e+09
2565.000000 2.97875000e+09
2575.000000 2.97634000e+09
2585.000000 2.94884000e+09
2595.000000 2.91693000e+09
2605.000000 2.88692000e+09
2615.000000 2.85513000e+09
2625.000000 2.82746000e+09
2635.000000 2.79996000e+09
2645.000000 2.78206000e+09
2655.000000 2.76258000e+09
2665.000000 2.67479000e+09
2675.000000 2.67378000e+09
2685.000000 2.66164000e+09
2695.000000 2.57625000e+09
2705.000000 2.55693000e+09
2715.000000 2.53854000e+09
2725.000000 2.50452000e+09
2735.000000 2.50472000e+09
2745.000000 2.42071000e+09
2755.000000 2.41781000e+09
2765.000000 2.38882000e+09
2775.000000 2.40725000e+09
2785.000000 2.36916000e+09
2795.000000 2.28000000e+09
2805.000000 2.30150000e+09
2815.000000 2.30415000e+09
2825.000000 2.25416000e+09
2835.000000 2.17646000e+09
2845.000000 2.21317000e+09
2855.000000 2.18670000e+09
2865.000000 2.17899000e+09
2875.000000 2.15255000e+09
2885.000000 2.12810000e+09
2895.000000 2.10282000e+09
2910.000000 2.06420000e+09
2930.000000 2.02313000e+09
2950.000000 1.96098000e+09
2970.000000 1.94090000e+09
2990.000000 1.89189000e+09
3010.000000 1.84529000e+09
3030.000000 1.82585000e+09
3050.000000 1.78858000e+09
3070.000000 1.75460000e+09
3090.000000 1.70016000e+09
3110.000000 1.67988000e+09
3130.000000 1.64517000e+09
3150.000000 1.61429000e+09
3170.000000 1.57483000e+09
3190.000000 1.53271000e+09
3210.000000 1.51915000e+09
3230.000000 1.48678000e+09
3250.000000 1.46027000e+09
3270.000000 1.43150000e+09
3290.000000 1.40193000e+09
3310.000000 1.37796000e+09
3330.000000 1.34997000e+09
3350.000000 1.32282000e+09
3370.000000 1.29871000e+09
3390.000000 1.27619000e+09
3410.000000 1.25235000e+09
3430.000000 1.22296000e+09
3450.000000 1.19569000e+09
3470.000000 1.17638000e+09
3490.000000 1.15409000e+09
3510.000000 1.13437000e+09
3530.000000 1.11629000e+09
3550.000000 1.09663000e+09
3570.000000 1.08465000e+09
3590.000000 1.05155000e+09
3610.000000 1.03704000e+09
3630.000000 1.01798000e+09
3640.000000 1.01916000e+09
3650.000000 9.99135000e+08
3670.000000 9.87408000e+08
3690.000000 9.71034000e+08
3710.000000 9.37109000e+08
3730.000000 9.03854000e+08
3750.000000 8.97212000e+08
3770.000000 8.73696000e+08
3790.000000 9.13649000e+08
3810.000000 9.54015000e+08
3830.000000 8.26915000e+08
3850.000000 9.86244000e+08
3870.000000 1.00734000e+09
3890.000000 7.74118000e+08
3910.000000 1.00219000e+09
3930.000000 9.89796000e+08
3950.000000 9.68933000e+08
3970.000000 7.20382000e+08
3990.000000 9.24448000e+08
4010.000000 9.40061000e+08
4030.000000 8.68309000e+08
4050.000000 9.19401000e+08
4070.000000 8.80231000e+08
4090.000000 7.86988000e+08
4110.000000 6.83872000e+08
4130.000000 8.28580000e+08
4150.000000 8.31134000e+08
4170.000000 8.29312000e+08
4190.000000 8.20792000e+08
4210.000000 8.11949000e+08
4230.000000 7.95046000e+08
4250.000000 7.76214000e+08
4270.000000 7.51975000e+08
4290.000000 7.46904000e+08
4310.000000 7.22101000e+08
4330.000000 6.31596000e+08
4350.000000 5.74058000e+08
4370.000000 6.82090000e+08
4390.000000 6.65079000e+08
4410.000000 6.77056000e+08
4430.000000 6.68768000e+08
4450.000000 6.60278000e+08
4470.000000 6.10470000e+08
4490.000000 6.36120000e+08
4510.000000 6.33751000e+08
4530.000000 6.22145000e+08
4550.000000 6.13085000e+08
4570.000000 6.03004000e+08
4590.000000 5.93648000e+08
4610.000000 5.81294000e+08
4630.000000 5.71555000e+08
4650.000000 5.59000000e+08
4670.000000 5.56278000e+08
4690.000000 5.50551000e+08
4710.000000 5.28190000e+08
4730.000000 5.29121000e+08
4750.000000 5.21168000e+08
4770.000000 5.19373000e+08
4790.000000 5.09413000e+08
4810.000000 4.97875000e+08
4830.000000 4.84927000e+08
4850.000000 4.33705000e+08
4870.000000 3.84308000e+08
4890.000000 4.61914000e+08
4910.000000 4.62315000e+08
4930.000000 4.42111000e+08
4950.000000 4.51722000e+08
4970.000000 4.47499000e+08
4990.000000 4.40333000e+08
5010.000000 4.21590000e+08
5030.000000 4.26955000e+08
5050.000000 4.15322000e+08
5070.000000 4.15936000e+08
5090.000000 4.09620000e+08
5110.000000 4.03072000e+08
5130.000000 3.94582000e+08
5150.000000 3.89478000e+08
5170.000000 3.86963000e+08
5190.000000 3.81791000e+08
5210.000000 3.74729000e+08
5230.000000 3.71194000e+08
5250.000000 3.66184000e+08
5270.000000 3.60738000e+08
5290.000000 3.56373000e+08
5310.000000 3.51302000e+08
5330.000000 3.46297000e+08
5350.000000 3.40817000e+08
5370.000000 3.37486000e+08
5390.000000 3.32821000e+08
5410.000000 3.28434000e+08
5430.000000 3.23463000e+08
5450.000000 3.19242000e+08
5470.000000 3.14973000e+08
5490.000000 3.11094000e+08
5510.000000 3.07239000e+08
5530.000000 3.02927000e+08
5550.000000 2.99341000e+08
5570.000000 2.95265000e+08
5590.000000 2.91661000e+08
5610.000000 2.87610000e+08
5630.000000 2.84227000e+08
5650.000000 2.79032000e+08
5670.000000 2.74782000e+08
5690.000000 2.71317000e+08
5710.000000 2.69235000e+08
5730.000000 2.66062000e+08
5750.000000 2.62289000e+08
5770.000000 2.59727000e+08
5790.000000 2.56363000e+08
5810.000000 2.53116000e+08
5830.000000 2.49687000e+08
5850.000000 2.46739000e+08
5870.000000 2.33930000e+08
5890.000000 2.37991000e+08
5910.000000 2.37278000e+08
5930.000000 2.34234000e+08
5950.000000 2.31034000e+08
5970.000000 2.29203000e+08
5990.000000 2.25817000e+08
6010.000000 2.23576000e+08
6030.000000 2.20655000e+08
6050.000000 2.18118000e+08
6070.000000 2.15619000e+08
6090.000000 2.12976000e+08
6110.000000 2.10464000e+08
6130.000000 2.08050000e+08
6150.000000 2.04608000e+08
6170.000000 2.02799000e+08
6190.000000 2.00654000e+08
6210.000000 1.98348000e+08
6230.000000 1.96019000e+08
6250.000000 1.93329000e+08
6270.000000 1.91302000e+08
6290.000000 1.89155000e+08
6310.000000 1.86850000e+08
6330.000000 1.84844000e+08
6350.000000 1.81972000e+08
6370.000000 1.80274000e+08
6390.000000 1.78409000e+08
6410.000000 1.76371000e+08
6430.000000 1.74520000e+08
6450.000000 1.72425000e+08
6470.000000 1.69966000e+08
6490.000000 1.68141000e+08
6510.000000 1.65963000e+08
6530.000000 1.62845000e+08
6550.000000 1.52307000e+08
6570.000000 1.33158000e+08
6590.000000 1.54697000e+08
6610.000000 1.56487000e+08
6630.000000 1.55399000e+08
6650.000000 1.54048000e+08
6670.000000 1.50196000e+08
6690.000000 1.48676000e+08
6710.000000 1.49147000e+08
6730.000000 1.47355000e+08
6750.000000 1.45954000e+08
6770.000000 1.44378000e+08
6790.000000 1.41821000e+08
6810.000000 1.41070000e+08
6830.000000 1.39607000e+08
6850.000000 1.38199000e+08
6870.000000 1.36725000e+08
6890.000000 1.35210000e+08
6910.000000 1.33727000e+08
6930.000000 1.32328000e+08
6950.000000 1.30991000e+08
6970.000000 1.29612000e+08
6990.000000 1.28231000e+08
7010.000000 1.26864000e+08
7030.000000 1.25534000e+08
7050.000000 1.24178000e+08
7070.000000 1.20537000e+08
7090.000000 1.21657000e+08
7110.000000 1.20139000e+08
7130.000000 1.18917000e+08
7150.000000 1.17862000e+08
7170.000000 1.16656000e+08
7190.000000 1.15498000e+08
7210.000000 1.14314000e+08
7230.000000 1.11542000e+08
7250.000000 1.11903000e+08
7270.000000 1.10839000e+08
7290.000000 1.08679000e+08
7310.000000 1.08586000e+08
7330.000000 1.07489000e+08
7350.000000 1.06431000e+08
7370.000000 1.05361000e+08
7390.000000 1.04302000e+08
7410.000000 1.03259000e+08
7430.000000 1.02172000e+08
7450.000000 1.01203000e+08
7470.000000 1.00014000e+08
7490.000000 9.91851000e+07
7510.000000 9.81833000e+07
7530.000000 9.72172000e+07
7550.000000 9.63195000e+07
7570.000000 9.53774000e+07
7590.000000 9.44372000e+07
7610.000000 9.34861000e+07
7630.000000 9.26019000e+07
7650.000000 9.17128000e+07
7670.000000 9.08253000e+07
7690.000000 8.99458000e+07
7710.000000 8.90805000e+07
7730.000000 8.82103000e+07
7750.000000 8.73793000e+07
7770.000000 8.61001000e+07
7790.000000 8.57206000e+07
7810.000000 8.48560000e+07
7830.000000 8.40974000e+07
7850.000000 8.32598000e+07
7870.000000 8.24601000e+07
7890.000000 8.15100000e+07
7910.000000 8.09960000e+07
7930.000000 8.02465000e+07
7950.000000 7.93723000e+07
7970.000000 7.86245000e+07
7990.000000 7.77357000e+07
8010.000000 7.71425000e+07
8030.000000 7.64140000e+07
8050.000000 7.56976000e+07
8070.000000 7.50047000e+07
8090.000000 7.42486000e+07
8110.000000 7.34934000e+07
8130.000000 7.29841000e+07
8150.000000 7.22917000e+07
8170.000000 7.16898000e+07
8190.000000 7.09020000e+07
8210.000000 7.01099000e+07
8230.000000 6.95026000e+07
8250.000000 6.90608000e+07
8270.000000 6.80332000e+07
8290.000000 6.78040000e+07
8310.000000 6.72379000e+07
8330.000000 6.66114000e+07
8350.000000 6.57038000e+07
8370.000000 6.53095000e+07
8390.000000 6.48700000e+07
8410.000000 6.42849000e+07
8430.000000 6.36833000e+07
8450.000000 6.25222000e+07
8470.000000 6.25791000e+07
8490.000000 6.18509000e+07
8510.000000 6.14200000e+07
8530.000000 6.07544000e+07
8550.000000 6.01046000e+07
8570.000000 5.99988000e+07
8590.000000 5.82340000e+07
8610.000000 5.83398000e+07
8630.000000 5.87071000e+07
8650.000000 5.71822000e+07
8670.000000 5.54302000e+07
8690.000000 5.71210000e+07
8710.000000 5.72959000e+07
8730.000000 5.54568000e+07
8750.000000 5.19118000e+07
8770.000000 5.38158000e+07
8790.000000 5.55654000e+07
8810.000000 5.55269000e+07
8830.000000 5.44929000e+07
8850.000000 5.08318000e+07
8870.000000 4.80076000e+07
8890.000000 5.22965000e+07
8910.000000 5.32957000e+07
8930.000000 5.31565000e+07
8950.000000 5.29051000e+07
8970.000000 5.21263000e+07
8990.000000 4.99788000e+07
9010.000000 4.46817000e+07
9030.000000 4.63953000e+07
9050.000000 4.96035000e+07
9070.000000 4.95407000e+07
9090.000000 4.98336000e+07
9110.000000 4.97285000e+07
9130.000000 4.93662000e+07
9150.000000 4.89032000e+07
9170.000000 4.81749000e+07
9190.000000 4.73186000e+07
9210.000000 4.44574000e+07
9230.000000 3.93795000e+07
9250.000000 4.35842000e+07
9270.000000 4.54138000e+07
9290.000000 4.59431000e+07
9310.000000 4.55503000e+07
9330.000000 4.54375000e+07
9350.000000 4.51700000e+07
9370.000000 4.49002000e+07
9390.000000 4.45382000e+07
9410.000000 4.40428000e+07
9430.000000 4.37545000e+07
9450.000000 4.33459000e+07
9470.000000 4.25749000e+07
9490.000000 4.23538000e+07
9510.000000 4.10645000e+07
9530.000000 3.85088000e+07
9550.000000 3.43810000e+07
9570.000000 3.88227000e+07
9590.000000 4.02646000e+07
9610.000000 4.03053000e+07
9630.000000 3.99321000e+07
9650.000000 4.00560000e+07
9670.000000 3.98127000e+07
9690.000000 3.94728000e+07
9710.000000 3.90594000e+07
9730.000000 3.89125000e+07
9750.000000 3.85949000e+07
9770.000000 3.83112000e+07
9790.000000 3.80094000e+07
9810.000000 3.77015000e+07
9830.000000 3.74168000e+07
9850.000000 3.71303000e+07
9870.000000 3.68261000e+07
9890.000000 3.65151000e+07
9910.000000 3.60131000e+07
9930.000000 3.59763000e+07
9950.000000 3.56286000e+07
9970.000000 3.52750000e+07
9990.000000 3.48724000e+07
10025.000000 3.23978000e+07
10075.000000 3.12356000e+07
10125.000000 3.30810000e+07
10175.000000 3.27669000e+07
10225.000000 3.21791000e+07
10275.000000 3.16008000e+07
10325.000000 3.08520000e+07
10375.000000 3.04528000e+07
10425.000000 2.98997000e+07
10475.000000 2.93557000e+07
10525.000000 2.88187000e+07
10575.000000 2.83066000e+07
10625.000000 2.78022000e+07
10675.000000 2.72214000e+07
10725.000000 2.68208000e+07
10775.000000 2.63433000e+07
10825.000000 2.55209000e+07
10875.000000 2.51689000e+07
10925.000000 2.22972000e+07
10975.000000 2.34916000e+07
11025.000000 2.38369000e+07
11075.000000 2.36535000e+07
11125.000000 2.33095000e+07
11175.000000 2.29123000e+07
11225.000000 2.25098000e+07
11275.000000 2.21123000e+07
11325.000000 2.17480000e+07
11375.000000 2.14050000e+07
11425.000000 2.10356000e+07
11475.000000 2.06993000e+07
11525.000000 2.03562000e+07
11575.000000 2.00078000e+07
11625.000000 1.96852000e+07
11675.000000 1.93641000e+07
11725.000000 1.90530000e+07
11775.000000 1.87342000e+07
11825.000000 1.84420000e+07
11875.000000 1.81451000e+07
11925.000000 1.78555000e+07
11975.000000 1.72903000e+07
12025.000000 1.72909000e+07
12075.000000 1.70175000e+07
12125.000000 1.67488000e+07
12175.000000 1.64858000e+07
12225.000000 1.62279000e+07
12275.000000 1.59750000e+07
12325.000000 1.57268000e+07
12375.000000 1.54831000e+07
12425.000000 1.52453000e+07
12475.000000 1.50018000e+07
12525.000000 1.47394000e+07
12575.000000 1.45500000e+07
12625.000000 1.43322000e+07
12675.000000 1.41103000e+07
12725.000000 1.38463000e+07
12775.000000 1.32760000e+07
12825.000000 1.20361000e+07
12875.000000 1.30642000e+07
12925.000000 1.30461000e+07
12975.000000 1.27555000e+07
13025.000000 1.27104000e+07
13075.000000 1.25254000e+07
13125.000000 1.23425000e+07
13175.000000 1.21600000e+07
13225.000000 1.19864000e+07
13275.000000 1.18131000e+07
13325.000000 1.16421000e+07
13375.000000 1.14749000e+07
13425.000000 1.12995000e+07
13475.000000 1.11501000e+07
13525.000000 1.09910000e+07
13575.000000 1.08361000e+07
13625.000000 1.06813000e+07
13675.000000 1.05324000e+07
13725.000000 1.03840000e+07
13775.000000 1.02412000e+07
13825.000000 1.00987000e+07
13875.000000 9.95855000e+06
13925.000000 9.81566000e+06
13975.000000 9.68344000e+06
14025.000000 9.55285000e+06
14075.000000 9.42272000e+06
14125.000000 9.29420000e+06
14175.000000 9.16800000e+06
14225.000000 9.04427000e+06
14275.000000 8.92223000e+06
14325.000000 8.80205000e+06
14375.000000 8.68404000e+06
14425.000000 8.56764000e+06
14475.000000 8.45371000e+06
14525.000000 8.34186000e+06
14570.000000 8.24321000e+06
14620.000000 8.13228000e+06
14675.000000 8.01616000e+06
14725.000000 7.91177000e+06
14775.000000 7.80861000e+06
14825.000000 7.70855000e+06
14875.000000 7.60931000e+06
14925.000000 7.51190000e+06
14975.000000 7.41546000e+06
15025.000000 7.32080000e+06
15075.000000 7.20849000e+06
15125.000000 7.13604000e+06
15175.000000 7.04574000e+06
15225.000000 6.95664000e+06
15275.000000 6.86870000e+06
15325.000000 6.78209000e+06
15375.000000 6.69741000e+06
15425.000000 6.61020000e+06
15475.000000 6.53012000e+06
15525.000000 6.44639000e+06
15575.000000 6.35956000e+06
15625.000000 6.29516000e+06
15675.000000 6.20033000e+06
15725.000000 6.11617000e+06
15775.000000 6.06959000e+06
15825.000000 5.98887000e+06
15875.000000 5.85748000e+06
15925.000000 5.82714000e+06
15975.000000 5.78969000e+06
16050.000000 5.65674000e+06
16150.000000 5.47828000e+06
16250.000000 5.43361000e+06
16350.000000 5.24446000e+06
16450.000000 5.05782000e+06
16550.000000 5.07102000e+06
16650.000000 4.95756000e+06
16750.000000 4.75191000e+06
16850.000000 4.56524000e+06
16950.000000 4.61762000e+06
17050.000000 4.49311000e+06
17150.000000 4.42947000e+06
17250.000000 4.30711000e+06
17350.000000 4.00154000e+06
17450.000000 4.08832000e+06
17550.000000 4.04651000e+06
17650.000000 3.96148000e+06
17750.000000 3.87476000e+06
17850.000000 3.78748000e+06
17950.000000 3.70939000e+06
18050.000000 3.61093000e+06
18150.000000 3.35065000e+06
18250.000000 3.40757000e+06
18350.000000 3.39761000e+06
18450.000000 3.33111000e+06
18550.000000 3.25643000e+06
18650.000000 3.14643000e+06
18750.000000 2.92972000e+06
18850.000000 3.04641000e+06
18950.000000 2.99881000e+06
19050.000000 2.92257000e+06
19150.000000 2.87877000e+06
19250.000000 2.82057000e+06
19350.000000 2.74098000e+06
19450.000000 2.52466000e+06
19550.000000 2.62822000e+06
19650.000000 2.60261000e+06
19750.000000 2.55304000e+06
19850.000000 2.50310000e+06
19950.000000 2.45431000e+06
20050.000000 2.40674000e+06
20150.000000 2.36027000e+06
20250.000000 2.31497000e+06
20350.000000 2.27072000e+06
20450.000000 2.22667000e+06
20550.000000 2.18034000e+06
20650.000000 2.14417000e+06
20750.000000 2.10395000e+06
20850.000000 2.06467000e+06
20950.000000 2.02629000e+06
21050.000000 1.98881000e+06
21150.000000 1.94293000e+06
21250.000000 1.91642000e+06
21350.000000 1.88132000e+06
21450.000000 1.84515000e+06
21550.000000 1.79927000e+06
21650.000000 1.65610000e+06
21750.000000 1.72644000e+06
21850.000000 1.71390000e+06
21950.000000 1.68745000e+06
22050.000000 1.65777000e+06
22150.000000 1.62855000e+06
22250.000000 1.59957000e+06
22350.000000 1.57209000e+06
22450.000000 1.54473000e+06
22550.000000 1.51802000e+06
22650.000000 1.49187000e+06
22750.000000 1.46626000e+06
22850.000000 1.44112000e+06
22950.000000 1.41672000e+06
23050.000000 1.39240000e+06
23150.000000 1.36929000e+06
23250.000000 1.34638000e+06
23350.000000 1.32389000e+06
23450.000000 1.30193000e+06
23550.000000 1.28030000e+06
23650.000000 1.25926000e+06
23750.000000 1.23859000e+06
23850.000000 1.21836000e+06
23950.000000 1.19842000e+06
24050.000000 1.17897000e+06
24150.000000 1.15992000e+06
24250.000000 1.14128000e+06
24350.000000 1.12290000e+06
24450.000000 1.10491000e+06
24550.000000 1.08737000e+06
24650.000000 1.07001000e+06
24750.000000 1.05086000e+06
24850.000000 1.03662000e+06
24950.000000 1.01962000e+06
25050.000000 1.00447000e+06
25150.000000 9.88753000e+05
25250.000000 9.71837000e+05
25350.000000 9.58147000e+05
25450.000000 9.44117000e+05
25550.000000 9.28431000e+05
25650.000000 9.11586000e+05
25750.000000 9.00600000e+05
25850.000000 8.88007000e+05
25950.000000 8.74016000e+05
26050.000000 8.56881000e+05
26150.000000 8.32876000e+05
26250.000000 7.78157000e+05
26350.000000 8.13282000e+05
26450.000000 8.10267000e+05
26550.000000 7.98189000e+05
26650.000000 7.84147000e+05
26750.000000 7.63712000e+05
26850.000000 7.61013000e+05
26950.000000 7.54079000e+05
27050.000000 7.45115000e+05
27150.000000 7.34321000e+05
27250.000000 7.23767000e+05
27350.000000 7.12390000e+05
27450.000000 6.99009000e+05
27550.000000 6.74785000e+05
27650.000000 6.72032000e+05
27750.000000 6.71013000e+05
27850.000000 6.63969000e+05
27950.000000 6.54790000e+05
28050.000000 6.45533000e+05
28150.000000 6.36580000e+05
28250.000000 6.27739000e+05
28350.000000 6.18959000e+05
28450.000000 6.10426000e+05
28550.000000 5.99502000e+05
28650.000000 5.83896000e+05
28750.000000 5.62750000e+05
28850.000000 5.72706000e+05
28950.000000 5.68711000e+05
29050.000000 5.62124000e+05
29150.000000 5.54549000e+05
29250.000000 5.47109000e+05
29350.000000 5.39758000e+05
29450.000000 5.32537000e+05
29550.000000 5.25444000e+05
29650.000000 5.18477000e+05
29750.000000 5.11635000e+05
29850.000000 5.04872000e+05
29950.000000 4.98231000e+05
30050.000000 4.91708000e+05
30150.000000 4.84473000e+05
30250.000000 4.75635000e+05
30350.000000 4.53651000e+05
30450.000000 4.52911000e+05
30550.000000 4.58064000e+05
30650.000000 4.54318000e+05
30750.000000 4.48659000e+05
30850.000000 4.43063000e+05
30950.000000 4.37530000e+05
31050.000000 4.31981000e+05
31150.000000 4.26456000e+05
31250.000000 4.21030000e+05
31350.000000 4.15819000e+05
31450.000000 4.10627000e+05
31550.000000 4.05492000e+05
31650.000000 4.00452000e+05
31750.000000 3.95467000e+05
31850.000000 3.90573000e+05
31950.000000 3.85770000e+05
32100.000000 3.78664000e+05
32300.000000 3.69475000e+05
32500.000000 3.60555000e+05
32700.000000 3.51208000e+05
32900.000000 3.30383000e+05
33100.000000 3.30756000e+05
33300.000000 3.26727000e+05
33500.000000 3.19400000e+05
33700.000000 3.12021000e+05
33900.000000 3.04820000e+05
34100.000000 2.97817000e+05
34300.000000 2.91005000e+05
34500.000000 2.84387000e+05
34700.000000 2.77952000e+05
34900.000000 2.71695000e+05
35100.000000 2.65617000e+05
35300.000000 2.59704000e+05
35500.000000 2.53955000e+05
35700.000000 2.48363000e+05
35900.000000 2.42925000e+05
36100.000000 2.37619000e+05
36300.000000 2.32472000e+05
36500.000000 2.27429000e+05
36700.000000 2.22560000e+05
36900.000000 2.17694000e+05
37100.000000 2.12564000e+05
37300.000000 2.03871000e+05
37500.000000 1.98388000e+05
37700.000000 1.99735000e+05
37900.000000 1.95872000e+05
38100.000000 1.91672000e+05
38300.000000 1.87768000e+05
38500.000000 1.84307000e+05
38700.000000 1.80702000e+05
38900.000000 1.76570000e+05
39100.000000 1.72657000e+05
39300.000000 1.69726000e+05
39500.000000 1.66582000e+05
39700.000000 1.63304000e+05
39900.000000 1.59898000e+05
40100.000000 1.56025000e+05
40300.000000 1.52319000e+05
40500.000000 1.44867000e+05
40700.000000 1.47263000e+05
40900.000000 1.45065000e+05
41100.000000 1.42279000e+05
41300.000000 1.39413000e+05
41500.000000 1.36452000e+05
41700.000000 1.32589000e+05
41900.000000 1.31254000e+05
42100.000000 1.29300000e+05
42300.000000 1.26886000e+05
42500.000000 1.24456000e+05
42700.000000 1.22222000e+05
42900.000000 1.19755000e+05
43100.000000 1.17770000e+05
43300.000000 1.15618000e+05
43500.000000 1.13219000e+05
43700.000000 1.09461000e+05
43900.000000 1.08413000e+05
44100.000000 1.07387000e+05
44300.000000 1.05571000e+05
44500.000000 1.03696000e+05
44700.000000 1.01990000e+05
44900.000000 1.00192000e+05
45100.000000 9.84326000e+04
45300.000000 9.67062000e+04
45500.000000 9.50299000e+04
45700.000000 9.33828000e+04
45900.000000 9.17196000e+04
46100.000000 8.99311000e+04
46300.000000 8.81014000e+04
46500.000000 8.28709000e+04
46700.000000 8.27586000e+04
46900.000000 8.32822000e+04
47100.000000 8.25374000e+04
47300.000000 8.13324000e+04
47500.000000 8.00511000e+04
47700.000000 7.87272000e+04
47900.000000 7.74259000e+04
48100.000000 7.61499000e+04
48300.000000 7.49005000e+04
48500.000000 7.36770000e+04
48700.000000 7.24775000e+04
48900.000000 7.13029000e+04
49100.000000 7.01513000e+04
49300.000000 6.90221000e+04
49500.000000 6.79166000e+04
49700.000000 6.68342000e+04
49900.000000 6.57715000e+04
50100.000000 6.47297000e+04
50300.000000 6.37097000e+04
50500.000000 6.27082000e+04
50700.000000 6.17279000e+04
50900.000000 6.05967000e+04
51100.000000 5.92446000e+04
51300.000000 5.67150000e+04
51500.000000 5.75481000e+04
51700.000000 5.69529000e+04
51900.000000 5.62267000e+04
52100.000000 5.53697000e+04
52300.000000 5.45298000e+04
52500.000000 5.37050000e+04
52700.000000 5.28967000e+04
52900.000000 5.21030000e+04
53100.000000 5.13238000e+04
53300.000000 5.05601000e+04
53500.000000 4.98090000e+04
53700.000000 4.90728000e+04
53900.000000 4.83463000e+04
54100.000000 4.76406000e+04
54300.000000 4.69441000e+04
54500.000000 4.62603000e+04
54700.000000 4.55877000e+04
54900.000000 4.49274000e+04
55100.000000 4.42532000e+04
55300.000000 4.35628000e+04
55500.000000 4.30195000e+04
55700.000000 4.24063000e+04
55900.000000 4.18032000e+04
56100.000000 4.12112000e+04
56300.000000 4.06290000e+04
56500.000000 4.00574000e+04
56700.000000 3.94964000e+04
56900.000000 3.89016000e+04
57100.000000 3.82598000e+04
57300.000000 3.78142000e+04
57500.000000 3.73465000e+04
57700.000000 3.68323000e+04
57900.000000 3.63254000e+04
58100.000000 3.58291000e+04
58300.000000 3.53399000e+04
58500.000000 3.48499000e+04
58700.000000 3.42979000e+04
58900.000000 3.35409000e+04
59100.000000 3.20178000e+04
59300.000000 3.27118000e+04
59500.000000 3.23283000e+04
59700.000000 3.19831000e+04
59900.000000 3.16555000e+04
60100.000000 3.13169000e+04
60300.000000 3.09064000e+04
60500.000000 3.04996000e+04
60700.000000 3.01006000e+04
60900.000000 2.97072000e+04
61100.000000 2.93203000e+04
61300.000000 2.89398000e+04
61500.000000 2.85646000e+04
61700.000000 2.81966000e+04
61900.000000 2.78338000e+04
62100.000000 2.74770000e+04
62300.000000 2.71262000e+04
62500.000000 2.67378000e+04
62700.000000 2.63107000e+04
62900.000000 2.57703000e+04
63100.000000 2.56195000e+04
63300.000000 2.53949000e+04
63500.000000 2.51334000e+04
63700.000000 2.48198000e+04
63900.000000 2.45106000e+04
64200.000000 2.40554000e+04
64600.000000 2.34650000e+04
65000.000000 2.28927000e+04
65400.000000 2.23378000e+04
65800.000000 2.17990000e+04
66200.000000 2.12768000e+04
66600.000000 2.07706000e+04
67000.000000 2.02783000e+04
67400.000000 1.97041000e+04
67800.000000 1.90510000e+04
68200.000000 1.88549000e+04
68600.000000 1.84508000e+04
69000.000000 1.80262000e+04
69400.000000 1.76141000e+04
69800.000000 1.72140000e+04
70200.000000 1.68243000e+04
70600.000000 1.64460000e+04
71000.000000 1.60781000e+04
71400.000000 1.57203000e+04
71800.000000 1.53725000e+04
72200.000000 1.50349000e+04
72600.000000 1.47053000e+04
73000.000000 1.43856000e+04
73400.000000 1.40740000e+04
73800.000000 1.37662000e+04
74200.000000 1.34033000e+04
74600.000000 1.27407000e+04
75000.000000 1.23942000e+04
75400.000000 1.25248000e+04
75800.000000 1.23517000e+04
76200.000000 1.21153000e+04
76600.000000 1.18639000e+04
77000.000000 1.16189000e+04
77400.000000 1.13803000e+04
77800.000000 1.11310000e+04
78200.000000 1.09213000e+04
78600.000000 1.07007000e+04
79000.000000 1.04852000e+04
79400.000000 1.02752000e+04
79800.000000 1.00707000e+04
80200.000000 9.87093000e+03
80600.000000 9.67635000e+03
81000.000000 9.48628000e+03
81400.000000 9.27843000e+03
81800.000000 9.10627000e+03
82200.000000 8.94370000e+03
82600.000000 8.77115000e+03
83000.000000 8.60315000e+03
83400.000000 8.43903000e+03
83800.000000 8.27873000e+03
84200.000000 8.12268000e+03
84600.000000 7.96973000e+03
85000.000000 7.82033000e+03
85400.000000 7.67441000e+03
85800.000000 7.53240000e+03
86200.000000 7.38407000e+03
86600.000000 7.21454000e+03
87000.000000 7.09659000e+03
87400.000000 6.87495000e+03
87800.000000 6.75136000e+03
88200.000000 6.73482000e+03
88600.000000 6.62231000e+03
89000.000000 6.50394000e+03
89400.000000 6.38837000e+03
89800.000000 6.27459000e+03
90200.000000 6.16396000e+03
90600.000000 6.05549000e+03
91000.000000 5.94960000e+03
91400.000000 5.84578000e+03
91800.000000 5.74443000e+03
92200.000000 5.64506000e+03
92600.000000 5.54763000e+03
93000.000000 5.45254000e+03
93400.000000 5.34979000e+03
93800.000000 5.21906000e+03
94200.000000 5.15233000e+03
94600.000000 5.08906000e+03
95000.000000 5.00664000e+03
95400.000000 4.92294000e+03
95800.000000 4.84127000e+03
96200.000000 4.76080000e+03
96600.000000 4.68229000e+03
97000.000000 4.60532000e+03
97400.000000 4.52984000e+03
97800.000000 4.45584000e+03
98200.000000 4.38367000e+03
98600.000000 4.31253000e+03
99000.000000 4.24315000e+03
99400.000000 4.17514000e+03
99800.000000 4.10845000e+03
100200.000000 4.04307000e+03
200000.000000 2.51665000e+02
400000.000000 1.54742000e+01
600000.000000 3.02189000e+00
800000.000000 9.47710000e-01
1000000.000000 3.85357000e-01
1200000.000000 1.84663000e-01
1400000.000000 9.91375000e-02
1600000.000000 5.78383000e-02
