# Kurucz ODFNEW /NOVER, alpha: 0.0 (2003)
# teff = 6250 K (value for the effective temperature for the model. Temperatures are given in K)
# logg = 3 log(cm/s2) (value for Log(G) for the model.)
# lh = 1.25  (l/Hp where l is the  mixing length of the convective element and Hp is the pressure scale height)
# meta = -0.5  (value for the Metallicity for the model.)
# vtur = 2 km/s (Microturbulence velocity)
# alpha = 0  (Alpha)
#
# column 1: WAVELENGTH (ANGSTROM), Wavelength in Angstrom
# column 2: FLUX (ERG/CM2/S/A), Flux in erg/cm2/s/A
147.200000 6.88195000e-89
151.000000 2.24475000e-86
155.200000 9.62772000e-84
158.800000 1.33826000e-81
162.000000 8.91381000e-80
166.000000 1.34523000e-77
170.300000 2.26255000e-75
173.400000 7.74845000e-74
176.800000 3.23034000e-72
180.200000 1.16655000e-70
181.700000 5.43432000e-70
186.100000 4.28701000e-68
191.000000 4.35922000e-66
193.900000 5.99295000e-65
198.400000 2.99689000e-63
201.800000 5.12578000e-62
205.000000 6.80246000e-61
210.500000 4.77690000e-59
216.200000 3.10008000e-57
219.800000 3.85790000e-56
223.000000 3.37578000e-55
226.800000 4.09356000e-54
230.000000 3.13839000e-53
234.000000 3.68535000e-52
240.000000 1.26636000e-50
246.500000 4.78855000e-49
252.400000 1.09638000e-47
256.800000 1.02845000e-46
260.000000 4.98849000e-46
264.000000 3.39708000e-45
268.500000 2.73621000e-44
273.500000 2.55634000e-43
278.500000 2.20159000e-42
284.000000 2.14638000e-41
290.000000 2.32336000e-40
296.000000 2.27209000e-39
301.000000 1.41609000e-38
308.000000 1.65395000e-37
318.000000 4.55582000e-36
328.000000 1.01722000e-34
338.000000 1.87408000e-33
348.000000 2.90134000e-32
357.000000 2.97514000e-31
366.000000 2.71104000e-30
375.000000 2.20875000e-29
385.000000 2.01435000e-28
395.000000 1.63247000e-27
405.000000 1.18709000e-26
414.000000 6.49687000e-26
422.000000 2.75962000e-25
430.000000 1.10763000e-24
441.000000 6.86373000e-24
451.000000 3.31924000e-23
460.000000 1.28887000e-22
470.000000 5.45703000e-22
480.000000 2.16668000e-21
490.000000 8.10698000e-21
500.000000 2.86510000e-20
506.000000 7.91109000e-20
512.000000 1.81464000e-19
520.000000 4.55962000e-19
530.000000 1.39252000e-18
540.000000 4.00630000e-18
550.000000 1.11923000e-17
560.000000 2.98885000e-17
570.000000 7.68996000e-17
580.000000 1.88902000e-16
590.000000 4.58785000e-16
600.000000 1.06761000e-15
610.000000 2.41133000e-15
620.000000 5.29136000e-15
630.000000 1.13009000e-14
640.000000 2.35300000e-14
650.000000 4.78067000e-14
658.000000 8.28674000e-14
665.000000 1.32461000e-13
675.000000 2.54287000e-13
685.000000 4.78080000e-13
695.000000 8.80940000e-13
705.000000 1.59029000e-12
716.000000 2.98999000e-12
726.000000 5.20591000e-12
735.000000 8.45475000e-12
745.000000 1.42730000e-11
755.000000 2.37283000e-11
765.000000 3.88770000e-11
775.000000 6.27856000e-11
785.000000 1.00054000e-10
795.000000 1.56652000e-10
805.000000 2.43964000e-10
815.000000 3.74668000e-10
825.000000 5.68228000e-10
835.000000 8.52204000e-10
845.000000 1.26432000e-09
855.000000 1.85653000e-09
865.000000 2.69849000e-09
875.000000 3.88118000e-09
885.000000 5.54013000e-09
895.000000 7.83112000e-09
905.000000 1.09690000e-08
915.000000 4.95601000e-05
925.000000 1.68766000e-04
935.000000 2.39282000e-04
945.000000 3.37714000e-04
955.000000 4.90809000e-04
965.000000 6.81631000e-04
975.000000 9.36290000e-04
985.000000 1.28392000e-03
995.000000 1.74094000e-03
1005.000000 2.39937000e-03
1015.000000 3.21353000e-03
1025.000000 4.21650000e-03
1035.000000 5.68914000e-03
1045.000000 7.50199000e-03
1055.000000 9.83232000e-03
1065.000000 1.27990000e-02
1075.000000 1.66147000e-02
1085.000000 2.14452000e-02
1095.000000 2.74818000e-02
1105.000000 6.53262000e-02
1115.000000 2.13512000e-01
1125.000000 3.25405000e-01
1135.000000 4.85686000e-01
1145.000000 6.32181000e-01
1155.000000 7.03657000e-01
1165.000000 9.31786000e-01
1175.000000 1.07628000e+00
1185.000000 1.21841000e+00
1195.000000 5.48939000e-01
1205.000000 4.58528000e-01
1215.000000 3.01465000e-01
1225.000000 6.21445000e-01
1235.000000 1.39989000e+00
1245.000000 3.18829000e+00
1255.000000 6.36483000e+00
1265.000000 7.66066000e+00
1275.000000 1.17951000e+01
1285.000000 1.73416000e+01
1295.000000 2.24210000e+01
1305.000000 2.31233000e+01
1315.000000 3.33021000e+01
1325.000000 4.05457000e+01
1335.000000 4.74911000e+01
1345.000000 5.76332000e+01
1355.000000 6.39221000e+01
1365.000000 7.48414000e+01
1375.000000 8.28670000e+01
1385.000000 9.22800000e+01
1395.000000 1.06722000e+02
1405.000000 1.23626000e+02
1415.000000 1.36919000e+02
1425.000000 1.51011000e+02
1435.000000 1.65596000e+02
1442.000000 1.99112000e+02
1447.000000 1.97072000e+02
1455.000000 2.25732000e+02
1465.000000 2.47359000e+02
1475.000000 2.66769000e+02
1485.000000 3.01660000e+02
1495.000000 3.64842000e+02
1505.000000 4.18606000e+02
1512.000000 4.01770000e+02
1517.000000 4.56750000e+02
1525.000000 5.48419000e+02
1535.000000 1.05762000e+03
1545.000000 1.29376000e+03
1555.000000 1.52658000e+03
1565.000000 1.46929000e+03
1575.000000 2.06299000e+03
1585.000000 2.35135000e+03
1595.000000 2.74799000e+03
1605.000000 2.82983000e+03
1615.000000 3.13953000e+03
1625.000000 3.37064000e+03
1635.000000 4.25388000e+03
1645.000000 5.36800000e+03
1655.000000 3.66245000e+03
1665.000000 6.21893000e+03
1672.000000 4.35230000e+03
1677.000000 6.94979000e+03
1685.000000 1.05131000e+04
1695.000000 1.59948000e+04
1705.000000 3.24099000e+04
1715.000000 7.86332000e+04
1725.000000 1.13955000e+05
1735.000000 1.60042000e+05
1745.000000 1.58349000e+05
1755.000000 2.45264000e+05
1765.000000 1.69957000e+05
1775.000000 2.40389000e+05
1785.000000 2.53015000e+05
1795.000000 4.14434000e+05
1805.000000 2.68241000e+05
1815.000000 3.14652000e+05
1825.000000 2.93952000e+05
1835.000000 3.36047000e+05
1845.000000 2.55364000e+05
1855.000000 3.70234000e+05
1865.000000 5.02562000e+05
1875.000000 4.68658000e+05
1885.000000 5.10604000e+05
1895.000000 6.04043000e+05
1905.000000 5.53121000e+05
1915.000000 5.87424000e+05
1925.000000 4.72728000e+05
1935.000000 1.95487000e+05
1945.000000 6.71337000e+05
1955.000000 7.34568000e+05
1967.000000 8.79320000e+05
1976.000000 8.04330000e+05
1984.000000 7.71403000e+05
1995.000000 8.30617000e+05
2005.000000 8.07677000e+05
2015.000000 8.02519000e+05
2025.000000 6.84441000e+05
2035.000000 9.50096000e+05
2045.000000 1.07604000e+06
2055.000000 9.73621000e+05
2065.000000 9.01841000e+05
2074.000000 1.10081000e+06
2078.000000 1.63636000e+06
2085.000000 1.56897000e+06
2095.000000 1.63463000e+06
2105.000000 1.73289000e+06
2115.000000 1.97358000e+06
2125.000000 1.75165000e+06
2135.000000 1.49552000e+06
2145.000000 1.96748000e+06
2155.000000 2.04393000e+06
2165.000000 1.82513000e+06
2175.000000 1.89375000e+06
2185.000000 2.14759000e+06
2195.000000 2.35247000e+06
2205.000000 2.21387000e+06
2215.000000 1.69712000e+06
2225.000000 1.80830000e+06
2235.000000 2.41526000e+06
2245.000000 2.24033000e+06
2255.000000 1.68990000e+06
2265.000000 1.69910000e+06
2275.000000 2.07813000e+06
2285.000000 2.34030000e+06
2295.000000 2.02497000e+06
2305.000000 2.36637000e+06
2315.000000 2.13234000e+06
2325.000000 2.03724000e+06
2335.000000 1.25313000e+06
2345.000000 7.83805000e+05
2355.000000 1.74513000e+06
2365.000000 8.39642000e+05
2375.000000 1.27893000e+06
2385.000000 5.48170000e+05
2395.000000 8.07508000e+05
2405.000000 7.88562000e+05
2415.000000 1.13079000e+06
2425.000000 2.11798000e+06
2435.000000 2.13080000e+06
2445.000000 2.50639000e+06
2455.000000 2.55359000e+06
2465.000000 2.38448000e+06
2475.000000 2.09403000e+06
2485.000000 1.72478000e+06
2495.000000 1.80751000e+06
2505.000000 2.70602000e+06
2513.000000 1.65589000e+06
2518.000000 1.46852000e+06
2525.000000 1.16004000e+06
2535.000000 1.29517000e+06
2545.000000 1.57927000e+06
2555.000000 2.33562000e+06
2565.000000 1.88249000e+06
2575.000000 2.31437000e+06
2585.000000 2.01996000e+06
2595.000000 1.79844000e+06
2605.000000 1.45179000e+06
2615.000000 1.30705000e+06
2625.000000 1.92065000e+06
2635.000000 2.94022000e+06
2645.000000 4.23324000e+06
2655.000000 4.83991000e+06
2665.000000 3.50885000e+06
2675.000000 4.03084000e+06
2685.000000 4.21590000e+06
2695.000000 3.45679000e+06
2705.000000 4.01251000e+06
2715.000000 3.15986000e+06
2725.000000 3.13976000e+06
2735.000000 3.49109000e+06
2745.000000 1.74820000e+06
2755.000000 2.39051000e+06
2765.000000 2.99340000e+06
2775.000000 3.62389000e+06
2785.000000 2.27372000e+06
2795.000000 6.04154000e+05
2805.000000 8.32795000e+05
2815.000000 3.32372000e+06
2825.000000 4.72149000e+06
2835.000000 4.50399000e+06
2845.000000 4.20833000e+06
2855.000000 2.84943000e+06
2865.000000 4.67181000e+06
2875.000000 4.84675000e+06
2885.000000 4.66475000e+06
2895.000000 4.62359000e+06
2910.000000 5.83772000e+06
2930.000000 5.39978000e+06
2950.000000 5.30040000e+06
2970.000000 5.84512000e+06
2990.000000 5.81986000e+06
3010.000000 6.16316000e+06
3030.000000 6.10012000e+06
3050.000000 6.29415000e+06
3070.000000 6.25357000e+06
3090.000000 6.49603000e+06
3110.000000 6.36133000e+06
3130.000000 6.29068000e+06
3150.000000 6.36558000e+06
3170.000000 6.56706000e+06
3190.000000 5.98593000e+06
3210.000000 6.50386000e+06
3230.000000 5.78442000e+06
3250.000000 6.65469000e+06
3270.000000 7.21405000e+06
3290.000000 7.14993000e+06
3310.000000 7.34127000e+06
3330.000000 7.20783000e+06
3350.000000 7.12102000e+06
3370.000000 6.62508000e+06
3390.000000 7.05985000e+06
3410.000000 7.12857000e+06
3430.000000 7.35469000e+06
3450.000000 7.44185000e+06
3470.000000 7.35162000e+06
3490.000000 7.45658000e+06
3510.000000 7.71586000e+06
3530.000000 7.45393000e+06
3550.000000 8.18776000e+06
3570.000000 7.33335000e+06
3590.000000 7.29104000e+06
3610.000000 7.48683000e+06
3630.000000 7.58697000e+06
3640.000000 7.51832000e+06
3650.000000 8.19233000e+06
3670.000000 8.02664000e+06
3690.000000 7.86766000e+06
3710.000000 8.88061000e+06
3730.000000 9.03366000e+06
3750.000000 1.04319000e+07
3770.000000 1.11906000e+07
3790.000000 1.22470000e+07
3810.000000 1.33726000e+07
3830.000000 1.10921000e+07
3850.000000 1.36083000e+07
3870.000000 1.41579000e+07
3890.000000 1.16815000e+07
3910.000000 1.37672000e+07
3930.000000 8.83155000e+06
3950.000000 1.30021000e+07
3970.000000 8.92721000e+06
3990.000000 1.44768000e+07
4010.000000 1.51820000e+07
4030.000000 1.51184000e+07
4050.000000 1.49245000e+07
4070.000000 1.47327000e+07
4090.000000 1.47468000e+07
4110.000000 1.31402000e+07
4130.000000 1.50708000e+07
4150.000000 1.54732000e+07
4170.000000 1.52393000e+07
4190.000000 1.51152000e+07
4210.000000 1.50446000e+07
4230.000000 1.46551000e+07
4250.000000 1.49169000e+07
4270.000000 1.46847000e+07
4290.000000 1.40679000e+07
4310.000000 1.29405000e+07
4330.000000 1.38823000e+07
4350.000000 1.27794000e+07
4370.000000 1.50507000e+07
4390.000000 1.45747000e+07
4410.000000 1.45988000e+07
4430.000000 1.47333000e+07
4450.000000 1.46476000e+07
4470.000000 1.47966000e+07
4490.000000 1.48486000e+07
4510.000000 1.54669000e+07
4530.000000 1.45717000e+07
4550.000000 1.46406000e+07
4570.000000 1.52673000e+07
4590.000000 1.46637000e+07
4610.000000 1.49916000e+07
4630.000000 1.47380000e+07
4650.000000 1.48294000e+07
4670.000000 1.49901000e+07
4690.000000 1.47394000e+07
4710.000000 1.42801000e+07
4730.000000 1.47601000e+07
4750.000000 1.48134000e+07
4770.000000 1.46787000e+07
4790.000000 1.45908000e+07
4810.000000 1.45279000e+07
4830.000000 1.44328000e+07
4850.000000 1.33576000e+07
4870.000000 1.16336000e+07
4890.000000 1.39118000e+07
4910.000000 1.39521000e+07
4930.000000 1.37065000e+07
4950.000000 1.39818000e+07
4970.000000 1.40982000e+07
4990.000000 1.34460000e+07
5010.000000 1.30523000e+07
5030.000000 1.35680000e+07
5050.000000 1.34429000e+07
5070.000000 1.37008000e+07
5090.000000 1.34056000e+07
5110.000000 1.34543000e+07
5130.000000 1.31891000e+07
5150.000000 1.29371000e+07
5170.000000 1.26973000e+07
5190.000000 1.26160000e+07
5210.000000 1.27086000e+07
5230.000000 1.27971000e+07
5250.000000 1.30076000e+07
5270.000000 1.21722000e+07
5290.000000 1.28176000e+07
5310.000000 1.28543000e+07
5330.000000 1.23074000e+07
5350.000000 1.27146000e+07
5370.000000 1.26048000e+07
5390.000000 1.25061000e+07
5410.000000 1.22676000e+07
5430.000000 1.23634000e+07
5450.000000 1.24777000e+07
5470.000000 1.23392000e+07
5490.000000 1.23064000e+07
5510.000000 1.22581000e+07
5530.000000 1.22180000e+07
5550.000000 1.22855000e+07
5570.000000 1.20491000e+07
5590.000000 1.19233000e+07
5610.000000 1.19644000e+07
5630.000000 1.20197000e+07
5650.000000 1.19123000e+07
5670.000000 1.17347000e+07
5690.000000 1.18024000e+07
5710.000000 1.16587000e+07
5730.000000 1.18769000e+07
5750.000000 1.16941000e+07
5770.000000 1.16856000e+07
5790.000000 1.15578000e+07
5810.000000 1.15688000e+07
5830.000000 1.15583000e+07
5850.000000 1.13957000e+07
5870.000000 1.13729000e+07
5890.000000 1.10862000e+07
5910.000000 1.12486000e+07
5930.000000 1.11878000e+07
5950.000000 1.11585000e+07
5970.000000 1.11039000e+07
5990.000000 1.10121000e+07
6010.000000 1.09045000e+07
6030.000000 1.08582000e+07
6050.000000 1.08884000e+07
6070.000000 1.08413000e+07
6090.000000 1.07194000e+07
6110.000000 1.06171000e+07
6130.000000 1.04075000e+07
6150.000000 1.03738000e+07
6170.000000 1.02612000e+07
6190.000000 1.04231000e+07
6210.000000 1.04019000e+07
6230.000000 1.02421000e+07
6250.000000 9.99725000e+06
6270.000000 1.02249000e+07
6290.000000 1.01857000e+07
6310.000000 1.00020000e+07
6330.000000 9.99907000e+06
6350.000000 9.97169000e+06
6370.000000 9.91381000e+06
6390.000000 9.88599000e+06
6410.000000 9.72995000e+06
6430.000000 9.73603000e+06
6450.000000 9.64315000e+06
6470.000000 9.62412000e+06
6490.000000 9.47367000e+06
6510.000000 9.53733000e+06
6530.000000 9.49490000e+06
6550.000000 9.08049000e+06
6570.000000 7.86486000e+06
6590.000000 9.23691000e+06
6610.000000 9.31819000e+06
6630.000000 9.30148000e+06
6650.000000 9.25244000e+06
6670.000000 9.16147000e+06
6690.000000 9.17832000e+06
6710.000000 9.09105000e+06
6730.000000 9.07536000e+06
6750.000000 8.98528000e+06
6770.000000 8.96844000e+06
6790.000000 8.91486000e+06
6810.000000 8.86258000e+06
6830.000000 8.82367000e+06
6850.000000 8.73850000e+06
6870.000000 8.72761000e+06
6890.000000 8.69447000e+06
6910.000000 8.63869000e+06
6930.000000 8.59518000e+06
6950.000000 8.54656000e+06
6970.000000 8.50921000e+06
6990.000000 8.46521000e+06
7010.000000 8.34568000e+06
7030.000000 8.35086000e+06
7050.000000 8.32780000e+06
7070.000000 8.27397000e+06
7090.000000 8.22960000e+06
7110.000000 8.14313000e+06
7130.000000 8.10640000e+06
7150.000000 8.06038000e+06
7170.000000 8.01987000e+06
7190.000000 7.92357000e+06
7210.000000 7.91809000e+06
7230.000000 7.89019000e+06
7250.000000 7.87468000e+06
7270.000000 7.84067000e+06
7290.000000 7.73462000e+06
7310.000000 7.72620000e+06
7330.000000 7.68760000e+06
7350.000000 7.67441000e+06
7370.000000 7.65015000e+06
7390.000000 7.54810000e+06
7410.000000 7.45526000e+06
7430.000000 7.46022000e+06
7450.000000 7.43786000e+06
7470.000000 7.41564000e+06
7490.000000 7.36199000e+06
7510.000000 7.33619000e+06
7530.000000 7.31189000e+06
7550.000000 7.29766000e+06
7570.000000 7.23811000e+06
7590.000000 7.20263000e+06
7610.000000 7.16352000e+06
7630.000000 7.13766000e+06
7650.000000 7.09266000e+06
7670.000000 6.99425000e+06
7690.000000 7.01525000e+06
7710.000000 6.94468000e+06
7730.000000 6.93527000e+06
7750.000000 6.87568000e+06
7770.000000 6.82099000e+06
7790.000000 6.85119000e+06
7810.000000 6.81430000e+06
7830.000000 6.74881000e+06
7850.000000 6.71446000e+06
7870.000000 6.70653000e+06
7890.000000 6.66894000e+06
7910.000000 6.62322000e+06
7930.000000 6.54193000e+06
7950.000000 6.52455000e+06
7970.000000 6.54285000e+06
7990.000000 6.50660000e+06
8010.000000 6.45242000e+06
8030.000000 6.42266000e+06
8050.000000 6.38090000e+06
8070.000000 6.37129000e+06
8090.000000 6.30932000e+06
8110.000000 6.31146000e+06
8130.000000 6.28615000e+06
8150.000000 6.24796000e+06
8170.000000 6.21459000e+06
8190.000000 6.10115000e+06
8210.000000 6.10499000e+06
8230.000000 6.06312000e+06
8250.000000 6.04815000e+06
8270.000000 6.06190000e+06
8290.000000 6.02611000e+06
8310.000000 5.96877000e+06
8330.000000 5.89345000e+06
8350.000000 5.91928000e+06
8370.000000 5.89425000e+06
8390.000000 5.82391000e+06
8410.000000 5.83033000e+06
8430.000000 5.78043000e+06
8450.000000 5.73200000e+06
8470.000000 5.67765000e+06
8490.000000 5.69170000e+06
8510.000000 5.41164000e+06
8530.000000 5.64362000e+06
8550.000000 4.96596000e+06
8570.000000 5.66698000e+06
8590.000000 5.52217000e+06
8610.000000 5.42693000e+06
8630.000000 5.59908000e+06
8650.000000 5.52488000e+06
8670.000000 4.82488000e+06
8690.000000 5.43622000e+06
8710.000000 5.50514000e+06
8730.000000 5.45374000e+06
8750.000000 5.05685000e+06
8770.000000 5.38500000e+06
8790.000000 5.40344000e+06
8810.000000 5.35126000e+06
8830.000000 5.32222000e+06
8850.000000 5.22700000e+06
8870.000000 4.89317000e+06
8890.000000 5.25872000e+06
8910.000000 5.25460000e+06
8930.000000 5.20983000e+06
8950.000000 5.21150000e+06
8970.000000 5.18641000e+06
8990.000000 5.14378000e+06
9010.000000 4.73394000e+06
9030.000000 4.97264000e+06
9050.000000 5.09052000e+06
9070.000000 5.00261000e+06
9090.000000 4.91269000e+06
9110.000000 4.97466000e+06
9130.000000 5.00306000e+06
9150.000000 4.98301000e+06
9170.000000 4.95279000e+06
9190.000000 4.92501000e+06
9210.000000 4.81171000e+06
9230.000000 4.41938000e+06
9250.000000 4.72439000e+06
9270.000000 4.78645000e+06
9290.000000 4.81082000e+06
9310.000000 4.79626000e+06
9330.000000 4.76749000e+06
9350.000000 4.74497000e+06
9370.000000 4.72259000e+06
9390.000000 4.69993000e+06
9410.000000 4.56510000e+06
9430.000000 4.63175000e+06
9450.000000 4.60753000e+06
9470.000000 4.61329000e+06
9490.000000 4.59471000e+06
9510.000000 4.55249000e+06
9530.000000 4.47533000e+06
9550.000000 4.11433000e+06
9570.000000 4.44211000e+06
9590.000000 4.47153000e+06
9610.000000 4.43376000e+06
9630.000000 4.39668000e+06
9650.000000 4.39627000e+06
9670.000000 4.35152000e+06
9690.000000 4.35724000e+06
9710.000000 4.35609000e+06
9730.000000 4.33542000e+06
9750.000000 4.29070000e+06
9770.000000 4.29013000e+06
9790.000000 4.26790000e+06
9810.000000 4.25521000e+06
9830.000000 4.23362000e+06
9850.000000 4.20713000e+06
9870.000000 4.18198000e+06
9890.000000 4.15198000e+06
9910.000000 4.13869000e+06
9930.000000 4.13312000e+06
9950.000000 4.11614000e+06
9970.000000 4.09889000e+06
9990.000000 4.07796000e+06
10025.000000 3.97269000e+06
10075.000000 3.85579000e+06
10125.000000 3.93650000e+06
10175.000000 3.89208000e+06
10225.000000 3.85844000e+06
10275.000000 3.82276000e+06
10325.000000 3.75685000e+06
10375.000000 3.72597000e+06
10425.000000 3.69136000e+06
10475.000000 3.61912000e+06
10525.000000 3.60148000e+06
10575.000000 3.55605000e+06
10625.000000 3.51098000e+06
10675.000000 3.42759000e+06
10725.000000 3.42289000e+06
10775.000000 3.38633000e+06
10825.000000 3.33615000e+06
10875.000000 3.30363000e+06
10925.000000 3.12044000e+06
10975.000000 3.19960000e+06
11025.000000 3.22055000e+06
11075.000000 3.19614000e+06
11125.000000 3.15347000e+06
11175.000000 3.11627000e+06
11225.000000 3.09275000e+06
11275.000000 3.03012000e+06
11325.000000 3.00254000e+06
11375.000000 2.98290000e+06
11425.000000 2.93520000e+06
11475.000000 2.93285000e+06
11525.000000 2.90292000e+06
11575.000000 2.86581000e+06
11625.000000 2.81138000e+06
11675.000000 2.77878000e+06
11725.000000 2.78418000e+06
11775.000000 2.71575000e+06
11825.000000 2.70227000e+06
11875.000000 2.66286000e+06
11925.000000 2.67383000e+06
11975.000000 2.60877000e+06
12025.000000 2.60419000e+06
12075.000000 2.57290000e+06
12125.000000 2.55272000e+06
12175.000000 2.53894000e+06
12225.000000 2.51214000e+06
12275.000000 2.48027000e+06
12325.000000 2.46001000e+06
12375.000000 2.43535000e+06
12425.000000 2.41288000e+06
12475.000000 2.39041000e+06
12525.000000 2.36233000e+06
12575.000000 2.33370000e+06
12625.000000 2.31303000e+06
12675.000000 2.29446000e+06
12725.000000 2.27444000e+06
12775.000000 2.23461000e+06
12825.000000 2.05732000e+06
12875.000000 2.19410000e+06
12925.000000 2.18365000e+06
12975.000000 2.16701000e+06
13025.000000 2.14494000e+06
13075.000000 2.12791000e+06
13125.000000 2.09915000e+06
13175.000000 2.07598000e+06
13225.000000 2.06727000e+06
13275.000000 2.04146000e+06
13325.000000 2.02647000e+06
13375.000000 2.00642000e+06
13425.000000 1.99087000e+06
13475.000000 1.97206000e+06
13525.000000 1.95133000e+06
13575.000000 1.92759000e+06
13625.000000 1.91560000e+06
13675.000000 1.89652000e+06
13725.000000 1.86775000e+06
13775.000000 1.85825000e+06
13825.000000 1.84237000e+06
13875.000000 1.83128000e+06
13925.000000 1.81074000e+06
13975.000000 1.79535000e+06
14025.000000 1.77599000e+06
14075.000000 1.76468000e+06
14125.000000 1.74275000e+06
14175.000000 1.73323000e+06
14225.000000 1.70806000e+06
14275.000000 1.68876000e+06
14325.000000 1.68483000e+06
14375.000000 1.67313000e+06
14425.000000 1.62527000e+06
14475.000000 1.64092000e+06
14525.000000 1.60939000e+06
14570.000000 1.60768000e+06
14620.000000 1.59219000e+06
14675.000000 1.58137000e+06
14725.000000 1.55970000e+06
14775.000000 1.54428000e+06
14825.000000 1.53446000e+06
14875.000000 1.51003000e+06
14925.000000 1.51616000e+06
14975.000000 1.49693000e+06
15025.000000 1.47407000e+06
15075.000000 1.45874000e+06
15125.000000 1.45906000e+06
15175.000000 1.44761000e+06
15225.000000 1.42983000e+06
15275.000000 1.41740000e+06
15325.000000 1.40318000e+06
15375.000000 1.39430000e+06
15425.000000 1.36854000e+06
15475.000000 1.36887000e+06
15525.000000 1.35786000e+06
15575.000000 1.32349000e+06
15625.000000 1.34415000e+06
15675.000000 1.31147000e+06
15725.000000 1.27939000e+06
15775.000000 1.29365000e+06
15825.000000 1.29047000e+06
15875.000000 1.20498000e+06
15925.000000 1.26060000e+06
15975.000000 1.26346000e+06
16050.000000 1.23597000e+06
16150.000000 1.17706000e+06
16250.000000 1.20834000e+06
16350.000000 1.16459000e+06
16450.000000 1.10261000e+06
16550.000000 1.13828000e+06
16650.000000 1.11602000e+06
16750.000000 1.07028000e+06
16850.000000 1.01053000e+06
16950.000000 1.04883000e+06
17050.000000 1.02334000e+06
17150.000000 1.00408000e+06
17250.000000 9.76455000e+05
17350.000000 8.96687000e+05
17450.000000 9.30990000e+05
17550.000000 9.22564000e+05
17650.000000 9.03166000e+05
17750.000000 8.86944000e+05
17850.000000 8.69715000e+05
17950.000000 8.54521000e+05
18050.000000 8.33585000e+05
18150.000000 7.70779000e+05
18250.000000 7.91458000e+05
18350.000000 7.87029000e+05
18450.000000 7.70309000e+05
18550.000000 7.56344000e+05
18650.000000 7.38355000e+05
18750.000000 6.77800000e+05
18850.000000 7.08616000e+05
18950.000000 6.92628000e+05
19050.000000 6.88334000e+05
19150.000000 6.74671000e+05
19250.000000 6.61986000e+05
19350.000000 6.45412000e+05
19450.000000 5.96449000e+05
19550.000000 6.22526000e+05
19650.000000 6.14020000e+05
19750.000000 6.00922000e+05
19850.000000 5.91929000e+05
19950.000000 5.81135000e+05
20050.000000 5.71697000e+05
20150.000000 5.62168000e+05
20250.000000 5.50694000e+05
20350.000000 5.39319000e+05
20450.000000 5.32490000e+05
20550.000000 5.22699000e+05
20650.000000 5.12048000e+05
20750.000000 5.03904000e+05
20850.000000 4.95321000e+05
20950.000000 4.85574000e+05
21050.000000 4.78191000e+05
21150.000000 4.69191000e+05
21250.000000 4.61140000e+05
21350.000000 4.53508000e+05
21450.000000 4.46628000e+05
21550.000000 4.37593000e+05
21650.000000 4.06361000e+05
21750.000000 4.20830000e+05
21850.000000 4.16056000e+05
21950.000000 4.10522000e+05
22050.000000 4.02057000e+05
22150.000000 3.96001000e+05
22250.000000 3.90212000e+05
22350.000000 3.83802000e+05
22450.000000 3.77565000e+05
22550.000000 3.69882000e+05
22650.000000 3.64751000e+05
22750.000000 3.59287000e+05
22850.000000 3.53112000e+05
22950.000000 3.47574000e+05
23050.000000 3.42671000e+05
23150.000000 3.36912000e+05
23250.000000 3.31853000e+05
23350.000000 3.26315000e+05
23450.000000 3.21613000e+05
23550.000000 3.16435000e+05
23650.000000 3.11697000e+05
23750.000000 3.06326000e+05
23850.000000 3.01537000e+05
23950.000000 2.97271000e+05
24050.000000 2.92524000e+05
24150.000000 2.87833000e+05
24250.000000 2.83753000e+05
24350.000000 2.78912000e+05
24450.000000 2.74927000e+05
24550.000000 2.70366000e+05
24650.000000 2.66801000e+05
24750.000000 2.62472000e+05
24850.000000 2.58308000e+05
24950.000000 2.53760000e+05
25050.000000 2.51798000e+05
25150.000000 2.48067000e+05
25250.000000 2.42289000e+05
25350.000000 2.40785000e+05
25450.000000 2.37396000e+05
25550.000000 2.33493000e+05
25650.000000 2.26740000e+05
25750.000000 2.27289000e+05
25850.000000 2.23442000e+05
25950.000000 2.21069000e+05
26050.000000 2.17093000e+05
26150.000000 2.09729000e+05
26250.000000 2.00982000e+05
26350.000000 2.07669000e+05
26450.000000 2.05655000e+05
26550.000000 2.02863000e+05
26650.000000 1.98856000e+05
26750.000000 1.91407000e+05
26850.000000 1.94389000e+05
26950.000000 1.92342000e+05
27050.000000 1.89605000e+05
27150.000000 1.87035000e+05
27250.000000 1.84468000e+05
27350.000000 1.81988000e+05
27450.000000 1.79365000e+05
27550.000000 1.71300000e+05
27650.000000 1.72931000e+05
27750.000000 1.72215000e+05
27850.000000 1.69980000e+05
27950.000000 1.67801000e+05
28050.000000 1.65534000e+05
28150.000000 1.63353000e+05
28250.000000 1.61169000e+05
28350.000000 1.59087000e+05
28450.000000 1.56793000e+05
28550.000000 1.54842000e+05
28650.000000 1.51890000e+05
28750.000000 1.45129000e+05
28850.000000 1.48578000e+05
28950.000000 1.46951000e+05
29050.000000 1.45071000e+05
29150.000000 1.43102000e+05
29250.000000 1.41200000e+05
29350.000000 1.39549000e+05
29450.000000 1.37695000e+05
29550.000000 1.36018000e+05
29650.000000 1.34301000e+05
29750.000000 1.32587000e+05
29850.000000 1.30947000e+05
29950.000000 1.29217000e+05
30050.000000 1.27600000e+05
30150.000000 1.26046000e+05
30250.000000 1.24370000e+05
30350.000000 1.19073000e+05
30450.000000 1.19800000e+05
30550.000000 1.19864000e+05
30650.000000 1.18350000e+05
30750.000000 1.17007000e+05
30850.000000 1.15431000e+05
30950.000000 1.14057000e+05
31050.000000 1.12706000e+05
31150.000000 1.10970000e+05
31250.000000 1.09968000e+05
31350.000000 1.08658000e+05
31450.000000 1.07355000e+05
31550.000000 1.05983000e+05
31650.000000 1.04855000e+05
31750.000000 1.03531000e+05
31850.000000 1.02380000e+05
31950.000000 1.01201000e+05
32100.000000 9.93548000e+04
32300.000000 9.70847000e+04
32500.000000 9.48163000e+04
32700.000000 9.26101000e+04
32900.000000 8.84526000e+04
33100.000000 8.80609000e+04
33300.000000 8.62419000e+04
33500.000000 8.44062000e+04
33700.000000 8.24254000e+04
33900.000000 8.05673000e+04
34100.000000 7.87762000e+04
34300.000000 7.72102000e+04
34500.000000 7.55991000e+04
34700.000000 7.39292000e+04
34900.000000 7.23389000e+04
35100.000000 7.07952000e+04
35300.000000 6.92425000e+04
35500.000000 6.77739000e+04
35700.000000 6.62836000e+04
35900.000000 6.49391000e+04
36100.000000 6.35509000e+04
36300.000000 6.22922000e+04
36500.000000 6.08423000e+04
36700.000000 5.96635000e+04
36900.000000 5.82189000e+04
37100.000000 5.71522000e+04
37300.000000 5.56420000e+04
37500.000000 5.39383000e+04
37700.000000 5.38102000e+04
37900.000000 5.27507000e+04
38100.000000 5.15780000e+04
38300.000000 5.06299000e+04
38500.000000 4.97240000e+04
38700.000000 4.86932000e+04
38900.000000 4.77431000e+04
39100.000000 4.65857000e+04
39300.000000 4.59469000e+04
39500.000000 4.50313000e+04
39700.000000 4.42010000e+04
39900.000000 4.32668000e+04
40100.000000 4.23537000e+04
40300.000000 4.14820000e+04
40500.000000 4.02396000e+04
40700.000000 4.01385000e+04
40900.000000 3.93933000e+04
41100.000000 3.86986000e+04
41300.000000 3.79912000e+04
41500.000000 3.72584000e+04
41700.000000 3.61999000e+04
41900.000000 3.59088000e+04
42100.000000 3.52071000e+04
42300.000000 3.46560000e+04
42500.000000 3.40136000e+04
42700.000000 3.34209000e+04
42900.000000 3.28132000e+04
43100.000000 3.22173000e+04
43300.000000 3.16311000e+04
43500.000000 3.10582000e+04
43700.000000 3.01432000e+04
43900.000000 2.99376000e+04
44100.000000 2.94129000e+04
44300.000000 2.89234000e+04
44500.000000 2.84300000e+04
44700.000000 2.79461000e+04
44900.000000 2.74753000e+04
45100.000000 2.70044000e+04
45300.000000 2.65461000e+04
45500.000000 2.61040000e+04
45700.000000 2.56650000e+04
45900.000000 2.52290000e+04
46100.000000 2.48280000e+04
46300.000000 2.44119000e+04
46500.000000 2.36117000e+04
46700.000000 2.32872000e+04
46900.000000 2.32363000e+04
47100.000000 2.28662000e+04
47300.000000 2.25015000e+04
47500.000000 2.21321000e+04
47700.000000 2.17780000e+04
47900.000000 2.14339000e+04
48100.000000 2.10867000e+04
48300.000000 2.07574000e+04
48500.000000 2.04216000e+04
48700.000000 2.01002000e+04
48900.000000 1.97848000e+04
49100.000000 1.94740000e+04
49300.000000 1.91706000e+04
49500.000000 1.88684000e+04
49700.000000 1.85750000e+04
49900.000000 1.83008000e+04
50100.000000 1.80124000e+04
50300.000000 1.77399000e+04
50500.000000 1.74652000e+04
50700.000000 1.72031000e+04
50900.000000 1.69388000e+04
51100.000000 1.66766000e+04
51300.000000 1.62133000e+04
51500.000000 1.61913000e+04
51700.000000 1.59465000e+04
51900.000000 1.57147000e+04
52100.000000 1.54791000e+04
52300.000000 1.52508000e+04
52500.000000 1.50309000e+04
52700.000000 1.48017000e+04
52900.000000 1.45958000e+04
53100.000000 1.43858000e+04
53300.000000 1.41773000e+04
53500.000000 1.39728000e+04
53700.000000 1.37552000e+04
53900.000000 1.35652000e+04
54100.000000 1.33840000e+04
54300.000000 1.31872000e+04
54500.000000 1.30069000e+04
54700.000000 1.28112000e+04
54900.000000 1.26405000e+04
55100.000000 1.24645000e+04
55300.000000 1.22632000e+04
55500.000000 1.21209000e+04
55700.000000 1.19548000e+04
55900.000000 1.17766000e+04
56100.000000 1.16262000e+04
56300.000000 1.14643000e+04
56500.000000 1.13124000e+04
56700.000000 1.11579000e+04
56900.000000 1.10028000e+04
57100.000000 1.08171000e+04
57300.000000 1.07107000e+04
57500.000000 1.05670000e+04
57700.000000 1.04244000e+04
57900.000000 1.02839000e+04
58100.000000 1.01487000e+04
58300.000000 1.00149000e+04
58500.000000 9.88441000e+03
58700.000000 9.75266000e+03
58900.000000 9.61780000e+03
59100.000000 9.37906000e+03
59300.000000 9.37300000e+03
59500.000000 9.19549000e+03
59700.000000 9.12552000e+03
59900.000000 9.01481000e+03
60100.000000 8.89671000e+03
60300.000000 8.78516000e+03
60500.000000 8.67345000e+03
60700.000000 8.56076000e+03
60900.000000 8.45018000e+03
61100.000000 8.33804000e+03
61300.000000 8.23920000e+03
61500.000000 8.13700000e+03
61700.000000 8.03406000e+03
61900.000000 7.93316000e+03
62100.000000 7.83496000e+03
62300.000000 7.73048000e+03
62500.000000 7.63971000e+03
62700.000000 7.54419000e+03
62900.000000 7.40012000e+03
63100.000000 7.35650000e+03
63300.000000 7.27182000e+03
63500.000000 7.18283000e+03
63700.000000 7.09472000e+03
63900.000000 7.00849000e+03
64200.000000 6.88254000e+03
64600.000000 6.71650000e+03
65000.000000 6.55572000e+03
65400.000000 6.40302000e+03
65800.000000 6.25249000e+03
66200.000000 6.10598000e+03
66600.000000 5.96457000e+03
67000.000000 5.82634000e+03
67400.000000 5.69154000e+03
67800.000000 5.53976000e+03
68200.000000 5.43634000e+03
68600.000000 5.31356000e+03
69000.000000 5.19405000e+03
69400.000000 5.07733000e+03
69800.000000 4.96557000e+03
70200.000000 4.85479000e+03
70600.000000 4.74906000e+03
71000.000000 4.64563000e+03
71400.000000 4.54473000e+03
71800.000000 4.44630000e+03
72200.000000 4.35005000e+03
72600.000000 4.25700000e+03
73000.000000 4.16771000e+03
73400.000000 4.07884000e+03
73800.000000 3.99366000e+03
74200.000000 3.90952000e+03
74600.000000 3.80374000e+03
75000.000000 3.71177000e+03
75400.000000 3.67177000e+03
75800.000000 3.59686000e+03
76200.000000 3.52351000e+03
76600.000000 3.45220000e+03
77000.000000 3.38211000e+03
77400.000000 3.31461000e+03
77800.000000 3.24588000e+03
78200.000000 3.18381000e+03
78600.000000 3.12081000e+03
79000.000000 3.05935000e+03
79400.000000 2.99938000e+03
79800.000000 2.94093000e+03
80200.000000 2.88361000e+03
80600.000000 2.82787000e+03
81000.000000 2.77388000e+03
81400.000000 2.71695000e+03
81800.000000 2.66854000e+03
82200.000000 2.61843000e+03
82600.000000 2.56901000e+03
83000.000000 2.52084000e+03
83400.000000 2.47322000e+03
83800.000000 2.42740000e+03
84200.000000 2.38276000e+03
84600.000000 2.33897000e+03
85000.000000 2.29615000e+03
85400.000000 2.25418000e+03
85800.000000 2.21320000e+03
86200.000000 2.17309000e+03
86600.000000 2.12980000e+03
87000.000000 2.09583000e+03
87400.000000 2.05380000e+03
87800.000000 2.01715000e+03
88200.000000 1.98587000e+03
88600.000000 1.95094000e+03
89000.000000 1.91670000e+03
89400.000000 1.88337000e+03
89800.000000 1.85038000e+03
90200.000000 1.81853000e+03
90600.000000 1.78741000e+03
91000.000000 1.75645000e+03
91400.000000 1.72645000e+03
91800.000000 1.69731000e+03
92200.000000 1.66861000e+03
92600.000000 1.64035000e+03
93000.000000 1.61289000e+03
93400.000000 1.58585000e+03
93800.000000 1.55535000e+03
94200.000000 1.53360000e+03
94600.000000 1.50828000e+03
95000.000000 1.48346000e+03
95400.000000 1.45896000e+03
95800.000000 1.43531000e+03
96200.000000 1.41192000e+03
96600.000000 1.38914000e+03
97000.000000 1.36678000e+03
97400.000000 1.34454000e+03
97800.000000 1.32316000e+03
98200.000000 1.30217000e+03
98600.000000 1.28151000e+03
99000.000000 1.26134000e+03
99400.000000 1.24137000e+03
99800.000000 1.22198000e+03
100200.000000 1.20290000e+03
200000.000000 7.81007000e+01
400000.000000 4.91773000e+00
600000.000000 9.68373000e-01
800000.000000 3.04980000e-01
1000000.000000 1.24340000e-01
1200000.000000 5.97038000e-02
1400000.000000 3.20989000e-02
1600000.000000 1.87467000e-02
