# Kurucz ODFNEW /NOVER, alpha: 0.0 (2003)
# teff = 6250 K (value for the effective temperature for the model. Temperatures are given in K)
# logg = 2.5 log(cm/s2) (value for Log(G) for the model.)
# lh = 1.25  (l/Hp where l is the  mixing length of the convective element and Hp is the pressure scale height)
# meta = -2.5  (value for the Metallicity for the model.)
# vtur = 2 km/s (Microturbulence velocity)
# alpha = 0  (Alpha)
#
# column 1: WAVELENGTH (ANGSTROM), Wavelength in Angstrom
# column 2: FLUX (ERG/CM2/S/A), Flux in erg/cm2/s/A
158.800000 4.05869000e-76
162.000000 2.15955000e-74
166.000000 2.49134000e-72
170.300000 3.18365000e-70
173.400000 9.02044000e-69
176.800000 3.07800000e-67
180.200000 9.16716000e-66
181.700000 3.93140000e-65
186.100000 2.45194000e-63
191.000000 1.94380000e-61
193.900000 2.31996000e-60
198.400000 9.39255000e-59
201.800000 1.37812000e-57
205.000000 1.59047000e-56
210.500000 8.87277000e-55
216.200000 4.59265000e-53
219.800000 4.98469000e-52
223.000000 3.87669000e-51
226.800000 4.10469000e-50
230.000000 2.81692000e-49
234.000000 2.89248000e-48
240.000000 8.19517000e-47
246.500000 2.54134000e-45
252.400000 4.90313000e-44
256.800000 4.06874000e-43
260.000000 1.80992000e-42
264.000000 1.10944000e-41
268.500000 7.96861000e-41
273.500000 6.58350000e-40
278.500000 5.03635000e-39
284.000000 4.33059000e-38
290.000000 4.10998000e-37
296.000000 3.54276000e-36
301.000000 1.99540000e-35
308.000000 2.03348000e-34
318.000000 4.65827000e-33
328.000000 8.74801000e-32
338.000000 1.36949000e-30
348.000000 1.81851000e-29
357.000000 1.63610000e-28
366.000000 1.31660000e-27
375.000000 9.52908000e-27
385.000000 7.66904000e-26
395.000000 5.51941000e-25
405.000000 3.58527000e-24
414.000000 1.78102000e-23
422.000000 6.96494000e-23
430.000000 2.58169000e-22
441.000000 1.44074000e-21
451.000000 6.36270000e-21
460.000000 2.28459000e-20
470.000000 8.89791000e-20
480.000000 3.26106000e-19
490.000000 1.13009000e-18
500.000000 3.71018000e-18
506.000000 9.80757000e-18
512.000000 2.15940000e-17
520.000000 5.13935000e-17
530.000000 1.47044000e-16
540.000000 3.97129000e-16
550.000000 1.04413000e-15
560.000000 2.62954000e-15
570.000000 6.39327000e-15
580.000000 1.48687000e-14
590.000000 3.42606000e-14
600.000000 7.57655000e-14
610.000000 1.62861000e-13
620.000000 3.40742000e-13
630.000000 6.94828000e-13
640.000000 1.38340000e-12
650.000000 2.69132000e-12
658.000000 4.51025000e-12
665.000000 7.00684000e-12
675.000000 1.29194000e-11
685.000000 2.33549000e-11
695.000000 4.14303000e-11
705.000000 7.21806000e-11
716.000000 1.30312000e-10
726.000000 2.19136000e-10
735.000000 3.45247000e-10
745.000000 5.64030000e-10
755.000000 9.08142000e-10
765.000000 1.44190000e-09
775.000000 2.25897000e-09
785.000000 3.49375000e-09
795.000000 5.33659000e-09
805.000000 8.05635000e-09
815.000000 1.20235000e-08
825.000000 1.77498000e-08
835.000000 2.59324000e-08
845.000000 3.75017000e-08
855.000000 5.37040000e-08
865.000000 7.61741000e-08
875.000000 1.07071000e-07
885.000000 1.49196000e-07
895.000000 2.06132000e-07
905.000000 2.82465000e-07
915.000000 3.85695000e-03
925.000000 2.13302000e-02
935.000000 2.91744000e-02
945.000000 4.51388000e-02
955.000000 6.57482000e-02
965.000000 7.80139000e-02
975.000000 6.70494000e-02
985.000000 1.54804000e-01
995.000000 1.95202000e-01
1005.000000 2.38441000e-01
1015.000000 2.13595000e-01
1025.000000 2.54704000e-01
1035.000000 3.87271000e-01
1045.000000 6.64643000e-01
1055.000000 8.56575000e-01
1065.000000 1.10861000e+00
1075.000000 1.40498000e+00
1085.000000 1.77643000e+00
1095.000000 2.11970000e+00
1105.000000 3.44171000e+00
1115.000000 5.07690000e+00
1125.000000 5.78537000e+00
1135.000000 6.97062000e+00
1145.000000 7.41893000e+00
1155.000000 7.15857000e+00
1165.000000 7.14113000e+00
1175.000000 6.18102000e+00
1185.000000 1.46490000e+01
1195.000000 5.22241000e+00
1205.000000 3.17542000e+00
1215.000000 1.58764000e+00
1225.000000 3.95903000e+00
1235.000000 9.68830000e+00
1245.000000 8.06334000e+00
1255.000000 1.22939000e+01
1265.000000 1.80188000e+01
1275.000000 2.43679000e+01
1285.000000 3.53247000e+01
1295.000000 4.69433000e+01
1305.000000 6.15699000e+01
1315.000000 8.11355000e+01
1325.000000 1.05584000e+02
1335.000000 1.33504000e+02
1345.000000 1.71377000e+02
1355.000000 2.12225000e+02
1365.000000 2.67359000e+02
1375.000000 3.28902000e+02
1385.000000 4.06105000e+02
1395.000000 5.04493000e+02
1405.000000 5.93370000e+02
1415.000000 6.92242000e+02
1425.000000 7.89478000e+02
1435.000000 8.95014000e+02
1442.000000 1.00351000e+03
1447.000000 1.06133000e+03
1455.000000 1.18963000e+03
1465.000000 1.32224000e+03
1475.000000 1.51038000e+03
1485.000000 1.69080000e+03
1495.000000 1.92779000e+03
1505.000000 2.17237000e+03
1512.000000 2.35400000e+03
1517.000000 2.45179000e+03
1525.000000 2.67608000e+03
1535.000000 2.95135000e+03
1545.000000 3.27043000e+03
1555.000000 3.54820000e+03
1565.000000 3.69435000e+03
1575.000000 4.22772000e+03
1585.000000 4.65831000e+03
1595.000000 5.17331000e+03
1605.000000 5.55802000e+03
1615.000000 6.17303000e+03
1625.000000 6.74586000e+03
1635.000000 7.70053000e+03
1645.000000 9.13219000e+03
1655.000000 9.72748000e+03
1665.000000 1.65492000e+04
1672.000000 2.12447000e+04
1677.000000 4.02927000e+04
1685.000000 7.85204000e+04
1695.000000 1.50677000e+05
1705.000000 2.47159000e+05
1715.000000 3.83848000e+05
1725.000000 4.98812000e+05
1735.000000 6.46700000e+05
1745.000000 7.14667000e+05
1755.000000 8.55511000e+05
1765.000000 7.68557000e+05
1775.000000 9.25243000e+05
1785.000000 1.01164000e+06
1795.000000 1.16781000e+06
1805.000000 1.12946000e+06
1815.000000 1.21645000e+06
1825.000000 1.14728000e+06
1835.000000 1.27914000e+06
1845.000000 1.17046000e+06
1855.000000 1.28619000e+06
1865.000000 1.40100000e+06
1875.000000 1.43978000e+06
1885.000000 1.50566000e+06
1895.000000 1.61077000e+06
1905.000000 1.57677000e+06
1915.000000 1.74403000e+06
1925.000000 1.86106000e+06
1935.000000 1.74549000e+06
1945.000000 1.99218000e+06
1955.000000 2.03435000e+06
1967.000000 2.20687000e+06
1976.000000 2.18160000e+06
1984.000000 2.21343000e+06
1995.000000 2.23660000e+06
2005.000000 2.18483000e+06
2015.000000 2.28215000e+06
2025.000000 2.12774000e+06
2035.000000 2.43237000e+06
2045.000000 2.60160000e+06
2055.000000 2.58990000e+06
2065.000000 2.58829000e+06
2074.000000 2.87451000e+06
2078.000000 2.86930000e+06
2085.000000 2.87589000e+06
2095.000000 2.84009000e+06
2105.000000 2.81963000e+06
2115.000000 2.93393000e+06
2125.000000 3.02418000e+06
2135.000000 2.73169000e+06
2145.000000 3.04477000e+06
2155.000000 3.04919000e+06
2165.000000 2.95052000e+06
2175.000000 2.98533000e+06
2185.000000 3.17230000e+06
2195.000000 3.45216000e+06
2205.000000 3.38148000e+06
2215.000000 3.21073000e+06
2225.000000 3.36662000e+06
2235.000000 3.74729000e+06
2245.000000 3.50237000e+06
2255.000000 3.38610000e+06
2265.000000 3.29253000e+06
2275.000000 3.62708000e+06
2285.000000 3.69722000e+06
2295.000000 3.52631000e+06
2305.000000 3.71984000e+06
2315.000000 3.82147000e+06
2325.000000 3.81237000e+06
2335.000000 3.73155000e+06
2345.000000 3.33711000e+06
2355.000000 4.01963000e+06
2365.000000 3.58185000e+06
2375.000000 3.93492000e+06
2385.000000 3.30480000e+06
2395.000000 3.75585000e+06
2405.000000 3.71621000e+06
2415.000000 3.76547000e+06
2425.000000 4.23455000e+06
2435.000000 4.17500000e+06
2445.000000 4.33565000e+06
2455.000000 4.31934000e+06
2465.000000 4.35399000e+06
2475.000000 4.17810000e+06
2485.000000 4.23587000e+06
2495.000000 4.18764000e+06
2505.000000 4.71021000e+06
2513.000000 4.31524000e+06
2518.000000 4.28683000e+06
2525.000000 4.07159000e+06
2535.000000 4.03484000e+06
2545.000000 4.08939000e+06
2555.000000 4.46199000e+06
2565.000000 4.51802000e+06
2575.000000 4.84009000e+06
2585.000000 4.90927000e+06
2595.000000 4.87486000e+06
2605.000000 4.74963000e+06
2615.000000 4.59983000e+06
2625.000000 5.00660000e+06
2635.000000 5.11034000e+06
2645.000000 5.70639000e+06
2655.000000 5.76663000e+06
2665.000000 5.42533000e+06
2675.000000 5.64176000e+06
2685.000000 5.80414000e+06
2695.000000 5.50595000e+06
2705.000000 5.60690000e+06
2715.000000 5.34744000e+06
2725.000000 5.42546000e+06
2735.000000 5.68603000e+06
2745.000000 4.98416000e+06
2755.000000 5.28114000e+06
2765.000000 5.60273000e+06
2775.000000 5.89460000e+06
2785.000000 5.84943000e+06
2795.000000 4.11720000e+06
2805.000000 4.70992000e+06
2815.000000 6.31303000e+06
2825.000000 6.24198000e+06
2835.000000 6.16100000e+06
2845.000000 6.06889000e+06
2855.000000 5.72418000e+06
2865.000000 6.09507000e+06
2875.000000 6.07735000e+06
2885.000000 6.30053000e+06
2895.000000 6.27191000e+06
2910.000000 6.62961000e+06
2930.000000 6.55214000e+06
2950.000000 6.50992000e+06
2970.000000 6.62711000e+06
2990.000000 6.69888000e+06
3010.000000 6.74613000e+06
3030.000000 6.83955000e+06
3050.000000 6.90768000e+06
3070.000000 6.96427000e+06
3090.000000 7.05946000e+06
3110.000000 7.03439000e+06
3130.000000 7.09975000e+06
3150.000000 7.26274000e+06
3170.000000 7.30823000e+06
3190.000000 7.08952000e+06
3210.000000 7.22631000e+06
3230.000000 7.09954000e+06
3250.000000 7.31702000e+06
3270.000000 7.48287000e+06
3290.000000 7.61109000e+06
3310.000000 7.67412000e+06
3330.000000 7.59921000e+06
3350.000000 7.54063000e+06
3370.000000 7.54925000e+06
3390.000000 7.57517000e+06
3410.000000 7.69716000e+06
3430.000000 7.77770000e+06
3450.000000 7.72703000e+06
3470.000000 7.72863000e+06
3490.000000 7.79310000e+06
3510.000000 7.89810000e+06
3530.000000 7.92284000e+06
3550.000000 8.05294000e+06
3570.000000 7.87487000e+06
3590.000000 7.88851000e+06
3610.000000 7.95109000e+06
3630.000000 8.05899000e+06
3640.000000 8.04462000e+06
3650.000000 8.17366000e+06
3670.000000 8.14020000e+06
3690.000000 8.05414000e+06
3710.000000 9.31197000e+06
3730.000000 1.01460000e+07
3750.000000 1.21780000e+07
3770.000000 1.25705000e+07
3790.000000 1.36730000e+07
3810.000000 1.47859000e+07
3830.000000 1.28532000e+07
3850.000000 1.53238000e+07
3870.000000 1.58040000e+07
3890.000000 1.27047000e+07
3910.000000 1.57751000e+07
3930.000000 1.49915000e+07
3950.000000 1.59143000e+07
3970.000000 1.22858000e+07
3990.000000 1.58495000e+07
4010.000000 1.61074000e+07
4030.000000 1.60212000e+07
4050.000000 1.59840000e+07
4070.000000 1.57213000e+07
4090.000000 1.49849000e+07
4110.000000 1.30391000e+07
4130.000000 1.56718000e+07
4150.000000 1.57027000e+07
4170.000000 1.57214000e+07
4190.000000 1.55757000e+07
4210.000000 1.54591000e+07
4230.000000 1.53369000e+07
4250.000000 1.53316000e+07
4270.000000 1.52631000e+07
4290.000000 1.52062000e+07
4310.000000 1.48888000e+07
4330.000000 1.39462000e+07
4350.000000 1.27400000e+07
4370.000000 1.49769000e+07
4390.000000 1.48791000e+07
4410.000000 1.48136000e+07
4430.000000 1.49138000e+07
4450.000000 1.47994000e+07
4470.000000 1.47372000e+07
4490.000000 1.47311000e+07
4510.000000 1.46568000e+07
4530.000000 1.45302000e+07
4550.000000 1.44164000e+07
4570.000000 1.44646000e+07
4590.000000 1.43952000e+07
4610.000000 1.43795000e+07
4630.000000 1.42902000e+07
4650.000000 1.42445000e+07
4670.000000 1.41888000e+07
4690.000000 1.41204000e+07
4710.000000 1.40162000e+07
4730.000000 1.39894000e+07
4750.000000 1.39291000e+07
4770.000000 1.38619000e+07
4790.000000 1.37882000e+07
4810.000000 1.37008000e+07
4830.000000 1.35621000e+07
4850.000000 1.27416000e+07
4870.000000 1.13030000e+07
4890.000000 1.32898000e+07
4910.000000 1.33574000e+07
4930.000000 1.32170000e+07
4950.000000 1.32320000e+07
4970.000000 1.32169000e+07
4990.000000 1.31247000e+07
5010.000000 1.29995000e+07
5030.000000 1.30152000e+07
5050.000000 1.29281000e+07
5070.000000 1.28933000e+07
5090.000000 1.28224000e+07
5110.000000 1.27612000e+07
5130.000000 1.26906000e+07
5150.000000 1.26077000e+07
5170.000000 1.23851000e+07
5190.000000 1.23769000e+07
5210.000000 1.23770000e+07
5230.000000 1.23065000e+07
5250.000000 1.23306000e+07
5270.000000 1.21612000e+07
5290.000000 1.22002000e+07
5310.000000 1.21342000e+07
5330.000000 1.20159000e+07
5350.000000 1.20202000e+07
5370.000000 1.19351000e+07
5390.000000 1.18819000e+07
5410.000000 1.18036000e+07
5430.000000 1.17466000e+07
5450.000000 1.16871000e+07
5470.000000 1.16571000e+07
5490.000000 1.16081000e+07
5510.000000 1.15482000e+07
5530.000000 1.14840000e+07
5550.000000 1.14372000e+07
5570.000000 1.13679000e+07
5590.000000 1.13055000e+07
5610.000000 1.12519000e+07
5630.000000 1.12055000e+07
5650.000000 1.11470000e+07
5670.000000 1.10869000e+07
5690.000000 1.10346000e+07
5710.000000 1.09755000e+07
5730.000000 1.09244000e+07
5750.000000 1.08669000e+07
5770.000000 1.08114000e+07
5790.000000 1.07557000e+07
5810.000000 1.07006000e+07
5830.000000 1.06461000e+07
5850.000000 1.05882000e+07
5870.000000 1.05351000e+07
5890.000000 1.04059000e+07
5910.000000 1.04267000e+07
5930.000000 1.03730000e+07
5950.000000 1.03200000e+07
5970.000000 1.02665000e+07
5990.000000 1.02130000e+07
6010.000000 1.01599000e+07
6030.000000 1.01064000e+07
6050.000000 1.00564000e+07
6070.000000 1.00043000e+07
6090.000000 9.95230000e+06
6110.000000 9.90007000e+06
6130.000000 9.83868000e+06
6150.000000 9.79063000e+06
6170.000000 9.73716000e+06
6190.000000 9.69656000e+06
6210.000000 9.64729000e+06
6230.000000 9.59419000e+06
6250.000000 9.53780000e+06
6270.000000 9.49823000e+06
6290.000000 9.44906000e+06
6310.000000 9.39711000e+06
6330.000000 9.34995000e+06
6350.000000 9.30245000e+06
6370.000000 9.25434000e+06
6390.000000 9.20628000e+06
6410.000000 9.15415000e+06
6430.000000 9.10814000e+06
6450.000000 9.05527000e+06
6470.000000 9.01305000e+06
6490.000000 8.95491000e+06
6510.000000 8.90708000e+06
6530.000000 8.82398000e+06
6550.000000 8.49137000e+06
6570.000000 7.40980000e+06
6590.000000 8.63592000e+06
6610.000000 8.66634000e+06
6630.000000 8.64842000e+06
6650.000000 8.60414000e+06
6670.000000 8.55940000e+06
6690.000000 8.51587000e+06
6710.000000 8.47104000e+06
6730.000000 8.42825000e+06
6750.000000 8.38334000e+06
6770.000000 8.34046000e+06
6790.000000 8.29712000e+06
6810.000000 8.25414000e+06
6830.000000 8.21152000e+06
6850.000000 8.16846000e+06
6870.000000 8.12656000e+06
6890.000000 8.08500000e+06
6910.000000 8.04300000e+06
6930.000000 8.00135000e+06
6950.000000 7.95926000e+06
6970.000000 7.91908000e+06
6990.000000 7.87768000e+06
7010.000000 7.83663000e+06
7030.000000 7.79592000e+06
7050.000000 7.75629000e+06
7070.000000 7.71624000e+06
7090.000000 7.67652000e+06
7110.000000 7.63563000e+06
7130.000000 7.59656000e+06
7150.000000 7.55706000e+06
7170.000000 7.51863000e+06
7190.000000 7.47904000e+06
7210.000000 7.44051000e+06
7230.000000 7.40300000e+06
7250.000000 7.36508000e+06
7270.000000 7.32747000e+06
7290.000000 7.28873000e+06
7310.000000 7.25172000e+06
7330.000000 7.21361000e+06
7350.000000 7.17719000e+06
7370.000000 7.14107000e+06
7390.000000 7.10316000e+06
7410.000000 7.06486000e+06
7430.000000 7.03029000e+06
7450.000000 6.99396000e+06
7470.000000 6.95858000e+06
7490.000000 6.92214000e+06
7510.000000 6.88666000e+06
7530.000000 6.85211000e+06
7550.000000 6.81784000e+06
7570.000000 6.78252000e+06
7590.000000 6.74748000e+06
7610.000000 6.71336000e+06
7630.000000 6.67886000e+06
7650.000000 6.64463000e+06
7670.000000 6.60938000e+06
7690.000000 6.57695000e+06
7710.000000 6.54224000e+06
7730.000000 6.50969000e+06
7750.000000 6.47614000e+06
7770.000000 6.44035000e+06
7790.000000 6.41167000e+06
7810.000000 6.37887000e+06
7830.000000 6.34571000e+06
7850.000000 6.31403000e+06
7870.000000 6.28198000e+06
7890.000000 6.25017000e+06
7910.000000 6.21860000e+06
7930.000000 6.18548000e+06
7950.000000 6.15439000e+06
7970.000000 6.12473000e+06
7990.000000 6.09411000e+06
8010.000000 6.06254000e+06
8030.000000 6.03238000e+06
8050.000000 6.00128000e+06
8070.000000 5.97157000e+06
8090.000000 5.94093000e+06
8110.000000 5.91166000e+06
8130.000000 5.88204000e+06
8150.000000 5.85264000e+06
8170.000000 5.82289000e+06
8190.000000 5.79000000e+06
8210.000000 5.76573000e+06
8230.000000 5.73608000e+06
8250.000000 5.70885000e+06
8270.000000 5.68237000e+06
8290.000000 5.65444000e+06
8310.000000 5.62453000e+06
8330.000000 5.58832000e+06
8350.000000 5.56699000e+06
8370.000000 5.52805000e+06
8390.000000 5.49798000e+06
8410.000000 5.46760000e+06
8430.000000 5.45547000e+06
8450.000000 5.42598000e+06
8470.000000 5.34735000e+06
8490.000000 5.41156000e+06
8510.000000 5.22593000e+06
8530.000000 5.37853000e+06
8550.000000 5.09464000e+06
8570.000000 5.34895000e+06
8590.000000 5.23269000e+06
8610.000000 5.13472000e+06
8630.000000 5.29760000e+06
8650.000000 5.24846000e+06
8670.000000 4.87891000e+06
8690.000000 5.21971000e+06
8710.000000 5.21960000e+06
8730.000000 5.17594000e+06
8750.000000 4.82273000e+06
8770.000000 5.09944000e+06
8790.000000 5.12502000e+06
8810.000000 5.10663000e+06
8830.000000 5.07193000e+06
8850.000000 4.98121000e+06
8870.000000 4.68148000e+06
8890.000000 4.98559000e+06
8910.000000 4.98553000e+06
8930.000000 4.96559000e+06
8950.000000 4.94342000e+06
8970.000000 4.91672000e+06
8990.000000 4.87109000e+06
9010.000000 4.54813000e+06
9030.000000 4.73055000e+06
9050.000000 4.80902000e+06
9070.000000 4.79516000e+06
9090.000000 4.76314000e+06
9110.000000 4.75314000e+06
9130.000000 4.73370000e+06
9150.000000 4.71123000e+06
9170.000000 4.68846000e+06
9190.000000 4.65915000e+06
9210.000000 4.59941000e+06
9230.000000 4.25603000e+06
9250.000000 4.54167000e+06
9270.000000 4.56681000e+06
9290.000000 4.55590000e+06
9310.000000 4.53460000e+06
9330.000000 4.51302000e+06
9350.000000 4.49201000e+06
9370.000000 4.47071000e+06
9390.000000 4.44955000e+06
9410.000000 4.41832000e+06
9430.000000 4.40722000e+06
9450.000000 4.38648000e+06
9470.000000 4.36629000e+06
9490.000000 4.34581000e+06
9510.000000 4.31422000e+06
9530.000000 4.25133000e+06
9550.000000 3.93758000e+06
9570.000000 4.22451000e+06
9590.000000 4.23722000e+06
9610.000000 4.22409000e+06
9630.000000 4.20290000e+06
9650.000000 4.18550000e+06
9670.000000 4.16256000e+06
9690.000000 4.14700000e+06
9710.000000 4.12794000e+06
9730.000000 4.10860000e+06
9750.000000 4.08938000e+06
9770.000000 4.07069000e+06
9790.000000 4.05171000e+06
9810.000000 4.03325000e+06
9830.000000 4.01452000e+06
9850.000000 3.99590000e+06
9870.000000 3.97740000e+06
9890.000000 3.95864000e+06
9910.000000 3.94076000e+06
9930.000000 3.92299000e+06
9950.000000 3.90495000e+06
9970.000000 3.88702000e+06
9990.000000 3.86921000e+06
10025.000000 3.78339000e+06
10075.000000 3.67564000e+06
10125.000000 3.75165000e+06
10175.000000 3.70978000e+06
10225.000000 3.66818000e+06
10275.000000 3.62757000e+06
10325.000000 3.58616000e+06
10375.000000 3.54713000e+06
10425.000000 3.50799000e+06
10475.000000 3.46737000e+06
10525.000000 3.43076000e+06
10575.000000 3.39301000e+06
10625.000000 3.35514000e+06
10675.000000 3.31023000e+06
10725.000000 3.28075000e+06
10775.000000 3.24615000e+06
10825.000000 3.20922000e+06
10875.000000 3.17328000e+06
10925.000000 2.99873000e+06
10975.000000 3.08006000e+06
11025.000000 3.07649000e+06
11075.000000 3.04417000e+06
11125.000000 3.01169000e+06
11175.000000 2.97973000e+06
11225.000000 2.94855000e+06
11275.000000 2.91683000e+06
11325.000000 2.88625000e+06
11375.000000 2.85671000e+06
11425.000000 2.82660000e+06
11475.000000 2.79790000e+06
11525.000000 2.76897000e+06
11575.000000 2.74032000e+06
11625.000000 2.71125000e+06
11675.000000 2.68296000e+06
11725.000000 2.65706000e+06
11775.000000 2.62669000e+06
11825.000000 2.60083000e+06
11875.000000 2.57542000e+06
11925.000000 2.55109000e+06
11975.000000 2.52092000e+06
12025.000000 2.49959000e+06
12075.000000 2.47399000e+06
12125.000000 2.45022000e+06
12175.000000 2.42620000e+06
12225.000000 2.40219000e+06
12275.000000 2.37823000e+06
12325.000000 2.35508000e+06
12375.000000 2.33195000e+06
12425.000000 2.30925000e+06
12475.000000 2.28680000e+06
12525.000000 2.26457000e+06
12575.000000 2.24248000e+06
12625.000000 2.22078000e+06
12675.000000 2.19970000e+06
12725.000000 2.17784000e+06
12775.000000 2.14220000e+06
12825.000000 1.99122000e+06
12875.000000 2.10583000e+06
12925.000000 2.09689000e+06
12975.000000 2.07732000e+06
13025.000000 2.05783000e+06
13075.000000 2.03859000e+06
13125.000000 2.01937000e+06
13175.000000 2.00047000e+06
13225.000000 1.98216000e+06
13275.000000 1.96371000e+06
13325.000000 1.94565000e+06
13375.000000 1.92774000e+06
13425.000000 1.91006000e+06
13475.000000 1.89257000e+06
13525.000000 1.87527000e+06
13575.000000 1.85813000e+06
13625.000000 1.84137000e+06
13675.000000 1.82469000e+06
13725.000000 1.80770000e+06
13775.000000 1.79176000e+06
13825.000000 1.77563000e+06
13875.000000 1.75982000e+06
13925.000000 1.74398000e+06
13975.000000 1.72842000e+06
14025.000000 1.71294000e+06
14075.000000 1.69776000e+06
14125.000000 1.68256000e+06
14175.000000 1.66774000e+06
14225.000000 1.65278000e+06
14275.000000 1.63810000e+06
14325.000000 1.62384000e+06
14375.000000 1.60952000e+06
14425.000000 1.59369000e+06
14475.000000 1.58126000e+06
14525.000000 1.56609000e+06
14570.000000 1.55474000e+06
14620.000000 1.54163000e+06
14675.000000 1.52719000e+06
14725.000000 1.51393000e+06
14775.000000 1.50079000e+06
14825.000000 1.48794000e+06
14875.000000 1.47318000e+06
14925.000000 1.46230000e+06
14975.000000 1.44946000e+06
15025.000000 1.43314000e+06
15075.000000 1.42262000e+06
15125.000000 1.41013000e+06
15175.000000 1.39727000e+06
15225.000000 1.38801000e+06
15275.000000 1.36907000e+06
15325.000000 1.35605000e+06
15375.000000 1.35196000e+06
15425.000000 1.32454000e+06
15475.000000 1.32937000e+06
15525.000000 1.31877000e+06
15575.000000 1.27733000e+06
15625.000000 1.30502000e+06
15675.000000 1.27544000e+06
15725.000000 1.23632000e+06
15775.000000 1.27364000e+06
15825.000000 1.26190000e+06
15875.000000 1.17325000e+06
15925.000000 1.23054000e+06
15975.000000 1.23494000e+06
16050.000000 1.20877000e+06
16150.000000 1.14677000e+06
16250.000000 1.17817000e+06
16350.000000 1.13927000e+06
16450.000000 1.07718000e+06
16550.000000 1.10922000e+06
16650.000000 1.08657000e+06
16750.000000 1.04562000e+06
16850.000000 9.88123000e+05
16950.000000 1.01892000e+06
17050.000000 9.98590000e+05
17150.000000 9.77897000e+05
17250.000000 9.55628000e+05
17350.000000 8.81068000e+05
17450.000000 9.12766000e+05
17550.000000 9.00278000e+05
17650.000000 8.82076000e+05
17750.000000 8.64428000e+05
17850.000000 8.47132000e+05
17950.000000 8.30318000e+05
18050.000000 8.12679000e+05
18150.000000 7.53613000e+05
18250.000000 7.73938000e+05
18350.000000 7.66801000e+05
18450.000000 7.51893000e+05
18550.000000 7.37360000e+05
18650.000000 7.20733000e+05
18750.000000 6.64587000e+05
18850.000000 6.92426000e+05
18950.000000 6.82305000e+05
19050.000000 6.69700000e+05
19150.000000 6.57084000e+05
19250.000000 6.44754000e+05
19350.000000 6.30521000e+05
19450.000000 5.85794000e+05
19550.000000 6.07356000e+05
19650.000000 5.98302000e+05
19750.000000 5.87266000e+05
19850.000000 5.76650000e+05
19950.000000 5.66189000e+05
20050.000000 5.55982000e+05
20150.000000 5.45986000e+05
20250.000000 5.36197000e+05
20350.000000 5.26601000e+05
20450.000000 5.17293000e+05
20550.000000 5.08149000e+05
20650.000000 4.99175000e+05
20750.000000 4.90456000e+05
20850.000000 4.81906000e+05
20950.000000 4.73514000e+05
21050.000000 4.65345000e+05
21150.000000 4.57308000e+05
21250.000000 4.49460000e+05
21350.000000 4.41796000e+05
21450.000000 4.34305000e+05
21550.000000 4.25992000e+05
21650.000000 3.98179000e+05
21750.000000 4.10732000e+05
21850.000000 4.05758000e+05
21950.000000 3.99051000e+05
22050.000000 3.92395000e+05
22150.000000 3.85926000e+05
22250.000000 3.79596000e+05
22350.000000 3.73379000e+05
22450.000000 3.67287000e+05
22550.000000 3.61281000e+05
22650.000000 3.55461000e+05
22750.000000 3.49730000e+05
22850.000000 3.44158000e+05
22950.000000 3.38683000e+05
23050.000000 3.33326000e+05
23150.000000 3.28055000e+05
23250.000000 3.22897000e+05
23350.000000 3.17830000e+05
23450.000000 3.12864000e+05
23550.000000 3.07985000e+05
23650.000000 3.03190000e+05
23750.000000 2.98498000e+05
23850.000000 2.93868000e+05
23950.000000 2.89330000e+05
24050.000000 2.84832000e+05
24150.000000 2.80372000e+05
24250.000000 2.76431000e+05
24350.000000 2.71872000e+05
24450.000000 2.67591000e+05
24550.000000 2.64103000e+05
24650.000000 2.59683000e+05
24750.000000 2.55842000e+05
24850.000000 2.52793000e+05
24950.000000 2.46940000e+05
25050.000000 2.45483000e+05
25150.000000 2.41944000e+05
25250.000000 2.35322000e+05
25350.000000 2.34829000e+05
25450.000000 2.31737000e+05
25550.000000 2.28085000e+05
25650.000000 2.20728000e+05
25750.000000 2.21727000e+05
25850.000000 2.19084000e+05
25950.000000 2.15917000e+05
26050.000000 2.11797000e+05
26150.000000 2.04010000e+05
26250.000000 1.97374000e+05
26350.000000 2.03014000e+05
26450.000000 2.01148000e+05
26550.000000 1.98331000e+05
26650.000000 1.95069000e+05
26750.000000 1.86395000e+05
26850.000000 1.89738000e+05
26950.000000 1.87550000e+05
27050.000000 1.84961000e+05
27150.000000 1.82425000e+05
27250.000000 1.79927000e+05
27350.000000 1.77470000e+05
27450.000000 1.74935000e+05
27550.000000 1.67145000e+05
27650.000000 1.69028000e+05
27750.000000 1.68057000e+05
27850.000000 1.65808000e+05
27950.000000 1.63591000e+05
28050.000000 1.61407000e+05
28150.000000 1.59264000e+05
28250.000000 1.57157000e+05
28350.000000 1.55084000e+05
28450.000000 1.53042000e+05
28550.000000 1.51033000e+05
28650.000000 1.48379000e+05
28750.000000 1.41934000e+05
28850.000000 1.45057000e+05
28950.000000 1.43333000e+05
29050.000000 1.41486000e+05
29150.000000 1.39666000e+05
29250.000000 1.37876000e+05
29350.000000 1.36116000e+05
29450.000000 1.34381000e+05
29550.000000 1.32675000e+05
29650.000000 1.30997000e+05
29750.000000 1.29343000e+05
29850.000000 1.27717000e+05
29950.000000 1.26118000e+05
30050.000000 1.24541000e+05
30150.000000 1.22987000e+05
30250.000000 1.21439000e+05
30350.000000 1.16570000e+05
30450.000000 1.17171000e+05
30550.000000 1.17015000e+05
30650.000000 1.15579000e+05
30750.000000 1.14167000e+05
30850.000000 1.12771000e+05
30950.000000 1.11398000e+05
31050.000000 1.10049000e+05
31150.000000 1.08707000e+05
31250.000000 1.07406000e+05
31350.000000 1.06117000e+05
31450.000000 1.04845000e+05
31550.000000 1.03591000e+05
31650.000000 1.02358000e+05
31750.000000 1.01143000e+05
31850.000000 9.99440000e+04
31950.000000 9.87658000e+04
32100.000000 9.70259000e+04
32300.000000 9.47700000e+04
32500.000000 9.25765000e+04
32700.000000 9.04469000e+04
32900.000000 8.66393000e+04
33100.000000 8.61319000e+04
33300.000000 8.43564000e+04
33500.000000 8.24693000e+04
33700.000000 8.06275000e+04
33900.000000 7.88397000e+04
34100.000000 7.70980000e+04
34300.000000 7.54074000e+04
34500.000000 7.37633000e+04
34700.000000 7.21583000e+04
34900.000000 7.06223000e+04
35100.000000 6.91440000e+04
35300.000000 6.76734000e+04
35500.000000 6.61986000e+04
35700.000000 6.47879000e+04
35900.000000 6.35185000e+04
36100.000000 6.20795000e+04
36300.000000 6.08913000e+04
36500.000000 5.95019000e+04
36700.000000 5.83936000e+04
36900.000000 5.70319000e+04
37100.000000 5.60245000e+04
37300.000000 5.45724000e+04
37500.000000 5.29444000e+04
37700.000000 5.26969000e+04
37900.000000 5.16413000e+04
38100.000000 5.04465000e+04
38300.000000 4.95153000e+04
38500.000000 4.86285000e+04
38700.000000 4.76744000e+04
38900.000000 4.67423000e+04
39100.000000 4.55212000e+04
39300.000000 4.49468000e+04
39500.000000 4.40824000e+04
39700.000000 4.32377000e+04
39900.000000 4.24126000e+04
40100.000000 4.14985000e+04
40300.000000 4.05542000e+04
40500.000000 3.94817000e+04
40700.000000 3.93038000e+04
40900.000000 3.85713000e+04
41100.000000 3.78578000e+04
41300.000000 3.71585000e+04
41500.000000 3.64753000e+04
41700.000000 3.54157000e+04
41900.000000 3.51556000e+04
42100.000000 3.45185000e+04
42300.000000 3.38980000e+04
42500.000000 3.32878000e+04
42700.000000 3.26936000e+04
42900.000000 3.21111000e+04
43100.000000 3.15420000e+04
43300.000000 3.09861000e+04
43500.000000 3.04410000e+04
43700.000000 2.95830000e+04
43900.000000 2.93610000e+04
44100.000000 2.88783000e+04
44300.000000 2.83801000e+04
44500.000000 2.78935000e+04
44700.000000 2.74333000e+04
44900.000000 2.69652000e+04
45100.000000 2.65080000e+04
45300.000000 2.60596000e+04
45500.000000 2.56218000e+04
45700.000000 2.51924000e+04
45900.000000 2.47713000e+04
46100.000000 2.43600000e+04
46300.000000 2.39567000e+04
46500.000000 2.32353000e+04
46700.000000 2.28761000e+04
46900.000000 2.27910000e+04
47100.000000 2.24247000e+04
47300.000000 2.20620000e+04
47500.000000 2.17046000e+04
47700.000000 2.13558000e+04
47900.000000 2.10136000e+04
48100.000000 2.06780000e+04
48300.000000 2.03505000e+04
48500.000000 2.00276000e+04
48700.000000 1.97126000e+04
48900.000000 1.94020000e+04
49100.000000 1.90989000e+04
49300.000000 1.88017000e+04
49500.000000 1.85086000e+04
49700.000000 1.82227000e+04
49900.000000 1.79422000e+04
50100.000000 1.76672000e+04
50300.000000 1.73959000e+04
50500.000000 1.71329000e+04
50700.000000 1.68719000e+04
50900.000000 1.66102000e+04
51100.000000 1.63679000e+04
51300.000000 1.59356000e+04
51500.000000 1.58817000e+04
51700.000000 1.56336000e+04
51900.000000 1.54126000e+04
52100.000000 1.51849000e+04
52300.000000 1.49615000e+04
52500.000000 1.47425000e+04
52700.000000 1.45087000e+04
52900.000000 1.43158000e+04
53100.000000 1.41079000e+04
53300.000000 1.39041000e+04
53500.000000 1.37043000e+04
53700.000000 1.34926000e+04
53900.000000 1.33019000e+04
54100.000000 1.31240000e+04
54300.000000 1.29380000e+04
54500.000000 1.27545000e+04
54700.000000 1.25750000e+04
54900.000000 1.23985000e+04
55100.000000 1.22248000e+04
55300.000000 1.20214000e+04
55500.000000 1.18869000e+04
55700.000000 1.17223000e+04
55900.000000 1.15604000e+04
56100.000000 1.14016000e+04
56300.000000 1.12452000e+04
56500.000000 1.10916000e+04
56700.000000 1.09406000e+04
56900.000000 1.07922000e+04
57100.000000 1.06019000e+04
57300.000000 1.05027000e+04
57500.000000 1.03618000e+04
57700.000000 1.02231000e+04
57900.000000 1.00866000e+04
58100.000000 9.95256000e+03
58300.000000 9.82066000e+03
58500.000000 9.69319000e+03
58700.000000 9.56559000e+03
58900.000000 9.43993000e+03
59100.000000 9.21792000e+03
59300.000000 9.19505000e+03
59500.000000 9.02374000e+03
59700.000000 8.95323000e+03
59900.000000 8.84251000e+03
60100.000000 8.72869000e+03
60300.000000 8.61680000e+03
60500.000000 8.50661000e+03
60700.000000 8.39819000e+03
60900.000000 8.29142000e+03
61100.000000 8.18647000e+03
61300.000000 8.08311000e+03
61500.000000 7.98141000e+03
61700.000000 7.88136000e+03
61900.000000 7.78283000e+03
62100.000000 7.68579000e+03
62300.000000 7.59022000e+03
62500.000000 7.49620000e+03
62700.000000 7.40361000e+03
62900.000000 7.26005000e+03
63100.000000 7.22262000e+03
63300.000000 7.13436000e+03
63500.000000 7.04736000e+03
63700.000000 6.96167000e+03
63900.000000 6.87720000e+03
64200.000000 6.75302000e+03
64600.000000 6.59174000e+03
65000.000000 6.43516000e+03
65400.000000 6.28332000e+03
65800.000000 6.13589000e+03
66200.000000 5.99277000e+03
66600.000000 5.85381000e+03
67000.000000 5.71883000e+03
67400.000000 5.58763000e+03
67800.000000 5.43937000e+03
68200.000000 5.33655000e+03
68600.000000 5.21638000e+03
69000.000000 5.09950000e+03
69400.000000 4.98574000e+03
69800.000000 4.87540000e+03
70200.000000 4.76794000e+03
70600.000000 4.66343000e+03
71000.000000 4.56096000e+03
71400.000000 4.46293000e+03
71800.000000 4.36672000e+03
72200.000000 4.27308000e+03
72600.000000 4.18024000e+03
73000.000000 4.09319000e+03
73400.000000 4.00689000e+03
73800.000000 3.92276000e+03
74200.000000 3.84082000e+03
74600.000000 3.74227000e+03
75000.000000 3.65049000e+03
75400.000000 3.60762000e+03
75800.000000 3.53385000e+03
76200.000000 3.46194000e+03
76600.000000 3.39191000e+03
77000.000000 3.32359000e+03
77400.000000 3.25694000e+03
77800.000000 3.18862000e+03
78200.000000 3.12867000e+03
78600.000000 3.06691000e+03
79000.000000 3.00665000e+03
79400.000000 2.94787000e+03
79800.000000 2.89053000e+03
80200.000000 2.83459000e+03
80600.000000 2.77997000e+03
81000.000000 2.72668000e+03
81400.000000 2.67050000e+03
81800.000000 2.62384000e+03
82200.000000 2.57428000e+03
82600.000000 2.52588000e+03
83000.000000 2.47857000e+03
83400.000000 2.43238000e+03
83800.000000 2.38727000e+03
84200.000000 2.34317000e+03
84600.000000 2.30012000e+03
85000.000000 2.25803000e+03
85400.000000 2.21694000e+03
85800.000000 2.17677000e+03
86200.000000 2.13750000e+03
86600.000000 2.09444000e+03
87000.000000 2.06153000e+03
87400.000000 2.02116000e+03
87800.000000 1.98514000e+03
88200.000000 1.95386000e+03
88600.000000 1.91951000e+03
89000.000000 1.88598000e+03
89400.000000 1.85311000e+03
89800.000000 1.82099000e+03
90200.000000 1.78955000e+03
90600.000000 1.75877000e+03
91000.000000 1.72870000e+03
91400.000000 1.69921000e+03
91800.000000 1.67040000e+03
92200.000000 1.64216000e+03
92600.000000 1.61451000e+03
93000.000000 1.58750000e+03
93400.000000 1.56102000e+03
93800.000000 1.53091000e+03
94200.000000 1.50965000e+03
94600.000000 1.48479000e+03
95000.000000 1.46042000e+03
95400.000000 1.43652000e+03
95800.000000 1.41318000e+03
96200.000000 1.39026000e+03
96600.000000 1.36783000e+03
97000.000000 1.34584000e+03
97400.000000 1.32428000e+03
97800.000000 1.30316000e+03
98200.000000 1.28244000e+03
98600.000000 1.26191000e+03
99000.000000 1.24227000e+03
99400.000000 1.22276000e+03
99800.000000 1.20364000e+03
100200.000000 1.18489000e+03
200000.000000 7.76016000e+01
400000.000000 4.94293000e+00
600000.000000 9.80355000e-01
800000.000000 3.10319000e-01
1000000.000000 1.27003000e-01
1200000.000000 6.11688000e-02
1400000.000000 3.29696000e-02
1600000.000000 1.92971000e-02
