# Kurucz ODFNEW /NOVER, alpha: 0.0 (2003)
# teff = 18000 K (value for the effective temperature for the model. Temperatures are given in K)
# logg = 2.5 log(cm/s2) (value for Log(G) for the model.)
# lh = 1.25  (l/Hp where l is the  mixing length of the convective element and Hp is the pressure scale height)
# meta = -0.5  (value for the Metallicity for the model.)
# vtur = 2 km/s (Microturbulence velocity)
# alpha = 0  (Alpha)
#
# column 1: WAVELENGTH (ANGSTROM), Wavelength in Angstrom
# column 2: FLUX (ERG/CM2/S/A), Flux in erg/cm2/s/A
151.000000 2.40105000e-22
155.200000 2.16759000e-21
158.800000 1.24895000e-20
162.000000 5.54041000e-20
166.000000 3.29741000e-19
170.300000 2.04861000e-18
173.400000 7.23525000e-18
176.800000 2.74572000e-17
180.200000 9.91907000e-17
181.700000 1.72190000e-16
186.100000 8.25399000e-16
191.000000 4.34662000e-15
193.900000 1.11695000e-14
198.400000 4.57262000e-14
201.800000 1.27210000e-13
205.000000 3.22988000e-13
210.500000 1.49832000e-12
216.200000 6.76296000e-12
219.800000 1.68199000e-11
223.000000 3.68646000e-11
226.800000 9.09264000e-11
230.000000 8.40698000e-10
234.000000 2.34895000e-09
240.000000 8.08072000e-09
246.500000 2.86405000e-08
252.400000 8.59835000e-08
256.800000 1.83851000e-07
260.000000 3.26629000e-07
264.000000 6.38152000e-07
268.500000 1.32126000e-06
273.500000 2.87973000e-06
278.500000 6.11755000e-06
284.000000 1.36028000e-05
290.000000 3.12708000e-05
296.000000 6.93683000e-05
301.000000 1.31509000e-04
308.000000 3.05787000e-04
318.000000 9.95730000e-04
328.000000 2.93318000e-03
338.000000 8.18428000e-03
348.000000 2.13413000e-02
357.000000 4.88939000e-02
366.000000 1.06512000e-01
375.000000 2.20283000e-01
385.000000 4.76932000e-01
395.000000 9.88298000e-01
405.000000 1.97339000e+00
414.000000 3.57066000e+00
422.000000 5.88648000e+00
430.000000 9.50911000e+00
441.000000 1.79842000e+01
451.000000 3.10976000e+01
460.000000 4.96763000e+01
470.000000 8.19936000e+01
480.000000 1.31896000e+02
490.000000 2.08339000e+02
500.000000 3.22149000e+02
506.000000 2.53447000e+03
512.000000 1.54159000e+04
520.000000 2.06588000e+04
530.000000 3.22520000e+04
540.000000 3.67557000e+04
550.000000 6.09119000e+04
560.000000 7.74350000e+04
570.000000 1.03512000e+05
580.000000 1.01450000e+05
590.000000 1.46568000e+05
600.000000 2.01760000e+05
610.000000 2.60309000e+05
620.000000 3.13722000e+05
630.000000 3.82852000e+05
640.000000 4.36026000e+05
650.000000 5.06628000e+05
658.000000 6.37944000e+05
665.000000 7.04330000e+05
675.000000 7.99357000e+05
685.000000 9.20176000e+05
695.000000 1.14487000e+06
705.000000 1.30007000e+06
716.000000 1.53629000e+06
726.000000 1.73292000e+06
735.000000 1.93258000e+06
745.000000 2.28064000e+06
755.000000 2.60282000e+06
765.000000 2.95789000e+06
775.000000 3.36339000e+06
785.000000 3.79306000e+06
795.000000 4.18713000e+06
805.000000 4.63696000e+06
815.000000 5.07136000e+06
825.000000 5.72767000e+06
835.000000 5.97926000e+06
845.000000 6.73552000e+06
855.000000 7.37251000e+06
865.000000 8.14911000e+06
875.000000 9.05922000e+06
885.000000 1.00644000e+07
895.000000 1.09516000e+07
905.000000 1.13968000e+07
915.000000 2.87016000e+07
925.000000 6.33676000e+08
935.000000 1.51304000e+09
945.000000 2.52701000e+09
955.000000 3.13771000e+09
965.000000 3.25750000e+09
975.000000 6.97680000e+08
985.000000 2.71322000e+09
995.000000 2.95520000e+09
1005.000000 3.66843000e+09
1015.000000 3.70467000e+09
1025.000000 2.31787000e+09
1035.000000 2.49827000e+09
1045.000000 4.49512000e+09
1055.000000 4.19809000e+09
1065.000000 3.49186000e+09
1075.000000 4.20731000e+09
1085.000000 3.57169000e+09
1095.000000 4.33403000e+09
1105.000000 3.81782000e+09
1115.000000 3.65510000e+09
1125.000000 3.21357000e+09
1135.000000 4.26115000e+09
1145.000000 3.93647000e+09
1155.000000 4.12559000e+09
1165.000000 4.23993000e+09
1175.000000 3.00319000e+09
1185.000000 4.31130000e+09
1195.000000 3.47704000e+09
1205.000000 1.72371000e+09
1215.000000 1.66563000e+09
1225.000000 3.64874000e+09
1235.000000 4.26839000e+09
1245.000000 4.34836000e+09
1255.000000 4.24657000e+09
1265.000000 4.04809000e+09
1275.000000 4.31276000e+09
1285.000000 4.25457000e+09
1295.000000 2.85115000e+09
1305.000000 3.04941000e+09
1315.000000 4.17072000e+09
1325.000000 3.94148000e+09
1335.000000 3.43643000e+09
1345.000000 3.99090000e+09
1355.000000 3.94411000e+09
1365.000000 3.61823000e+09
1375.000000 3.62358000e+09
1385.000000 3.63900000e+09
1395.000000 2.99676000e+09
1405.000000 3.24205000e+09
1415.000000 3.38096000e+09
1425.000000 3.42681000e+09
1435.000000 3.50161000e+09
1442.000000 3.58872000e+09
1447.000000 3.51016000e+09
1455.000000 3.44622000e+09
1465.000000 3.25786000e+09
1475.000000 3.27080000e+09
1485.000000 3.24091000e+09
1495.000000 3.19449000e+09
1505.000000 3.01314000e+09
1512.000000 2.70434000e+09
1517.000000 2.82291000e+09
1525.000000 2.90125000e+09
1535.000000 2.58905000e+09
1545.000000 2.65712000e+09
1555.000000 2.53674000e+09
1565.000000 2.65917000e+09
1575.000000 2.78785000e+09
1585.000000 2.78893000e+09
1595.000000 2.81137000e+09
1605.000000 2.77499000e+09
1615.000000 2.76167000e+09
1625.000000 2.69027000e+09
1635.000000 2.82009000e+09
1645.000000 2.80442000e+09
1655.000000 2.70957000e+09
1665.000000 2.83163000e+09
1672.000000 2.72536000e+09
1677.000000 2.82487000e+09
1685.000000 2.81841000e+09
1695.000000 2.67157000e+09
1705.000000 2.57903000e+09
1715.000000 2.44682000e+09
1725.000000 2.44652000e+09
1735.000000 2.55156000e+09
1745.000000 2.47476000e+09
1755.000000 2.53287000e+09
1765.000000 2.42420000e+09
1775.000000 2.36730000e+09
1785.000000 2.39477000e+09
1795.000000 2.47819000e+09
1805.000000 2.49301000e+09
1815.000000 2.23666000e+09
1825.000000 2.34309000e+09
1835.000000 2.27264000e+09
1845.000000 2.10044000e+09
1855.000000 2.00505000e+09
1865.000000 2.06321000e+09
1875.000000 2.24069000e+09
1885.000000 2.00800000e+09
1895.000000 1.86695000e+09
1905.000000 2.04900000e+09
1915.000000 1.91815000e+09
1925.000000 1.85283000e+09
1935.000000 1.95708000e+09
1945.000000 1.98501000e+09
1955.000000 1.81917000e+09
1967.000000 1.98185000e+09
1976.000000 2.05212000e+09
1984.000000 1.91808000e+09
1995.000000 1.87105000e+09
2005.000000 1.94502000e+09
2015.000000 1.91472000e+09
2025.000000 1.99021000e+09
2035.000000 1.82232000e+09
2045.000000 1.86220000e+09
2055.000000 1.80924000e+09
2065.000000 1.81552000e+09
2074.000000 1.93695000e+09
2078.000000 1.73407000e+09
2085.000000 1.83519000e+09
2095.000000 1.73592000e+09
2105.000000 1.77804000e+09
2115.000000 1.78653000e+09
2125.000000 1.81164000e+09
2135.000000 1.77867000e+09
2145.000000 1.68672000e+09
2155.000000 1.76771000e+09
2165.000000 1.75641000e+09
2175.000000 1.73862000e+09
2185.000000 1.68400000e+09
2195.000000 1.71748000e+09
2205.000000 1.69589000e+09
2215.000000 1.66234000e+09
2225.000000 1.62057000e+09
2235.000000 1.63069000e+09
2245.000000 1.63630000e+09
2255.000000 1.57907000e+09
2265.000000 1.60716000e+09
2275.000000 1.59306000e+09
2285.000000 1.60051000e+09
2295.000000 1.52243000e+09
2305.000000 1.55038000e+09
2315.000000 1.50517000e+09
2325.000000 1.48744000e+09
2335.000000 1.43451000e+09
2345.000000 1.42765000e+09
2355.000000 1.44809000e+09
2365.000000 1.41741000e+09
2375.000000 1.40937000e+09
2385.000000 1.38248000e+09
2395.000000 1.39618000e+09
2405.000000 1.36173000e+09
2415.000000 1.35493000e+09
2425.000000 1.36531000e+09
2435.000000 1.32209000e+09
2445.000000 1.33443000e+09
2455.000000 1.33677000e+09
2465.000000 1.30437000e+09
2475.000000 1.28874000e+09
2485.000000 1.28883000e+09
2495.000000 1.22260000e+09
2505.000000 1.26809000e+09
2513.000000 1.21272000e+09
2518.000000 1.24825000e+09
2525.000000 1.21960000e+09
2535.000000 1.20138000e+09
2545.000000 1.17352000e+09
2555.000000 1.20226000e+09
2565.000000 1.18123000e+09
2575.000000 1.19389000e+09
2585.000000 1.18320000e+09
2595.000000 1.17365000e+09
2605.000000 1.16699000e+09
2615.000000 1.15345000e+09
2625.000000 1.14222000e+09
2635.000000 1.13384000e+09
2645.000000 1.14445000e+09
2655.000000 1.13911000e+09
2665.000000 1.10994000e+09
2675.000000 1.11351000e+09
2685.000000 1.10679000e+09
2695.000000 1.07997000e+09
2705.000000 1.07623000e+09
2715.000000 1.06499000e+09
2725.000000 1.04968000e+09
2735.000000 1.05300000e+09
2745.000000 1.01539000e+09
2755.000000 1.01334000e+09
2765.000000 1.01076000e+09
2775.000000 1.01855000e+09
2785.000000 1.00460000e+09
2795.000000 9.72154000e+08
2805.000000 9.84818000e+08
2815.000000 9.83728000e+08
2825.000000 9.70073000e+08
2835.000000 9.39664000e+08
2845.000000 9.45591000e+08
2855.000000 9.39533000e+08
2865.000000 9.41201000e+08
2875.000000 9.29469000e+08
2885.000000 9.23535000e+08
2895.000000 9.13255000e+08
2910.000000 9.01996000e+08
2930.000000 8.83229000e+08
2950.000000 8.62722000e+08
2970.000000 8.54345000e+08
2990.000000 8.36928000e+08
3010.000000 8.20729000e+08
3030.000000 8.14074000e+08
3050.000000 7.99748000e+08
3070.000000 7.86244000e+08
3090.000000 7.68365000e+08
3110.000000 7.58086000e+08
3130.000000 7.45891000e+08
3150.000000 7.33260000e+08
3170.000000 7.18751000e+08
3190.000000 7.02177000e+08
3210.000000 6.95795000e+08
3230.000000 6.84135000e+08
3250.000000 6.73280000e+08
3270.000000 6.62004000e+08
3290.000000 6.50430000e+08
3310.000000 6.41115000e+08
3330.000000 6.30379000e+08
3350.000000 6.18847000e+08
3370.000000 6.09765000e+08
3390.000000 6.00133000e+08
3410.000000 5.90684000e+08
3430.000000 5.78244000e+08
3450.000000 5.67159000e+08
3470.000000 5.59733000e+08
3490.000000 5.51975000e+08
3510.000000 5.45366000e+08
3530.000000 5.37572000e+08
3550.000000 5.29110000e+08
3570.000000 5.22459000e+08
3590.000000 5.11159000e+08
3610.000000 5.02562000e+08
3630.000000 4.95953000e+08
3640.000000 4.94881000e+08
3650.000000 4.85669000e+08
3670.000000 4.78572000e+08
3690.000000 4.61861000e+08
3710.000000 4.79858000e+08
3730.000000 4.95197000e+08
3750.000000 5.45089000e+08
3770.000000 5.41441000e+08
3790.000000 5.44948000e+08
3810.000000 5.61613000e+08
3830.000000 5.10510000e+08
3850.000000 5.58874000e+08
3870.000000 5.46496000e+08
3890.000000 4.93290000e+08
3910.000000 5.38674000e+08
3930.000000 5.21034000e+08
3950.000000 5.21566000e+08
3970.000000 4.59316000e+08
3990.000000 5.04843000e+08
4010.000000 4.96469000e+08
4030.000000 4.80234000e+08
4050.000000 4.83932000e+08
4070.000000 4.73160000e+08
4090.000000 4.60662000e+08
4110.000000 4.20685000e+08
4130.000000 4.48756000e+08
4150.000000 4.44179000e+08
4170.000000 4.40058000e+08
4190.000000 4.35502000e+08
4210.000000 4.30014000e+08
4230.000000 4.22862000e+08
4250.000000 4.15888000e+08
4270.000000 4.06340000e+08
4290.000000 4.03666000e+08
4310.000000 3.96947000e+08
4330.000000 3.82137000e+08
4350.000000 3.53764000e+08
4370.000000 3.79414000e+08
4390.000000 3.71547000e+08
4410.000000 3.69773000e+08
4430.000000 3.63563000e+08
4450.000000 3.60169000e+08
4470.000000 3.48148000e+08
4490.000000 3.48585000e+08
4510.000000 3.45686000e+08
4530.000000 3.40143000e+08
4550.000000 3.35485000e+08
4570.000000 3.30751000e+08
4590.000000 3.26409000e+08
4610.000000 3.21296000e+08
4630.000000 3.16752000e+08
4650.000000 3.11088000e+08
4670.000000 3.08429000e+08
4690.000000 3.05034000e+08
4710.000000 2.96454000e+08
4730.000000 2.94626000e+08
4750.000000 2.90447000e+08
4770.000000 2.89060000e+08
4790.000000 2.84861000e+08
4810.000000 2.80299000e+08
4830.000000 2.76755000e+08
4850.000000 2.68856000e+08
4870.000000 2.45843000e+08
4890.000000 2.66208000e+08
4910.000000 2.62778000e+08
4930.000000 2.55659000e+08
4950.000000 2.55750000e+08
4970.000000 2.52827000e+08
4990.000000 2.49291000e+08
5010.000000 2.41916000e+08
5030.000000 2.42602000e+08
5050.000000 2.37213000e+08
5070.000000 2.36532000e+08
5090.000000 2.33485000e+08
5110.000000 2.30319000e+08
5130.000000 2.26637000e+08
5150.000000 2.23914000e+08
5170.000000 2.21861000e+08
5190.000000 2.19049000e+08
5210.000000 2.15400000e+08
5230.000000 2.13508000e+08
5250.000000 2.10873000e+08
5270.000000 2.08122000e+08
5290.000000 2.05703000e+08
5310.000000 2.03034000e+08
5330.000000 2.00479000e+08
5350.000000 1.97720000e+08
5370.000000 1.95714000e+08
5390.000000 1.93266000e+08
5410.000000 1.90926000e+08
5430.000000 1.88180000e+08
5450.000000 1.86066000e+08
5470.000000 1.83814000e+08
5490.000000 1.81727000e+08
5510.000000 1.79542000e+08
5530.000000 1.77334000e+08
5550.000000 1.75324000e+08
5570.000000 1.73132000e+08
5590.000000 1.71148000e+08
5610.000000 1.68948000e+08
5630.000000 1.67156000e+08
5650.000000 1.64452000e+08
5670.000000 1.62486000e+08
5690.000000 1.60612000e+08
5710.000000 1.59246000e+08
5730.000000 1.57391000e+08
5750.000000 1.55455000e+08
5770.000000 1.53847000e+08
5790.000000 1.52044000e+08
5810.000000 1.50285000e+08
5830.000000 1.48447000e+08
5850.000000 1.46828000e+08
5870.000000 1.42079000e+08
5890.000000 1.42864000e+08
5910.000000 1.41748000e+08
5930.000000 1.40054000e+08
5950.000000 1.38327000e+08
5970.000000 1.37074000e+08
5990.000000 1.35341000e+08
6010.000000 1.33983000e+08
6030.000000 1.32412000e+08
6050.000000 1.30971000e+08
6070.000000 1.29537000e+08
6090.000000 1.28068000e+08
6110.000000 1.26676000e+08
6130.000000 1.25289000e+08
6150.000000 1.23659000e+08
6170.000000 1.22463000e+08
6190.000000 1.21171000e+08
6210.000000 1.19855000e+08
6230.000000 1.18533000e+08
6250.000000 1.17139000e+08
6270.000000 1.15943000e+08
6290.000000 1.14683000e+08
6310.000000 1.13380000e+08
6330.000000 1.12232000e+08
6350.000000 1.10667000e+08
6370.000000 1.09629000e+08
6390.000000 1.08612000e+08
6410.000000 1.07459000e+08
6430.000000 1.06363000e+08
6450.000000 1.05206000e+08
6470.000000 1.03999000e+08
6490.000000 1.02930000e+08
6510.000000 1.01880000e+08
6530.000000 1.00789000e+08
6550.000000 9.85937000e+07
6570.000000 8.93278000e+07
6590.000000 9.69667000e+07
6610.000000 9.66395000e+07
6630.000000 9.56888000e+07
6650.000000 9.47393000e+07
6670.000000 9.31728000e+07
6690.000000 9.22293000e+07
6710.000000 9.18560000e+07
6730.000000 9.08784000e+07
6750.000000 8.99934000e+07
6770.000000 8.90761000e+07
6790.000000 8.79148000e+07
6810.000000 8.72286000e+07
6830.000000 8.63631000e+07
6850.000000 8.55063000e+07
6870.000000 8.46500000e+07
6890.000000 8.37862000e+07
6910.000000 8.29469000e+07
6930.000000 8.20923000e+07
6950.000000 8.13085000e+07
6970.000000 8.05014000e+07
6990.000000 7.96790000e+07
7010.000000 7.89030000e+07
7030.000000 7.81269000e+07
7050.000000 7.73280000e+07
7070.000000 7.54892000e+07
7090.000000 7.58509000e+07
7110.000000 7.49701000e+07
7130.000000 7.42759000e+07
7150.000000 7.36377000e+07
7170.000000 7.29138000e+07
7190.000000 7.22267000e+07
7210.000000 7.15287000e+07
7230.000000 7.01613000e+07
7250.000000 7.01281000e+07
7270.000000 6.94776000e+07
7290.000000 6.83257000e+07
7310.000000 6.81455000e+07
7330.000000 6.75042000e+07
7350.000000 6.68681000e+07
7370.000000 6.62338000e+07
7390.000000 6.56061000e+07
7410.000000 6.49869000e+07
7430.000000 6.43597000e+07
7450.000000 6.37716000e+07
7470.000000 6.31356000e+07
7490.000000 6.25766000e+07
7510.000000 6.19692000e+07
7530.000000 6.14112000e+07
7550.000000 6.08537000e+07
7570.000000 6.02900000e+07
7590.000000 5.97248000e+07
7610.000000 5.91745000e+07
7630.000000 5.86311000e+07
7650.000000 5.80919000e+07
7670.000000 5.75633000e+07
7690.000000 5.70311000e+07
7710.000000 5.65068000e+07
7730.000000 5.59966000e+07
7750.000000 5.54828000e+07
7770.000000 5.47907000e+07
7790.000000 5.44923000e+07
7810.000000 5.39585000e+07
7830.000000 5.35148000e+07
7850.000000 5.30463000e+07
7870.000000 5.25690000e+07
7890.000000 5.20208000e+07
7910.000000 5.15955000e+07
7930.000000 5.10870000e+07
7950.000000 5.05942000e+07
7970.000000 5.01437000e+07
7990.000000 4.97271000e+07
8010.000000 4.92871000e+07
8030.000000 4.88906000e+07
8050.000000 4.84898000e+07
8070.000000 4.80867000e+07
8090.000000 4.75746000e+07
8110.000000 4.71742000e+07
8130.000000 4.68586000e+07
8150.000000 4.63555000e+07
8170.000000 4.60588000e+07
8190.000000 4.56241000e+07
8210.000000 4.50237000e+07
8230.000000 4.47323000e+07
8250.000000 4.43839000e+07
8270.000000 4.37922000e+07
8290.000000 4.35630000e+07
8310.000000 4.32003000e+07
8330.000000 4.28150000e+07
8350.000000 4.22854000e+07
8370.000000 4.18583000e+07
8390.000000 4.15749000e+07
8410.000000 4.11686000e+07
8430.000000 4.09115000e+07
8450.000000 4.03720000e+07
8470.000000 3.97299000e+07
8490.000000 4.04210000e+07
8510.000000 3.89151000e+07
8530.000000 4.00428000e+07
8550.000000 3.78185000e+07
8570.000000 3.99930000e+07
8590.000000 3.80818000e+07
8610.000000 3.76775000e+07
8630.000000 3.94146000e+07
8650.000000 3.85855000e+07
8670.000000 3.55445000e+07
8690.000000 3.86412000e+07
8710.000000 3.85196000e+07
8730.000000 3.76013000e+07
8750.000000 3.43415000e+07
8770.000000 3.69211000e+07
8790.000000 3.72828000e+07
8810.000000 3.69351000e+07
8830.000000 3.66433000e+07
8850.000000 3.53043000e+07
8870.000000 3.28564000e+07
8890.000000 3.56870000e+07
8910.000000 3.54729000e+07
8930.000000 3.51451000e+07
8950.000000 3.49571000e+07
8970.000000 3.46905000e+07
8990.000000 3.40944000e+07
9010.000000 3.12924000e+07
9030.000000 3.28251000e+07
9050.000000 3.35408000e+07
9070.000000 3.30917000e+07
9090.000000 3.29421000e+07
9110.000000 3.27731000e+07
9130.000000 3.25325000e+07
9150.000000 3.22793000e+07
9170.000000 3.19478000e+07
9190.000000 3.17563000e+07
9210.000000 3.09457000e+07
9230.000000 2.82159000e+07
9250.000000 3.06535000e+07
9270.000000 3.06384000e+07
9290.000000 3.05411000e+07
9310.000000 3.02053000e+07
9330.000000 3.00504000e+07
9350.000000 2.98203000e+07
9370.000000 2.96108000e+07
9390.000000 2.93809000e+07
9410.000000 2.91022000e+07
9430.000000 2.89314000e+07
9450.000000 2.87095000e+07
9470.000000 2.83582000e+07
9490.000000 2.82693000e+07
9510.000000 2.78427000e+07
9530.000000 2.72444000e+07
9550.000000 2.50196000e+07
9570.000000 2.72261000e+07
9590.000000 2.72081000e+07
9610.000000 2.69358000e+07
9630.000000 2.66587000e+07
9650.000000 2.66014000e+07
9670.000000 2.63980000e+07
9690.000000 2.61788000e+07
9710.000000 2.59360000e+07
9730.000000 2.58116000e+07
9750.000000 2.56162000e+07
9770.000000 2.54278000e+07
9790.000000 2.52383000e+07
9810.000000 2.50486000e+07
9830.000000 2.48629000e+07
9850.000000 2.46809000e+07
9870.000000 2.44959000e+07
9890.000000 2.43099000e+07
9910.000000 2.40792000e+07
9930.000000 2.39609000e+07
9950.000000 2.37855000e+07
9970.000000 2.36087000e+07
9990.000000 2.34387000e+07
10025.000000 2.26928000e+07
10075.000000 2.20027000e+07
10125.000000 2.22659000e+07
10175.000000 2.19130000e+07
10225.000000 2.15143000e+07
10275.000000 2.11417000e+07
10325.000000 2.07077000e+07
10375.000000 2.04029000e+07
10425.000000 2.00458000e+07
10475.000000 1.96959000e+07
10525.000000 1.93521000e+07
10575.000000 1.90193000e+07
10625.000000 1.86922000e+07
10675.000000 1.83367000e+07
10725.000000 1.80574000e+07
10775.000000 1.77503000e+07
10825.000000 1.72694000e+07
10875.000000 1.71562000e+07
10925.000000 1.60618000e+07
10975.000000 1.64862000e+07
11025.000000 1.62425000e+07
11075.000000 1.60391000e+07
11125.000000 1.57753000e+07
11175.000000 1.55159000e+07
11225.000000 1.52536000e+07
11275.000000 1.50012000e+07
11325.000000 1.47624000e+07
11375.000000 1.45302000e+07
11425.000000 1.42942000e+07
11475.000000 1.40669000e+07
11525.000000 1.38421000e+07
11575.000000 1.36199000e+07
11625.000000 1.34037000e+07
11675.000000 1.31930000e+07
11725.000000 1.29859000e+07
11775.000000 1.27780000e+07
11825.000000 1.25835000e+07
11875.000000 1.23874000e+07
11925.000000 1.21963000e+07
11975.000000 1.19478000e+07
12025.000000 1.18234000e+07
12075.000000 1.16425000e+07
12125.000000 1.14649000e+07
12175.000000 1.12907000e+07
12225.000000 1.11198000e+07
12275.000000 1.09522000e+07
12325.000000 1.07876000e+07
12375.000000 1.06261000e+07
12425.000000 1.04678000e+07
12475.000000 1.03097000e+07
12525.000000 1.01423000e+07
12575.000000 1.00082000e+07
12625.000000 9.86196000e+06
12675.000000 9.71818000e+06
12725.000000 9.57635000e+06
12775.000000 9.35333000e+06
12825.000000 8.88476000e+06
12875.000000 9.15770000e+06
12925.000000 9.03444000e+06
12975.000000 8.86805000e+06
13025.000000 8.77789000e+06
13075.000000 8.65292000e+06
13125.000000 8.53048000e+06
13175.000000 8.40878000e+06
13225.000000 8.29146000e+06
13275.000000 8.17525000e+06
13325.000000 8.06076000e+06
13375.000000 7.94859000e+06
13425.000000 7.83159000e+06
13475.000000 7.72980000e+06
13525.000000 7.62312000e+06
13575.000000 7.51841000e+06
13625.000000 7.41544000e+06
13675.000000 7.31397000e+06
13725.000000 7.21458000e+06
13775.000000 7.11723000e+06
13825.000000 7.02110000e+06
13875.000000 6.92656000e+06
13925.000000 6.83261000e+06
13975.000000 6.74176000e+06
14025.000000 6.65240000e+06
14075.000000 6.56415000e+06
14125.000000 6.47716000e+06
14175.000000 6.39180000e+06
14225.000000 6.30785000e+06
14275.000000 6.22510000e+06
14325.000000 6.14372000e+06
14375.000000 6.06368000e+06
14425.000000 5.98460000e+06
14475.000000 5.90737000e+06
14525.000000 5.83123000e+06
14570.000000 5.76403000e+06
14620.000000 5.68837000e+06
14675.000000 5.60925000e+06
14725.000000 5.53838000e+06
14775.000000 5.46834000e+06
14825.000000 5.39998000e+06
14875.000000 5.33207000e+06
14925.000000 5.26478000e+06
14975.000000 5.19826000e+06
15025.000000 5.13135000e+06
15075.000000 5.05841000e+06
15125.000000 5.00081000e+06
15175.000000 4.93830000e+06
15225.000000 4.88674000e+06
15275.000000 4.80717000e+06
15325.000000 4.74762000e+06
15375.000000 4.71138000e+06
15425.000000 4.61438000e+06
15475.000000 4.60317000e+06
15525.000000 4.55341000e+06
15575.000000 4.42421000e+06
15625.000000 4.46306000e+06
15675.000000 4.37591000e+06
15725.000000 4.26388000e+06
15775.000000 4.31243000e+06
15825.000000 4.26161000e+06
15875.000000 4.06857000e+06
15925.000000 4.15240000e+06
15975.000000 4.12615000e+06
16050.000000 4.04337000e+06
16150.000000 3.87992000e+06
16250.000000 3.86969000e+06
16350.000000 3.76684000e+06
16450.000000 3.61802000e+06
16550.000000 3.60991000e+06
16650.000000 3.52822000e+06
16750.000000 3.43506000e+06
16850.000000 3.30179000e+06
16950.000000 3.29626000e+06
17050.000000 3.21286000e+06
17150.000000 3.15258000e+06
17250.000000 3.08359000e+06
17350.000000 2.94365000e+06
17450.000000 2.94898000e+06
17550.000000 2.88758000e+06
17650.000000 2.82569000e+06
17750.000000 2.76536000e+06
17850.000000 2.70597000e+06
17950.000000 2.64983000e+06
18050.000000 2.59338000e+06
18150.000000 2.48208000e+06
18250.000000 2.48210000e+06
18350.000000 2.43588000e+06
18450.000000 2.38575000e+06
18550.000000 2.33546000e+06
18650.000000 2.27983000e+06
18750.000000 2.18732000e+06
18850.000000 2.19800000e+06
18950.000000 2.15346000e+06
19050.000000 2.10600000e+06
19150.000000 2.06927000e+06
19250.000000 2.02840000e+06
19350.000000 1.98838000e+06
19450.000000 1.89977000e+06
19550.000000 1.90966000e+06
19650.000000 1.87476000e+06
19750.000000 1.83863000e+06
19850.000000 1.80342000e+06
19950.000000 1.76901000e+06
20050.000000 1.73538000e+06
20150.000000 1.70261000e+06
20250.000000 1.67059000e+06
20350.000000 1.63929000e+06
20450.000000 1.60825000e+06
20550.000000 1.57596000e+06
20650.000000 1.54977000e+06
20750.000000 1.52122000e+06
20850.000000 1.49341000e+06
20950.000000 1.46622000e+06
21050.000000 1.43966000e+06
21150.000000 1.40949000e+06
21250.000000 1.38824000e+06
21350.000000 1.36337000e+06
21450.000000 1.33889000e+06
21550.000000 1.31522000e+06
21650.000000 1.25849000e+06
21750.000000 1.26861000e+06
21850.000000 1.24668000e+06
21950.000000 1.22550000e+06
22050.000000 1.20433000e+06
22150.000000 1.18350000e+06
22250.000000 1.16300000e+06
22350.000000 1.14326000e+06
22450.000000 1.12375000e+06
22550.000000 1.10470000e+06
22650.000000 1.08601000e+06
22750.000000 1.06767000e+06
22850.000000 1.04976000e+06
22950.000000 1.03226000e+06
23050.000000 1.01496000e+06
23150.000000 9.98407000e+05
23250.000000 9.81962000e+05
23350.000000 9.65899000e+05
23450.000000 9.50075000e+05
23550.000000 9.34619000e+05
23650.000000 9.19458000e+05
23750.000000 9.04585000e+05
23850.000000 8.89928000e+05
23950.000000 8.75616000e+05
24050.000000 8.61446000e+05
24150.000000 8.47350000e+05
24250.000000 8.34931000e+05
24350.000000 8.20717000e+05
24450.000000 8.07337000e+05
24550.000000 7.96210000e+05
24650.000000 7.82509000e+05
24750.000000 7.69495000e+05
24850.000000 7.60935000e+05
24950.000000 7.43047000e+05
25050.000000 7.37846000e+05
25150.000000 7.26809000e+05
25250.000000 7.07414000e+05
25350.000000 7.04951000e+05
25450.000000 6.95815000e+05
25550.000000 6.84262000e+05
25650.000000 6.63248000e+05
25750.000000 6.64470000e+05
25850.000000 6.54998000e+05
25950.000000 6.45316000e+05
26050.000000 6.34153000e+05
26150.000000 6.12344000e+05
26250.000000 6.00252000e+05
26350.000000 6.07479000e+05
26450.000000 5.99286000e+05
26550.000000 5.90131000e+05
26650.000000 5.81414000e+05
26750.000000 5.59912000e+05
26850.000000 5.64632000e+05
26950.000000 5.57286000e+05
27050.000000 5.49312000e+05
27150.000000 5.41490000e+05
27250.000000 5.33820000e+05
27350.000000 5.26297000e+05
27450.000000 5.18870000e+05
27550.000000 5.00319000e+05
27650.000000 5.02225000e+05
27750.000000 4.97438000e+05
27850.000000 4.90521000e+05
27950.000000 4.83738000e+05
28050.000000 4.77068000e+05
28150.000000 4.70523000e+05
28250.000000 4.64082000e+05
28350.000000 4.57744000e+05
28450.000000 4.51529000e+05
28550.000000 4.45257000e+05
28650.000000 4.38455000e+05
28750.000000 4.22771000e+05
28850.000000 4.27658000e+05
28950.000000 4.21930000e+05
29050.000000 4.16330000e+05
29150.000000 4.10800000e+05
29250.000000 4.05363000e+05
29350.000000 4.00012000e+05
29450.000000 3.94755000e+05
29550.000000 3.89581000e+05
29650.000000 3.84493000e+05
29750.000000 3.79487000e+05
29850.000000 3.74559000e+05
29950.000000 3.69715000e+05
30050.000000 3.64947000e+05
30150.000000 3.60238000e+05
30250.000000 3.55633000e+05
30350.000000 3.44193000e+05
30450.000000 3.44004000e+05
30550.000000 3.42216000e+05
30650.000000 3.37897000e+05
30750.000000 3.33612000e+05
30850.000000 3.29414000e+05
30950.000000 3.25310000e+05
31050.000000 3.21245000e+05
31150.000000 3.17241000e+05
31250.000000 3.13288000e+05
31350.000000 3.09426000e+05
31450.000000 3.05607000e+05
31550.000000 3.01848000e+05
31650.000000 2.98142000e+05
31750.000000 2.94496000e+05
31850.000000 2.90908000e+05
31950.000000 2.87370000e+05
32100.000000 2.82168000e+05
32300.000000 2.75409000e+05
32500.000000 2.68852000e+05
32700.000000 2.62487000e+05
32900.000000 2.52376000e+05
33100.000000 2.49744000e+05
33300.000000 2.44263000e+05
33500.000000 2.38670000e+05
33700.000000 2.33191000e+05
33900.000000 2.27871000e+05
34100.000000 2.22702000e+05
34300.000000 2.17672000e+05
34500.000000 2.12788000e+05
34700.000000 2.08037000e+05
34900.000000 2.03411000e+05
35100.000000 1.98922000e+05
35300.000000 1.94558000e+05
35500.000000 1.90273000e+05
35700.000000 1.86096000e+05
35900.000000 1.82236000e+05
36100.000000 1.78101000e+05
36300.000000 1.74734000e+05
36500.000000 1.70534000e+05
36700.000000 1.67525000e+05
36900.000000 1.63233000e+05
37100.000000 1.60325000e+05
37300.000000 1.56187000e+05
37500.000000 1.51568000e+05
37700.000000 1.50783000e+05
37900.000000 1.47688000e+05
38100.000000 1.44000000e+05
38300.000000 1.41301000e+05
38500.000000 1.38868000e+05
38700.000000 1.36073000e+05
38900.000000 1.33321000e+05
39100.000000 1.29447000e+05
39300.000000 1.28103000e+05
39500.000000 1.25571000e+05
39700.000000 1.23114000e+05
39900.000000 1.20709000e+05
40100.000000 1.17875000e+05
40300.000000 1.14956000e+05
40500.000000 1.12251000e+05
40700.000000 1.11655000e+05
40900.000000 1.09527000e+05
41100.000000 1.07449000e+05
41300.000000 1.05358000e+05
41500.000000 1.03437000e+05
41700.000000 1.00086000e+05
41900.000000 9.96087000e+04
42100.000000 9.77633000e+04
42300.000000 9.59588000e+04
42500.000000 9.41631000e+04
42700.000000 9.24731000e+04
42900.000000 9.06713000e+04
43100.000000 8.91442000e+04
43300.000000 8.75370000e+04
43500.000000 8.59634000e+04
43700.000000 8.33023000e+04
43900.000000 8.27874000e+04
44100.000000 8.14532000e+04
44300.000000 8.00168000e+04
44500.000000 7.86105000e+04
44700.000000 7.73335000e+04
44900.000000 7.59865000e+04
45100.000000 7.46676000e+04
45300.000000 7.33764000e+04
45500.000000 7.21159000e+04
45700.000000 7.08799000e+04
45900.000000 6.96717000e+04
46100.000000 6.84693000e+04
46300.000000 6.73255000e+04
46500.000000 6.50053000e+04
46700.000000 6.39574000e+04
46900.000000 6.38772000e+04
47100.000000 6.29368000e+04
47300.000000 6.18938000e+04
47500.000000 6.08695000e+04
47700.000000 5.98733000e+04
47900.000000 5.88949000e+04
48100.000000 5.79356000e+04
48300.000000 5.69949000e+04
48500.000000 5.60742000e+04
48700.000000 5.51714000e+04
48900.000000 5.42862000e+04
49100.000000 5.34198000e+04
49300.000000 5.25703000e+04
49500.000000 5.17374000e+04
49700.000000 5.08917000e+04
49900.000000 5.01215000e+04
50100.000000 4.93363000e+04
50300.000000 4.85204000e+04
50500.000000 4.78119000e+04
50700.000000 4.70719000e+04
50900.000000 4.62665000e+04
51100.000000 4.56064000e+04
51300.000000 4.41621000e+04
51500.000000 4.42488000e+04
51700.000000 4.34715000e+04
51900.000000 4.29204000e+04
52100.000000 4.22736000e+04
52300.000000 4.16397000e+04
52500.000000 4.09882000e+04
52700.000000 4.02761000e+04
52900.000000 3.98052000e+04
53100.000000 3.92173000e+04
53300.000000 3.86385000e+04
53500.000000 3.80711000e+04
53700.000000 3.74079000e+04
53900.000000 3.68740000e+04
54100.000000 3.64307000e+04
54300.000000 3.59035000e+04
54500.000000 3.53855000e+04
54700.000000 3.48766000e+04
54900.000000 3.43768000e+04
55100.000000 3.38596000e+04
55300.000000 3.31741000e+04
55500.000000 3.29306000e+04
55700.000000 3.24662000e+04
55900.000000 3.20089000e+04
56100.000000 3.15608000e+04
56300.000000 3.11195000e+04
56500.000000 3.06859000e+04
56700.000000 3.02601000e+04
56900.000000 2.98406000e+04
57100.000000 2.91258000e+04
57300.000000 2.90158000e+04
57500.000000 2.86286000e+04
57700.000000 2.82381000e+04
57900.000000 2.78546000e+04
58100.000000 2.74767000e+04
58300.000000 2.71057000e+04
58500.000000 2.67610000e+04
58700.000000 2.64019000e+04
58900.000000 2.60231000e+04
59100.000000 2.52238000e+04
59300.000000 2.53507000e+04
59500.000000 2.47038000e+04
59700.000000 2.46179000e+04
59900.000000 2.43697000e+04
60100.000000 2.40503000e+04
60300.000000 2.37356000e+04
60500.000000 2.34266000e+04
60700.000000 2.31222000e+04
60900.000000 2.28233000e+04
61100.000000 2.25288000e+04
61300.000000 2.22387000e+04
61500.000000 2.19538000e+04
61700.000000 2.16732000e+04
61900.000000 2.13977000e+04
62100.000000 2.11253000e+04
62300.000000 2.08588000e+04
62500.000000 2.05953000e+04
62700.000000 2.03281000e+04
62900.000000 1.97448000e+04
63100.000000 1.98081000e+04
63300.000000 1.95826000e+04
63500.000000 1.93398000e+04
63700.000000 1.91007000e+04
63900.000000 1.88641000e+04
64200.000000 1.85173000e+04
64600.000000 1.80675000e+04
65000.000000 1.76300000e+04
65400.000000 1.72072000e+04
65800.000000 1.67959000e+04
66200.000000 1.63967000e+04
66600.000000 1.60100000e+04
67000.000000 1.56340000e+04
67400.000000 1.52632000e+04
67800.000000 1.47722000e+04
68200.000000 1.45654000e+04
68600.000000 1.42367000e+04
69000.000000 1.39123000e+04
69400.000000 1.35874000e+04
69800.000000 1.32906000e+04
70200.000000 1.29920000e+04
70600.000000 1.27024000e+04
71000.000000 1.24064000e+04
71400.000000 1.21466000e+04
71800.000000 1.18801000e+04
72200.000000 1.16209000e+04
72600.000000 1.13474000e+04
73000.000000 1.11230000e+04
73400.000000 1.08846000e+04
73800.000000 1.06522000e+04
74200.000000 1.04145000e+04
74600.000000 1.00892000e+04
75000.000000 9.78157000e+03
75400.000000 9.77613000e+03
75800.000000 9.57881000e+03
76200.000000 9.38119000e+03
76600.000000 9.18780000e+03
77000.000000 8.99982000e+03
77400.000000 8.81649000e+03
77800.000000 8.59723000e+03
78200.000000 8.46330000e+03
78600.000000 8.29383000e+03
79000.000000 8.12796000e+03
79400.000000 7.96620000e+03
79800.000000 7.80904000e+03
80200.000000 7.65520000e+03
80600.000000 7.50518000e+03
81000.000000 7.35888000e+03
81400.000000 7.17416000e+03
81800.000000 7.06926000e+03
82200.000000 6.94097000e+03
82600.000000 6.80820000e+03
83000.000000 6.67876000e+03
83400.000000 6.55256000e+03
83800.000000 6.42900000e+03
84200.000000 6.30801000e+03
84600.000000 6.19060000e+03
85000.000000 6.07512000e+03
85400.000000 5.96307000e+03
85800.000000 5.85285000e+03
86200.000000 5.74592000e+03
86600.000000 5.58798000e+03
87000.000000 5.53721000e+03
87400.000000 5.40527000e+03
87800.000000 5.30775000e+03
88200.000000 5.24470000e+03
88600.000000 5.15090000e+03
89000.000000 5.05952000e+03
89400.000000 4.97004000e+03
89800.000000 4.88242000e+03
90200.000000 4.79661000e+03
90600.000000 4.71258000e+03
91000.000000 4.63076000e+03
91400.000000 4.55063000e+03
91800.000000 4.47217000e+03
92200.000000 4.39547000e+03
92600.000000 4.31729000e+03
93000.000000 4.24682000e+03
93400.000000 4.17481000e+03
93800.000000 4.06114000e+03
94200.000000 4.03037000e+03
94600.000000 3.96782000e+03
95000.000000 3.89974000e+03
95400.000000 3.83346000e+03
95800.000000 3.77344000e+03
96200.000000 3.71130000e+03
96600.000000 3.65043000e+03
97000.000000 3.59080000e+03
97400.000000 3.53238000e+03
97800.000000 3.47515000e+03
98200.000000 3.41779000e+03
98600.000000 3.35745000e+03
99000.000000 3.31023000e+03
99400.000000 3.25745000e+03
99800.000000 3.20574000e+03
100200.000000 3.15502000e+03
200000.000000 1.98518000e+02
400000.000000 1.22402000e+01
600000.000000 2.39349000e+00
800000.000000 7.51811000e-01
1000000.000000 3.06251000e-01
1200000.000000 1.47037000e-01
1400000.000000 7.90670000e-02
1600000.000000 4.61950000e-02
