# Kurucz ODFNEW /NOVER, alpha: 0.0 (2003)
# teff = 5750 K (value for the effective temperature for the model. Temperatures are given in K)
# logg = 2.5 log(cm/s2) (value for Log(G) for the model.)
# lh = 1.25  (l/Hp where l is the  mixing length of the convective element and Hp is the pressure scale height)
# meta = -1  (value for the Metallicity for the model.)
# vtur = 2 km/s (Microturbulence velocity)
# alpha = 0  (Alpha)
#
# column 1: WAVELENGTH (ANGSTROM), Wavelength in Angstrom
# column 2: FLUX (ERG/CM2/S/A), Flux in erg/cm2/s/A
147.200000 4.78687000e-96
151.000000 2.31166000e-93
155.200000 1.49601000e-90
158.800000 2.90777000e-88
162.000000 2.57684000e-86
166.000000 5.47130000e-84
170.300000 1.30469000e-81
173.400000 5.68573000e-80
176.800000 3.05751000e-78
180.200000 1.41065000e-76
181.700000 7.30001000e-76
186.100000 7.76341000e-74
191.000000 1.08327000e-71
193.900000 1.78248000e-70
198.400000 1.16591000e-68
201.800000 2.42338000e-67
205.000000 3.84098000e-66
210.500000 3.61398000e-64
216.200000 3.12659000e-62
219.800000 4.62997000e-61
223.000000 4.70630000e-60
226.800000 6.78136000e-59
230.000000 5.98516000e-58
234.000000 8.33599000e-57
240.000000 3.66049000e-55
246.500000 1.78121000e-53
252.400000 5.07025000e-52
256.800000 5.55809000e-51
260.000000 3.00949000e-50
264.000000 2.34278000e-49
268.500000 2.18302000e-48
273.500000 2.38455000e-47
278.500000 2.38766000e-46
284.000000 2.73070000e-45
290.000000 3.49391000e-44
296.000000 4.01156000e-43
301.000000 2.84411000e-42
308.000000 3.95037000e-41
318.000000 1.37557000e-39
328.000000 3.82738000e-38
338.000000 8.67397000e-37
348.000000 1.63226000e-35
357.000000 1.97654000e-34
366.000000 2.10973000e-33
375.000000 1.99811000e-32
385.000000 2.13632000e-31
395.000000 2.01344000e-30
405.000000 1.69006000e-29
414.000000 1.04627000e-28
422.000000 4.93685000e-28
430.000000 2.19253000e-27
441.000000 1.55220000e-26
451.000000 8.42470000e-26
460.000000 3.61400000e-25
470.000000 1.70156000e-24
480.000000 7.47949000e-24
490.000000 3.08554000e-23
500.000000 1.19764000e-22
506.000000 3.49559000e-22
512.000000 8.45121000e-22
520.000000 2.27501000e-21
530.000000 7.55001000e-21
540.000000 2.35378000e-20
550.000000 7.10344000e-20
560.000000 2.04366000e-19
570.000000 5.65013000e-19
580.000000 1.48799000e-18
590.000000 3.86394000e-18
600.000000 9.59457000e-18
610.000000 2.30705000e-17
620.000000 5.37947000e-17
630.000000 1.21846000e-16
640.000000 2.68576000e-16
650.000000 5.76606000e-16
658.000000 1.04336000e-15
665.000000 1.73063000e-15
675.000000 3.49621000e-15
685.000000 6.90706000e-15
695.000000 1.33549000e-14
705.000000 2.52874000e-14
716.000000 4.99439000e-14
726.000000 9.08809000e-14
735.000000 1.53432000e-13
745.000000 2.70133000e-13
755.000000 4.67838000e-13
765.000000 7.97522000e-13
775.000000 1.33882000e-12
785.000000 2.21523000e-12
795.000000 3.60811000e-12
805.000000 5.81350000e-12
815.000000 9.23922000e-12
825.000000 1.44985000e-11
835.000000 2.24814000e-11
845.000000 3.44569000e-11
855.000000 5.22250000e-11
865.000000 7.83039000e-11
875.000000 1.16159000e-10
885.000000 1.70706000e-10
895.000000 2.48389000e-10
905.000000 3.58020000e-10
915.000000 4.13022000e-06
925.000000 1.44783000e-05
935.000000 2.09751000e-05
945.000000 3.04877000e-05
955.000000 4.54624000e-05
965.000000 6.45868000e-05
975.000000 9.03834000e-05
985.000000 1.27682000e-04
995.000000 1.77096000e-04
1005.000000 2.49743000e-04
1015.000000 3.40471000e-04
1025.000000 4.58583000e-04
1035.000000 6.32393000e-04
1045.000000 8.52831000e-04
1055.000000 1.13991000e-03
1065.000000 1.51403000e-03
1075.000000 2.00582000e-03
1085.000000 2.64102000e-03
1095.000000 3.44705000e-03
1105.000000 8.27924000e-03
1115.000000 2.57221000e-02
1125.000000 3.88212000e-02
1135.000000 5.86987000e-02
1145.000000 7.38588000e-02
1155.000000 7.90919000e-02
1165.000000 9.58294000e-02
1175.000000 1.02863000e-01
1185.000000 1.45729000e-01
1195.000000 5.45932000e-02
1205.000000 5.11067000e-02
1215.000000 3.39872000e-02
1225.000000 7.60074000e-02
1235.000000 1.34405000e-01
1245.000000 2.65942000e-01
1255.000000 5.17678000e-01
1265.000000 7.21948000e-01
1275.000000 1.12734000e+00
1285.000000 1.73452000e+00
1295.000000 2.35492000e+00
1305.000000 2.76847000e+00
1315.000000 3.94458000e+00
1325.000000 5.00990000e+00
1335.000000 6.07363000e+00
1345.000000 7.55156000e+00
1355.000000 8.76643000e+00
1365.000000 1.05995000e+01
1375.000000 1.20555000e+01
1385.000000 1.38327000e+01
1395.000000 1.61676000e+01
1405.000000 1.91187000e+01
1415.000000 2.19690000e+01
1425.000000 2.43277000e+01
1435.000000 2.76049000e+01
1442.000000 3.37928000e+01
1447.000000 3.28274000e+01
1455.000000 3.84252000e+01
1465.000000 4.34054000e+01
1475.000000 4.67876000e+01
1485.000000 5.37225000e+01
1495.000000 6.70335000e+01
1505.000000 7.83589000e+01
1512.000000 7.34972000e+01
1517.000000 8.51930000e+01
1525.000000 1.04210000e+02
1535.000000 1.90441000e+02
1545.000000 2.14151000e+02
1555.000000 2.61277000e+02
1565.000000 2.56626000e+02
1575.000000 3.57621000e+02
1585.000000 4.14470000e+02
1595.000000 4.77808000e+02
1605.000000 5.05479000e+02
1615.000000 5.90741000e+02
1625.000000 6.58735000e+02
1635.000000 8.31511000e+02
1645.000000 1.08364000e+03
1655.000000 7.67041000e+02
1665.000000 1.31213000e+03
1672.000000 9.79790000e+02
1677.000000 1.46213000e+03
1685.000000 2.04657000e+03
1695.000000 2.51068000e+03
1705.000000 3.23308000e+03
1715.000000 5.39318000e+03
1725.000000 8.65929000e+03
1735.000000 1.32809000e+04
1745.000000 1.62518000e+04
1755.000000 2.64846000e+04
1765.000000 2.23034000e+04
1775.000000 3.00630000e+04
1785.000000 3.54628000e+04
1795.000000 5.79401000e+04
1805.000000 4.06976000e+04
1815.000000 4.76838000e+04
1825.000000 4.86467000e+04
1835.000000 6.26591000e+04
1845.000000 4.58270000e+04
1855.000000 6.93414000e+04
1865.000000 9.43929000e+04
1875.000000 9.46092000e+04
1885.000000 1.04866000e+05
1895.000000 1.28461000e+05
1905.000000 1.20171000e+05
1915.000000 1.31822000e+05
1925.000000 1.11892000e+05
1935.000000 5.05113000e+04
1945.000000 1.63746000e+05
1955.000000 1.81503000e+05
1967.000000 2.23199000e+05
1976.000000 2.07499000e+05
1984.000000 2.05915000e+05
1995.000000 2.28062000e+05
2005.000000 2.30403000e+05
2015.000000 2.37614000e+05
2025.000000 2.00775000e+05
2035.000000 2.86493000e+05
2045.000000 3.31199000e+05
2055.000000 3.07626000e+05
2065.000000 2.89255000e+05
2074.000000 3.60669000e+05
2078.000000 5.28275000e+05
2085.000000 5.24647000e+05
2095.000000 5.71923000e+05
2105.000000 6.08902000e+05
2115.000000 6.98999000e+05
2125.000000 6.01307000e+05
2135.000000 5.35875000e+05
2145.000000 7.12769000e+05
2155.000000 7.44572000e+05
2165.000000 6.78000000e+05
2175.000000 7.11136000e+05
2185.000000 8.16945000e+05
2195.000000 9.12106000e+05
2205.000000 8.64335000e+05
2215.000000 6.73498000e+05
2225.000000 7.46797000e+05
2235.000000 9.91595000e+05
2245.000000 9.31279000e+05
2255.000000 7.07818000e+05
2265.000000 7.05944000e+05
2275.000000 8.73616000e+05
2285.000000 9.89801000e+05
2295.000000 8.71616000e+05
2305.000000 1.03687000e+06
2315.000000 9.49552000e+05
2325.000000 9.04325000e+05
2335.000000 5.56765000e+05
2345.000000 3.49502000e+05
2355.000000 7.94891000e+05
2365.000000 3.78284000e+05
2375.000000 5.92542000e+05
2385.000000 2.39447000e+05
2395.000000 3.62640000e+05
2405.000000 3.55911000e+05
2415.000000 5.38408000e+05
2425.000000 1.04083000e+06
2435.000000 1.06159000e+06
2445.000000 1.25364000e+06
2455.000000 1.26495000e+06
2465.000000 1.21205000e+06
2475.000000 1.05670000e+06
2485.000000 8.10595000e+05
2495.000000 8.99184000e+05
2505.000000 1.34878000e+06
2513.000000 8.29797000e+05
2518.000000 6.74989000e+05
2525.000000 5.67018000e+05
2535.000000 7.22420000e+05
2545.000000 8.89676000e+05
2555.000000 1.23724000e+06
2565.000000 1.00297000e+06
2575.000000 1.21235000e+06
2585.000000 1.03944000e+06
2595.000000 9.20170000e+05
2605.000000 7.18315000e+05
2615.000000 6.51514000e+05
2625.000000 9.65466000e+05
2635.000000 1.54659000e+06
2645.000000 2.23404000e+06
2655.000000 2.57040000e+06
2665.000000 1.94056000e+06
2675.000000 2.20543000e+06
2685.000000 2.33451000e+06
2695.000000 1.88229000e+06
2705.000000 2.17330000e+06
2715.000000 1.70599000e+06
2725.000000 1.70551000e+06
2735.000000 1.89341000e+06
2745.000000 9.63744000e+05
2755.000000 1.35086000e+06
2765.000000 1.69398000e+06
2775.000000 2.01363000e+06
2785.000000 1.24746000e+06
2795.000000 2.87812000e+05
2805.000000 4.07219000e+05
2815.000000 1.81927000e+06
2825.000000 2.58356000e+06
2835.000000 2.49468000e+06
2845.000000 2.31427000e+06
2855.000000 1.48029000e+06
2865.000000 2.59068000e+06
2875.000000 2.72077000e+06
2885.000000 2.61436000e+06
2895.000000 2.62707000e+06
2910.000000 3.27806000e+06
2930.000000 3.08685000e+06
2950.000000 3.04981000e+06
2970.000000 3.32022000e+06
2990.000000 3.31716000e+06
3010.000000 3.50267000e+06
3030.000000 3.50053000e+06
3050.000000 3.65836000e+06
3070.000000 3.54613000e+06
3090.000000 3.64131000e+06
3110.000000 3.62524000e+06
3130.000000 3.57706000e+06
3150.000000 3.56709000e+06
3170.000000 3.76996000e+06
3190.000000 3.47327000e+06
3210.000000 3.80857000e+06
3230.000000 3.43274000e+06
3250.000000 3.99467000e+06
3270.000000 4.36803000e+06
3290.000000 4.35163000e+06
3310.000000 4.43330000e+06
3330.000000 4.35745000e+06
3350.000000 4.31128000e+06
3370.000000 3.89371000e+06
3390.000000 4.26915000e+06
3410.000000 4.34816000e+06
3430.000000 4.58547000e+06
3450.000000 4.61476000e+06
3470.000000 4.58862000e+06
3490.000000 4.67104000e+06
3510.000000 4.84699000e+06
3530.000000 4.67099000e+06
3550.000000 5.16136000e+06
3570.000000 4.62898000e+06
3590.000000 4.60794000e+06
3610.000000 4.76112000e+06
3630.000000 4.83974000e+06
3640.000000 4.80408000e+06
3650.000000 5.20960000e+06
3670.000000 5.12472000e+06
3690.000000 5.11663000e+06
3710.000000 5.83237000e+06
3730.000000 5.88426000e+06
3750.000000 6.59427000e+06
3770.000000 7.02122000e+06
3790.000000 7.46005000e+06
3810.000000 7.97080000e+06
3830.000000 6.83840000e+06
3850.000000 8.00148000e+06
3870.000000 8.11771000e+06
3890.000000 7.22857000e+06
3910.000000 7.92832000e+06
3930.000000 5.10594000e+06
3950.000000 7.62465000e+06
3970.000000 5.52083000e+06
3990.000000 8.52440000e+06
4010.000000 8.88307000e+06
4030.000000 8.84732000e+06
4050.000000 8.77761000e+06
4070.000000 8.68018000e+06
4090.000000 8.97317000e+06
4110.000000 8.30932000e+06
4130.000000 8.96187000e+06
4150.000000 9.11282000e+06
4170.000000 9.02626000e+06
4190.000000 8.91777000e+06
4210.000000 8.86959000e+06
4230.000000 8.66358000e+06
4250.000000 8.77641000e+06
4270.000000 8.69150000e+06
4290.000000 8.17566000e+06
4310.000000 7.36115000e+06
4330.000000 8.59677000e+06
4350.000000 8.12967000e+06
4370.000000 8.99010000e+06
4390.000000 8.70195000e+06
4410.000000 8.82543000e+06
4430.000000 9.05115000e+06
4450.000000 8.96103000e+06
4470.000000 9.04883000e+06
4490.000000 9.15526000e+06
4510.000000 9.46060000e+06
4530.000000 8.98530000e+06
4550.000000 9.04114000e+06
4570.000000 9.40123000e+06
4590.000000 9.11903000e+06
4610.000000 9.30297000e+06
4630.000000 9.20115000e+06
4650.000000 9.23926000e+06
4670.000000 9.34961000e+06
4690.000000 9.29591000e+06
4710.000000 9.07567000e+06
4730.000000 9.27389000e+06
4750.000000 9.30849000e+06
4770.000000 9.25196000e+06
4790.000000 9.20228000e+06
4810.000000 9.21091000e+06
4830.000000 9.16902000e+06
4850.000000 8.81600000e+06
4870.000000 7.93586000e+06
4890.000000 8.94870000e+06
4910.000000 8.94877000e+06
4930.000000 8.78998000e+06
4950.000000 8.93865000e+06
4970.000000 9.03630000e+06
4990.000000 8.68305000e+06
5010.000000 8.47293000e+06
5030.000000 8.78284000e+06
5050.000000 8.70824000e+06
5070.000000 8.85468000e+06
5090.000000 8.68766000e+06
5110.000000 8.71241000e+06
5130.000000 8.58492000e+06
5150.000000 8.44607000e+06
5170.000000 8.28980000e+06
5190.000000 8.27932000e+06
5210.000000 8.30553000e+06
5230.000000 8.38647000e+06
5250.000000 8.54084000e+06
5270.000000 8.08873000e+06
5290.000000 8.45255000e+06
5310.000000 8.48373000e+06
5330.000000 8.18308000e+06
5350.000000 8.41460000e+06
5370.000000 8.34342000e+06
5390.000000 8.29938000e+06
5410.000000 8.17776000e+06
5430.000000 8.21870000e+06
5450.000000 8.28507000e+06
5470.000000 8.22950000e+06
5490.000000 8.22990000e+06
5510.000000 8.19781000e+06
5530.000000 8.18260000e+06
5550.000000 8.23564000e+06
5570.000000 8.09257000e+06
5590.000000 8.02778000e+06
5610.000000 8.04330000e+06
5630.000000 8.09548000e+06
5650.000000 8.04051000e+06
5670.000000 7.94686000e+06
5690.000000 7.99430000e+06
5710.000000 7.89981000e+06
5730.000000 8.01538000e+06
5750.000000 7.93294000e+06
5770.000000 7.92364000e+06
5790.000000 7.86124000e+06
5810.000000 7.86391000e+06
5830.000000 7.85560000e+06
5850.000000 7.76257000e+06
5870.000000 7.75798000e+06
5890.000000 7.58615000e+06
5910.000000 7.69247000e+06
5930.000000 7.66306000e+06
5950.000000 7.64632000e+06
5970.000000 7.61579000e+06
5990.000000 7.57258000e+06
6010.000000 7.51757000e+06
6030.000000 7.48809000e+06
6050.000000 7.50731000e+06
6070.000000 7.47070000e+06
6090.000000 7.41532000e+06
6110.000000 7.36019000e+06
6130.000000 7.23284000e+06
6150.000000 7.23030000e+06
6170.000000 7.16242000e+06
6190.000000 7.24128000e+06
6210.000000 7.23330000e+06
6230.000000 7.14286000e+06
6250.000000 7.01293000e+06
6270.000000 7.13491000e+06
6290.000000 7.11113000e+06
6310.000000 7.01209000e+06
6330.000000 7.01101000e+06
6350.000000 7.01438000e+06
6370.000000 6.98033000e+06
6390.000000 6.94870000e+06
6410.000000 6.85892000e+06
6430.000000 6.85714000e+06
6450.000000 6.81432000e+06
6470.000000 6.79745000e+06
6490.000000 6.70500000e+06
6510.000000 6.76405000e+06
6530.000000 6.75086000e+06
6550.000000 6.58632000e+06
6570.000000 5.88830000e+06
6590.000000 6.61340000e+06
6610.000000 6.63750000e+06
6630.000000 6.62186000e+06
6650.000000 6.58813000e+06
6670.000000 6.53293000e+06
6690.000000 6.54376000e+06
6710.000000 6.49368000e+06
6730.000000 6.48376000e+06
6750.000000 6.44035000e+06
6770.000000 6.41797000e+06
6790.000000 6.39010000e+06
6810.000000 6.35872000e+06
6830.000000 6.33752000e+06
6850.000000 6.28877000e+06
6870.000000 6.27543000e+06
6890.000000 6.25770000e+06
6910.000000 6.22469000e+06
6930.000000 6.19877000e+06
6950.000000 6.16759000e+06
6970.000000 6.14729000e+06
6990.000000 6.11849000e+06
7010.000000 6.05986000e+06
7030.000000 6.05523000e+06
7050.000000 6.03661000e+06
7070.000000 6.00485000e+06
7090.000000 5.97769000e+06
7110.000000 5.94530000e+06
7130.000000 5.90665000e+06
7150.000000 5.87542000e+06
7170.000000 5.85727000e+06
7190.000000 5.79704000e+06
7210.000000 5.78732000e+06
7230.000000 5.77711000e+06
7250.000000 5.76607000e+06
7270.000000 5.74016000e+06
7290.000000 5.68347000e+06
7310.000000 5.67342000e+06
7330.000000 5.64566000e+06
7350.000000 5.63638000e+06
7370.000000 5.62033000e+06
7390.000000 5.56491000e+06
7410.000000 5.50891000e+06
7430.000000 5.51034000e+06
7450.000000 5.49505000e+06
7470.000000 5.48274000e+06
7490.000000 5.44558000e+06
7510.000000 5.42409000e+06
7530.000000 5.40993000e+06
7550.000000 5.39770000e+06
7570.000000 5.36356000e+06
7590.000000 5.33736000e+06
7610.000000 5.31578000e+06
7630.000000 5.29611000e+06
7650.000000 5.27160000e+06
7670.000000 5.21053000e+06
7690.000000 5.22493000e+06
7710.000000 5.17410000e+06
7730.000000 5.16709000e+06
7750.000000 5.13161000e+06
7770.000000 5.11534000e+06
7790.000000 5.11027000e+06
7810.000000 5.09099000e+06
7830.000000 5.05119000e+06
7850.000000 5.03239000e+06
7870.000000 5.02418000e+06
7890.000000 5.00032000e+06
7910.000000 4.97163000e+06
7930.000000 4.92256000e+06
7950.000000 4.90540000e+06
7970.000000 4.91337000e+06
7990.000000 4.89193000e+06
8010.000000 4.85573000e+06
8030.000000 4.83981000e+06
8050.000000 4.80881000e+06
8070.000000 4.80271000e+06
8090.000000 4.76351000e+06
8110.000000 4.76066000e+06
8130.000000 4.74280000e+06
8150.000000 4.71909000e+06
8170.000000 4.69715000e+06
8190.000000 4.63099000e+06
8210.000000 4.63483000e+06
8230.000000 4.60199000e+06
8250.000000 4.59642000e+06
8270.000000 4.59470000e+06
8290.000000 4.57207000e+06
8310.000000 4.53950000e+06
8330.000000 4.48727000e+06
8350.000000 4.50389000e+06
8370.000000 4.48256000e+06
8390.000000 4.43285000e+06
8410.000000 4.44188000e+06
8430.000000 4.41230000e+06
8450.000000 4.39233000e+06
8470.000000 4.34772000e+06
8490.000000 4.35177000e+06
8510.000000 4.17164000e+06
8530.000000 4.31929000e+06
8550.000000 3.88291000e+06
8570.000000 4.31928000e+06
8590.000000 4.25518000e+06
8610.000000 4.19762000e+06
8630.000000 4.26737000e+06
8650.000000 4.23200000e+06
8670.000000 3.81501000e+06
8690.000000 4.17043000e+06
8710.000000 4.19872000e+06
8730.000000 4.17328000e+06
8750.000000 3.99927000e+06
8770.000000 4.13456000e+06
8790.000000 4.12376000e+06
8810.000000 4.08108000e+06
8830.000000 4.07078000e+06
8850.000000 4.04264000e+06
8870.000000 3.88806000e+06
8890.000000 4.03733000e+06
8910.000000 4.01960000e+06
8930.000000 3.98839000e+06
8950.000000 3.98145000e+06
8970.000000 3.97027000e+06
8990.000000 3.95211000e+06
9010.000000 3.76251000e+06
9030.000000 3.87985000e+06
9050.000000 3.90816000e+06
9070.000000 3.85426000e+06
9090.000000 3.79405000e+06
9110.000000 3.82748000e+06
9130.000000 3.83699000e+06
9150.000000 3.82190000e+06
9170.000000 3.80404000e+06
9190.000000 3.79053000e+06
9210.000000 3.73540000e+06
9230.000000 3.56570000e+06
9250.000000 3.68974000e+06
9270.000000 3.71167000e+06
9290.000000 3.70570000e+06
9310.000000 3.69323000e+06
9330.000000 3.67516000e+06
9350.000000 3.65829000e+06
9370.000000 3.64037000e+06
9390.000000 3.62873000e+06
9410.000000 3.55325000e+06
9430.000000 3.58882000e+06
9450.000000 3.57081000e+06
9470.000000 3.56751000e+06
9490.000000 3.55404000e+06
9510.000000 3.53535000e+06
9530.000000 3.50531000e+06
9550.000000 3.33983000e+06
9570.000000 3.47681000e+06
9590.000000 3.47678000e+06
9610.000000 3.45143000e+06
9630.000000 3.42793000e+06
9650.000000 3.42142000e+06
9670.000000 3.39475000e+06
9690.000000 3.39845000e+06
9710.000000 3.38830000e+06
9730.000000 3.37355000e+06
9750.000000 3.34922000e+06
9770.000000 3.34298000e+06
9790.000000 3.32749000e+06
9810.000000 3.31785000e+06
9830.000000 3.30339000e+06
9850.000000 3.28801000e+06
9870.000000 3.27067000e+06
9890.000000 3.25218000e+06
9910.000000 3.24221000e+06
9930.000000 3.23429000e+06
9950.000000 3.22160000e+06
9970.000000 3.20861000e+06
9990.000000 3.19487000e+06
10025.000000 3.15011000e+06
10075.000000 3.08029000e+06
10125.000000 3.09926000e+06
10175.000000 3.06582000e+06
10225.000000 3.03854000e+06
10275.000000 3.01175000e+06
10325.000000 2.96565000e+06
10375.000000 2.94424000e+06
10425.000000 2.91950000e+06
10475.000000 2.87442000e+06
10525.000000 2.85850000e+06
10575.000000 2.82500000e+06
10625.000000 2.79080000e+06
10675.000000 2.73807000e+06
10725.000000 2.73192000e+06
10775.000000 2.70364000e+06
10825.000000 2.66812000e+06
10875.000000 2.64772000e+06
10925.000000 2.55978000e+06
10975.000000 2.58874000e+06
11025.000000 2.58329000e+06
11075.000000 2.56284000e+06
11125.000000 2.53441000e+06
11175.000000 2.50734000e+06
11225.000000 2.48858000e+06
11275.000000 2.45133000e+06
11325.000000 2.43123000e+06
11375.000000 2.41191000e+06
11425.000000 2.38002000e+06
11475.000000 2.37183000e+06
11525.000000 2.34982000e+06
11575.000000 2.32411000e+06
11625.000000 2.28891000e+06
11675.000000 2.26893000e+06
11725.000000 2.26313000e+06
11775.000000 2.22143000e+06
11825.000000 2.20584000e+06
11875.000000 2.18102000e+06
11925.000000 2.18131000e+06
11975.000000 2.13673000e+06
12025.000000 2.13164000e+06
12075.000000 2.10932000e+06
12125.000000 2.09621000e+06
12175.000000 2.08333000e+06
12225.000000 2.06410000e+06
12275.000000 2.04204000e+06
12325.000000 2.02670000e+06
12375.000000 2.00807000e+06
12425.000000 1.99067000e+06
12475.000000 1.97414000e+06
12525.000000 1.95524000e+06
12575.000000 1.93631000e+06
12625.000000 1.91916000e+06
12675.000000 1.90424000e+06
12725.000000 1.88937000e+06
12775.000000 1.86767000e+06
12825.000000 1.76738000e+06
12875.000000 1.83652000e+06
12925.000000 1.82319000e+06
12975.000000 1.80977000e+06
13025.000000 1.79366000e+06
13075.000000 1.77988000e+06
13125.000000 1.76000000e+06
13175.000000 1.74331000e+06
13225.000000 1.73530000e+06
13275.000000 1.71693000e+06
13325.000000 1.70540000e+06
13375.000000 1.69095000e+06
13425.000000 1.67886000e+06
13475.000000 1.66493000e+06
13525.000000 1.65075000e+06
13575.000000 1.63429000e+06
13625.000000 1.62336000e+06
13675.000000 1.61020000e+06
13725.000000 1.59229000e+06
13775.000000 1.58301000e+06
13825.000000 1.57076000e+06
13875.000000 1.56020000e+06
13925.000000 1.54729000e+06
13975.000000 1.53511000e+06
14025.000000 1.52089000e+06
14075.000000 1.51165000e+06
14125.000000 1.49658000e+06
14175.000000 1.48830000e+06
14225.000000 1.47081000e+06
14275.000000 1.45720000e+06
14325.000000 1.45285000e+06
14375.000000 1.44314000e+06
14425.000000 1.41387000e+06
14475.000000 1.42014000e+06
14525.000000 1.39851000e+06
14570.000000 1.39492000e+06
14620.000000 1.38527000e+06
14675.000000 1.37585000e+06
14725.000000 1.36107000e+06
14775.000000 1.35042000e+06
14825.000000 1.34195000e+06
14875.000000 1.32255000e+06
14925.000000 1.32573000e+06
14975.000000 1.31253000e+06
15025.000000 1.29334000e+06
15075.000000 1.28317000e+06
15125.000000 1.28303000e+06
15175.000000 1.27382000e+06
15225.000000 1.26175000e+06
15275.000000 1.25047000e+06
15325.000000 1.24019000e+06
15375.000000 1.23408000e+06
15425.000000 1.21491000e+06
15475.000000 1.21599000e+06
15525.000000 1.20709000e+06
15575.000000 1.17898000e+06
15625.000000 1.19476000e+06
15675.000000 1.17216000e+06
15725.000000 1.14444000e+06
15775.000000 1.15647000e+06
15825.000000 1.15392000e+06
15875.000000 1.08859000e+06
15925.000000 1.13189000e+06
15975.000000 1.13039000e+06
16050.000000 1.11098000e+06
16150.000000 1.06495000e+06
16250.000000 1.08377000e+06
16350.000000 1.05131000e+06
16450.000000 1.00232000e+06
16550.000000 1.02185000e+06
16650.000000 1.00086000e+06
16750.000000 9.67341000e+05
16850.000000 9.20108000e+05
16950.000000 9.40819000e+05
17050.000000 9.19137000e+05
17150.000000 9.00521000e+05
17250.000000 8.79969000e+05
17350.000000 8.21997000e+05
17450.000000 8.41591000e+05
17550.000000 8.29936000e+05
17650.000000 8.12588000e+05
17750.000000 7.97515000e+05
17850.000000 7.82161000e+05
17950.000000 7.67566000e+05
18050.000000 7.51164000e+05
18150.000000 7.05330000e+05
18250.000000 7.16805000e+05
18350.000000 7.08466000e+05
18450.000000 6.93425000e+05
18550.000000 6.81261000e+05
18650.000000 6.66621000e+05
18750.000000 6.21338000e+05
18850.000000 6.40760000e+05
18950.000000 6.26409000e+05
19050.000000 6.19663000e+05
19150.000000 6.07692000e+05
19250.000000 5.96555000e+05
19350.000000 5.83543000e+05
19450.000000 5.48111000e+05
19550.000000 5.62616000e+05
19650.000000 5.53626000e+05
19750.000000 5.41911000e+05
19850.000000 5.33587000e+05
19950.000000 5.24001000e+05
20050.000000 5.15357000e+05
20150.000000 5.06525000e+05
20250.000000 4.96766000e+05
20350.000000 4.87047000e+05
20450.000000 4.80016000e+05
20550.000000 4.71422000e+05
20650.000000 4.62247000e+05
20750.000000 4.54827000e+05
20850.000000 4.47086000e+05
20950.000000 4.38562000e+05
21050.000000 4.31778000e+05
21150.000000 4.24058000e+05
21250.000000 4.16823000e+05
21350.000000 4.09878000e+05
21450.000000 4.03355000e+05
21550.000000 3.96091000e+05
21650.000000 3.73922000e+05
21750.000000 3.81840000e+05
21850.000000 3.76254000e+05
21950.000000 3.70808000e+05
22050.000000 3.63640000e+05
22150.000000 3.58276000e+05
22250.000000 3.52658000e+05
22350.000000 3.46915000e+05
22450.000000 3.41320000e+05
22550.000000 3.35025000e+05
22650.000000 3.30053000e+05
22750.000000 3.25011000e+05
22850.000000 3.19560000e+05
22950.000000 3.14579000e+05
23050.000000 3.09898000e+05
23150.000000 3.04851000e+05
23250.000000 3.00094000e+05
23350.000000 2.95277000e+05
23450.000000 2.90941000e+05
23550.000000 2.86221000e+05
23650.000000 2.81960000e+05
23750.000000 2.77400000e+05
23850.000000 2.72986000e+05
23950.000000 2.69062000e+05
24050.000000 2.64869000e+05
24150.000000 2.60671000e+05
24250.000000 2.56969000e+05
24350.000000 2.52728000e+05
24450.000000 2.48995000e+05
24550.000000 2.45158000e+05
24650.000000 2.41722000e+05
24750.000000 2.37940000e+05
24850.000000 2.34155000e+05
24950.000000 2.30267000e+05
25050.000000 2.28180000e+05
25150.000000 2.24934000e+05
25250.000000 2.19923000e+05
25350.000000 2.18391000e+05
25450.000000 2.15387000e+05
25550.000000 2.11996000e+05
25650.000000 2.06412000e+05
25750.000000 2.06284000e+05
25850.000000 2.02853000e+05
25950.000000 2.00498000e+05
26050.000000 1.97235000e+05
26150.000000 1.91482000e+05
26250.000000 1.85220000e+05
26350.000000 1.88890000e+05
26450.000000 1.86549000e+05
26550.000000 1.83928000e+05
26650.000000 1.80683000e+05
26750.000000 1.75249000e+05
26850.000000 1.76533000e+05
26950.000000 1.74281000e+05
27050.000000 1.71837000e+05
27150.000000 1.69510000e+05
27250.000000 1.67193000e+05
27350.000000 1.64940000e+05
27450.000000 1.62701000e+05
27550.000000 1.57005000e+05
27650.000000 1.57621000e+05
27750.000000 1.56208000e+05
27850.000000 1.54136000e+05
27950.000000 1.52114000e+05
28050.000000 1.50078000e+05
28150.000000 1.48115000e+05
28250.000000 1.46153000e+05
28350.000000 1.44252000e+05
28450.000000 1.42276000e+05
28550.000000 1.40468000e+05
28650.000000 1.38305000e+05
28750.000000 1.33475000e+05
28850.000000 1.35009000e+05
28950.000000 1.33336000e+05
29050.000000 1.31612000e+05
29150.000000 1.29908000e+05
29250.000000 1.28198000e+05
29350.000000 1.26634000e+05
29450.000000 1.24985000e+05
29550.000000 1.23451000e+05
29650.000000 1.21886000e+05
29750.000000 1.20353000e+05
29850.000000 1.18859000e+05
29950.000000 1.17340000e+05
30050.000000 1.15876000e+05
30150.000000 1.14467000e+05
30250.000000 1.13028000e+05
30350.000000 1.09364000e+05
30450.000000 1.09536000e+05
30550.000000 1.08901000e+05
30650.000000 1.07530000e+05
30750.000000 1.06278000e+05
30850.000000 1.04917000e+05
30950.000000 1.03650000e+05
31050.000000 1.02433000e+05
31150.000000 1.00938000e+05
31250.000000 9.99610000e+04
31350.000000 9.87646000e+04
31450.000000 9.75929000e+04
31550.000000 9.63432000e+04
31650.000000 9.52991000e+04
31750.000000 9.41242000e+04
31850.000000 9.30476000e+04
31950.000000 9.19715000e+04
32100.000000 9.03279000e+04
32300.000000 8.82450000e+04
32500.000000 8.62064000e+04
32700.000000 8.42250000e+04
32900.000000 8.11680000e+04
33100.000000 8.03380000e+04
33300.000000 7.85978000e+04
33500.000000 7.68934000e+04
33700.000000 7.51442000e+04
33900.000000 7.34406000e+04
34100.000000 7.18171000e+04
34300.000000 7.03063000e+04
34500.000000 6.87972000e+04
34700.000000 6.72931000e+04
34900.000000 6.58529000e+04
35100.000000 6.44349000e+04
35300.000000 6.30266000e+04
35500.000000 6.17146000e+04
35700.000000 6.03747000e+04
35900.000000 5.91164000e+04
36100.000000 5.78821000e+04
36300.000000 5.67000000e+04
36500.000000 5.54497000e+04
36700.000000 5.43407000e+04
36900.000000 5.31252000e+04
37100.000000 5.21106000e+04
37300.000000 5.09169000e+04
37500.000000 4.94992000e+04
37700.000000 4.90523000e+04
37900.000000 4.80744000e+04
38100.000000 4.70467000e+04
38300.000000 4.61637000e+04
38500.000000 4.52990000e+04
38700.000000 4.43893000e+04
38900.000000 4.35258000e+04
39100.000000 4.25567000e+04
39300.000000 4.18710000e+04
39500.000000 4.10521000e+04
39700.000000 4.02834000e+04
39900.000000 3.94735000e+04
40100.000000 3.86895000e+04
40300.000000 3.78982000e+04
40500.000000 3.69207000e+04
40700.000000 3.66088000e+04
40900.000000 3.59296000e+04
41100.000000 3.52797000e+04
41300.000000 3.46318000e+04
41500.000000 3.39838000e+04
41700.000000 3.31777000e+04
41900.000000 3.27609000e+04
42100.000000 3.21272000e+04
42300.000000 3.16010000e+04
42500.000000 3.10227000e+04
42700.000000 3.04766000e+04
42900.000000 2.99147000e+04
43100.000000 2.93558000e+04
43300.000000 2.88320000e+04
43500.000000 2.82948000e+04
43700.000000 2.76024000e+04
43900.000000 2.72850000e+04
44100.000000 2.67804000e+04
44300.000000 2.63261000e+04
44500.000000 2.58712000e+04
44700.000000 2.54121000e+04
44900.000000 2.49937000e+04
45100.000000 2.45577000e+04
45300.000000 2.41394000e+04
45500.000000 2.37475000e+04
45700.000000 2.33579000e+04
45900.000000 2.29545000e+04
46100.000000 2.25980000e+04
46300.000000 2.22187000e+04
46500.000000 2.16725000e+04
46700.000000 2.13715000e+04
46900.000000 2.11725000e+04
47100.000000 2.08352000e+04
47300.000000 2.05078000e+04
47500.000000 2.01735000e+04
47700.000000 1.98524000e+04
47900.000000 1.95408000e+04
48100.000000 1.92207000e+04
48300.000000 1.89229000e+04
48500.000000 1.86199000e+04
48700.000000 1.83275000e+04
48900.000000 1.80392000e+04
49100.000000 1.77613000e+04
49300.000000 1.74795000e+04
49500.000000 1.72109000e+04
49700.000000 1.69400000e+04
49900.000000 1.66925000e+04
50100.000000 1.64259000e+04
50300.000000 1.61824000e+04
50500.000000 1.59260000e+04
50700.000000 1.56921000e+04
50900.000000 1.54585000e+04
51100.000000 1.52195000e+04
51300.000000 1.48992000e+04
51500.000000 1.47737000e+04
51700.000000 1.45568000e+04
51900.000000 1.43413000e+04
52100.000000 1.41273000e+04
52300.000000 1.39217000e+04
52500.000000 1.37229000e+04
52700.000000 1.35184000e+04
52900.000000 1.33228000e+04
53100.000000 1.31358000e+04
53300.000000 1.29435000e+04
53500.000000 1.27610000e+04
53700.000000 1.25694000e+04
53900.000000 1.23943000e+04
54100.000000 1.22251000e+04
54300.000000 1.20468000e+04
54500.000000 1.18826000e+04
54700.000000 1.17073000e+04
54900.000000 1.15492000e+04
55100.000000 1.13912000e+04
55300.000000 1.12196000e+04
55500.000000 1.10762000e+04
55700.000000 1.09265000e+04
55900.000000 1.07673000e+04
56100.000000 1.06266000e+04
56300.000000 1.04800000e+04
56500.000000 1.03412000e+04
56700.000000 1.02006000e+04
56900.000000 1.00602000e+04
57100.000000 9.90778000e+03
57300.000000 9.79330000e+03
57500.000000 9.66193000e+03
57700.000000 9.53261000e+03
57900.000000 9.40573000e+03
58100.000000 9.28116000e+03
58300.000000 9.15940000e+03
58500.000000 9.03985000e+03
58700.000000 8.91954000e+03
58900.000000 8.80032000e+03
59100.000000 8.63494000e+03
59300.000000 8.57551000e+03
59500.000000 8.43644000e+03
59700.000000 8.35316000e+03
59900.000000 8.24739000e+03
60100.000000 8.14065000e+03
60300.000000 8.03763000e+03
60500.000000 7.93507000e+03
60700.000000 7.83338000e+03
60900.000000 7.73315000e+03
61100.000000 7.63266000e+03
61300.000000 7.53992000e+03
61500.000000 7.44614000e+03
61700.000000 7.35242000e+03
61900.000000 7.26084000e+03
62100.000000 7.17048000e+03
62300.000000 7.07764000e+03
62500.000000 6.99287000e+03
62700.000000 6.90626000e+03
62900.000000 6.79909000e+03
63100.000000 6.73676000e+03
63300.000000 6.65655000e+03
63500.000000 6.57526000e+03
63700.000000 6.49504000e+03
63900.000000 6.41625000e+03
64200.000000 6.30094000e+03
64600.000000 6.14976000e+03
65000.000000 6.00351000e+03
65400.000000 5.86309000e+03
65800.000000 5.72555000e+03
66200.000000 5.59175000e+03
66600.000000 5.46244000e+03
67000.000000 5.33623000e+03
67400.000000 5.21362000e+03
67800.000000 5.08566000e+03
68200.000000 4.97993000e+03
68600.000000 4.86774000e+03
69000.000000 4.75853000e+03
69400.000000 4.65214000e+03
69800.000000 4.54964000e+03
70200.000000 4.44870000e+03
70600.000000 4.35180000e+03
71000.000000 4.25702000e+03
71400.000000 4.16482000e+03
71800.000000 4.07492000e+03
72200.000000 3.98733000e+03
72600.000000 3.90220000e+03
73000.000000 3.81989000e+03
73400.000000 3.73893000e+03
73800.000000 3.66074000e+03
74200.000000 3.58409000e+03
74600.000000 3.49715000e+03
75000.000000 3.41970000e+03
75400.000000 3.36648000e+03
75800.000000 3.29780000e+03
76200.000000 3.23063000e+03
76600.000000 3.16533000e+03
77000.000000 3.10139000e+03
77400.000000 3.03942000e+03
77800.000000 2.97788000e+03
78200.000000 2.91971000e+03
78600.000000 2.86208000e+03
79000.000000 2.80582000e+03
79400.000000 2.75097000e+03
79800.000000 2.69743000e+03
80200.000000 2.64511000e+03
80600.000000 2.59405000e+03
81000.000000 2.54449000e+03
81400.000000 2.49413000e+03
81800.000000 2.44834000e+03
82200.000000 2.40222000e+03
82600.000000 2.35703000e+03
83000.000000 2.31287000e+03
83400.000000 2.26956000e+03
83800.000000 2.22756000e+03
84200.000000 2.18652000e+03
84600.000000 2.14637000e+03
85000.000000 2.10708000e+03
85400.000000 2.06869000e+03
85800.000000 2.03117000e+03
86200.000000 1.99447000e+03
86600.000000 1.95690000e+03
87000.000000 1.92366000e+03
87400.000000 1.88755000e+03
87800.000000 1.85392000e+03
88200.000000 1.82305000e+03
88600.000000 1.79099000e+03
89000.000000 1.75966000e+03
89400.000000 1.72905000e+03
89800.000000 1.69892000e+03
90200.000000 1.66967000e+03
90600.000000 1.64105000e+03
91000.000000 1.61283000e+03
91400.000000 1.58535000e+03
91800.000000 1.55851000e+03
92200.000000 1.53221000e+03
92600.000000 1.50639000e+03
93000.000000 1.48118000e+03
93400.000000 1.45638000e+03
93800.000000 1.43050000e+03
94200.000000 1.40853000e+03
94600.000000 1.38523000e+03
95000.000000 1.36253000e+03
95400.000000 1.34016000e+03
95800.000000 1.31836000e+03
96200.000000 1.29700000e+03
96600.000000 1.27602000e+03
97000.000000 1.25559000e+03
97400.000000 1.23533000e+03
97800.000000 1.21560000e+03
98200.000000 1.19642000e+03
98600.000000 1.17747000e+03
99000.000000 1.15886000e+03
99400.000000 1.14059000e+03
99800.000000 1.12285000e+03
100200.000000 1.10534000e+03
200000.000000 7.21616000e+01
400000.000000 4.56902000e+00
600000.000000 9.02026000e-01
800000.000000 2.84490000e-01
1000000.000000 1.16093000e-01
1200000.000000 5.57769000e-02
1400000.000000 3.00019000e-02
1600000.000000 1.75282000e-02
