# Kurucz ODFNEW /NOVER, alpha: 0.0 (2003)
# teff = 11750 K (value for the effective temperature for the model. Temperatures are given in K)
# logg = 3.5 log(cm/s2) (value for Log(G) for the model.)
# lh = 1.25  (l/Hp where l is the  mixing length of the convective element and Hp is the pressure scale height)
# meta = -2  (value for the Metallicity for the model.)
# vtur = 2 km/s (Microturbulence velocity)
# alpha = 0  (Alpha)
#
# column 1: WAVELENGTH (ANGSTROM), Wavelength in Angstrom
# column 2: FLUX (ERG/CM2/S/A), Flux in erg/cm2/s/A
210.500000 1.38771000e-22
216.200000 1.16124000e-21
219.800000 4.08778000e-21
223.000000 1.20036000e-20
226.800000 4.15413000e-20
230.000000 1.14714000e-19
234.000000 3.91191000e-19
240.000000 2.28333000e-18
246.500000 1.40338000e-17
252.400000 6.73439000e-17
256.800000 2.07044000e-16
260.000000 4.57715000e-16
264.000000 1.20128000e-15
268.500000 3.42850000e-15
273.500000 1.05542000e-14
278.500000 3.12944000e-14
284.000000 9.88392000e-14
290.000000 3.29605000e-13
296.000000 1.04420000e-12
301.000000 2.64215000e-12
308.000000 9.20021000e-12
318.000000 4.96822000e-11
328.000000 2.41966000e-10
338.000000 1.07073000e-09
348.000000 4.34920000e-09
357.000000 1.43339000e-08
366.000000 4.45615000e-08
375.000000 1.30910000e-07
385.000000 4.08182000e-07
395.000000 1.19911000e-06
405.000000 3.33561000e-06
414.000000 8.02140000e-06
422.000000 1.69343000e-05
430.000000 3.47349000e-05
441.000000 8.92771000e-05
451.000000 2.01922000e-04
460.000000 4.07762000e-04
470.000000 8.61430000e-04
480.000000 1.76101000e-03
490.000000 3.49302000e-03
500.000000 6.72824000e-03
506.000000 3.52384000e-02
512.000000 6.99671000e-02
520.000000 1.09381000e-01
530.000000 1.92013000e-01
540.000000 3.14238000e-01
550.000000 5.29688000e-01
560.000000 8.54008000e-01
570.000000 1.35247000e+00
580.000000 2.03226000e+00
590.000000 3.21243000e+00
600.000000 4.85552000e+00
610.000000 7.21415000e+00
620.000000 1.05659000e+01
630.000000 1.52742000e+01
640.000000 2.17916000e+01
650.000000 3.07483000e+01
658.000000 4.01516000e+01
665.000000 5.04118000e+01
675.000000 6.91437000e+01
685.000000 9.38883000e+01
695.000000 1.26272000e+02
705.000000 1.68208000e+02
716.000000 2.28225000e+02
726.000000 2.98531000e+02
735.000000 3.77479000e+02
745.000000 4.86366000e+02
755.000000 6.21960000e+02
765.000000 7.89540000e+02
775.000000 9.95538000e+02
785.000000 1.24685000e+03
795.000000 1.55156000e+03
805.000000 1.91921000e+03
815.000000 2.35966000e+03
825.000000 2.88498000e+03
835.000000 3.50148000e+03
845.000000 4.24307000e+03
855.000000 5.10572000e+03
865.000000 6.11548000e+03
875.000000 7.28881000e+03
885.000000 8.64978000e+03
895.000000 1.02184000e+04
905.000000 1.19933000e+04
915.000000 2.64670000e+04
925.000000 7.88705000e+04
935.000000 1.22957000e+05
945.000000 3.11171000e+05
955.000000 6.45792000e+06
965.000000 1.19230000e+07
975.000000 1.02459000e+06
985.000000 1.22910000e+08
995.000000 2.79496000e+08
1005.000000 2.65256000e+08
1015.000000 5.89215000e+07
1025.000000 4.89062000e+05
1035.000000 3.81046000e+07
1045.000000 2.85839000e+08
1055.000000 4.48782000e+08
1065.000000 4.66932000e+08
1075.000000 5.22931000e+08
1085.000000 5.24024000e+08
1095.000000 5.29955000e+08
1105.000000 5.10194000e+08
1115.000000 5.09659000e+08
1125.000000 5.00728000e+08
1135.000000 5.12210000e+08
1145.000000 4.89940000e+08
1155.000000 4.74320000e+08
1165.000000 4.74595000e+08
1175.000000 4.26603000e+08
1185.000000 3.29666000e+08
1195.000000 8.68362000e+07
1205.000000 8.76841000e+06
1215.000000 1.25146000e+06
1225.000000 5.35963000e+06
1235.000000 8.07613000e+07
1245.000000 2.88376000e+08
1255.000000 3.84832000e+08
1265.000000 3.93956000e+08
1275.000000 4.46062000e+08
1285.000000 4.77909000e+08
1295.000000 4.65906000e+08
1305.000000 4.32890000e+08
1315.000000 4.84303000e+08
1325.000000 4.81291000e+08
1335.000000 4.70260000e+08
1345.000000 4.91053000e+08
1355.000000 4.75748000e+08
1365.000000 4.62191000e+08
1375.000000 4.61869000e+08
1385.000000 4.66261000e+08
1395.000000 4.60897000e+08
1405.000000 4.65371000e+08
1415.000000 4.54979000e+08
1425.000000 4.55183000e+08
1435.000000 4.45275000e+08
1442.000000 4.53591000e+08
1447.000000 4.52440000e+08
1455.000000 4.48333000e+08
1465.000000 4.40496000e+08
1475.000000 4.38283000e+08
1485.000000 4.34724000e+08
1495.000000 4.28135000e+08
1505.000000 4.28053000e+08
1512.000000 4.23769000e+08
1517.000000 4.27070000e+08
1525.000000 4.15814000e+08
1535.000000 4.10318000e+08
1545.000000 4.16008000e+08
1555.000000 4.01482000e+08
1565.000000 3.81217000e+08
1575.000000 3.86293000e+08
1585.000000 3.92411000e+08
1595.000000 3.96717000e+08
1605.000000 3.82619000e+08
1615.000000 3.80265000e+08
1625.000000 3.63971000e+08
1635.000000 3.63296000e+08
1645.000000 3.61635000e+08
1655.000000 3.41900000e+08
1665.000000 3.62063000e+08
1672.000000 3.44807000e+08
1677.000000 3.48769000e+08
1685.000000 3.53280000e+08
1695.000000 3.45675000e+08
1705.000000 3.38509000e+08
1715.000000 3.38467000e+08
1725.000000 3.32706000e+08
1735.000000 3.39181000e+08
1745.000000 3.31643000e+08
1755.000000 3.34332000e+08
1765.000000 3.18256000e+08
1775.000000 3.30105000e+08
1785.000000 3.23189000e+08
1795.000000 3.25140000e+08
1805.000000 3.19697000e+08
1815.000000 3.16493000e+08
1825.000000 3.14572000e+08
1835.000000 3.10258000e+08
1845.000000 3.06096000e+08
1855.000000 3.02148000e+08
1865.000000 2.98689000e+08
1875.000000 3.00644000e+08
1885.000000 2.97707000e+08
1895.000000 2.94793000e+08
1905.000000 2.95309000e+08
1915.000000 2.89438000e+08
1925.000000 2.88330000e+08
1935.000000 2.83959000e+08
1945.000000 2.86573000e+08
1955.000000 2.83146000e+08
1967.000000 2.81844000e+08
1976.000000 2.78810000e+08
1984.000000 2.77226000e+08
1995.000000 2.72635000e+08
2005.000000 2.69791000e+08
2015.000000 2.64021000e+08
2025.000000 2.64754000e+08
2035.000000 2.63978000e+08
2045.000000 2.62015000e+08
2055.000000 2.55083000e+08
2065.000000 2.54509000e+08
2074.000000 2.55729000e+08
2078.000000 2.54929000e+08
2085.000000 2.54866000e+08
2095.000000 2.51941000e+08
2105.000000 2.50641000e+08
2115.000000 2.48226000e+08
2125.000000 2.46930000e+08
2135.000000 2.42325000e+08
2145.000000 2.43444000e+08
2155.000000 2.40468000e+08
2165.000000 2.34924000e+08
2175.000000 2.33517000e+08
2185.000000 2.32584000e+08
2195.000000 2.34684000e+08
2205.000000 2.29593000e+08
2215.000000 2.25067000e+08
2225.000000 2.21360000e+08
2235.000000 2.26389000e+08
2245.000000 2.22038000e+08
2255.000000 2.17569000e+08
2265.000000 2.15967000e+08
2275.000000 2.17953000e+08
2285.000000 2.17348000e+08
2295.000000 2.13312000e+08
2305.000000 2.12252000e+08
2315.000000 2.10261000e+08
2325.000000 2.09752000e+08
2335.000000 2.05797000e+08
2345.000000 1.97517000e+08
2355.000000 2.02316000e+08
2365.000000 1.96036000e+08
2375.000000 1.98569000e+08
2385.000000 1.90589000e+08
2395.000000 1.95470000e+08
2405.000000 1.92734000e+08
2415.000000 1.92214000e+08
2425.000000 1.93745000e+08
2435.000000 1.89616000e+08
2445.000000 1.90179000e+08
2455.000000 1.89958000e+08
2465.000000 1.85822000e+08
2475.000000 1.84803000e+08
2485.000000 1.86491000e+08
2495.000000 1.82603000e+08
2505.000000 1.85458000e+08
2513.000000 1.82997000e+08
2518.000000 1.83465000e+08
2525.000000 1.78555000e+08
2535.000000 1.75461000e+08
2545.000000 1.75405000e+08
2555.000000 1.78369000e+08
2565.000000 1.76059000e+08
2575.000000 1.77228000e+08
2585.000000 1.77060000e+08
2595.000000 1.75256000e+08
2605.000000 1.72786000e+08
2615.000000 1.71385000e+08
2625.000000 1.70388000e+08
2635.000000 1.70204000e+08
2645.000000 1.74148000e+08
2655.000000 1.72945000e+08
2665.000000 1.70037000e+08
2675.000000 1.70264000e+08
2685.000000 1.69698000e+08
2695.000000 1.67969000e+08
2705.000000 1.66940000e+08
2715.000000 1.64604000e+08
2725.000000 1.63576000e+08
2735.000000 1.63887000e+08
2745.000000 1.58221000e+08
2755.000000 1.57705000e+08
2765.000000 1.59345000e+08
2775.000000 1.60723000e+08
2785.000000 1.59450000e+08
2795.000000 1.53580000e+08
2805.000000 1.56456000e+08
2815.000000 1.57995000e+08
2825.000000 1.56807000e+08
2835.000000 1.54761000e+08
2845.000000 1.53442000e+08
2855.000000 1.52591000e+08
2865.000000 1.52574000e+08
2875.000000 1.51546000e+08
2885.000000 1.51290000e+08
2895.000000 1.50763000e+08
2910.000000 1.50143000e+08
2930.000000 1.47297000e+08
2950.000000 1.45752000e+08
2970.000000 1.44791000e+08
2990.000000 1.43038000e+08
3010.000000 1.42228000e+08
3030.000000 1.40808000e+08
3050.000000 1.39231000e+08
3070.000000 1.37743000e+08
3090.000000 1.36411000e+08
3110.000000 1.34904000e+08
3130.000000 1.33370000e+08
3150.000000 1.32092000e+08
3170.000000 1.30790000e+08
3190.000000 1.29037000e+08
3210.000000 1.28011000e+08
3230.000000 1.26709000e+08
3250.000000 1.25565000e+08
3270.000000 1.24379000e+08
3290.000000 1.23149000e+08
3310.000000 1.21955000e+08
3330.000000 1.20708000e+08
3350.000000 1.19412000e+08
3370.000000 1.18231000e+08
3390.000000 1.17112000e+08
3410.000000 1.16024000e+08
3430.000000 1.14874000e+08
3450.000000 1.13799000e+08
3470.000000 1.12669000e+08
3490.000000 1.11583000e+08
3510.000000 1.10535000e+08
3530.000000 1.09482000e+08
3550.000000 1.08435000e+08
3570.000000 1.07389000e+08
3590.000000 1.06365000e+08
3610.000000 1.05352000e+08
3630.000000 1.04345000e+08
3640.000000 1.03855000e+08
3650.000000 1.04862000e+08
3670.000000 1.03829000e+08
3690.000000 9.96737000e+07
3710.000000 1.05505000e+08
3730.000000 1.12559000e+08
3750.000000 1.47343000e+08
3770.000000 1.55146000e+08
3790.000000 1.78835000e+08
3810.000000 1.99180000e+08
3830.000000 1.63775000e+08
3850.000000 2.11200000e+08
3870.000000 2.24548000e+08
3890.000000 1.46304000e+08
3910.000000 2.19893000e+08
3930.000000 2.22532000e+08
3950.000000 2.14636000e+08
3970.000000 1.38581000e+08
3990.000000 2.05787000e+08
4010.000000 2.11410000e+08
4030.000000 2.07095000e+08
4050.000000 2.06331000e+08
4070.000000 2.01766000e+08
4090.000000 1.74293000e+08
4110.000000 1.39274000e+08
4130.000000 1.91244000e+08
4150.000000 1.91562000e+08
4170.000000 1.89750000e+08
4190.000000 1.87289000e+08
4210.000000 1.84655000e+08
4230.000000 1.82039000e+08
4250.000000 1.79485000e+08
4270.000000 1.76822000e+08
4290.000000 1.73844000e+08
4310.000000 1.69681000e+08
4330.000000 1.41835000e+08
4350.000000 1.23219000e+08
4370.000000 1.62067000e+08
4390.000000 1.61409000e+08
4410.000000 1.60458000e+08
4430.000000 1.58306000e+08
4450.000000 1.56277000e+08
4470.000000 1.52927000e+08
4490.000000 1.51524000e+08
4510.000000 1.50041000e+08
4530.000000 1.48036000e+08
4550.000000 1.46001000e+08
4570.000000 1.44141000e+08
4590.000000 1.42197000e+08
4610.000000 1.40371000e+08
4630.000000 1.38489000e+08
4650.000000 1.36717000e+08
4670.000000 1.34926000e+08
4690.000000 1.33179000e+08
4710.000000 1.31184000e+08
4730.000000 1.29755000e+08
4750.000000 1.28082000e+08
4770.000000 1.26456000e+08
4790.000000 1.24701000e+08
4810.000000 1.22700000e+08
4830.000000 1.19844000e+08
4850.000000 1.03196000e+08
4870.000000 8.62318000e+07
4890.000000 1.14402000e+08
4910.000000 1.15020000e+08
4930.000000 1.13624000e+08
4950.000000 1.12809000e+08
4970.000000 1.11419000e+08
4990.000000 1.10038000e+08
5010.000000 1.08426000e+08
5030.000000 1.07343000e+08
5050.000000 1.05883000e+08
5070.000000 1.04742000e+08
5090.000000 1.03471000e+08
5110.000000 1.02211000e+08
5130.000000 1.00982000e+08
5150.000000 9.97585000e+07
5170.000000 9.85330000e+07
5190.000000 9.73736000e+07
5210.000000 9.62167000e+07
5230.000000 9.50635000e+07
5250.000000 9.39469000e+07
5270.000000 9.28201000e+07
5290.000000 9.17467000e+07
5310.000000 9.06587000e+07
5330.000000 8.96123000e+07
5350.000000 8.85671000e+07
5370.000000 8.75376000e+07
5390.000000 8.65235000e+07
5410.000000 8.55194000e+07
5430.000000 8.45341000e+07
5450.000000 8.35660000e+07
5470.000000 8.26048000e+07
5490.000000 8.16640000e+07
5510.000000 8.07323000e+07
5530.000000 7.98180000e+07
5550.000000 7.89147000e+07
5570.000000 7.80248000e+07
5590.000000 7.71468000e+07
5610.000000 7.62817000e+07
5630.000000 7.54293000e+07
5650.000000 7.45871000e+07
5670.000000 7.37583000e+07
5690.000000 7.29428000e+07
5710.000000 7.21369000e+07
5730.000000 7.13416000e+07
5750.000000 7.05579000e+07
5770.000000 6.97845000e+07
5790.000000 6.90212000e+07
5810.000000 6.82700000e+07
5830.000000 6.75275000e+07
5850.000000 6.67958000e+07
5870.000000 6.57586000e+07
5890.000000 6.53595000e+07
5910.000000 6.46612000e+07
5930.000000 6.39687000e+07
5950.000000 6.32818000e+07
5970.000000 6.26112000e+07
5990.000000 6.19428000e+07
6010.000000 6.12914000e+07
6030.000000 6.06451000e+07
6050.000000 6.00070000e+07
6070.000000 5.93771000e+07
6090.000000 5.87561000e+07
6110.000000 5.81441000e+07
6130.000000 5.75387000e+07
6150.000000 5.69360000e+07
6170.000000 5.63527000e+07
6190.000000 5.57719000e+07
6210.000000 5.51983000e+07
6230.000000 5.46309000e+07
6250.000000 5.40677000e+07
6270.000000 5.35211000e+07
6290.000000 5.29766000e+07
6310.000000 5.24379000e+07
6330.000000 5.19077000e+07
6350.000000 5.13449000e+07
6370.000000 5.08475000e+07
6390.000000 5.03553000e+07
6410.000000 4.98500000e+07
6430.000000 4.93526000e+07
6450.000000 4.88569000e+07
6470.000000 4.83753000e+07
6490.000000 4.78424000e+07
6510.000000 4.72297000e+07
6530.000000 4.63869000e+07
6550.000000 4.25618000e+07
6570.000000 3.55609000e+07
6590.000000 4.44505000e+07
6610.000000 4.48648000e+07
6630.000000 4.45971000e+07
6650.000000 4.42687000e+07
6670.000000 4.38030000e+07
6690.000000 4.33857000e+07
6710.000000 4.29986000e+07
6730.000000 4.25854000e+07
6750.000000 4.21780000e+07
6770.000000 4.17746000e+07
6790.000000 4.13761000e+07
6810.000000 4.09823000e+07
6830.000000 4.05932000e+07
6850.000000 4.02088000e+07
6870.000000 3.98298000e+07
6890.000000 3.94545000e+07
6910.000000 3.90844000e+07
6930.000000 3.87179000e+07
6950.000000 3.83558000e+07
6970.000000 3.79987000e+07
6990.000000 3.76451000e+07
7010.000000 3.72957000e+07
7030.000000 3.69511000e+07
7050.000000 3.66091000e+07
7070.000000 3.62403000e+07
7090.000000 3.59402000e+07
7110.000000 3.56108000e+07
7130.000000 3.52853000e+07
7150.000000 3.49637000e+07
7170.000000 3.46458000e+07
7190.000000 3.43309000e+07
7210.000000 3.40204000e+07
7230.000000 3.37128000e+07
7250.000000 3.34095000e+07
7270.000000 3.31090000e+07
7290.000000 3.28050000e+07
7310.000000 3.25178000e+07
7330.000000 3.22277000e+07
7350.000000 3.19410000e+07
7370.000000 3.16569000e+07
7390.000000 3.13768000e+07
7410.000000 3.10993000e+07
7430.000000 3.08242000e+07
7450.000000 3.05531000e+07
7470.000000 3.02844000e+07
7490.000000 3.00194000e+07
7510.000000 2.97569000e+07
7530.000000 2.94974000e+07
7550.000000 2.92409000e+07
7570.000000 2.89873000e+07
7590.000000 2.87360000e+07
7610.000000 2.84875000e+07
7630.000000 2.82420000e+07
7650.000000 2.79986000e+07
7670.000000 2.77586000e+07
7690.000000 2.75208000e+07
7710.000000 2.72856000e+07
7730.000000 2.70532000e+07
7750.000000 2.68228000e+07
7770.000000 2.65582000e+07
7790.000000 2.63699000e+07
7810.000000 2.61473000e+07
7830.000000 2.59267000e+07
7850.000000 2.57079000e+07
7870.000000 2.54892000e+07
7890.000000 2.52712000e+07
7910.000000 2.50683000e+07
7930.000000 2.48593000e+07
7950.000000 2.46516000e+07
7970.000000 2.44479000e+07
7990.000000 2.42419000e+07
8010.000000 2.40446000e+07
8030.000000 2.38467000e+07
8050.000000 2.36505000e+07
8070.000000 2.34559000e+07
8090.000000 2.32641000e+07
8110.000000 2.30739000e+07
8130.000000 2.28852000e+07
8150.000000 2.26993000e+07
8170.000000 2.25150000e+07
8190.000000 2.23321000e+07
8210.000000 2.22575000e+07
8230.000000 2.20872000e+07
8250.000000 2.19243000e+07
8270.000000 2.17611000e+07
8290.000000 2.15971000e+07
8310.000000 2.14338000e+07
8330.000000 2.12626000e+07
8350.000000 2.10830000e+07
8370.000000 2.08738000e+07
8390.000000 2.06604000e+07
8410.000000 2.04211000e+07
8430.000000 2.02755000e+07
8450.000000 2.01659000e+07
8470.000000 1.95026000e+07
8490.000000 2.01222000e+07
8510.000000 1.89951000e+07
8530.000000 2.01560000e+07
8550.000000 1.80814000e+07
8570.000000 2.03212000e+07
8590.000000 1.87987000e+07
8610.000000 1.83013000e+07
8630.000000 2.04711000e+07
8650.000000 1.96963000e+07
8670.000000 1.65028000e+07
8690.000000 2.01485000e+07
8710.000000 2.06281000e+07
8730.000000 1.99242000e+07
8750.000000 1.58594000e+07
8770.000000 1.89558000e+07
8790.000000 2.01802000e+07
8810.000000 2.01698000e+07
8830.000000 1.98215000e+07
8850.000000 1.80129000e+07
8870.000000 1.53221000e+07
8890.000000 1.89361000e+07
8910.000000 1.93879000e+07
8930.000000 1.93380000e+07
8950.000000 1.91928000e+07
8970.000000 1.89585000e+07
8990.000000 1.83531000e+07
9010.000000 1.49838000e+07
9030.000000 1.62578000e+07
9050.000000 1.81464000e+07
9070.000000 1.82776000e+07
9090.000000 1.82036000e+07
9110.000000 1.80884000e+07
9130.000000 1.79514000e+07
9150.000000 1.78032000e+07
9170.000000 1.76257000e+07
9190.000000 1.73537000e+07
9210.000000 1.64710000e+07
9230.000000 1.31451000e+07
9250.000000 1.59075000e+07
9270.000000 1.67736000e+07
9290.000000 1.68329000e+07
9310.000000 1.67510000e+07
9330.000000 1.66668000e+07
9350.000000 1.65438000e+07
9370.000000 1.64196000e+07
9390.000000 1.62951000e+07
9410.000000 1.61680000e+07
9430.000000 1.60533000e+07
9450.000000 1.59277000e+07
9470.000000 1.57689000e+07
9490.000000 1.56075000e+07
9510.000000 1.53320000e+07
9530.000000 1.43373000e+07
9550.000000 1.17663000e+07
9570.000000 1.43810000e+07
9590.000000 1.49273000e+07
9610.000000 1.49395000e+07
9630.000000 1.48653000e+07
9650.000000 1.47945000e+07
9670.000000 1.46850000e+07
9690.000000 1.45791000e+07
9710.000000 1.44728000e+07
9730.000000 1.43680000e+07
9750.000000 1.42635000e+07
9770.000000 1.41602000e+07
9790.000000 1.40580000e+07
9810.000000 1.39565000e+07
9830.000000 1.38557000e+07
9850.000000 1.37560000e+07
9870.000000 1.36574000e+07
9890.000000 1.35587000e+07
9910.000000 1.34622000e+07
9930.000000 1.33660000e+07
9950.000000 1.32697000e+07
9970.000000 1.31422000e+07
9990.000000 1.30149000e+07
10025.000000 1.21017000e+07
10075.000000 1.15588000e+07
10125.000000 1.24247000e+07
10175.000000 1.22555000e+07
10225.000000 1.20437000e+07
10275.000000 1.18362000e+07
10325.000000 1.16321000e+07
10375.000000 1.14341000e+07
10425.000000 1.12398000e+07
10475.000000 1.10493000e+07
10525.000000 1.08629000e+07
10575.000000 1.06806000e+07
10625.000000 1.05019000e+07
10675.000000 1.03251000e+07
10725.000000 1.01553000e+07
10775.000000 9.98798000e+06
10825.000000 9.80559000e+06
10875.000000 9.59936000e+06
10925.000000 8.42338000e+06
10975.000000 8.98923000e+06
11025.000000 9.17008000e+06
11075.000000 9.05153000e+06
11125.000000 8.90643000e+06
11175.000000 8.76416000e+06
11225.000000 8.62467000e+06
11275.000000 8.48671000e+06
11325.000000 8.35348000e+06
11375.000000 8.22285000e+06
11425.000000 8.09417000e+06
11475.000000 7.96800000e+06
11525.000000 7.84427000e+06
11575.000000 7.72295000e+06
11625.000000 7.60369000e+06
11675.000000 7.48702000e+06
11725.000000 7.37260000e+06
11775.000000 7.25958000e+06
11825.000000 7.15009000e+06
11875.000000 7.04219000e+06
11925.000000 6.93637000e+06
11975.000000 6.83180000e+06
12025.000000 6.73030000e+06
12075.000000 6.62998000e+06
12125.000000 6.53185000e+06
12175.000000 6.43535000e+06
12225.000000 6.34047000e+06
12275.000000 6.24767000e+06
12325.000000 6.15641000e+06
12375.000000 6.06691000e+06
12425.000000 5.97889000e+06
12475.000000 5.89233000e+06
12525.000000 5.80767000e+06
12575.000000 5.72442000e+06
12625.000000 5.64253000e+06
12675.000000 5.56222000e+06
12725.000000 5.47044000e+06
12775.000000 5.31136000e+06
12825.000000 4.71712000e+06
12875.000000 5.19167000e+06
12925.000000 5.17346000e+06
12975.000000 5.10927000e+06
13025.000000 5.03836000e+06
13075.000000 4.96883000e+06
13125.000000 4.90021000e+06
13175.000000 4.83292000e+06
13225.000000 4.76672000e+06
13275.000000 4.70181000e+06
13325.000000 4.63773000e+06
13375.000000 4.57490000e+06
13425.000000 4.51330000e+06
13475.000000 4.45248000e+06
13525.000000 4.39284000e+06
13575.000000 4.33417000e+06
13625.000000 4.27644000e+06
13675.000000 4.21965000e+06
13725.000000 4.16376000e+06
13775.000000 4.10897000e+06
13825.000000 4.05486000e+06
13875.000000 4.00181000e+06
13925.000000 3.94962000e+06
13975.000000 3.89826000e+06
14025.000000 3.84772000e+06
14075.000000 3.79799000e+06
14125.000000 3.74906000e+06
14175.000000 3.70091000e+06
14225.000000 3.65353000e+06
14275.000000 3.60690000e+06
14325.000000 3.56102000e+06
14375.000000 3.51588000e+06
14425.000000 3.47145000e+06
14475.000000 3.42773000e+06
14525.000000 3.38471000e+06
14570.000000 3.34662000e+06
14620.000000 3.31125000e+06
14675.000000 3.26689000e+06
14725.000000 3.22719000e+06
14775.000000 3.18813000e+06
14825.000000 3.14952000e+06
14875.000000 3.11152000e+06
14925.000000 3.07397000e+06
14975.000000 3.03667000e+06
15025.000000 2.99948000e+06
15075.000000 2.96187000e+06
15125.000000 2.92421000e+06
15175.000000 2.88763000e+06
15225.000000 2.85537000e+06
15275.000000 2.81119000e+06
15325.000000 2.77491000e+06
15375.000000 2.75435000e+06
15425.000000 2.69250000e+06
15475.000000 2.69102000e+06
15525.000000 2.66090000e+06
15575.000000 2.56898000e+06
15625.000000 2.63142000e+06
15675.000000 2.54520000e+06
15725.000000 2.46841000e+06
15775.000000 2.55361000e+06
15825.000000 2.52020000e+06
15875.000000 2.31869000e+06
15925.000000 2.43368000e+06
15975.000000 2.45626000e+06
16050.000000 2.38642000e+06
16150.000000 2.25282000e+06
16250.000000 2.32447000e+06
16350.000000 2.22749000e+06
16450.000000 2.10290000e+06
16550.000000 2.17604000e+06
16650.000000 2.12919000e+06
16750.000000 2.03402000e+06
16850.000000 1.92224000e+06
16950.000000 1.99024000e+06
17050.000000 1.94933000e+06
17150.000000 1.90733000e+06
17250.000000 1.86084000e+06
17350.000000 1.69841000e+06
17450.000000 1.77105000e+06
17550.000000 1.74933000e+06
17650.000000 1.71251000e+06
17750.000000 1.67665000e+06
17850.000000 1.64160000e+06
17950.000000 1.60758000e+06
18050.000000 1.57108000e+06
18150.000000 1.44472000e+06
18250.000000 1.48763000e+06
18350.000000 1.47929000e+06
18450.000000 1.44991000e+06
18550.000000 1.42064000e+06
18650.000000 1.38725000e+06
18750.000000 1.27894000e+06
18850.000000 1.33072000e+06
18950.000000 1.31115000e+06
19050.000000 1.28538000e+06
19150.000000 1.26028000e+06
19250.000000 1.23583000e+06
19350.000000 1.20548000e+06
19450.000000 1.10857000e+06
19550.000000 1.15946000e+06
19650.000000 1.14368000e+06
19750.000000 1.12199000e+06
19850.000000 1.10077000e+06
19950.000000 1.08011000e+06
20050.000000 1.05999000e+06
20150.000000 1.04022000e+06
20250.000000 1.02096000e+06
20350.000000 1.00213000e+06
20450.000000 9.83797000e+05
20550.000000 9.65770000e+05
20650.000000 9.48223000e+05
20750.000000 9.31056000e+05
20850.000000 9.14347000e+05
20950.000000 8.97914000e+05
21050.000000 8.81921000e+05
21150.000000 8.66190000e+05
21250.000000 8.50882000e+05
21350.000000 8.35905000e+05
21450.000000 8.21251000e+05
21550.000000 8.03271000e+05
21650.000000 7.43135000e+05
21750.000000 7.72496000e+05
21850.000000 7.65678000e+05
21950.000000 7.52610000e+05
22050.000000 7.39764000e+05
22150.000000 7.27179000e+05
22250.000000 7.14866000e+05
22350.000000 7.02819000e+05
22450.000000 6.91018000e+05
22550.000000 6.79465000e+05
22650.000000 6.68155000e+05
22750.000000 6.57075000e+05
22850.000000 6.46726000e+05
22950.000000 6.36167000e+05
23050.000000 6.25830000e+05
23150.000000 6.15697000e+05
23250.000000 6.05771000e+05
23350.000000 5.96040000e+05
23450.000000 5.86494000e+05
23550.000000 5.77142000e+05
23650.000000 5.67947000e+05
23750.000000 5.58920000e+05
23850.000000 5.50064000e+05
23950.000000 5.41336000e+05
24050.000000 5.32714000e+05
24150.000000 5.24139000e+05
24250.000000 5.16231000e+05
24350.000000 5.07857000e+05
24450.000000 4.99527000e+05
24550.000000 4.92640000e+05
24650.000000 4.84051000e+05
24750.000000 4.76734000e+05
24850.000000 4.71483000e+05
24950.000000 4.58785000e+05
25050.000000 4.57507000e+05
25150.000000 4.50928000e+05
25250.000000 4.35728000e+05
25350.000000 4.36940000e+05
25450.000000 4.32135000e+05
25550.000000 4.24084000e+05
25650.000000 4.06715000e+05
25750.000000 4.12454000e+05
25850.000000 4.07775000e+05
25950.000000 4.01685000e+05
26050.000000 3.91734000e+05
26150.000000 3.73918000e+05
26250.000000 3.61070000e+05
26350.000000 3.75849000e+05
26450.000000 3.73901000e+05
26550.000000 3.68813000e+05
26650.000000 3.61430000e+05
26750.000000 3.39722000e+05
26850.000000 3.51128000e+05
26950.000000 3.49009000e+05
27050.000000 3.44394000e+05
27150.000000 3.39552000e+05
27250.000000 3.34797000e+05
27350.000000 3.30117000e+05
27450.000000 3.24086000e+05
27550.000000 3.05051000e+05
27650.000000 3.09688000e+05
27750.000000 3.11672000e+05
27850.000000 3.07942000e+05
27950.000000 3.03736000e+05
28050.000000 2.99597000e+05
28150.000000 2.95532000e+05
28250.000000 2.91532000e+05
28350.000000 2.87599000e+05
28450.000000 2.83733000e+05
28550.000000 2.79558000e+05
28650.000000 2.71878000e+05
28750.000000 2.57296000e+05
28850.000000 2.67347000e+05
28950.000000 2.65333000e+05
29050.000000 2.61862000e+05
29150.000000 2.58423000e+05
29250.000000 2.55043000e+05
29350.000000 2.51716000e+05
29450.000000 2.48446000e+05
29550.000000 2.45227000e+05
29650.000000 2.42059000e+05
29750.000000 2.38940000e+05
29850.000000 2.35875000e+05
29950.000000 2.32858000e+05
30050.000000 2.29888000e+05
30150.000000 2.26965000e+05
30250.000000 2.23251000e+05
30350.000000 2.11595000e+05
30450.000000 2.12292000e+05
30550.000000 2.15171000e+05
30650.000000 2.13035000e+05
30750.000000 2.10381000e+05
30850.000000 2.07764000e+05
30950.000000 2.05193000e+05
31050.000000 2.02658000e+05
31150.000000 2.00163000e+05
31250.000000 1.97704000e+05
31350.000000 1.95283000e+05
31450.000000 1.92901000e+05
31550.000000 1.90556000e+05
31650.000000 1.88244000e+05
31750.000000 1.85969000e+05
31850.000000 1.83726000e+05
31950.000000 1.81518000e+05
32100.000000 1.78268000e+05
32300.000000 1.74049000e+05
32500.000000 1.69952000e+05
32700.000000 1.65867000e+05
32900.000000 1.56593000e+05
33100.000000 1.56763000e+05
33300.000000 1.54410000e+05
33500.000000 1.50954000e+05
33700.000000 1.47552000e+05
33900.000000 1.44236000e+05
34100.000000 1.41010000e+05
34300.000000 1.37872000e+05
34500.000000 1.34819000e+05
34700.000000 1.31849000e+05
34900.000000 1.28959000e+05
35100.000000 1.26148000e+05
35300.000000 1.23414000e+05
35500.000000 1.20739000e+05
35700.000000 1.18122000e+05
35900.000000 1.15672000e+05
36100.000000 1.13102000e+05
36300.000000 1.10847000e+05
36500.000000 1.08312000e+05
36700.000000 1.06310000e+05
36900.000000 1.03680000e+05
37100.000000 1.01867000e+05
37300.000000 9.83110000e+04
37500.000000 9.53149000e+04
37700.000000 9.57933000e+04
37900.000000 9.39693000e+04
38100.000000 9.14800000e+04
38300.000000 8.97567000e+04
38500.000000 8.84860000e+04
38700.000000 8.67512000e+04
38900.000000 8.48607000e+04
39100.000000 8.20456000e+04
39300.000000 8.16809000e+04
39500.000000 8.03005000e+04
39700.000000 7.87692000e+04
39900.000000 7.71604000e+04
40100.000000 7.48206000e+04
40300.000000 7.30244000e+04
40500.000000 7.07868000e+04
40700.000000 7.13095000e+04
40900.000000 7.01589000e+04
41100.000000 6.88399000e+04
41300.000000 6.75520000e+04
41500.000000 6.61193000e+04
41700.000000 6.31836000e+04
41900.000000 6.36591000e+04
42100.000000 6.26944000e+04
42300.000000 6.15492000e+04
42500.000000 6.04290000e+04
42700.000000 5.93353000e+04
42900.000000 5.82654000e+04
43100.000000 5.72189000e+04
43300.000000 5.61953000e+04
43500.000000 5.51402000e+04
43700.000000 5.27783000e+04
43900.000000 5.27637000e+04
44100.000000 5.23269000e+04
44300.000000 5.14140000e+04
44500.000000 5.05191000e+04
44700.000000 4.97042000e+04
44900.000000 4.87877000e+04
45100.000000 4.79503000e+04
45300.000000 4.71313000e+04
45500.000000 4.63285000e+04
45700.000000 4.55415000e+04
45900.000000 4.47681000e+04
46100.000000 4.39994000e+04
46300.000000 4.31808000e+04
46500.000000 4.12316000e+04
46700.000000 4.04784000e+04
46900.000000 4.09423000e+04
47100.000000 4.04612000e+04
47300.000000 3.98217000e+04
47500.000000 3.91782000e+04
47700.000000 3.85440000e+04
47900.000000 3.79224000e+04
48100.000000 3.73113000e+04
48300.000000 3.67123000e+04
48500.000000 3.61250000e+04
48700.000000 3.55494000e+04
48900.000000 3.49850000e+04
49100.000000 3.44334000e+04
49300.000000 3.38880000e+04
49500.000000 3.33610000e+04
49700.000000 3.28276000e+04
49900.000000 3.23290000e+04
50100.000000 3.18238000e+04
50300.000000 3.13166000e+04
50500.000000 3.08548000e+04
50700.000000 3.03759000e+04
50900.000000 2.98643000e+04
51100.000000 2.93266000e+04
51300.000000 2.81177000e+04
51500.000000 2.84836000e+04
51700.000000 2.80804000e+04
51900.000000 2.77329000e+04
52100.000000 2.73705000e+04
52300.000000 2.69633000e+04
52500.000000 2.64807000e+04
52700.000000 2.60482000e+04
52900.000000 2.57695000e+04
53100.000000 2.54074000e+04
53300.000000 2.50367000e+04
53500.000000 2.46616000e+04
53700.000000 2.41896000e+04
53900.000000 2.38444000e+04
54100.000000 2.36131000e+04
54300.000000 2.32785000e+04
54500.000000 2.29456000e+04
54700.000000 2.26182000e+04
54900.000000 2.22975000e+04
55100.000000 2.18939000e+04
55300.000000 2.14685000e+04
55500.000000 2.13422000e+04
55700.000000 2.10690000e+04
55900.000000 2.07750000e+04
56100.000000 2.04859000e+04
56300.000000 2.02028000e+04
56500.000000 1.99243000e+04
56700.000000 1.96492000e+04
56900.000000 1.93368000e+04
57100.000000 1.88399000e+04
57300.000000 1.87946000e+04
57500.000000 1.85992000e+04
57700.000000 1.83483000e+04
57900.000000 1.81004000e+04
58100.000000 1.78577000e+04
58300.000000 1.76101000e+04
58500.000000 1.73721000e+04
58700.000000 1.71315000e+04
58900.000000 1.68285000e+04
59100.000000 1.61831000e+04
59300.000000 1.63987000e+04
59500.000000 1.59854000e+04
59700.000000 1.59176000e+04
59900.000000 1.58230000e+04
60100.000000 1.56417000e+04
60300.000000 1.54584000e+04
60500.000000 1.52586000e+04
60700.000000 1.50621000e+04
60900.000000 1.48688000e+04
61100.000000 1.46788000e+04
61300.000000 1.44919000e+04
61500.000000 1.43072000e+04
61700.000000 1.41265000e+04
61900.000000 1.39479000e+04
62100.000000 1.37722000e+04
62300.000000 1.35995000e+04
62500.000000 1.34113000e+04
62700.000000 1.31946000e+04
62900.000000 1.27595000e+04
63100.000000 1.28453000e+04
63300.000000 1.27539000e+04
63500.000000 1.26167000e+04
63700.000000 1.24624000e+04
63900.000000 1.23097000e+04
64200.000000 1.20853000e+04
64600.000000 1.17934000e+04
65000.000000 1.15105000e+04
65400.000000 1.12363000e+04
65800.000000 1.09704000e+04
66200.000000 1.07119000e+04
66600.000000 1.04613000e+04
67000.000000 1.02176000e+04
67400.000000 9.94741000e+03
67800.000000 9.58452000e+03
68200.000000 9.51535000e+03
68600.000000 9.31184000e+03
69000.000000 9.10133000e+03
69400.000000 8.89112000e+03
69800.000000 8.69749000e+03
70200.000000 8.50463000e+03
70600.000000 8.31632000e+03
71000.000000 8.12199000e+03
71400.000000 7.95587000e+03
71800.000000 7.78270000e+03
72200.000000 7.61432000e+03
72600.000000 7.43415000e+03
73000.000000 7.28645000e+03
73400.000000 7.13593000e+03
73800.000000 6.98408000e+03
74200.000000 6.82229000e+03
74600.000000 6.56634000e+03
75000.000000 6.37614000e+03
75400.000000 6.38805000e+03
75800.000000 6.28435000e+03
76200.000000 6.15776000e+03
76600.000000 6.03217000e+03
77000.000000 5.90968000e+03
77400.000000 5.78650000e+03
77800.000000 5.63846000e+03
78200.000000 5.55677000e+03
78600.000000 5.44987000e+03
79000.000000 5.34200000e+03
79400.000000 5.23674000e+03
79800.000000 5.13409000e+03
80200.000000 5.03392000e+03
80600.000000 4.93618000e+03
81000.000000 4.84075000e+03
81400.000000 4.71284000e+03
81800.000000 4.64181000e+03
82200.000000 4.56820000e+03
82600.000000 4.48165000e+03
83000.000000 4.39711000e+03
83400.000000 4.31452000e+03
83800.000000 4.23389000e+03
84200.000000 4.15513000e+03
84600.000000 4.07819000e+03
85000.000000 4.00303000e+03
85400.000000 3.92956000e+03
85800.000000 3.85780000e+03
86200.000000 3.78421000e+03
86600.000000 3.67318000e+03
87000.000000 3.64157000e+03
87400.000000 3.54750000e+03
87800.000000 3.48461000e+03
88200.000000 3.45981000e+03
88600.000000 3.39860000e+03
89000.000000 3.33872000e+03
89400.000000 3.28016000e+03
89800.000000 3.22283000e+03
90200.000000 3.16676000e+03
90600.000000 3.11192000e+03
91000.000000 3.05824000e+03
91400.000000 3.00573000e+03
91800.000000 2.95434000e+03
92200.000000 2.90403000e+03
92600.000000 2.85430000e+03
93000.000000 2.80659000e+03
93400.000000 2.75760000e+03
93800.000000 2.67525000e+03
94200.000000 2.65547000e+03
94600.000000 2.62371000e+03
95000.000000 2.57875000e+03
95400.000000 2.53573000e+03
95800.000000 2.49625000e+03
96200.000000 2.45550000e+03
96600.000000 2.41555000e+03
97000.000000 2.37641000e+03
97400.000000 2.33807000e+03
97800.000000 2.30051000e+03
98200.000000 2.26223000e+03
98600.000000 2.22384000e+03
99000.000000 2.19223000e+03
99400.000000 2.15757000e+03
99800.000000 2.12360000e+03
100200.000000 2.09028000e+03
200000.000000 1.34361000e+02
400000.000000 8.43191000e+00
600000.000000 1.66180000e+00
800000.000000 5.24048000e-01
1000000.000000 2.13960000e-01
1200000.000000 1.02889000e-01
1400000.000000 5.54023000e-02
1600000.000000 3.24090000e-02
