# Kurucz ODFNEW /NOVER, alpha: 0.0 (2003)
# teff = 12000 K (value for the effective temperature for the model. Temperatures are given in K)
# logg = 4.5 log(cm/s2) (value for Log(G) for the model.)
# lh = 1.25  (l/Hp where l is the  mixing length of the convective element and Hp is the pressure scale height)
# meta = -1.5  (value for the Metallicity for the model.)
# vtur = 2 km/s (Microturbulence velocity)
# alpha = 0  (Alpha)
#
# column 1: WAVELENGTH (ANGSTROM), Wavelength in Angstrom
# column 2: FLUX (ERG/CM2/S/A), Flux in erg/cm2/s/A
205.000000 9.84382000e-23
210.500000 8.54289000e-22
216.200000 6.58493000e-21
219.800000 2.25716000e-20
223.000000 6.49779000e-20
226.800000 2.19915000e-19
230.000000 5.96400000e-19
234.000000 1.98864000e-18
240.000000 1.12319000e-17
246.500000 6.66692000e-17
252.400000 3.10215000e-16
256.800000 9.32480000e-16
260.000000 2.02810000e-15
264.000000 5.21533000e-15
268.500000 1.45535000e-14
273.500000 4.37184000e-14
278.500000 1.26552000e-13
284.000000 3.89523000e-13
290.000000 1.26323000e-12
296.000000 3.89478000e-12
301.000000 9.63810000e-12
308.000000 3.25580000e-11
318.000000 1.68549000e-10
328.000000 7.88273000e-10
338.000000 3.35562000e-09
348.000000 1.31347000e-08
357.000000 4.19179000e-08
366.000000 1.26375000e-07
375.000000 3.60455000e-07
385.000000 1.08923000e-06
395.000000 3.10511000e-06
405.000000 8.39565000e-06
414.000000 1.97020000e-05
422.000000 4.07289000e-05
430.000000 8.18699000e-05
441.000000 2.04965000e-04
451.000000 4.53129000e-04
460.000000 8.97350000e-04
470.000000 1.85687000e-03
480.000000 3.72118000e-03
490.000000 7.24227000e-03
500.000000 1.36995000e-02
506.000000 4.62768000e-02
512.000000 8.45408000e-02
520.000000 1.31690000e-01
530.000000 2.28036000e-01
540.000000 3.75011000e-01
550.000000 6.24138000e-01
560.000000 1.00275000e+00
570.000000 1.58275000e+00
580.000000 2.40675000e+00
590.000000 3.74543000e+00
600.000000 5.63566000e+00
610.000000 8.35284000e+00
620.000000 1.22055000e+01
630.000000 1.76073000e+01
640.000000 2.50724000e+01
650.000000 3.53136000e+01
658.000000 4.60492000e+01
665.000000 5.77500000e+01
675.000000 7.90890000e+01
685.000000 1.07240000e+02
695.000000 1.44039000e+02
705.000000 1.91630000e+02
716.000000 2.59662000e+02
726.000000 3.39286000e+02
735.000000 4.28623000e+02
745.000000 5.51724000e+02
755.000000 7.04916000e+02
765.000000 8.94018000e+02
775.000000 1.12638000e+03
785.000000 1.40959000e+03
795.000000 1.75256000e+03
805.000000 2.16634000e+03
815.000000 2.66185000e+03
825.000000 3.25240000e+03
835.000000 3.94579000e+03
845.000000 4.77786000e+03
855.000000 5.74609000e+03
865.000000 6.87878000e+03
875.000000 8.19419000e+03
885.000000 9.71952000e+03
895.000000 1.14765000e+04
905.000000 1.34671000e+04
915.000000 2.76725000e+04
925.000000 8.36345000e+04
935.000000 1.26767000e+05
945.000000 2.38847000e+05
955.000000 7.26093000e+05
965.000000 1.21896000e+06
975.000000 3.77572000e+05
985.000000 2.72631000e+07
995.000000 1.29150000e+08
1005.000000 1.09230000e+08
1015.000000 1.01976000e+07
1025.000000 4.61847000e+05
1035.000000 6.38020000e+06
1045.000000 1.24363000e+08
1055.000000 3.39353000e+08
1065.000000 4.22890000e+08
1075.000000 5.20388000e+08
1085.000000 5.47449000e+08
1095.000000 5.54243000e+08
1105.000000 5.47805000e+08
1115.000000 5.68537000e+08
1125.000000 5.59576000e+08
1135.000000 5.78126000e+08
1145.000000 5.39796000e+08
1155.000000 5.10778000e+08
1165.000000 4.98383000e+08
1175.000000 4.13123000e+08
1185.000000 2.67202000e+08
1195.000000 4.79952000e+07
1205.000000 5.31849000e+06
1215.000000 1.50380000e+06
1225.000000 4.32883000e+06
1235.000000 4.45834000e+07
1245.000000 2.12569000e+08
1255.000000 3.64501000e+08
1265.000000 3.98288000e+08
1275.000000 4.86988000e+08
1285.000000 5.41244000e+08
1295.000000 5.34871000e+08
1305.000000 4.79233000e+08
1315.000000 5.56655000e+08
1325.000000 5.59421000e+08
1335.000000 5.51537000e+08
1345.000000 5.79164000e+08
1355.000000 5.53493000e+08
1365.000000 5.36315000e+08
1375.000000 5.37608000e+08
1385.000000 5.38711000e+08
1395.000000 5.30899000e+08
1405.000000 5.43560000e+08
1415.000000 5.35584000e+08
1425.000000 5.37555000e+08
1435.000000 5.19387000e+08
1442.000000 5.36678000e+08
1447.000000 5.36268000e+08
1455.000000 5.31472000e+08
1465.000000 5.19449000e+08
1475.000000 5.14092000e+08
1485.000000 5.08712000e+08
1495.000000 5.04795000e+08
1505.000000 5.04928000e+08
1512.000000 4.98451000e+08
1517.000000 5.04387000e+08
1525.000000 4.88823000e+08
1535.000000 4.81867000e+08
1545.000000 4.90816000e+08
1555.000000 4.69629000e+08
1565.000000 4.41667000e+08
1575.000000 4.51141000e+08
1585.000000 4.60253000e+08
1595.000000 4.65650000e+08
1605.000000 4.47055000e+08
1615.000000 4.45378000e+08
1625.000000 4.23221000e+08
1635.000000 4.24514000e+08
1645.000000 4.22501000e+08
1655.000000 3.94799000e+08
1665.000000 4.21558000e+08
1672.000000 4.00018000e+08
1677.000000 4.04950000e+08
1685.000000 4.12008000e+08
1695.000000 4.00591000e+08
1705.000000 3.92925000e+08
1715.000000 3.91943000e+08
1725.000000 3.85019000e+08
1735.000000 3.92570000e+08
1745.000000 3.82937000e+08
1755.000000 3.87539000e+08
1765.000000 3.67052000e+08
1775.000000 3.83231000e+08
1785.000000 3.74870000e+08
1795.000000 3.77861000e+08
1805.000000 3.71037000e+08
1815.000000 3.67189000e+08
1825.000000 3.62871000e+08
1835.000000 3.57416000e+08
1845.000000 3.51471000e+08
1855.000000 3.48612000e+08
1865.000000 3.44851000e+08
1875.000000 3.47633000e+08
1885.000000 3.44432000e+08
1895.000000 3.40995000e+08
1905.000000 3.40258000e+08
1915.000000 3.34012000e+08
1925.000000 3.32991000e+08
1935.000000 3.27043000e+08
1945.000000 3.30978000e+08
1955.000000 3.26921000e+08
1967.000000 3.25417000e+08
1976.000000 3.21388000e+08
1984.000000 3.19453000e+08
1995.000000 3.13763000e+08
2005.000000 3.10134000e+08
2015.000000 3.02285000e+08
2025.000000 3.03800000e+08
2035.000000 3.03068000e+08
2045.000000 3.00796000e+08
2055.000000 2.92247000e+08
2065.000000 2.91605000e+08
2074.000000 2.92732000e+08
2078.000000 2.92810000e+08
2085.000000 2.92451000e+08
2095.000000 2.88558000e+08
2105.000000 2.86937000e+08
2115.000000 2.83901000e+08
2125.000000 2.82212000e+08
2135.000000 2.75756000e+08
2145.000000 2.78464000e+08
2155.000000 2.74685000e+08
2165.000000 2.67757000e+08
2175.000000 2.65993000e+08
2185.000000 2.64827000e+08
2195.000000 2.67838000e+08
2205.000000 2.61191000e+08
2215.000000 2.54960000e+08
2225.000000 2.50794000e+08
2235.000000 2.57507000e+08
2245.000000 2.51548000e+08
2255.000000 2.46099000e+08
2265.000000 2.44401000e+08
2275.000000 2.47490000e+08
2285.000000 2.47025000e+08
2295.000000 2.41665000e+08
2305.000000 2.40161000e+08
2315.000000 2.37529000e+08
2325.000000 2.37030000e+08
2335.000000 2.32212000e+08
2345.000000 2.22228000e+08
2355.000000 2.27905000e+08
2365.000000 2.20438000e+08
2375.000000 2.23561000e+08
2385.000000 2.13783000e+08
2395.000000 2.20060000e+08
2405.000000 2.16097000e+08
2415.000000 2.16056000e+08
2425.000000 2.17512000e+08
2435.000000 2.12089000e+08
2445.000000 2.13578000e+08
2455.000000 2.12760000e+08
2465.000000 2.08148000e+08
2475.000000 2.06298000e+08
2485.000000 2.09161000e+08
2495.000000 2.04468000e+08
2505.000000 2.08230000e+08
2513.000000 2.05015000e+08
2518.000000 2.05135000e+08
2525.000000 1.99035000e+08
2535.000000 1.95962000e+08
2545.000000 1.95646000e+08
2555.000000 1.99363000e+08
2565.000000 1.96833000e+08
2575.000000 1.98642000e+08
2585.000000 1.98613000e+08
2595.000000 1.96476000e+08
2605.000000 1.93260000e+08
2615.000000 1.91719000e+08
2625.000000 1.90688000e+08
2635.000000 1.90556000e+08
2645.000000 1.95515000e+08
2655.000000 1.93986000e+08
2665.000000 1.90178000e+08
2675.000000 1.90607000e+08
2685.000000 1.90036000e+08
2695.000000 1.87747000e+08
2705.000000 1.86562000e+08
2715.000000 1.83739000e+08
2725.000000 1.82606000e+08
2735.000000 1.83459000e+08
2745.000000 1.76295000e+08
2755.000000 1.75514000e+08
2765.000000 1.77484000e+08
2775.000000 1.79377000e+08
2785.000000 1.77868000e+08
2795.000000 1.69605000e+08
2805.000000 1.73756000e+08
2815.000000 1.76398000e+08
2825.000000 1.74948000e+08
2835.000000 1.72301000e+08
2845.000000 1.70421000e+08
2855.000000 1.69137000e+08
2865.000000 1.69657000e+08
2875.000000 1.68333000e+08
2885.000000 1.68231000e+08
2895.000000 1.67687000e+08
2910.000000 1.67315000e+08
2930.000000 1.63683000e+08
2950.000000 1.61977000e+08
2970.000000 1.60845000e+08
2990.000000 1.58798000e+08
3010.000000 1.58008000e+08
3030.000000 1.56352000e+08
3050.000000 1.54442000e+08
3070.000000 1.52688000e+08
3090.000000 1.51187000e+08
3110.000000 1.49381000e+08
3130.000000 1.47544000e+08
3150.000000 1.46045000e+08
3170.000000 1.44594000e+08
3190.000000 1.42342000e+08
3210.000000 1.41309000e+08
3230.000000 1.39723000e+08
3250.000000 1.38490000e+08
3270.000000 1.37161000e+08
3290.000000 1.35759000e+08
3310.000000 1.34385000e+08
3330.000000 1.32894000e+08
3350.000000 1.31316000e+08
3370.000000 1.29964000e+08
3390.000000 1.28691000e+08
3410.000000 1.27493000e+08
3430.000000 1.26155000e+08
3450.000000 1.24937000e+08
3470.000000 1.23626000e+08
3490.000000 1.22377000e+08
3510.000000 1.21185000e+08
3530.000000 1.19982000e+08
3550.000000 1.18778000e+08
3570.000000 1.17569000e+08
3590.000000 1.16391000e+08
3610.000000 1.15232000e+08
3630.000000 1.14078000e+08
3640.000000 1.13514000e+08
3650.000000 1.15195000e+08
3670.000000 1.14387000e+08
3690.000000 1.11554000e+08
3710.000000 1.09471000e+08
3730.000000 1.06881000e+08
3750.000000 1.26431000e+08
3770.000000 1.33490000e+08
3790.000000 1.58866000e+08
3810.000000 1.82799000e+08
3830.000000 1.48720000e+08
3850.000000 1.99386000e+08
3870.000000 2.22440000e+08
3890.000000 1.28312000e+08
3910.000000 2.19597000e+08
3930.000000 2.32225000e+08
3950.000000 2.15742000e+08
3970.000000 1.22456000e+08
3990.000000 2.04268000e+08
4010.000000 2.23068000e+08
4030.000000 2.20221000e+08
4050.000000 2.19012000e+08
4070.000000 2.10779000e+08
4090.000000 1.64974000e+08
4110.000000 1.28560000e+08
4130.000000 1.97333000e+08
4150.000000 2.03122000e+08
4170.000000 2.01997000e+08
4190.000000 1.99644000e+08
4210.000000 1.96938000e+08
4230.000000 1.94074000e+08
4250.000000 1.91169000e+08
4270.000000 1.87990000e+08
4290.000000 1.84118000e+08
4310.000000 1.76175000e+08
4330.000000 1.33543000e+08
4350.000000 1.14985000e+08
4370.000000 1.66960000e+08
4390.000000 1.70649000e+08
4410.000000 1.70325000e+08
4430.000000 1.68376000e+08
4450.000000 1.66514000e+08
4470.000000 1.62874000e+08
4490.000000 1.61118000e+08
4510.000000 1.59867000e+08
4530.000000 1.57691000e+08
4550.000000 1.55461000e+08
4570.000000 1.53501000e+08
4590.000000 1.51374000e+08
4610.000000 1.49436000e+08
4630.000000 1.47366000e+08
4650.000000 1.45482000e+08
4670.000000 1.43543000e+08
4690.000000 1.41629000e+08
4710.000000 1.39466000e+08
4730.000000 1.37939000e+08
4750.000000 1.35940000e+08
4770.000000 1.33938000e+08
4790.000000 1.31824000e+08
4810.000000 1.29113000e+08
4830.000000 1.23624000e+08
4850.000000 9.79681000e+07
4870.000000 8.10916000e+07
4890.000000 1.16483000e+08
4910.000000 1.20624000e+08
4930.000000 1.19966000e+08
4950.000000 1.19248000e+08
4970.000000 1.17981000e+08
4990.000000 1.16692000e+08
5010.000000 1.14982000e+08
5030.000000 1.13792000e+08
5050.000000 1.12186000e+08
5070.000000 1.11010000e+08
5090.000000 1.09643000e+08
5110.000000 1.08291000e+08
5130.000000 1.06978000e+08
5150.000000 1.05662000e+08
5170.000000 1.04303000e+08
5190.000000 1.03086000e+08
5210.000000 1.01863000e+08
5230.000000 1.00613000e+08
5250.000000 9.94292000e+07
5270.000000 9.82039000e+07
5290.000000 9.70710000e+07
5310.000000 9.58962000e+07
5330.000000 9.47788000e+07
5350.000000 9.36621000e+07
5370.000000 9.25568000e+07
5390.000000 9.14706000e+07
5410.000000 9.03952000e+07
5430.000000 8.93434000e+07
5450.000000 8.83083000e+07
5470.000000 8.72823000e+07
5490.000000 8.62738000e+07
5510.000000 8.52800000e+07
5530.000000 8.43021000e+07
5550.000000 8.33409000e+07
5570.000000 8.23890000e+07
5590.000000 8.14508000e+07
5610.000000 8.05276000e+07
5630.000000 7.96165000e+07
5650.000000 7.87152000e+07
5670.000000 7.78304000e+07
5690.000000 7.69596000e+07
5710.000000 7.61002000e+07
5730.000000 7.52509000e+07
5750.000000 7.44150000e+07
5770.000000 7.35899000e+07
5790.000000 7.27756000e+07
5810.000000 7.19752000e+07
5830.000000 7.11841000e+07
5850.000000 7.04054000e+07
5870.000000 6.93656000e+07
5890.000000 6.88692000e+07
5910.000000 6.81299000e+07
5930.000000 6.73926000e+07
5950.000000 6.66583000e+07
5970.000000 6.59461000e+07
5990.000000 6.52324000e+07
6010.000000 6.45424000e+07
6030.000000 6.38538000e+07
6050.000000 6.31751000e+07
6070.000000 6.25048000e+07
6090.000000 6.18441000e+07
6110.000000 6.11926000e+07
6130.000000 6.05494000e+07
6150.000000 5.98992000e+07
6170.000000 5.92888000e+07
6190.000000 5.86714000e+07
6210.000000 5.80615000e+07
6230.000000 5.74593000e+07
6250.000000 5.68578000e+07
6270.000000 5.62800000e+07
6290.000000 5.57009000e+07
6310.000000 5.51288000e+07
6330.000000 5.45657000e+07
6350.000000 5.39422000e+07
6370.000000 5.34267000e+07
6390.000000 5.29175000e+07
6410.000000 5.23787000e+07
6430.000000 5.18511000e+07
6450.000000 5.12729000e+07
6470.000000 5.06675000e+07
6490.000000 5.00435000e+07
6510.000000 4.92618000e+07
6530.000000 4.77952000e+07
6550.000000 4.18804000e+07
6570.000000 3.47833000e+07
6590.000000 4.51115000e+07
6610.000000 4.66168000e+07
6630.000000 4.66000000e+07
6650.000000 4.62954000e+07
6670.000000 4.58988000e+07
6690.000000 4.55288000e+07
6710.000000 4.51172000e+07
6730.000000 4.46781000e+07
6750.000000 4.42484000e+07
6770.000000 4.38213000e+07
6790.000000 4.33993000e+07
6810.000000 4.29831000e+07
6830.000000 4.25718000e+07
6850.000000 4.21646000e+07
6870.000000 4.17630000e+07
6890.000000 4.13662000e+07
6910.000000 4.09740000e+07
6930.000000 4.05865000e+07
6950.000000 4.02042000e+07
6970.000000 3.98265000e+07
6990.000000 3.94532000e+07
7010.000000 3.90827000e+07
7030.000000 3.87189000e+07
7050.000000 3.83563000e+07
7070.000000 3.79805000e+07
7090.000000 3.76504000e+07
7110.000000 3.73003000e+07
7130.000000 3.69586000e+07
7150.000000 3.66180000e+07
7170.000000 3.62829000e+07
7190.000000 3.59501000e+07
7210.000000 3.56220000e+07
7230.000000 3.52976000e+07
7250.000000 3.49763000e+07
7270.000000 3.46601000e+07
7290.000000 3.43418000e+07
7310.000000 3.40357000e+07
7330.000000 3.37296000e+07
7350.000000 3.34271000e+07
7370.000000 3.31273000e+07
7390.000000 3.28317000e+07
7410.000000 3.25387000e+07
7430.000000 3.22471000e+07
7450.000000 3.19622000e+07
7470.000000 3.16778000e+07
7490.000000 3.13994000e+07
7510.000000 3.11229000e+07
7530.000000 3.08495000e+07
7550.000000 3.05792000e+07
7570.000000 3.03113000e+07
7590.000000 3.00465000e+07
7610.000000 2.97847000e+07
7630.000000 2.95258000e+07
7650.000000 2.92700000e+07
7670.000000 2.90170000e+07
7690.000000 2.87662000e+07
7710.000000 2.85183000e+07
7730.000000 2.82732000e+07
7750.000000 2.80309000e+07
7770.000000 2.77014000e+07
7790.000000 2.75538000e+07
7810.000000 2.73196000e+07
7830.000000 2.70874000e+07
7850.000000 2.68572000e+07
7870.000000 2.66224000e+07
7890.000000 2.63883000e+07
7910.000000 2.61834000e+07
7930.000000 2.59634000e+07
7950.000000 2.57430000e+07
7970.000000 2.55309000e+07
7990.000000 2.53059000e+07
8010.000000 2.51068000e+07
8030.000000 2.48984000e+07
8050.000000 2.46917000e+07
8070.000000 2.44873000e+07
8090.000000 2.42852000e+07
8110.000000 2.40848000e+07
8130.000000 2.38872000e+07
8150.000000 2.36913000e+07
8170.000000 2.34976000e+07
8190.000000 2.33038000e+07
8210.000000 2.32720000e+07
8230.000000 2.30906000e+07
8250.000000 2.29218000e+07
8270.000000 2.27510000e+07
8290.000000 2.25783000e+07
8310.000000 2.24092000e+07
8330.000000 2.22376000e+07
8350.000000 2.20680000e+07
8370.000000 2.18939000e+07
8390.000000 2.17179000e+07
8410.000000 2.15178000e+07
8430.000000 2.13188000e+07
8450.000000 2.11283000e+07
8470.000000 2.08217000e+07
8490.000000 2.07880000e+07
8510.000000 2.02977000e+07
8530.000000 2.05397000e+07
8550.000000 1.94414000e+07
8570.000000 2.05064000e+07
8590.000000 1.93450000e+07
8610.000000 1.89864000e+07
8630.000000 2.04640000e+07
8650.000000 1.95569000e+07
8670.000000 1.71197000e+07
8690.000000 1.99040000e+07
8710.000000 2.05278000e+07
8730.000000 1.95930000e+07
8750.000000 1.59992000e+07
8770.000000 1.85531000e+07
8790.000000 2.02539000e+07
8810.000000 2.04591000e+07
8830.000000 1.98906000e+07
8850.000000 1.74987000e+07
8870.000000 1.51991000e+07
8890.000000 1.86739000e+07
8910.000000 1.97172000e+07
8930.000000 1.98576000e+07
8950.000000 1.97205000e+07
8970.000000 1.93195000e+07
8990.000000 1.81834000e+07
9010.000000 1.46947000e+07
9030.000000 1.57690000e+07
9050.000000 1.81781000e+07
9070.000000 1.87154000e+07
9090.000000 1.87681000e+07
9110.000000 1.87016000e+07
9130.000000 1.85669000e+07
9150.000000 1.83868000e+07
9170.000000 1.81190000e+07
9190.000000 1.75968000e+07
9210.000000 1.61166000e+07
9230.000000 1.29244000e+07
9250.000000 1.54751000e+07
9270.000000 1.69319000e+07
9290.000000 1.72894000e+07
9310.000000 1.73048000e+07
9330.000000 1.72328000e+07
9350.000000 1.71295000e+07
9370.000000 1.70113000e+07
9390.000000 1.68838000e+07
9410.000000 1.67415000e+07
9430.000000 1.66151000e+07
9450.000000 1.64634000e+07
9470.000000 1.62797000e+07
9490.000000 1.60170000e+07
9510.000000 1.54874000e+07
9530.000000 1.39648000e+07
9550.000000 1.15614000e+07
9570.000000 1.40824000e+07
9590.000000 1.51322000e+07
9610.000000 1.53540000e+07
9630.000000 1.53471000e+07
9650.000000 1.52945000e+07
9670.000000 1.52039000e+07
9690.000000 1.51143000e+07
9710.000000 1.50274000e+07
9730.000000 1.49199000e+07
9750.000000 1.48112000e+07
9770.000000 1.47032000e+07
9790.000000 1.45965000e+07
9810.000000 1.44904000e+07
9830.000000 1.43843000e+07
9850.000000 1.42806000e+07
9870.000000 1.41771000e+07
9890.000000 1.40717000e+07
9910.000000 1.39424000e+07
9930.000000 1.38286000e+07
9950.000000 1.37061000e+07
9970.000000 1.35614000e+07
9990.000000 1.33599000e+07
10025.000000 1.20272000e+07
10075.000000 1.14724000e+07
10125.000000 1.27811000e+07
10175.000000 1.26755000e+07
10225.000000 1.24942000e+07
10275.000000 1.22779000e+07
10325.000000 1.20653000e+07
10375.000000 1.18586000e+07
10425.000000 1.16561000e+07
10475.000000 1.14575000e+07
10525.000000 1.12629000e+07
10575.000000 1.10731000e+07
10625.000000 1.08870000e+07
10675.000000 1.06987000e+07
10725.000000 1.05248000e+07
10775.000000 1.03397000e+07
10825.000000 1.01232000e+07
10875.000000 9.82107000e+06
10925.000000 8.33532000e+06
10975.000000 8.97328000e+06
11025.000000 9.43105000e+06
11075.000000 9.34670000e+06
11125.000000 9.22482000e+06
11175.000000 9.07730000e+06
11225.000000 8.93233000e+06
11275.000000 8.78572000e+06
11325.000000 8.64809000e+06
11375.000000 8.51400000e+06
11425.000000 8.38019000e+06
11475.000000 8.24895000e+06
11525.000000 8.12053000e+06
11575.000000 7.99429000e+06
11625.000000 7.86991000e+06
11675.000000 7.74820000e+06
11725.000000 7.63019000e+06
11775.000000 7.51092000e+06
11825.000000 7.39850000e+06
11875.000000 7.28610000e+06
11925.000000 7.17639000e+06
11975.000000 7.06798000e+06
12025.000000 6.96243000e+06
12075.000000 6.85812000e+06
12125.000000 6.75606000e+06
12175.000000 6.65596000e+06
12225.000000 6.55751000e+06
12275.000000 6.46094000e+06
12325.000000 6.36622000e+06
12375.000000 6.27306000e+06
12425.000000 6.18192000e+06
12475.000000 6.09155000e+06
12525.000000 6.00411000e+06
12575.000000 5.91715000e+06
12625.000000 5.83209000e+06
12675.000000 5.73223000e+06
12725.000000 5.62073000e+06
12775.000000 5.36168000e+06
12825.000000 4.67154000e+06
12875.000000 5.26508000e+06
12925.000000 5.31801000e+06
12975.000000 5.26681000e+06
13025.000000 5.20558000e+06
13075.000000 5.13344000e+06
13125.000000 5.06248000e+06
13175.000000 4.99222000e+06
13225.000000 4.92396000e+06
13275.000000 4.85658000e+06
13325.000000 4.79028000e+06
13375.000000 4.72505000e+06
13425.000000 4.66108000e+06
13475.000000 4.59813000e+06
13525.000000 4.53618000e+06
13575.000000 4.47544000e+06
13625.000000 4.41546000e+06
13675.000000 4.35663000e+06
13725.000000 4.29875000e+06
13775.000000 4.24199000e+06
13825.000000 4.18593000e+06
13875.000000 4.13097000e+06
13925.000000 4.07688000e+06
13975.000000 4.02364000e+06
14025.000000 3.97126000e+06
14075.000000 3.91970000e+06
14125.000000 3.86896000e+06
14175.000000 3.81922000e+06
14225.000000 3.77008000e+06
14275.000000 3.72190000e+06
14325.000000 3.67430000e+06
14375.000000 3.62763000e+06
14425.000000 3.58116000e+06
14475.000000 3.53633000e+06
14525.000000 3.49167000e+06
14570.000000 3.45221000e+06
14620.000000 3.41771000e+06
14675.000000 3.37185000e+06
14725.000000 3.33074000e+06
14775.000000 3.29012000e+06
14825.000000 3.25031000e+06
14875.000000 3.21096000e+06
14925.000000 3.17223000e+06
14975.000000 3.13394000e+06
15025.000000 3.09627000e+06
15075.000000 3.05885000e+06
15125.000000 3.02186000e+06
15175.000000 2.98546000e+06
15225.000000 2.94882000e+06
15275.000000 2.91162000e+06
15325.000000 2.87453000e+06
15375.000000 2.84264000e+06
15425.000000 2.79938000e+06
15475.000000 2.77329000e+06
15525.000000 2.73655000e+06
15575.000000 2.68437000e+06
15625.000000 2.68990000e+06
15675.000000 2.62233000e+06
15725.000000 2.57277000e+06
15775.000000 2.60569000e+06
15825.000000 2.56713000e+06
15875.000000 2.42647000e+06
15925.000000 2.47899000e+06
15975.000000 2.50409000e+06
16050.000000 2.42429000e+06
16150.000000 2.30539000e+06
16250.000000 2.37255000e+06
16350.000000 2.25356000e+06
16450.000000 2.13353000e+06
16550.000000 2.22721000e+06
16650.000000 2.18165000e+06
16750.000000 2.05336000e+06
16850.000000 1.94095000e+06
16950.000000 2.03862000e+06
17050.000000 2.00428000e+06
17150.000000 1.95895000e+06
17250.000000 1.90110000e+06
17350.000000 1.70204000e+06
17450.000000 1.79728000e+06
17550.000000 1.79495000e+06
17650.000000 1.76173000e+06
17750.000000 1.72484000e+06
17850.000000 1.68878000e+06
17950.000000 1.65177000e+06
18050.000000 1.60635000e+06
18150.000000 1.44941000e+06
18250.000000 1.50313000e+06
18350.000000 1.51588000e+06
18450.000000 1.49042000e+06
18550.000000 1.45786000e+06
18650.000000 1.41638000e+06
18750.000000 1.27915000e+06
18850.000000 1.35606000e+06
18950.000000 1.34503000e+06
19050.000000 1.32140000e+06
19150.000000 1.29551000e+06
19250.000000 1.26724000e+06
19350.000000 1.22691000e+06
19450.000000 1.10748000e+06
19550.000000 1.17976000e+06
19650.000000 1.17286000e+06
19750.000000 1.15290000e+06
19850.000000 1.13118000e+06
19950.000000 1.10983000e+06
20050.000000 1.08904000e+06
20150.000000 1.06870000e+06
20250.000000 1.04889000e+06
20350.000000 1.02951000e+06
20450.000000 1.01055000e+06
20550.000000 9.92087000e+05
20650.000000 9.74020000e+05
20750.000000 9.56343000e+05
20850.000000 9.39045000e+05
20950.000000 9.22205000e+05
21050.000000 9.05642000e+05
21150.000000 8.89518000e+05
21250.000000 8.73741000e+05
21350.000000 8.58302000e+05
21450.000000 8.41230000e+05
21550.000000 8.17865000e+05
21650.000000 7.43987000e+05
21750.000000 7.83382000e+05
21850.000000 7.83417000e+05
21950.000000 7.72588000e+05
22050.000000 7.59375000e+05
22150.000000 7.46429000e+05
22250.000000 7.33769000e+05
22350.000000 7.21365000e+05
22450.000000 7.09227000e+05
22550.000000 6.97335000e+05
22650.000000 6.85698000e+05
22750.000000 6.74304000e+05
22850.000000 6.63776000e+05
22950.000000 6.52911000e+05
23050.000000 6.42273000e+05
23150.000000 6.31851000e+05
23250.000000 6.21640000e+05
23350.000000 6.11628000e+05
23450.000000 6.01819000e+05
23550.000000 5.92202000e+05
23650.000000 5.82772000e+05
23750.000000 5.73527000e+05
23850.000000 5.64462000e+05
23950.000000 5.55555000e+05
24050.000000 5.46802000e+05
24150.000000 5.38207000e+05
24250.000000 5.29844000e+05
24350.000000 5.21518000e+05
24450.000000 5.13265000e+05
24550.000000 5.05467000e+05
24650.000000 4.97313000e+05
24750.000000 4.89735000e+05
24850.000000 4.82721000e+05
24950.000000 4.73564000e+05
25050.000000 4.68253000e+05
25150.000000 4.61190000e+05
25250.000000 4.50737000e+05
25350.000000 4.46989000e+05
25450.000000 4.41726000e+05
25550.000000 4.33324000e+05
25650.000000 4.21431000e+05
25750.000000 4.21147000e+05
25850.000000 4.16621000e+05
25950.000000 4.10009000e+05
26050.000000 3.99084000e+05
26150.000000 3.84011000e+05
26250.000000 3.61890000e+05
26350.000000 3.79712000e+05
26450.000000 3.81111000e+05
26550.000000 3.76295000e+05
26650.000000 3.67536000e+05
26750.000000 3.49462000e+05
26850.000000 3.57006000e+05
26950.000000 3.56084000e+05
27050.000000 3.51891000e+05
27150.000000 3.47162000e+05
27250.000000 3.42265000e+05
27350.000000 3.37007000e+05
27450.000000 3.29711000e+05
27550.000000 3.10585000e+05
27650.000000 3.13556000e+05
27750.000000 3.17660000e+05
27850.000000 3.14907000e+05
27950.000000 3.11153000e+05
28050.000000 3.06908000e+05
28150.000000 3.02735000e+05
28250.000000 2.98631000e+05
28350.000000 2.94593000e+05
28450.000000 2.90133000e+05
28550.000000 2.84929000e+05
28650.000000 2.74764000e+05
28750.000000 2.60751000e+05
28850.000000 2.71384000e+05
28950.000000 2.70745000e+05
29050.000000 2.68134000e+05
29150.000000 2.64652000e+05
29250.000000 2.61186000e+05
29350.000000 2.57773000e+05
29450.000000 2.54419000e+05
29550.000000 2.51116000e+05
29650.000000 2.47865000e+05
29750.000000 2.44670000e+05
29850.000000 2.41524000e+05
29950.000000 2.38427000e+05
30050.000000 2.35378000e+05
30150.000000 2.31648000e+05
30250.000000 2.26940000e+05
30350.000000 2.13611000e+05
30450.000000 2.14100000e+05
30550.000000 2.18989000e+05
30650.000000 2.17567000e+05
30750.000000 2.15373000e+05
30850.000000 2.12693000e+05
30950.000000 2.10054000e+05
31050.000000 2.07457000e+05
31150.000000 2.04896000e+05
31250.000000 2.02375000e+05
31350.000000 1.99894000e+05
31450.000000 1.97452000e+05
31550.000000 1.95048000e+05
31650.000000 1.92678000e+05
31750.000000 1.90345000e+05
31850.000000 1.88045000e+05
31950.000000 1.85785000e+05
32100.000000 1.82451000e+05
32300.000000 1.78122000e+05
32500.000000 1.73921000e+05
32700.000000 1.69296000e+05
32900.000000 1.58194000e+05
33100.000000 1.59008000e+05
33300.000000 1.57821000e+05
33500.000000 1.54408000e+05
33700.000000 1.50949000e+05
33900.000000 1.47563000e+05
34100.000000 1.44259000e+05
34300.000000 1.41048000e+05
34500.000000 1.37924000e+05
34700.000000 1.34883000e+05
34900.000000 1.31925000e+05
35100.000000 1.29047000e+05
35300.000000 1.26244000e+05
35500.000000 1.23516000e+05
35700.000000 1.20856000e+05
35900.000000 1.18285000e+05
36100.000000 1.15744000e+05
36300.000000 1.13317000e+05
36500.000000 1.10877000e+05
36700.000000 1.08612000e+05
36900.000000 1.06176000e+05
37100.000000 1.03926000e+05
37300.000000 9.94348000e+04
37500.000000 9.66517000e+04
37700.000000 9.76752000e+04
37900.000000 9.59179000e+04
38100.000000 9.36782000e+04
38300.000000 9.18446000e+04
38500.000000 9.03464000e+04
38700.000000 8.85774000e+04
38900.000000 8.66009000e+04
39100.000000 8.42757000e+04
39300.000000 8.33445000e+04
39500.000000 8.18652000e+04
39700.000000 8.02895000e+04
39900.000000 7.86560000e+04
40100.000000 7.64137000e+04
40300.000000 7.46273000e+04
40500.000000 7.13885000e+04
40700.000000 7.25081000e+04
40900.000000 7.15237000e+04
41100.000000 7.03475000e+04
41300.000000 6.89191000e+04
41500.000000 6.73049000e+04
41700.000000 6.46092000e+04
41900.000000 6.47749000e+04
42100.000000 6.39994000e+04
42300.000000 6.28861000e+04
42500.000000 6.17409000e+04
42700.000000 6.06204000e+04
42900.000000 5.95264000e+04
43100.000000 5.84560000e+04
43300.000000 5.74089000e+04
43500.000000 5.61316000e+04
43700.000000 5.36877000e+04
43900.000000 5.35554000e+04
44100.000000 5.33420000e+04
44300.000000 5.25178000e+04
44500.000000 5.16035000e+04
44700.000000 5.07638000e+04
44900.000000 4.98267000e+04
45100.000000 4.89709000e+04
45300.000000 4.81319000e+04
45500.000000 4.73075000e+04
45700.000000 4.64975000e+04
45900.000000 4.56962000e+04
46100.000000 4.48787000e+04
46300.000000 4.39136000e+04
46500.000000 4.15452000e+04
46700.000000 4.09828000e+04
46900.000000 4.15366000e+04
47100.000000 4.12424000e+04
47300.000000 4.06350000e+04
47500.000000 3.99913000e+04
47700.000000 3.93504000e+04
47900.000000 3.87171000e+04
48100.000000 3.80945000e+04
48300.000000 3.74842000e+04
48500.000000 3.68842000e+04
48700.000000 3.62959000e+04
48900.000000 3.57208000e+04
49100.000000 3.51553000e+04
49300.000000 3.46010000e+04
49500.000000 3.40575000e+04
49700.000000 3.35216000e+04
49900.000000 3.30008000e+04
50100.000000 3.24857000e+04
50300.000000 3.19792000e+04
50500.000000 3.14856000e+04
50700.000000 3.09885000e+04
50900.000000 3.04648000e+04
51100.000000 2.97565000e+04
51300.000000 2.84155000e+04
51500.000000 2.89310000e+04
51700.000000 2.86625000e+04
51900.000000 2.82784000e+04
52100.000000 2.78729000e+04
52300.000000 2.74591000e+04
52500.000000 2.70357000e+04
52700.000000 2.66260000e+04
52900.000000 2.62703000e+04
53100.000000 2.59284000e+04
53300.000000 2.55499000e+04
53500.000000 2.51447000e+04
53700.000000 2.47226000e+04
53900.000000 2.43657000e+04
54100.000000 2.40739000e+04
54300.000000 2.37538000e+04
54500.000000 2.34136000e+04
54700.000000 2.30790000e+04
54900.000000 2.27324000e+04
55100.000000 2.23443000e+04
55300.000000 2.19859000e+04
55500.000000 2.17507000e+04
55700.000000 2.14964000e+04
55900.000000 2.11958000e+04
56100.000000 2.09013000e+04
56300.000000 2.06116000e+04
56500.000000 2.03267000e+04
56700.000000 2.00382000e+04
56900.000000 1.96986000e+04
57100.000000 1.93182000e+04
57300.000000 1.91503000e+04
57500.000000 1.89581000e+04
57700.000000 1.87171000e+04
57900.000000 1.84645000e+04
58100.000000 1.82159000e+04
58300.000000 1.79603000e+04
58500.000000 1.77045000e+04
58700.000000 1.74409000e+04
58900.000000 1.70544000e+04
59100.000000 1.63222000e+04
59300.000000 1.66312000e+04
59500.000000 1.63493000e+04
59700.000000 1.62199000e+04
59900.000000 1.61139000e+04
60100.000000 1.59296000e+04
60300.000000 1.57309000e+04
60500.000000 1.55375000e+04
60700.000000 1.53616000e+04
60900.000000 1.51644000e+04
61100.000000 1.49704000e+04
61300.000000 1.47787000e+04
61500.000000 1.45911000e+04
61700.000000 1.44056000e+04
61900.000000 1.42242000e+04
62100.000000 1.40448000e+04
62300.000000 1.38383000e+04
62500.000000 1.36495000e+04
62700.000000 1.34150000e+04
62900.000000 1.30328000e+04
63100.000000 1.30553000e+04
63300.000000 1.29776000e+04
63500.000000 1.28372000e+04
63700.000000 1.27075000e+04
63900.000000 1.25515000e+04
64200.000000 1.23220000e+04
64600.000000 1.20245000e+04
65000.000000 1.17361000e+04
65400.000000 1.14565000e+04
65800.000000 1.11845000e+04
66200.000000 1.09208000e+04
66600.000000 1.06652000e+04
67000.000000 1.04073000e+04
67400.000000 1.01091000e+04
67800.000000 9.73286000e+03
68200.000000 9.68220000e+03
68600.000000 9.49196000e+03
69000.000000 9.27699000e+03
69400.000000 9.06789000e+03
69800.000000 8.86529000e+03
70200.000000 8.66746000e+03
70600.000000 8.47580000e+03
71000.000000 8.28939000e+03
71400.000000 8.10736000e+03
71800.000000 7.93105000e+03
72200.000000 7.75958000e+03
72600.000000 7.58568000e+03
73000.000000 7.42855000e+03
73400.000000 7.27088000e+03
73800.000000 7.10859000e+03
74200.000000 6.93293000e+03
74600.000000 6.62578000e+03
75000.000000 6.43976000e+03
75400.000000 6.48009000e+03
75800.000000 6.38736000e+03
76200.000000 6.27136000e+03
76600.000000 6.14555000e+03
77000.000000 6.02068000e+03
77400.000000 5.89070000e+03
77800.000000 5.75484000e+03
78200.000000 5.65663000e+03
78600.000000 5.55176000e+03
79000.000000 5.44178000e+03
79400.000000 5.33444000e+03
79800.000000 5.22975000e+03
80200.000000 5.12758000e+03
80600.000000 5.02792000e+03
81000.000000 4.92757000e+03
81400.000000 4.80847000e+03
81800.000000 4.72463000e+03
82200.000000 4.65267000e+03
82600.000000 4.56442000e+03
83000.000000 4.47821000e+03
83400.000000 4.39403000e+03
83800.000000 4.31184000e+03
84200.000000 4.23154000e+03
84600.000000 4.15309000e+03
85000.000000 4.07645000e+03
85400.000000 4.00157000e+03
85800.000000 3.92837000e+03
86200.000000 3.84774000e+03
86600.000000 3.74627000e+03
87000.000000 3.70075000e+03
87400.000000 3.59115000e+03
87800.000000 3.52747000e+03
88200.000000 3.51734000e+03
88600.000000 3.46031000e+03
89000.000000 3.39932000e+03
89400.000000 3.33960000e+03
89800.000000 3.28123000e+03
90200.000000 3.22409000e+03
90600.000000 3.16819000e+03
91000.000000 3.11347000e+03
91400.000000 3.05998000e+03
91800.000000 3.00758000e+03
92200.000000 2.95632000e+03
92600.000000 2.90615000e+03
93000.000000 2.85703000e+03
93400.000000 2.80070000e+03
93800.000000 2.72051000e+03
94200.000000 2.69593000e+03
94600.000000 2.66703000e+03
95000.000000 2.62646000e+03
95400.000000 2.58317000e+03
95800.000000 2.54079000e+03
96200.000000 2.49927000e+03
96600.000000 2.45859000e+03
97000.000000 2.41869000e+03
97400.000000 2.37961000e+03
97800.000000 2.34135000e+03
98200.000000 2.30380000e+03
98600.000000 2.26701000e+03
99000.000000 2.23101000e+03
99400.000000 2.19570000e+03
99800.000000 2.16108000e+03
100200.000000 2.12712000e+03
200000.000000 1.36301000e+02
400000.000000 8.52397000e+00
600000.000000 1.67728000e+00
800000.000000 5.28487000e-01
1000000.000000 2.15659000e-01
1200000.000000 1.03671000e-01
1400000.000000 5.58059000e-02
1600000.000000 3.26357000e-02
