# Kurucz ODFNEW /NOVER, alpha: 0.0 (2003)
# teff = 5250 K (value for the effective temperature for the model. Temperatures are given in K)
# logg = 2 log(cm/s2) (value for Log(G) for the model.)
# lh = 1.25  (l/Hp where l is the  mixing length of the convective element and Hp is the pressure scale height)
# meta = -0.5  (value for the Metallicity for the model.)
# vtur = 2 km/s (Microturbulence velocity)
# alpha = 0  (Alpha)
#
# column 1: WAVELENGTH (ANGSTROM), Wavelength in Angstrom
# column 2: FLUX (ERG/CM2/S/A), Flux in erg/cm2/s/A
147.200000 1.08927000e-120
151.000000 2.24822000e-117
155.200000 6.67248000e-114
158.800000 4.48850000e-111
162.000000 1.14515000e-108
166.000000 8.61190000e-106
170.300000 7.48650000e-103
173.400000 7.96721000e-101
176.800000 1.10051000e-98
180.200000 1.25866000e-96
181.700000 9.61870000e-96
186.100000 3.09525000e-93
191.000000 1.39597000e-90
193.900000 4.47339000e-89
198.400000 7.92037000e-87
201.800000 3.39224000e-85
205.000000 1.03880000e-83
210.500000 2.89377000e-81
216.200000 7.27516000e-79
219.800000 2.05395000e-77
223.000000 3.64124000e-76
226.800000 9.95174000e-75
230.000000 1.48135000e-73
234.000000 3.88673000e-72
240.000000 4.24246000e-70
246.500000 5.26664000e-68
252.400000 3.36465000e-66
256.800000 6.57986000e-65
260.000000 5.36098000e-64
264.000000 6.85936000e-63
268.500000 1.09838000e-61
273.500000 2.14442000e-60
278.500000 3.75878000e-59
284.000000 7.77971000e-58
290.000000 1.85323000e-56
296.000000 3.86314000e-55
301.000000 4.42091000e-54
308.000000 1.16969000e-52
318.000000 9.73601000e-51
328.000000 6.14097000e-49
338.000000 3.00591000e-47
348.000000 1.16900000e-45
357.000000 2.62790000e-44
366.000000 5.05124000e-43
375.000000 8.37632000e-42
385.000000 1.61829000e-40
395.000000 2.67483000e-39
405.000000 3.83011000e-38
414.000000 3.75112000e-37
422.000000 2.61746000e-36
430.000000 1.69441000e-35
441.000000 1.96945000e-34
451.000000 1.64275000e-33
460.000000 1.02105000e-32
470.000000 7.13893000e-32
480.000000 4.58387000e-31
490.000000 2.72011000e-30
500.000000 1.49666000e-29
506.000000 5.36720000e-29
512.000000 1.57795000e-28
520.000000 5.49100000e-28
530.000000 2.48368000e-27
540.000000 1.04431000e-26
550.000000 4.20218000e-26
560.000000 1.59593000e-25
570.000000 5.76829000e-25
580.000000 1.96842000e-24
590.000000 6.56100000e-24
600.000000 2.07442000e-23
610.000000 6.30224000e-23
620.000000 1.84249000e-22
630.000000 5.19515000e-22
640.000000 1.41595000e-21
650.000000 3.73404000e-21
658.000000 7.92929000e-21
665.000000 1.50803000e-20
675.000000 3.68655000e-20
685.000000 8.76500000e-20
695.000000 2.02838000e-19
705.000000 4.57192000e-19
716.000000 1.08855000e-18
726.000000 2.33531000e-18
735.000000 4.55464000e-18
745.000000 9.37573000e-18
755.000000 1.89057000e-17
765.000000 3.73797000e-17
775.000000 7.24951000e-17
785.000000 1.38086000e-16
795.000000 2.57680000e-16
805.000000 4.74963000e-16
815.000000 8.60342000e-16
825.000000 1.53338000e-15
835.000000 2.69239000e-15
845.000000 4.65904000e-15
855.000000 7.95021000e-15
865.000000 1.33835000e-14
875.000000 2.22276000e-14
885.000000 3.64885000e-14
895.000000 5.91555000e-14
905.000000 9.47728000e-14
915.000000 5.12700000e-10
925.000000 1.95924000e-09
935.000000 2.89037000e-09
945.000000 4.70287000e-09
955.000000 7.75455000e-09
965.000000 1.21532000e-08
975.000000 1.75544000e-08
985.000000 2.72394000e-08
995.000000 4.04498000e-08
1005.000000 6.30353000e-08
1015.000000 9.12364000e-08
1025.000000 1.29665000e-07
1035.000000 1.98454000e-07
1045.000000 2.90486000e-07
1055.000000 4.04882000e-07
1065.000000 5.72854000e-07
1075.000000 8.22521000e-07
1085.000000 1.15993000e-06
1095.000000 1.55556000e-06
1105.000000 5.05103000e-06
1115.000000 1.41062000e-05
1125.000000 2.11239000e-05
1135.000000 3.15397000e-05
1145.000000 4.13417000e-05
1155.000000 4.85531000e-05
1165.000000 6.40778000e-05
1175.000000 7.85998000e-05
1185.000000 8.79780000e-05
1195.000000 5.41341000e-05
1205.000000 4.44959000e-05
1215.000000 2.61501000e-05
1225.000000 6.92542000e-05
1235.000000 1.54629000e-04
1245.000000 2.72578000e-04
1255.000000 3.62085000e-04
1265.000000 4.18417000e-04
1275.000000 5.39385000e-04
1285.000000 6.16420000e-04
1295.000000 7.89929000e-04
1305.000000 8.42154000e-04
1315.000000 1.09483000e-03
1325.000000 1.21043000e-03
1335.000000 1.45783000e-03
1345.000000 1.74784000e-03
1355.000000 2.13395000e-03
1365.000000 2.46068000e-03
1375.000000 2.91221000e-03
1385.000000 3.50467000e-03
1395.000000 4.13565000e-03
1405.000000 5.10601000e-03
1415.000000 6.20292000e-03
1425.000000 7.09128000e-03
1435.000000 8.85391000e-03
1442.000000 1.09162000e-02
1447.000000 1.08637000e-02
1455.000000 1.22956000e-02
1465.000000 1.57046000e-02
1475.000000 1.73384000e-02
1485.000000 2.03686000e-02
1495.000000 2.60690000e-02
1505.000000 3.25098000e-02
1512.000000 2.88066000e-02
1517.000000 3.72966000e-02
1525.000000 6.37320000e-02
1535.000000 6.18506000e-01
1545.000000 7.07619000e-01
1555.000000 1.34708000e+00
1565.000000 1.25675000e+00
1575.000000 2.83888000e+00
1585.000000 3.75586000e+00
1595.000000 4.55521000e+00
1605.000000 4.97816000e+00
1615.000000 5.45488000e+00
1625.000000 6.87397000e+00
1635.000000 7.63303000e+00
1645.000000 1.24400000e+01
1655.000000 6.10065000e+00
1665.000000 1.48791000e+01
1672.000000 8.61311000e+00
1677.000000 1.65704000e+01
1685.000000 3.55125000e+01
1695.000000 7.31187000e+01
1705.000000 8.62271000e+01
1715.000000 8.17342000e+01
1725.000000 1.08768000e+02
1735.000000 1.36526000e+02
1745.000000 1.89118000e+02
1755.000000 2.71561000e+02
1765.000000 2.79667000e+02
1775.000000 2.79526000e+02
1785.000000 3.72139000e+02
1795.000000 4.45279000e+02
1805.000000 4.68295000e+02
1815.000000 4.71554000e+02
1825.000000 5.87101000e+02
1835.000000 6.96036000e+02
1845.000000 5.24440000e+02
1855.000000 7.68036000e+02
1865.000000 8.98297000e+02
1875.000000 1.02216000e+03
1885.000000 1.13393000e+03
1895.000000 1.46484000e+03
1905.000000 1.42448000e+03
1915.000000 1.63144000e+03
1925.000000 1.81023000e+03
1935.000000 1.38579000e+03
1945.000000 2.37817000e+03
1955.000000 2.45858000e+03
1967.000000 3.22681000e+03
1976.000000 3.22710000e+03
1984.000000 3.48165000e+03
1995.000000 3.73196000e+03
2005.000000 3.91206000e+03
2015.000000 4.20893000e+03
2025.000000 3.70158000e+03
2035.000000 4.98700000e+03
2045.000000 5.80594000e+03
2055.000000 5.83816000e+03
2065.000000 5.83317000e+03
2074.000000 6.87295000e+03
2078.000000 8.27942000e+03
2085.000000 9.30119000e+03
2095.000000 1.52159000e+04
2105.000000 2.33620000e+04
2115.000000 2.56775000e+04
2125.000000 1.97916000e+04
2135.000000 2.07199000e+04
2145.000000 3.16702000e+04
2155.000000 3.45017000e+04
2165.000000 3.07783000e+04
2175.000000 3.41648000e+04
2185.000000 4.54303000e+04
2195.000000 4.82638000e+04
2205.000000 4.59643000e+04
2215.000000 2.99826000e+04
2225.000000 4.11808000e+04
2235.000000 6.67878000e+04
2245.000000 6.19089000e+04
2255.000000 4.15771000e+04
2265.000000 3.53603000e+04
2275.000000 5.65717000e+04
2285.000000 7.23194000e+04
2295.000000 6.25581000e+04
2305.000000 8.08763000e+04
2315.000000 5.89435000e+04
2325.000000 5.29744000e+04
2335.000000 2.81934000e+04
2345.000000 1.82965000e+04
2355.000000 4.46238000e+04
2365.000000 2.09648000e+04
2375.000000 3.00969000e+04
2385.000000 1.52984000e+04
2395.000000 2.15922000e+04
2405.000000 2.15635000e+04
2415.000000 3.49766000e+04
2425.000000 8.77725000e+04
2435.000000 1.00631000e+05
2445.000000 1.28893000e+05
2455.000000 1.36808000e+05
2465.000000 1.08079000e+05
2475.000000 9.38314000e+04
2485.000000 4.08994000e+04
2495.000000 7.49462000e+04
2505.000000 1.19923000e+05
2513.000000 4.96029000e+04
2518.000000 3.29057000e+04
2525.000000 3.44229000e+04
2535.000000 6.39175000e+04
2545.000000 9.80586000e+04
2555.000000 2.24548000e+05
2565.000000 1.28802000e+05
2575.000000 1.68410000e+05
2585.000000 1.08849000e+05
2595.000000 8.29764000e+04
2605.000000 5.71809000e+04
2615.000000 5.39816000e+04
2625.000000 8.02869000e+04
2635.000000 2.37815000e+05
2645.000000 4.49602000e+05
2655.000000 6.29092000e+05
2665.000000 3.84929000e+05
2675.000000 4.41496000e+05
2685.000000 5.19164000e+05
2695.000000 3.82615000e+05
2705.000000 4.93062000e+05
2715.000000 2.98333000e+05
2725.000000 2.27789000e+05
2735.000000 2.83365000e+05
2745.000000 1.07374000e+05
2755.000000 1.69513000e+05
2765.000000 2.53606000e+05
2775.000000 2.62148000e+05
2785.000000 1.28223000e+05
2795.000000 3.98362000e+04
2805.000000 5.23532000e+04
2815.000000 1.95543000e+05
2825.000000 3.99680000e+05
2835.000000 4.45064000e+05
2845.000000 3.42020000e+05
2855.000000 1.59796000e+05
2865.000000 4.91965000e+05
2875.000000 6.79156000e+05
2885.000000 6.10047000e+05
2895.000000 7.04596000e+05
2910.000000 9.65614000e+05
2930.000000 8.85116000e+05
2950.000000 8.52289000e+05
2970.000000 9.65388000e+05
2990.000000 9.71563000e+05
3010.000000 1.03146000e+06
3030.000000 1.08896000e+06
3050.000000 1.16856000e+06
3070.000000 1.08335000e+06
3090.000000 1.13582000e+06
3110.000000 1.21513000e+06
3130.000000 1.11155000e+06
3150.000000 1.09152000e+06
3170.000000 1.21290000e+06
3190.000000 1.09441000e+06
3210.000000 1.24944000e+06
3230.000000 9.95618000e+05
3250.000000 1.45260000e+06
3270.000000 1.71980000e+06
3290.000000 1.66297000e+06
3310.000000 1.60239000e+06
3330.000000 1.60603000e+06
3350.000000 1.53780000e+06
3370.000000 1.21980000e+06
3390.000000 1.45268000e+06
3410.000000 1.59004000e+06
3430.000000 1.73544000e+06
3450.000000 1.84739000e+06
3470.000000 1.86004000e+06
3490.000000 1.96943000e+06
3510.000000 2.09655000e+06
3530.000000 1.94265000e+06
3550.000000 2.24923000e+06
3570.000000 1.75348000e+06
3590.000000 1.78463000e+06
3610.000000 2.00837000e+06
3630.000000 2.06452000e+06
3640.000000 2.05806000e+06
3650.000000 2.29094000e+06
3670.000000 2.32089000e+06
3690.000000 2.36763000e+06
3710.000000 2.72043000e+06
3730.000000 2.41398000e+06
3750.000000 2.66096000e+06
3770.000000 2.91541000e+06
3790.000000 2.98832000e+06
3810.000000 2.97987000e+06
3830.000000 2.21049000e+06
3850.000000 2.41066000e+06
3870.000000 2.29425000e+06
3890.000000 2.73433000e+06
3910.000000 3.02604000e+06
3930.000000 1.32145000e+06
3950.000000 2.49254000e+06
3970.000000 1.59121000e+06
3990.000000 3.61559000e+06
4010.000000 4.03271000e+06
4030.000000 4.01853000e+06
4050.000000 3.94702000e+06
4070.000000 3.87148000e+06
4090.000000 4.40168000e+06
4110.000000 4.34557000e+06
4130.000000 4.25234000e+06
4150.000000 4.31120000e+06
4170.000000 4.25521000e+06
4190.000000 4.12628000e+06
4210.000000 4.19408000e+06
4230.000000 4.14167000e+06
4250.000000 4.12238000e+06
4270.000000 3.93468000e+06
4290.000000 3.51938000e+06
4310.000000 2.83519000e+06
4330.000000 4.28894000e+06
4350.000000 4.10883000e+06
4370.000000 4.40332000e+06
4390.000000 4.09920000e+06
4410.000000 4.44216000e+06
4430.000000 4.77321000e+06
4450.000000 4.75019000e+06
4470.000000 4.99021000e+06
4490.000000 5.09404000e+06
4510.000000 5.53812000e+06
4530.000000 5.05074000e+06
4550.000000 5.17495000e+06
4570.000000 5.50928000e+06
4590.000000 5.23195000e+06
4610.000000 5.44794000e+06
4630.000000 5.38534000e+06
4650.000000 5.44417000e+06
4670.000000 5.55605000e+06
4690.000000 5.49626000e+06
4710.000000 5.35034000e+06
4730.000000 5.55322000e+06
4750.000000 5.66768000e+06
4770.000000 5.65171000e+06
4790.000000 5.63532000e+06
4810.000000 5.59849000e+06
4830.000000 5.63732000e+06
4850.000000 5.41923000e+06
4870.000000 4.97993000e+06
4890.000000 5.51275000e+06
4910.000000 5.48731000e+06
4930.000000 5.40893000e+06
4950.000000 5.62976000e+06
4970.000000 5.65409000e+06
4990.000000 5.29507000e+06
5010.000000 5.10894000e+06
5030.000000 5.39314000e+06
5050.000000 5.41846000e+06
5070.000000 5.58934000e+06
5090.000000 5.38991000e+06
5110.000000 5.45399000e+06
5130.000000 5.30303000e+06
5150.000000 5.19630000e+06
5170.000000 5.09839000e+06
5190.000000 5.12854000e+06
5210.000000 5.24566000e+06
5230.000000 5.31580000e+06
5250.000000 5.41260000e+06
5270.000000 4.99599000e+06
5290.000000 5.41870000e+06
5310.000000 5.53348000e+06
5330.000000 5.18477000e+06
5350.000000 5.48684000e+06
5370.000000 5.49021000e+06
5390.000000 5.40493000e+06
5410.000000 5.29914000e+06
5430.000000 5.35102000e+06
5450.000000 5.51818000e+06
5470.000000 5.41532000e+06
5490.000000 5.38781000e+06
5510.000000 5.37930000e+06
5530.000000 5.43285000e+06
5550.000000 5.49675000e+06
5570.000000 5.38364000e+06
5590.000000 5.29780000e+06
5610.000000 5.41535000e+06
5630.000000 5.43161000e+06
5650.000000 5.39960000e+06
5670.000000 5.29009000e+06
5690.000000 5.38167000e+06
5710.000000 5.25922000e+06
5730.000000 5.53077000e+06
5750.000000 5.39870000e+06
5770.000000 5.43987000e+06
5790.000000 5.31706000e+06
5810.000000 5.40417000e+06
5830.000000 5.45926000e+06
5850.000000 5.35617000e+06
5870.000000 5.36992000e+06
5890.000000 5.16259000e+06
5910.000000 5.31991000e+06
5930.000000 5.30647000e+06
5950.000000 5.30768000e+06
5970.000000 5.32312000e+06
5990.000000 5.27115000e+06
6010.000000 5.20192000e+06
6030.000000 5.22352000e+06
6050.000000 5.28806000e+06
6070.000000 5.25490000e+06
6090.000000 5.15757000e+06
6110.000000 5.11629000e+06
6130.000000 4.98170000e+06
6150.000000 5.02137000e+06
6170.000000 4.91831000e+06
6190.000000 5.08872000e+06
6210.000000 5.09517000e+06
6230.000000 4.97516000e+06
6250.000000 4.82416000e+06
6270.000000 5.01930000e+06
6290.000000 5.02247000e+06
6310.000000 4.89853000e+06
6330.000000 4.93316000e+06
6350.000000 4.95660000e+06
6370.000000 4.93128000e+06
6390.000000 4.93497000e+06
6410.000000 4.84205000e+06
6430.000000 4.87230000e+06
6450.000000 4.84476000e+06
6470.000000 4.83123000e+06
6490.000000 4.74131000e+06
6510.000000 4.83578000e+06
6530.000000 4.85409000e+06
6550.000000 4.76820000e+06
6570.000000 4.38880000e+06
6590.000000 4.75743000e+06
6610.000000 4.77050000e+06
6630.000000 4.76944000e+06
6650.000000 4.74131000e+06
6670.000000 4.69852000e+06
6690.000000 4.75170000e+06
6710.000000 4.66819000e+06
6730.000000 4.71011000e+06
6750.000000 4.65354000e+06
6770.000000 4.65058000e+06
6790.000000 4.63115000e+06
6810.000000 4.60976000e+06
6830.000000 4.61745000e+06
6850.000000 4.54251000e+06
6870.000000 4.56431000e+06
6890.000000 4.57547000e+06
6910.000000 4.54034000e+06
6930.000000 4.52421000e+06
6950.000000 4.49236000e+06
6970.000000 4.49834000e+06
6990.000000 4.47093000e+06
7010.000000 4.37769000e+06
7030.000000 4.41891000e+06
7050.000000 4.42730000e+06
7070.000000 4.38985000e+06
7090.000000 4.37388000e+06
7110.000000 4.36280000e+06
7130.000000 4.31413000e+06
7150.000000 4.29577000e+06
7170.000000 4.28921000e+06
7190.000000 4.19090000e+06
7210.000000 4.23269000e+06
7230.000000 4.23720000e+06
7250.000000 4.24933000e+06
7270.000000 4.22905000e+06
7290.000000 4.14519000e+06
7310.000000 4.17027000e+06
7330.000000 4.16409000e+06
7350.000000 4.15938000e+06
7370.000000 4.17138000e+06
7390.000000 4.09054000e+06
7410.000000 4.03274000e+06
7430.000000 4.06511000e+06
7450.000000 4.06727000e+06
7470.000000 4.07617000e+06
7490.000000 4.04309000e+06
7510.000000 4.04055000e+06
7530.000000 4.03240000e+06
7550.000000 4.03922000e+06
7570.000000 4.00364000e+06
7590.000000 3.98832000e+06
7610.000000 3.97591000e+06
7630.000000 3.97211000e+06
7650.000000 3.95736000e+06
7670.000000 3.87777000e+06
7690.000000 3.93088000e+06
7710.000000 3.86761000e+06
7730.000000 3.87108000e+06
7750.000000 3.84002000e+06
7770.000000 3.86695000e+06
7790.000000 3.85699000e+06
7810.000000 3.84906000e+06
7830.000000 3.80915000e+06
7850.000000 3.79643000e+06
7870.000000 3.80854000e+06
7890.000000 3.77806000e+06
7910.000000 3.73092000e+06
7930.000000 3.68918000e+06
7950.000000 3.67648000e+06
7970.000000 3.71920000e+06
7990.000000 3.70763000e+06
8010.000000 3.66988000e+06
8030.000000 3.66079000e+06
8050.000000 3.63204000e+06
8070.000000 3.63946000e+06
8090.000000 3.58430000e+06
8110.000000 3.60576000e+06
8130.000000 3.60486000e+06
8150.000000 3.58509000e+06
8170.000000 3.57286000e+06
8190.000000 3.49764000e+06
8210.000000 3.49979000e+06
8230.000000 3.48703000e+06
8250.000000 3.49483000e+06
8270.000000 3.51348000e+06
8290.000000 3.49183000e+06
8310.000000 3.44204000e+06
8330.000000 3.41120000e+06
8350.000000 3.43075000e+06
8370.000000 3.42255000e+06
8390.000000 3.36863000e+06
8410.000000 3.40221000e+06
8430.000000 3.34797000e+06
8450.000000 3.36375000e+06
8470.000000 3.33197000e+06
8490.000000 3.29345000e+06
8510.000000 3.12828000e+06
8530.000000 3.25109000e+06
8550.000000 2.74302000e+06
8570.000000 3.31494000e+06
8590.000000 3.26572000e+06
8610.000000 3.23857000e+06
8630.000000 3.27497000e+06
8650.000000 3.23130000e+06
8670.000000 2.76073000e+06
8690.000000 3.18071000e+06
8710.000000 3.21841000e+06
8730.000000 3.21075000e+06
8750.000000 3.12765000e+06
8770.000000 3.20010000e+06
8790.000000 3.17380000e+06
8810.000000 3.12742000e+06
8830.000000 3.14110000e+06
8850.000000 3.13461000e+06
8870.000000 3.04991000e+06
8890.000000 3.12897000e+06
8910.000000 3.12296000e+06
8930.000000 3.07946000e+06
8950.000000 3.07041000e+06
8970.000000 3.07149000e+06
8990.000000 3.06902000e+06
9010.000000 2.94561000e+06
9030.000000 3.02734000e+06
9050.000000 3.05142000e+06
9070.000000 2.99841000e+06
9090.000000 2.92801000e+06
9110.000000 2.95947000e+06
9130.000000 2.98846000e+06
9150.000000 2.95543000e+06
9170.000000 2.93319000e+06
9190.000000 2.93275000e+06
9210.000000 2.87343000e+06
9230.000000 2.81598000e+06
9250.000000 2.84238000e+06
9270.000000 2.87033000e+06
9290.000000 2.86467000e+06
9310.000000 2.87145000e+06
9330.000000 2.85755000e+06
9350.000000 2.84108000e+06
9370.000000 2.82278000e+06
9390.000000 2.81893000e+06
9410.000000 2.73808000e+06
9430.000000 2.78147000e+06
9450.000000 2.75663000e+06
9470.000000 2.77999000e+06
9490.000000 2.77473000e+06
9510.000000 2.76336000e+06
9530.000000 2.74373000e+06
9550.000000 2.67718000e+06
9570.000000 2.71989000e+06
9590.000000 2.72769000e+06
9610.000000 2.70272000e+06
9630.000000 2.68062000e+06
9650.000000 2.66693000e+06
9670.000000 2.65140000e+06
9690.000000 2.66779000e+06
9710.000000 2.65957000e+06
9730.000000 2.65067000e+06
9750.000000 2.62253000e+06
9770.000000 2.62700000e+06
9790.000000 2.60720000e+06
9810.000000 2.61917000e+06
9830.000000 2.60907000e+06
9850.000000 2.60007000e+06
9870.000000 2.58262000e+06
9890.000000 2.57230000e+06
9910.000000 2.56132000e+06
9930.000000 2.56702000e+06
9950.000000 2.55804000e+06
9970.000000 2.55120000e+06
9990.000000 2.54118000e+06
10025.000000 2.51316000e+06
10075.000000 2.47481000e+06
10125.000000 2.46887000e+06
10175.000000 2.43619000e+06
10225.000000 2.42312000e+06
10275.000000 2.41170000e+06
10325.000000 2.36850000e+06
10375.000000 2.35297000e+06
10425.000000 2.34415000e+06
10475.000000 2.30493000e+06
10525.000000 2.29869000e+06
10575.000000 2.27195000e+06
10625.000000 2.24752000e+06
10675.000000 2.20251000e+06
10725.000000 2.20262000e+06
10775.000000 2.17798000e+06
10825.000000 2.14566000e+06
10875.000000 2.13142000e+06
10925.000000 2.09466000e+06
10975.000000 2.06751000e+06
11025.000000 2.06269000e+06
11075.000000 2.05716000e+06
11125.000000 2.03344000e+06
11175.000000 2.01888000e+06
11225.000000 2.01086000e+06
11275.000000 1.97555000e+06
11325.000000 1.96972000e+06
11375.000000 1.94953000e+06
11425.000000 1.92748000e+06
11475.000000 1.93409000e+06
11525.000000 1.92044000e+06
11575.000000 1.89446000e+06
11625.000000 1.86457000e+06
11675.000000 1.85488000e+06
11725.000000 1.86200000e+06
11775.000000 1.82237000e+06
11825.000000 1.81216000e+06
11875.000000 1.78887000e+06
11925.000000 1.80391000e+06
11975.000000 1.75239000e+06
12025.000000 1.76098000e+06
12075.000000 1.74237000e+06
12125.000000 1.73323000e+06
12175.000000 1.73061000e+06
12225.000000 1.71629000e+06
12275.000000 1.69706000e+06
12325.000000 1.68803000e+06
12375.000000 1.67286000e+06
12425.000000 1.66011000e+06
12475.000000 1.65066000e+06
12525.000000 1.63414000e+06
12575.000000 1.62019000e+06
12625.000000 1.60798000e+06
12675.000000 1.59480000e+06
12725.000000 1.58825000e+06
12775.000000 1.57686000e+06
12825.000000 1.51220000e+06
12875.000000 1.54862000e+06
12925.000000 1.53300000e+06
12975.000000 1.52862000e+06
13025.000000 1.51395000e+06
13075.000000 1.50700000e+06
13125.000000 1.48651000e+06
13175.000000 1.47349000e+06
13225.000000 1.47303000e+06
13275.000000 1.45122000e+06
13325.000000 1.44799000e+06
13375.000000 1.43683000e+06
13425.000000 1.43200000e+06
13475.000000 1.42108000e+06
13525.000000 1.41069000e+06
13575.000000 1.39167000e+06
13625.000000 1.38454000e+06
13675.000000 1.37677000e+06
13725.000000 1.36370000e+06
13775.000000 1.35729000e+06
13825.000000 1.34948000e+06
13875.000000 1.34032000e+06
13925.000000 1.33241000e+06
13975.000000 1.32333000e+06
14025.000000 1.30805000e+06
14075.000000 1.30321000e+06
14125.000000 1.28474000e+06
14175.000000 1.28312000e+06
14225.000000 1.26218000e+06
14275.000000 1.24861000e+06
14325.000000 1.25489000e+06
14375.000000 1.25226000e+06
14425.000000 1.21667000e+06
14475.000000 1.23446000e+06
14525.000000 1.21042000e+06
14570.000000 1.21114000e+06
14620.000000 1.20262000e+06
14675.000000 1.19700000e+06
14725.000000 1.17956000e+06
14775.000000 1.17490000e+06
14825.000000 1.16956000e+06
14875.000000 1.15345000e+06
14925.000000 1.16458000e+06
14975.000000 1.14979000e+06
15025.000000 1.13337000e+06
15075.000000 1.12181000e+06
15125.000000 1.12850000e+06
15175.000000 1.12466000e+06
15225.000000 1.11088000e+06
15275.000000 1.10635000e+06
15325.000000 1.09769000e+06
15375.000000 1.09422000e+06
15425.000000 1.07976000e+06
15475.000000 1.08171000e+06
15525.000000 1.07202000e+06
15575.000000 1.04920000e+06
15625.000000 1.06706000e+06
15675.000000 1.04439000e+06
15725.000000 1.02629000e+06
15775.000000 1.02480000e+06
15825.000000 1.02809000e+06
15875.000000 9.73561000e+05
15925.000000 1.01260000e+06
15975.000000 1.01296000e+06
16050.000000 9.97782000e+05
16150.000000 9.63769000e+05
16250.000000 9.75027000e+05
16350.000000 9.50637000e+05
16450.000000 9.12676000e+05
16550.000000 9.23206000e+05
16650.000000 9.04702000e+05
16750.000000 8.78544000e+05
16850.000000 8.41437000e+05
16950.000000 8.54800000e+05
17050.000000 8.30016000e+05
17150.000000 8.15894000e+05
17250.000000 7.95713000e+05
17350.000000 7.54767000e+05
17450.000000 7.63202000e+05
17550.000000 7.52425000e+05
17650.000000 7.36752000e+05
17750.000000 7.22663000e+05
17850.000000 7.10119000e+05
17950.000000 6.97833000e+05
18050.000000 6.81866000e+05
18150.000000 6.50414000e+05
18250.000000 6.52445000e+05
18350.000000 6.43563000e+05
18450.000000 6.28239000e+05
18550.000000 6.18747000e+05
18650.000000 6.04385000e+05
18750.000000 5.72538000e+05
18850.000000 5.82754000e+05
18950.000000 5.64303000e+05
19050.000000 5.63741000e+05
19150.000000 5.52064000e+05
19250.000000 5.42684000e+05
19350.000000 5.29623000e+05
19450.000000 5.04952000e+05
19550.000000 5.12081000e+05
19650.000000 5.03106000e+05
19750.000000 4.92046000e+05
19850.000000 4.84978000e+05
19950.000000 4.76247000e+05
20050.000000 4.69831000e+05
20150.000000 4.62841000e+05
20250.000000 4.52126000e+05
20350.000000 4.42244000e+05
20450.000000 4.38614000e+05
20550.000000 4.30208000e+05
20650.000000 4.21095000e+05
20750.000000 4.14648000e+05
20850.000000 4.07821000e+05
20950.000000 3.99207000e+05
21050.000000 3.94412000e+05
21150.000000 3.87103000e+05
21250.000000 3.80498000e+05
21350.000000 3.74512000e+05
21450.000000 3.68818000e+05
21550.000000 3.62596000e+05
21650.000000 3.46314000e+05
21750.000000 3.48855000e+05
21850.000000 3.43459000e+05
21950.000000 3.39367000e+05
22050.000000 3.31671000e+05
22150.000000 3.27776000e+05
22250.000000 3.22303000e+05
22350.000000 3.17102000e+05
22450.000000 3.12213000e+05
22550.000000 3.06027000e+05
22650.000000 3.01392000e+05
22750.000000 2.97511000e+05
22850.000000 2.91861000e+05
22950.000000 2.81190000e+05
23050.000000 2.80805000e+05
23150.000000 2.76887000e+05
23250.000000 2.64962000e+05
23350.000000 2.65607000e+05
23450.000000 2.63874000e+05
23550.000000 2.51584000e+05
23650.000000 2.53556000e+05
23750.000000 2.50784000e+05
23850.000000 2.40215000e+05
23950.000000 2.41432000e+05
24050.000000 2.38992000e+05
24150.000000 2.30673000e+05
24250.000000 2.30210000e+05
24350.000000 2.27516000e+05
24450.000000 2.22041000e+05
24550.000000 2.18723000e+05
24650.000000 2.18397000e+05
24750.000000 2.13548000e+05
24850.000000 2.09222000e+05
24950.000000 2.07675000e+05
25050.000000 2.06405000e+05
25150.000000 2.01241000e+05
25250.000000 1.98965000e+05
25350.000000 1.97544000e+05
25450.000000 1.94006000e+05
25550.000000 1.91290000e+05
25650.000000 1.87282000e+05
25750.000000 1.87239000e+05
25850.000000 1.82546000e+05
25950.000000 1.81679000e+05
26050.000000 1.79365000e+05
26150.000000 1.74894000e+05
26250.000000 1.70349000e+05
26350.000000 1.71690000e+05
26450.000000 1.69452000e+05
26550.000000 1.66821000e+05
26650.000000 1.63778000e+05
26750.000000 1.61135000e+05
26850.000000 1.61227000e+05
26950.000000 1.58861000e+05
27050.000000 1.56823000e+05
27150.000000 1.54755000e+05
27250.000000 1.52779000e+05
27350.000000 1.50652000e+05
27450.000000 1.48911000e+05
27550.000000 1.44839000e+05
27650.000000 1.44449000e+05
27750.000000 1.42852000e+05
27850.000000 1.41065000e+05
27950.000000 1.39334000e+05
28050.000000 1.37452000e+05
28150.000000 1.35702000e+05
28250.000000 1.33941000e+05
28350.000000 1.32365000e+05
28450.000000 1.30375000e+05
28550.000000 1.28816000e+05
28650.000000 1.27033000e+05
28750.000000 1.23539000e+05
28850.000000 1.23870000e+05
28950.000000 1.22400000e+05
29050.000000 1.20777000e+05
29150.000000 1.19263000e+05
29250.000000 1.17489000e+05
29350.000000 1.16248000e+05
29450.000000 1.14600000e+05
29550.000000 1.13355000e+05
29650.000000 1.11902000e+05
29750.000000 1.10525000e+05
29850.000000 1.09211000e+05
29950.000000 1.07706000e+05
30050.000000 1.06352000e+05
30150.000000 1.05183000e+05
30250.000000 1.03855000e+05
30350.000000 1.01139000e+05
30450.000000 1.00911000e+05
30550.000000 1.00037000e+05
30650.000000 9.87117000e+04
30750.000000 9.77001000e+04
30850.000000 9.62880000e+04
30950.000000 9.51280000e+04
31050.000000 9.41606000e+04
31150.000000 9.25320000e+04
31250.000000 9.18598000e+04
31350.000000 9.06729000e+04
31450.000000 8.97163000e+04
31550.000000 8.84407000e+04
31650.000000 8.75969000e+04
31750.000000 8.64481000e+04
31850.000000 8.54716000e+04
31950.000000 8.45683000e+04
32100.000000 8.30193000e+04
32300.000000 8.10736000e+04
32500.000000 7.92514000e+04
32700.000000 7.74217000e+04
32900.000000 7.49832000e+04
33100.000000 7.38907000e+04
33300.000000 7.21089000e+04
33500.000000 7.06563000e+04
33700.000000 6.90406000e+04
33900.000000 6.73465000e+04
34100.000000 6.59076000e+04
34300.000000 6.46417000e+04
34500.000000 6.32139000e+04
34700.000000 6.18772000e+04
34900.000000 6.05762000e+04
35100.000000 5.92366000e+04
35300.000000 5.79021000e+04
35500.000000 5.67672000e+04
35700.000000 5.54649000e+04
35900.000000 5.43079000e+04
36100.000000 5.32858000e+04
36300.000000 5.21599000e+04
36500.000000 5.09592000e+04
36700.000000 4.99130000e+04
36900.000000 4.87537000e+04
37100.000000 4.77888000e+04
37300.000000 4.68444000e+04
37500.000000 4.55478000e+04
37700.000000 4.50525000e+04
37900.000000 4.41744000e+04
38100.000000 4.32603000e+04
38300.000000 4.24783000e+04
38500.000000 4.16798000e+04
38700.000000 4.08200000e+04
38900.000000 4.00079000e+04
39100.000000 3.92153000e+04
39300.000000 3.85269000e+04
39500.000000 3.77345000e+04
39700.000000 3.70613000e+04
39900.000000 3.62127000e+04
40100.000000 3.55735000e+04
40300.000000 3.49221000e+04
40500.000000 3.40911000e+04
40700.000000 3.36568000e+04
40900.000000 3.30515000e+04
41100.000000 3.24674000e+04
41300.000000 3.18909000e+04
41500.000000 3.12627000e+04
41700.000000 3.06147000e+04
41900.000000 3.01450000e+04
42100.000000 2.95171000e+04
42300.000000 2.91102000e+04
42500.000000 2.85407000e+04
42700.000000 2.80632000e+04
42900.000000 2.69813000e+04
43100.000000 2.61941000e+04
43300.000000 2.60491000e+04
43500.000000 2.50157000e+04
43700.000000 2.44815000e+04
43900.000000 2.42766000e+04
44100.000000 2.31755000e+04
44300.000000 2.30704000e+04
44500.000000 2.27360000e+04
44700.000000 2.17826000e+04
44900.000000 2.17833000e+04
45100.000000 2.13886000e+04
45300.000000 2.06274000e+04
45500.000000 2.05393000e+04
45700.000000 2.03058000e+04
45900.000000 1.95659000e+04
46100.000000 1.95171000e+04
46300.000000 1.91520000e+04
46500.000000 1.88500000e+04
46700.000000 1.86111000e+04
46900.000000 1.83534000e+04
47100.000000 1.80365000e+04
47300.000000 1.79264000e+04
47500.000000 1.75687000e+04
47700.000000 1.72843000e+04
47900.000000 1.70647000e+04
48100.000000 1.66935000e+04
48300.000000 1.66331000e+04
48500.000000 1.63344000e+04
48700.000000 1.60417000e+04
48900.000000 1.58351000e+04
49100.000000 1.55889000e+04
49300.000000 1.53650000e+04
49500.000000 1.51235000e+04
49700.000000 1.49114000e+04
49900.000000 1.47115000e+04
50100.000000 1.44231000e+04
50300.000000 1.43110000e+04
50500.000000 1.40162000e+04
50700.000000 1.38444000e+04
50900.000000 1.36838000e+04
51100.000000 1.34432000e+04
51300.000000 1.32495000e+04
51500.000000 1.30766000e+04
51700.000000 1.29768000e+04
51900.000000 1.27091000e+04
52100.000000 1.25180000e+04
52300.000000 1.23437000e+04
52500.000000 1.22169000e+04
52700.000000 1.20818000e+04
52900.000000 1.18236000e+04
53100.000000 1.16960000e+04
53300.000000 1.15312000e+04
53500.000000 1.13861000e+04
53700.000000 1.12386000e+04
53900.000000 1.10946000e+04
54100.000000 1.09383000e+04
54300.000000 1.07410000e+04
54500.000000 1.06484000e+04
54700.000000 1.04898000e+04
54900.000000 1.03347000e+04
55100.000000 1.02167000e+04
55300.000000 1.01266000e+04
55500.000000 9.91464000e+03
55700.000000 9.86008000e+03
55900.000000 9.68356000e+03
56100.000000 9.56448000e+03
56300.000000 9.42320000e+03
56500.000000 9.34386000e+03
56700.000000 9.22017000e+03
56900.000000 9.05854000e+03
57100.000000 8.97670000e+03
57300.000000 8.86366000e+03
57500.000000 8.74662000e+03
57700.000000 8.62815000e+03
57900.000000 8.53932000e+03
58100.000000 8.40887000e+03
58300.000000 8.30749000e+03
58500.000000 8.21490000e+03
58700.000000 8.09188000e+03
58900.000000 7.99185000e+03
59100.000000 7.88759000e+03
59300.000000 7.79987000e+03
59500.000000 7.68155000e+03
59700.000000 7.61526000e+03
59900.000000 7.51903000e+03
60100.000000 7.42745000e+03
60300.000000 7.33382000e+03
60500.000000 7.23425000e+03
60700.000000 7.14443000e+03
60900.000000 7.05817000e+03
61100.000000 6.96027000e+03
61300.000000 6.88896000e+03
61500.000000 6.80688000e+03
61700.000000 6.72680000e+03
61900.000000 6.64859000e+03
62100.000000 6.56735000e+03
62300.000000 6.47895000e+03
62500.000000 6.39888000e+03
62700.000000 6.32487000e+03
62900.000000 6.24196000e+03
63100.000000 6.16971000e+03
63300.000000 6.10794000e+03
63500.000000 6.02795000e+03
63700.000000 5.96426000e+03
63900.000000 5.88325000e+03
64200.000000 5.78479000e+03
64600.000000 5.64504000e+03
65000.000000 5.51309000e+03
65400.000000 5.38702000e+03
65800.000000 5.26464000e+03
66200.000000 5.14010000e+03
66600.000000 5.02401000e+03
67000.000000 4.90873000e+03
67400.000000 4.79474000e+03
67800.000000 4.68416000e+03
68200.000000 4.58183000e+03
68600.000000 4.47964000e+03
69000.000000 4.37888000e+03
69400.000000 4.28052000e+03
69800.000000 4.18760000e+03
70200.000000 4.09338000e+03
70600.000000 4.00564000e+03
71000.000000 3.91855000e+03
71400.000000 3.83405000e+03
71800.000000 3.75111000e+03
72200.000000 3.67042000e+03
72600.000000 3.59199000e+03
73000.000000 3.51675000e+03
73400.000000 3.44126000e+03
73800.000000 3.37030000e+03
74200.000000 3.29855000e+03
74600.000000 3.22353000e+03
75000.000000 3.15736000e+03
75400.000000 3.09850000e+03
75800.000000 3.03579000e+03
76200.000000 2.97383000e+03
76600.000000 2.91384000e+03
77000.000000 2.85448000e+03
77400.000000 2.79782000e+03
77800.000000 2.74193000e+03
78200.000000 2.68758000e+03
78600.000000 2.63456000e+03
79000.000000 2.58266000e+03
79400.000000 2.53202000e+03
79800.000000 2.48274000e+03
80200.000000 2.43414000e+03
80600.000000 2.38702000e+03
81000.000000 2.34185000e+03
81400.000000 2.29581000e+03
81800.000000 2.25286000e+03
82200.000000 2.21075000e+03
82600.000000 2.16896000e+03
83000.000000 2.12837000e+03
83400.000000 2.08790000e+03
83800.000000 2.04951000e+03
84200.000000 2.01196000e+03
84600.000000 1.97493000e+03
85000.000000 1.93876000e+03
85400.000000 1.90339000e+03
85800.000000 1.86880000e+03
86200.000000 1.83491000e+03
86600.000000 1.80168000e+03
87000.000000 1.76987000e+03
87400.000000 1.73763000e+03
87800.000000 1.70673000e+03
88200.000000 1.67680000e+03
88600.000000 1.64740000e+03
89000.000000 1.61840000e+03
89400.000000 1.59042000e+03
89800.000000 1.56227000e+03
90200.000000 1.53562000e+03
90600.000000 1.50956000e+03
91000.000000 1.48299000e+03
91400.000000 1.45768000e+03
91800.000000 1.43334000e+03
92200.000000 1.40918000e+03
92600.000000 1.38526000e+03
93000.000000 1.36231000e+03
93400.000000 1.33913000e+03
93800.000000 1.31639000e+03
94200.000000 1.29534000e+03
94600.000000 1.27355000e+03
95000.000000 1.25300000e+03
95400.000000 1.23233000e+03
95800.000000 1.21196000e+03
96200.000000 1.19254000e+03
96600.000000 1.17283000e+03
97000.000000 1.15445000e+03
97400.000000 1.13538000e+03
97800.000000 1.11693000e+03
98200.000000 1.09992000e+03
98600.000000 1.08249000e+03
99000.000000 1.06519000e+03
99400.000000 1.04809000e+03
99800.000000 1.03222000e+03
100200.000000 1.01611000e+03
200000.000000 6.60265000e+01
400000.000000 4.16027000e+00
600000.000000 8.19523000e-01
800000.000000 2.58136000e-01
1000000.000000 1.05236000e-01
1200000.000000 5.05210000e-02
1400000.000000 2.71553000e-02
1600000.000000 1.58550000e-02
