# Kurucz ODFNEW /NOVER, alpha: 0.0 (2003)
# teff = 4500 K (value for the effective temperature for the model. Temperatures are given in K)
# logg = 2 log(cm/s2) (value for Log(G) for the model.)
# lh = 1.25  (l/Hp where l is the  mixing length of the convective element and Hp is the pressure scale height)
# meta = 0  (value for the Metallicity for the model.)
# vtur = 2 km/s (Microturbulence velocity)
# alpha = 0  (Alpha)
#
# column 1: WAVELENGTH (ANGSTROM), Wavelength in Angstrom
# column 2: FLUX (ERG/CM2/S/A), Flux in erg/cm2/s/A
147.200000 7.62175000e-155
151.000000 1.12811000e-150
155.200000 2.64118000e-146
158.800000 9.56769000e-143
162.000000 1.02398000e-139
166.000000 4.27806000e-136
170.300000 2.14811000e-132
173.400000 7.67014000e-130
176.800000 3.80656000e-127
180.200000 1.49070000e-124
181.700000 1.93232000e-123
186.100000 2.78937000e-120
191.000000 6.17125000e-117
193.900000 4.88081000e-115
198.400000 3.33273000e-112
201.800000 3.80317000e-110
205.000000 2.84387000e-108
210.500000 3.44938000e-105
216.200000 3.68175000e-102
219.800000 2.49266000e-100
223.000000 9.39077000e-99
226.800000 6.11152000e-97
230.000000 1.84754000e-95
234.000000 1.14369000e-93
240.000000 4.28837000e-91
246.500000 1.89437000e-88
252.400000 3.62012000e-86
256.800000 1.55116000e-84
260.000000 2.19913000e-83
264.000000 5.51829000e-82
268.500000 1.84053000e-80
273.500000 7.89446000e-79
278.500000 2.95556000e-77
284.000000 1.36687000e-75
290.000000 7.56057000e-74
296.000000 3.53687000e-72
301.000000 7.74574000e-71
308.000000 4.90847000e-69
318.000000 1.33117000e-66
328.000000 2.54603000e-64
338.000000 3.53963000e-62
348.000000 3.68256000e-60
357.000000 1.91488000e-58
366.000000 8.17096000e-57
375.000000 2.89516000e-55
385.000000 1.24747000e-53
395.000000 4.41596000e-52
405.000000 1.30439000e-50
414.000000 2.37912000e-49
422.000000 2.82202000e-48
430.000000 3.04460000e-47
441.000000 6.93037000e-46
451.000000 1.03530000e-44
460.000000 1.06392000e-43
470.000000 1.27155000e-42
480.000000 1.36488000e-41
490.000000 1.32590000e-40
500.000000 1.17107000e-39
506.000000 5.54994000e-39
512.000000 2.12936000e-38
520.000000 1.04962000e-37
530.000000 7.22706000e-37
540.000000 4.55848000e-36
550.000000 2.70984000e-35
560.000000 1.49983000e-34
570.000000 7.79676000e-34
580.000000 3.78028000e-33
590.000000 1.76817000e-32
600.000000 7.75947000e-32
610.000000 3.23677000e-31
620.000000 1.28602000e-30
630.000000 4.88059000e-30
640.000000 1.77383000e-29
650.000000 6.18327000e-29
658.000000 1.63138000e-28
665.000000 3.73454000e-28
675.000000 1.18247000e-27
685.000000 3.61415000e-27
695.000000 1.06734000e-26
705.000000 3.04612000e-26
716.000000 9.34886000e-26
726.000000 2.50757000e-25
735.000000 5.94866000e-25
745.000000 1.51350000e-24
755.000000 3.75166000e-24
765.000000 9.07086000e-24
775.000000 2.13935000e-23
785.000000 4.93280000e-23
795.000000 1.10618000e-22
805.000000 2.44789000e-22
815.000000 5.29755000e-22
825.000000 1.12234000e-21
835.000000 2.33243000e-21
845.000000 4.75828000e-21
855.000000 9.53387000e-21
865.000000 1.87714000e-20
875.000000 3.63191000e-20
885.000000 6.92925000e-20
895.000000 1.30040000e-19
905.000000 2.40313000e-19
915.000000 2.49191000e-15
925.000000 9.51042000e-15
935.000000 1.36488000e-14
945.000000 2.44121000e-14
955.000000 4.26081000e-14
965.000000 7.73949000e-14
975.000000 1.12251000e-13
985.000000 2.03608000e-13
995.000000 3.34074000e-13
1005.000000 5.21216000e-13
1015.000000 8.28441000e-13
1025.000000 1.34097000e-12
1035.000000 2.46015000e-12
1045.000000 3.82482000e-12
1055.000000 5.31031000e-12
1065.000000 9.21808000e-12
1075.000000 1.38503000e-11
1085.000000 2.10371000e-11
1095.000000 2.96608000e-11
1105.000000 4.35436000e-11
1115.000000 6.38051000e-11
1125.000000 1.09915000e-10
1135.000000 1.71476000e-10
1145.000000 2.50993000e-10
1155.000000 3.62038000e-10
1165.000000 5.12456000e-10
1175.000000 7.68644000e-10
1185.000000 1.07517000e-09
1195.000000 1.41920000e-09
1205.000000 1.81704000e-09
1215.000000 1.14403000e-09
1225.000000 3.60857000e-09
1235.000000 5.61034000e-09
1245.000000 7.95154000e-09
1255.000000 1.10807000e-08
1265.000000 1.52290000e-08
1275.000000 2.09671000e-08
1285.000000 2.69310000e-08
1295.000000 3.51564000e-08
1305.000000 4.89763000e-08
1315.000000 6.82665000e-08
1325.000000 8.80654000e-08
1335.000000 1.16372000e-07
1345.000000 1.48126000e-07
1355.000000 2.11651000e-07
1365.000000 2.56764000e-07
1375.000000 3.34501000e-07
1385.000000 3.93222000e-07
1395.000000 5.08346000e-07
1405.000000 7.36770000e-07
1415.000000 8.58403000e-07
1425.000000 1.09348000e-06
1435.000000 1.41394000e-06
1442.000000 1.87136000e-06
1447.000000 1.87392000e-06
1455.000000 2.28046000e-06
1465.000000 3.23557000e-06
1475.000000 3.64898000e-06
1485.000000 4.57735000e-06
1495.000000 6.46939000e-06
1505.000000 8.52879000e-06
1512.000000 7.35664000e-06
1517.000000 9.45929000e-06
1525.000000 1.30579000e-05
1535.000000 2.70640000e-05
1545.000000 2.35489000e-05
1555.000000 3.85357000e-05
1565.000000 3.76403000e-05
1575.000000 8.72532000e-05
1585.000000 8.97187000e-05
1595.000000 8.83114000e-05
1605.000000 9.59949000e-05
1615.000000 1.03544000e-04
1625.000000 1.15410000e-04
1635.000000 1.57345000e-04
1645.000000 2.12782000e-04
1655.000000 2.05666000e-04
1665.000000 3.00408000e-04
1672.000000 2.71148000e-04
1677.000000 3.89679000e-04
1685.000000 5.42466000e-04
1695.000000 7.81304000e-04
1705.000000 9.35245000e-04
1715.000000 1.03119000e-03
1725.000000 1.48546000e-03
1735.000000 1.77075000e-03
1745.000000 2.47959000e-03
1755.000000 2.44456000e-03
1765.000000 3.70196000e-03
1775.000000 2.91148000e-03
1785.000000 7.19992000e-03
1795.000000 5.05377000e-03
1805.000000 1.23564000e-02
1815.000000 6.77975000e-03
1825.000000 1.27295000e-02
1835.000000 1.03321000e-02
1845.000000 1.70047000e-02
1855.000000 1.01991000e-02
1865.000000 2.56599000e-02
1875.000000 2.08681000e-02
1885.000000 3.02605000e-02
1895.000000 3.74524000e-02
1905.000000 3.94468000e-02
1915.000000 6.23553000e-02
1925.000000 4.50393000e-02
1935.000000 3.20533000e-02
1945.000000 7.13501000e-02
1955.000000 1.15965000e-01
1967.000000 1.17359000e-01
1976.000000 1.46415000e-01
1984.000000 2.10116000e-01
1995.000000 1.64690000e-01
2005.000000 1.97107000e-01
2015.000000 2.20746000e-01
2025.000000 1.91928000e-01
2035.000000 2.41372000e-01
2045.000000 2.44395000e-01
2055.000000 3.19705000e-01
2065.000000 2.71356000e-01
2074.000000 2.21204000e-01
2078.000000 3.55775000e-01
2085.000000 4.89498000e-01
2095.000000 9.77826000e-01
2105.000000 1.11165000e+00
2115.000000 7.76093000e-01
2125.000000 7.70491000e-01
2135.000000 1.72603000e+00
2145.000000 1.08138000e+00
2155.000000 1.76058000e+00
2165.000000 1.47687000e+00
2175.000000 1.85003000e+00
2185.000000 1.40221000e+00
2195.000000 4.04016000e+00
2205.000000 2.57216000e+00
2215.000000 3.99487000e+00
2225.000000 3.25316000e+00
2235.000000 1.02674000e+01
2245.000000 9.51611000e+00
2255.000000 1.42193000e+01
2265.000000 3.33005000e+00
2275.000000 1.33117000e+01
2285.000000 9.85977000e+00
2295.000000 2.22589000e+01
2305.000000 3.50705000e+00
2315.000000 3.28371000e+01
2325.000000 1.48333000e+01
2335.000000 4.00442000e+01
2345.000000 2.05498000e+01
2355.000000 1.10328000e+01
2365.000000 2.11244000e+01
2375.000000 1.83649000e+01
2385.000000 4.58965000e+01
2395.000000 3.98211000e+01
2405.000000 9.00721000e+01
2415.000000 3.91759000e+01
2425.000000 7.51008000e+01
2435.000000 1.11865000e+02
2445.000000 1.87898000e+02
2455.000000 2.21968000e+02
2465.000000 8.92374000e+01
2475.000000 1.63542000e+02
2485.000000 1.97741000e+01
2495.000000 4.35219000e+01
2505.000000 1.36391000e+02
2513.000000 6.75888000e+01
2518.000000 4.61725000e+01
2525.000000 6.35266000e+01
2535.000000 3.49403000e+02
2545.000000 4.53283000e+02
2555.000000 9.38357000e+02
2565.000000 3.42566000e+02
2575.000000 8.13443000e+02
2585.000000 4.41376000e+02
2595.000000 6.19861000e+02
2605.000000 8.83584000e+02
2615.000000 6.95092000e+02
2625.000000 1.33402000e+03
2635.000000 3.50353000e+03
2645.000000 3.59723000e+03
2655.000000 9.30036000e+03
2665.000000 4.46974000e+03
2675.000000 3.95244000e+03
2685.000000 6.53625000e+03
2695.000000 2.48102000e+03
2705.000000 6.41164000e+03
2715.000000 3.58099000e+03
2725.000000 1.79146000e+03
2735.000000 2.62534000e+03
2745.000000 2.83999000e+03
2755.000000 3.48034000e+03
2765.000000 5.62244000e+03
2775.000000 7.23702000e+03
2785.000000 3.35647000e+03
2795.000000 1.65650000e+03
2805.000000 2.05338000e+03
2815.000000 5.43732000e+03
2825.000000 6.71593000e+03
2835.000000 4.35681000e+03
2845.000000 1.64608000e+03
2855.000000 3.73479000e+02
2865.000000 3.31841000e+03
2875.000000 6.65938000e+03
2885.000000 1.28124000e+04
2895.000000 2.15725000e+04
2910.000000 3.43782000e+04
2930.000000 3.40509000e+04
2950.000000 2.86851000e+04
2970.000000 2.92337000e+04
2990.000000 2.83808000e+04
3010.000000 2.30443000e+04
3030.000000 3.83779000e+04
3050.000000 4.19799000e+04
3070.000000 6.42625000e+04
3090.000000 7.48914000e+04
3110.000000 1.15187000e+05
3130.000000 9.13358000e+04
3150.000000 1.20595000e+05
3170.000000 1.51263000e+05
3190.000000 1.21140000e+05
3210.000000 1.33134000e+05
3230.000000 9.79658000e+04
3250.000000 1.76539000e+05
3270.000000 2.34376000e+05
3290.000000 2.50145000e+05
3310.000000 2.03327000e+05
3330.000000 2.13986000e+05
3350.000000 1.91012000e+05
3370.000000 1.25101000e+05
3390.000000 1.45550000e+05
3410.000000 1.74830000e+05
3430.000000 2.09862000e+05
3450.000000 2.06661000e+05
3470.000000 2.24065000e+05
3490.000000 2.74596000e+05
3510.000000 3.00959000e+05
3530.000000 2.36881000e+05
3550.000000 2.86386000e+05
3570.000000 1.35151000e+05
3590.000000 1.72444000e+05
3610.000000 2.78483000e+05
3630.000000 3.45884000e+05
3640.000000 3.69974000e+05
3650.000000 4.13222000e+05
3670.000000 4.70041000e+05
3690.000000 4.26695000e+05
3710.000000 4.41485000e+05
3730.000000 1.99319000e+05
3750.000000 2.39416000e+05
3770.000000 3.54652000e+05
3790.000000 3.57161000e+05
3810.000000 2.96741000e+05
3830.000000 1.26521000e+05
3850.000000 1.58891000e+05
3870.000000 1.89815000e+05
3890.000000 3.72818000e+05
3910.000000 4.63738000e+05
3930.000000 1.48466000e+05
3950.000000 3.40741000e+05
3970.000000 2.02316000e+05
3990.000000 6.85989000e+05
4010.000000 8.41966000e+05
4030.000000 8.02060000e+05
4050.000000 7.40895000e+05
4070.000000 6.82052000e+05
4090.000000 9.12136000e+05
4110.000000 8.56758000e+05
4130.000000 7.33563000e+05
4150.000000 6.46516000e+05
4170.000000 6.67735000e+05
4190.000000 7.09314000e+05
4210.000000 8.06019000e+05
4230.000000 8.69980000e+05
4250.000000 9.58024000e+05
4270.000000 8.90618000e+05
4290.000000 8.05612000e+05
4310.000000 6.94845000e+05
4330.000000 1.10614000e+06
4350.000000 1.10955000e+06
4370.000000 1.20259000e+06
4390.000000 1.04882000e+06
4410.000000 1.14698000e+06
4430.000000 1.26042000e+06
4450.000000 1.28915000e+06
4470.000000 1.41130000e+06
4490.000000 1.46914000e+06
4510.000000 1.73247000e+06
4530.000000 1.48400000e+06
4550.000000 1.55063000e+06
4570.000000 1.70654000e+06
4590.000000 1.66237000e+06
4610.000000 1.73870000e+06
4630.000000 1.68228000e+06
4650.000000 1.72315000e+06
4670.000000 1.80497000e+06
4690.000000 1.77608000e+06
4710.000000 1.73233000e+06
4730.000000 1.80965000e+06
4750.000000 1.92067000e+06
4770.000000 1.95030000e+06
4790.000000 1.93897000e+06
4810.000000 1.92988000e+06
4830.000000 2.01519000e+06
4850.000000 1.91051000e+06
4870.000000 1.78954000e+06
4890.000000 1.97313000e+06
4910.000000 1.96115000e+06
4930.000000 1.92279000e+06
4950.000000 2.08333000e+06
4970.000000 2.01368000e+06
4990.000000 1.85353000e+06
5010.000000 1.74946000e+06
5030.000000 1.86363000e+06
5050.000000 1.87711000e+06
5070.000000 1.97445000e+06
5090.000000 1.80439000e+06
5110.000000 1.87729000e+06
5130.000000 1.78323000e+06
5150.000000 1.73134000e+06
5170.000000 1.58168000e+06
5190.000000 1.70112000e+06
5210.000000 1.83312000e+06
5230.000000 1.97779000e+06
5250.000000 2.05324000e+06
5270.000000 1.81115000e+06
5290.000000 2.11021000e+06
5310.000000 2.28955000e+06
5330.000000 1.97708000e+06
5350.000000 2.21122000e+06
5370.000000 2.24298000e+06
5390.000000 2.12652000e+06
5410.000000 2.11520000e+06
5430.000000 2.14284000e+06
5450.000000 2.30382000e+06
5470.000000 2.19068000e+06
5490.000000 2.16075000e+06
5510.000000 2.15725000e+06
5530.000000 2.25156000e+06
5550.000000 2.31719000e+06
5570.000000 2.26597000e+06
5590.000000 2.18818000e+06
5610.000000 2.33540000e+06
5630.000000 2.27522000e+06
5650.000000 2.29702000e+06
5670.000000 2.23210000e+06
5690.000000 2.32814000e+06
5710.000000 2.21098000e+06
5730.000000 2.46499000e+06
5750.000000 2.34874000e+06
5770.000000 2.40604000e+06
5790.000000 2.25044000e+06
5810.000000 2.40996000e+06
5830.000000 2.51172000e+06
5850.000000 2.41620000e+06
5870.000000 2.43289000e+06
5890.000000 2.11103000e+06
5910.000000 2.39327000e+06
5930.000000 2.40512000e+06
5950.000000 2.40643000e+06
5970.000000 2.47510000e+06
5990.000000 2.41020000e+06
6010.000000 2.35810000e+06
6030.000000 2.43832000e+06
6050.000000 2.49118000e+06
6070.000000 2.47572000e+06
6090.000000 2.34389000e+06
6110.000000 2.36732000e+06
6130.000000 2.21475000e+06
6150.000000 2.31352000e+06
6170.000000 2.20958000e+06
6190.000000 2.37781000e+06
6210.000000 2.35392000e+06
6230.000000 2.26613000e+06
6250.000000 2.16774000e+06
6270.000000 2.29164000e+06
6290.000000 2.34841000e+06
6310.000000 2.26306000e+06
6330.000000 2.30698000e+06
6350.000000 2.30845000e+06
6370.000000 2.29063000e+06
6390.000000 2.34404000e+06
6410.000000 2.30027000e+06
6430.000000 2.32407000e+06
6450.000000 2.32191000e+06
6470.000000 2.31919000e+06
6490.000000 2.24400000e+06
6510.000000 2.32171000e+06
6530.000000 2.33763000e+06
6550.000000 2.30134000e+06
6570.000000 2.25296000e+06
6590.000000 2.32363000e+06
6610.000000 2.33813000e+06
6630.000000 2.32516000e+06
6650.000000 2.32261000e+06
6670.000000 2.27440000e+06
6690.000000 2.35805000e+06
6710.000000 2.25423000e+06
6730.000000 2.36254000e+06
6750.000000 2.30482000e+06
6770.000000 2.32788000e+06
6790.000000 2.30544000e+06
6810.000000 2.29940000e+06
6830.000000 2.33562000e+06
6850.000000 2.25247000e+06
6870.000000 2.29197000e+06
6890.000000 2.32575000e+06
6910.000000 2.30039000e+06
6930.000000 2.25748000e+06
6950.000000 2.21237000e+06
6970.000000 2.23482000e+06
6990.000000 2.20077000e+06
7010.000000 2.13702000e+06
7030.000000 2.19798000e+06
7050.000000 2.23912000e+06
7070.000000 2.18554000e+06
7090.000000 2.17120000e+06
7110.000000 2.15029000e+06
7130.000000 2.09971000e+06
7150.000000 2.09726000e+06
7170.000000 2.13431000e+06
7190.000000 2.05023000e+06
7210.000000 2.11330000e+06
7230.000000 2.16209000e+06
7250.000000 2.15047000e+06
7270.000000 2.13216000e+06
7290.000000 2.05725000e+06
7310.000000 2.10100000e+06
7330.000000 2.09789000e+06
7350.000000 2.08823000e+06
7370.000000 2.14537000e+06
7390.000000 2.08963000e+06
7410.000000 2.07582000e+06
7430.000000 2.10615000e+06
7450.000000 2.10728000e+06
7470.000000 2.11053000e+06
7490.000000 2.08900000e+06
7510.000000 2.12411000e+06
7530.000000 2.13815000e+06
7550.000000 2.15361000e+06
7570.000000 2.12837000e+06
7590.000000 2.11514000e+06
7610.000000 2.12128000e+06
7630.000000 2.13243000e+06
7650.000000 2.13726000e+06
7670.000000 2.05556000e+06
7690.000000 2.13515000e+06
7710.000000 2.08220000e+06
7730.000000 2.08613000e+06
7750.000000 2.07130000e+06
7770.000000 2.13116000e+06
7790.000000 2.12036000e+06
7810.000000 2.11488000e+06
7830.000000 2.08910000e+06
7850.000000 2.07138000e+06
7870.000000 2.07260000e+06
7890.000000 1.98876000e+06
7910.000000 1.92236000e+06
7930.000000 1.92370000e+06
7950.000000 1.88512000e+06
7970.000000 1.97578000e+06
7990.000000 1.96614000e+06
8010.000000 1.96127000e+06
8030.000000 1.96734000e+06
8050.000000 1.94299000e+06
8070.000000 1.92278000e+06
8090.000000 1.85722000e+06
8110.000000 1.84899000e+06
8130.000000 1.88636000e+06
8150.000000 1.88545000e+06
8170.000000 1.89384000e+06
8190.000000 1.85640000e+06
8210.000000 1.85028000e+06
8230.000000 1.87622000e+06
8250.000000 1.89531000e+06
8270.000000 1.91755000e+06
8290.000000 1.89697000e+06
8310.000000 1.80994000e+06
8330.000000 1.82537000e+06
8350.000000 1.82431000e+06
8370.000000 1.84856000e+06
8390.000000 1.78196000e+06
8410.000000 1.85882000e+06
8430.000000 1.80008000e+06
8450.000000 1.84686000e+06
8470.000000 1.84130000e+06
8490.000000 1.82772000e+06
8510.000000 1.72556000e+06
8530.000000 1.79110000e+06
8550.000000 1.48228000e+06
8570.000000 1.85239000e+06
8590.000000 1.82432000e+06
8610.000000 1.83054000e+06
8630.000000 1.84655000e+06
8650.000000 1.82941000e+06
8670.000000 1.51832000e+06
8690.000000 1.76312000e+06
8710.000000 1.81651000e+06
8730.000000 1.82663000e+06
8750.000000 1.80973000e+06
8770.000000 1.83308000e+06
8790.000000 1.81655000e+06
8810.000000 1.76293000e+06
8830.000000 1.80115000e+06
8850.000000 1.82298000e+06
8870.000000 1.78432000e+06
8890.000000 1.81839000e+06
8910.000000 1.83856000e+06
8930.000000 1.78210000e+06
8950.000000 1.77490000e+06
8970.000000 1.78132000e+06
8990.000000 1.79037000e+06
9010.000000 1.71551000e+06
9030.000000 1.76484000e+06
9050.000000 1.80894000e+06
9070.000000 1.79112000e+06
9090.000000 1.71768000e+06
9110.000000 1.70770000e+06
9130.000000 1.76309000e+06
9150.000000 1.62891000e+06
9170.000000 1.58256000e+06
9190.000000 1.60673000e+06
9210.000000 1.55974000e+06
9230.000000 1.59681000e+06
9250.000000 1.58203000e+06
9270.000000 1.60958000e+06
9290.000000 1.58485000e+06
9310.000000 1.63768000e+06
9330.000000 1.63781000e+06
9350.000000 1.61431000e+06
9370.000000 1.59944000e+06
9390.000000 1.56943000e+06
9410.000000 1.52669000e+06
9430.000000 1.54967000e+06
9450.000000 1.50996000e+06
9470.000000 1.56483000e+06
9490.000000 1.55427000e+06
9510.000000 1.58777000e+06
9530.000000 1.57066000e+06
9550.000000 1.55921000e+06
9570.000000 1.55965000e+06
9590.000000 1.58638000e+06
9610.000000 1.56456000e+06
9630.000000 1.55474000e+06
9650.000000 1.52055000e+06
9670.000000 1.51258000e+06
9690.000000 1.54843000e+06
9710.000000 1.53510000e+06
9730.000000 1.53369000e+06
9750.000000 1.52269000e+06
9770.000000 1.53107000e+06
9790.000000 1.49695000e+06
9810.000000 1.55020000e+06
9830.000000 1.54035000e+06
9850.000000 1.55425000e+06
9870.000000 1.54769000e+06
9890.000000 1.55642000e+06
9910.000000 1.53491000e+06
9930.000000 1.55414000e+06
9950.000000 1.54136000e+06
9970.000000 1.55140000e+06
9990.000000 1.54980000e+06
10025.000000 1.53356000e+06
10075.000000 1.52008000e+06
10125.000000 1.52359000e+06
10175.000000 1.49934000e+06
10225.000000 1.50377000e+06
10275.000000 1.50727000e+06
10325.000000 1.47677000e+06
10375.000000 1.46841000e+06
10425.000000 1.47457000e+06
10475.000000 1.45936000e+06
10525.000000 1.45903000e+06
10575.000000 1.44273000e+06
10625.000000 1.43469000e+06
10675.000000 1.40684000e+06
10725.000000 1.40734000e+06
10775.000000 1.39207000e+06
10825.000000 1.36892000e+06
10875.000000 1.34761000e+06
10925.000000 1.32305000e+06
10975.000000 1.22317000e+06
11025.000000 1.21948000e+06
11075.000000 1.24188000e+06
11125.000000 1.23917000e+06
11175.000000 1.25547000e+06
11225.000000 1.25163000e+06
11275.000000 1.23001000e+06
11325.000000 1.24334000e+06
11375.000000 1.21235000e+06
11425.000000 1.22182000e+06
11475.000000 1.23717000e+06
11525.000000 1.23522000e+06
11575.000000 1.21929000e+06
11625.000000 1.20305000e+06
11675.000000 1.20601000e+06
11725.000000 1.22372000e+06
11775.000000 1.19863000e+06
11825.000000 1.19083000e+06
11875.000000 1.17599000e+06
11925.000000 1.19913000e+06
11975.000000 1.14734000e+06
12025.000000 1.17017000e+06
12075.000000 1.15671000e+06
12125.000000 1.15969000e+06
12175.000000 1.16312000e+06
12225.000000 1.15726000e+06
12275.000000 1.14977000e+06
12325.000000 1.13994000e+06
12375.000000 1.13493000e+06
12425.000000 1.12438000e+06
12475.000000 1.12707000e+06
12525.000000 1.11454000e+06
12575.000000 1.11253000e+06
12625.000000 1.10846000e+06
12675.000000 1.09455000e+06
12725.000000 1.09630000e+06
12775.000000 1.09699000e+06
12825.000000 1.05659000e+06
12875.000000 1.07361000e+06
12925.000000 1.05826000e+06
12975.000000 1.07059000e+06
13025.000000 1.05688000e+06
13075.000000 1.06210000e+06
13125.000000 1.04195000e+06
13175.000000 1.03781000e+06
13225.000000 1.04067000e+06
13275.000000 1.02023000e+06
13325.000000 1.02931000e+06
13375.000000 1.02133000e+06
13425.000000 1.02607000e+06
13475.000000 1.01909000e+06
13525.000000 1.01655000e+06
13575.000000 9.96342000e+05
13625.000000 9.92087000e+05
13675.000000 9.93831000e+05
13725.000000 9.95682000e+05
13775.000000 9.88328000e+05
13825.000000 9.88111000e+05
13875.000000 9.77108000e+05
13925.000000 9.76049000e+05
13975.000000 9.68305000e+05
14025.000000 9.53925000e+05
14075.000000 9.34361000e+05
14125.000000 9.00133000e+05
14175.000000 9.00807000e+05
14225.000000 8.91600000e+05
14275.000000 8.77341000e+05
14325.000000 8.96837000e+05
14375.000000 9.03827000e+05
14425.000000 8.73203000e+05
14475.000000 9.04202000e+05
14525.000000 8.74685000e+05
14570.000000 8.73034000e+05
14620.000000 8.62367000e+05
14675.000000 8.55390000e+05
14725.000000 8.43632000e+05
14775.000000 8.52531000e+05
14825.000000 8.50870000e+05
14875.000000 8.48037000e+05
14925.000000 8.64452000e+05
14975.000000 8.55883000e+05
15025.000000 8.39232000e+05
15075.000000 8.31387000e+05
15125.000000 8.35648000e+05
15175.000000 8.42535000e+05
15225.000000 8.36149000e+05
15275.000000 8.37933000e+05
15325.000000 8.37174000e+05
15375.000000 8.40695000e+05
15425.000000 8.36187000e+05
15475.000000 8.36519000e+05
15525.000000 8.20901000e+05
15575.000000 8.09738000e+05
15625.000000 8.29315000e+05
15675.000000 8.09022000e+05
15725.000000 8.13590000e+05
15775.000000 7.79526000e+05
15825.000000 7.94901000e+05
15875.000000 7.65431000e+05
15925.000000 7.87742000e+05
15975.000000 7.92075000e+05
16050.000000 7.84777000e+05
16150.000000 7.73586000e+05
16250.000000 7.73454000e+05
16350.000000 7.70701000e+05
16450.000000 7.39001000e+05
16550.000000 7.50165000e+05
16650.000000 7.27578000e+05
16750.000000 7.19225000e+05
16850.000000 6.92575000e+05
16950.000000 7.04490000e+05
17050.000000 6.76863000e+05
17150.000000 6.72553000e+05
17250.000000 6.53941000e+05
17350.000000 6.31306000e+05
17450.000000 6.32616000e+05
17550.000000 6.20412000e+05
17650.000000 6.11902000e+05
17750.000000 5.95999000e+05
17850.000000 5.90144000e+05
17950.000000 5.80266000e+05
18050.000000 5.63980000e+05
18150.000000 5.52785000e+05
18250.000000 5.43746000e+05
18350.000000 5.34401000e+05
18450.000000 5.20633000e+05
18550.000000 5.15440000e+05
18650.000000 5.00104000e+05
18750.000000 4.86618000e+05
18850.000000 4.86049000e+05
18950.000000 4.64514000e+05
19050.000000 4.72149000e+05
19150.000000 4.60985000e+05
19250.000000 4.55201000e+05
19350.000000 4.40598000e+05
19450.000000 4.28929000e+05
19550.000000 4.29688000e+05
19650.000000 4.18730000e+05
19750.000000 4.07083000e+05
19850.000000 4.02561000e+05
19950.000000 3.95166000e+05
20050.000000 3.93483000e+05
20150.000000 3.88817000e+05
20250.000000 3.76047000e+05
20350.000000 3.69222000e+05
20450.000000 3.68151000e+05
20550.000000 3.58689000e+05
20650.000000 3.51266000e+05
20750.000000 3.45981000e+05
20850.000000 3.40451000e+05
20950.000000 3.32274000e+05
21050.000000 3.31003000e+05
21150.000000 3.24874000e+05
21250.000000 3.18878000e+05
21350.000000 3.15460000e+05
21450.000000 3.09513000e+05
21550.000000 3.05008000e+05
21650.000000 2.96056000e+05
21750.000000 2.92066000e+05
21850.000000 2.88886000e+05
21950.000000 2.85767000e+05
22050.000000 2.77455000e+05
22150.000000 2.77812000e+05
22250.000000 2.69902000e+05
22350.000000 2.66218000e+05
22450.000000 2.62454000e+05
22550.000000 2.58605000e+05
22650.000000 2.53044000e+05
22750.000000 2.52076000e+05
22850.000000 2.45661000e+05
22950.000000 2.14127000e+05
23050.000000 2.26490000e+05
23150.000000 2.24489000e+05
23250.000000 1.96734000e+05
23350.000000 2.08588000e+05
23450.000000 2.09136000e+05
23550.000000 1.81795000e+05
23650.000000 1.96352000e+05
23750.000000 1.94348000e+05
23850.000000 1.72045000e+05
23950.000000 1.83589000e+05
24050.000000 1.84892000e+05
24150.000000 1.66692000e+05
24250.000000 1.74219000e+05
24350.000000 1.75758000e+05
24450.000000 1.63805000e+05
24550.000000 1.62911000e+05
24650.000000 1.69392000e+05
24750.000000 1.62245000e+05
24850.000000 1.53706000e+05
24950.000000 1.59751000e+05
25050.000000 1.61258000e+05
25150.000000 1.48548000e+05
25250.000000 1.53377000e+05
25350.000000 1.54169000e+05
25450.000000 1.49429000e+05
25550.000000 1.47004000e+05
25650.000000 1.47532000e+05
25750.000000 1.48189000e+05
25850.000000 1.39028000e+05
25950.000000 1.41679000e+05
26050.000000 1.42258000e+05
26150.000000 1.38781000e+05
26250.000000 1.36305000e+05
26350.000000 1.36688000e+05
26450.000000 1.35484000e+05
26550.000000 1.31606000e+05
26650.000000 1.29374000e+05
26750.000000 1.32241000e+05
26850.000000 1.30375000e+05
26950.000000 1.26743000e+05
27050.000000 1.27301000e+05
27150.000000 1.25813000e+05
27250.000000 1.25125000e+05
27350.000000 1.21879000e+05
27450.000000 1.22063000e+05
27550.000000 1.21059000e+05
27650.000000 1.19175000e+05
27750.000000 1.16982000e+05
27850.000000 1.16420000e+05
27950.000000 1.15570000e+05
28050.000000 1.13698000e+05
28150.000000 1.12236000e+05
28250.000000 1.11528000e+05
28350.000000 1.10986000e+05
28450.000000 1.09216000e+05
28550.000000 1.07860000e+05
28650.000000 1.06622000e+05
28750.000000 1.05349000e+05
28850.000000 1.04357000e+05
28950.000000 1.03264000e+05
29050.000000 1.01814000e+05
29150.000000 1.01019000e+05
29250.000000 9.86690000e+04
29350.000000 9.82865000e+04
29450.000000 9.67340000e+04
29550.000000 9.60071000e+04
29650.000000 9.46492000e+04
29750.000000 9.39586000e+04
29850.000000 9.28693000e+04
29950.000000 9.14942000e+04
30050.000000 9.01061000e+04
30150.000000 8.97497000e+04
30250.000000 8.84780000e+04
30350.000000 8.69675000e+04
30450.000000 8.57065000e+04
30550.000000 8.53764000e+04
30650.000000 8.42067000e+04
30750.000000 8.34886000e+04
30850.000000 8.17686000e+04
30950.000000 8.09500000e+04
31050.000000 8.06092000e+04
31150.000000 7.88423000e+04
31250.000000 7.86047000e+04
31350.000000 7.70346000e+04
31450.000000 7.67473000e+04
31550.000000 7.56068000e+04
31650.000000 7.48365000e+04
31750.000000 7.38837000e+04
31850.000000 7.29340000e+04
31950.000000 7.23158000e+04
32100.000000 7.11808000e+04
32300.000000 6.90455000e+04
32500.000000 6.78309000e+04
32700.000000 6.62110000e+04
32900.000000 6.42773000e+04
33100.000000 6.32347000e+04
33300.000000 6.14514000e+04
33500.000000 6.04311000e+04
33700.000000 5.91421000e+04
33900.000000 5.73252000e+04
34100.000000 5.63307000e+04
34300.000000 5.54356000e+04
34500.000000 5.38863000e+04
34700.000000 5.29853000e+04
34900.000000 5.19499000e+04
35100.000000 5.06807000e+04
35300.000000 4.94520000e+04
35500.000000 4.87140000e+04
35700.000000 4.74278000e+04
35900.000000 4.64010000e+04
36100.000000 4.58044000e+04
36300.000000 4.46864000e+04
36500.000000 4.36127000e+04
36700.000000 4.27247000e+04
36900.000000 4.16402000e+04
37100.000000 4.06232000e+04
37300.000000 4.00588000e+04
37500.000000 3.89736000e+04
37700.000000 3.84578000e+04
37900.000000 3.77907000e+04
38100.000000 3.70187000e+04
38300.000000 3.64533000e+04
38500.000000 3.57553000e+04
38700.000000 3.49867000e+04
38900.000000 3.42420000e+04
39100.000000 3.37275000e+04
39300.000000 3.30631000e+04
39500.000000 3.23018000e+04
39700.000000 3.17740000e+04
39900.000000 3.08126000e+04
40100.000000 3.04732000e+04
40300.000000 3.00184000e+04
40500.000000 2.93483000e+04
40700.000000 2.87899000e+04
40900.000000 2.83356000e+04
41100.000000 2.78375000e+04
41300.000000 2.73565000e+04
41500.000000 2.68069000e+04
41700.000000 2.62731000e+04
41900.000000 2.58555000e+04
42100.000000 2.52066000e+04
42300.000000 2.50235000e+04
42500.000000 2.44256000e+04
42700.000000 2.40816000e+04
42900.000000 2.24739000e+04
43100.000000 2.12964000e+04
43300.000000 2.17049000e+04
43500.000000 2.02674000e+04
43700.000000 1.97470000e+04
43900.000000 1.94566000e+04
44100.000000 1.78746000e+04
44300.000000 1.80411000e+04
44500.000000 1.74866000e+04
44700.000000 1.64038000e+04
44900.000000 1.67859000e+04
45100.000000 1.62484000e+04
45300.000000 1.53457000e+04
45500.000000 1.56520000e+04
45700.000000 1.54156000e+04
45900.000000 1.44309000e+04
46100.000000 1.48296000e+04
46300.000000 1.43638000e+04
46500.000000 1.42273000e+04
46700.000000 1.41192000e+04
46900.000000 1.39002000e+04
47100.000000 1.35232000e+04
47300.000000 1.37026000e+04
47500.000000 1.33814000e+04
47700.000000 1.32064000e+04
47900.000000 1.29538000e+04
48100.000000 1.26634000e+04
48300.000000 1.28734000e+04
48500.000000 1.25486000e+04
48700.000000 1.22639000e+04
48900.000000 1.22392000e+04
49100.000000 1.19535000e+04
49300.000000 1.18147000e+04
49500.000000 1.16416000e+04
49700.000000 1.15984000e+04
49900.000000 1.13548000e+04
50100.000000 1.10892000e+04
50300.000000 1.11859000e+04
50500.000000 1.08722000e+04
50700.000000 1.07660000e+04
50900.000000 1.06539000e+04
51100.000000 1.04408000e+04
51300.000000 1.03302000e+04
51500.000000 1.02004000e+04
51700.000000 1.02130000e+04
51900.000000 9.99149000e+03
52100.000000 9.79224000e+03
52300.000000 9.70440000e+03
52500.000000 9.65575000e+03
52700.000000 9.69885000e+03
52900.000000 9.32060000e+03
53100.000000 9.21097000e+03
53300.000000 9.15736000e+03
53500.000000 9.04559000e+03
53700.000000 8.95025000e+03
53900.000000 8.85983000e+03
54100.000000 8.75917000e+03
54300.000000 8.57288000e+03
54500.000000 8.57805000e+03
54700.000000 8.39570000e+03
54900.000000 8.33577000e+03
55100.000000 8.19198000e+03
55300.000000 8.27869000e+03
55500.000000 7.99776000e+03
55700.000000 8.04510000e+03
55900.000000 7.86225000e+03
56100.000000 7.83610000e+03
56300.000000 7.65394000e+03
56500.000000 7.65614000e+03
56700.000000 7.55102000e+03
56900.000000 7.37387000e+03
57100.000000 7.38782000e+03
57300.000000 7.30811000e+03
57500.000000 7.20916000e+03
57700.000000 7.10914000e+03
57900.000000 7.07944000e+03
58100.000000 6.95456000e+03
58300.000000 6.88321000e+03
58500.000000 6.81839000e+03
58700.000000 6.68924000e+03
58900.000000 6.62793000e+03
59100.000000 6.57020000e+03
59300.000000 6.50293000e+03
59500.000000 6.39086000e+03
59700.000000 6.36354000e+03
59900.000000 6.28941000e+03
60100.000000 6.21685000e+03
60300.000000 6.14056000e+03
60500.000000 6.04321000e+03
60700.000000 5.98249000e+03
60900.000000 5.90081000e+03
61100.000000 5.82026000e+03
61300.000000 5.77572000e+03
61500.000000 5.72218000e+03
61700.000000 5.67614000e+03
61900.000000 5.60806000e+03
62100.000000 5.55373000e+03
62300.000000 5.46571000e+03
62500.000000 5.38613000e+03
62700.000000 5.33391000e+03
62900.000000 5.27728000e+03
63100.000000 5.20490000e+03
63300.000000 5.17611000e+03
63500.000000 5.09618000e+03
63700.000000 5.07212000e+03
63900.000000 4.98230000e+03
64200.000000 4.91263000e+03
64600.000000 4.79267000e+03
65000.000000 4.68946000e+03
65400.000000 4.58330000e+03
65800.000000 4.49242000e+03
66200.000000 4.38173000e+03
66600.000000 4.29315000e+03
67000.000000 4.19866000e+03
67400.000000 4.09772000e+03
67800.000000 4.01312000e+03
68200.000000 3.92383000e+03
68600.000000 3.84226000e+03
69000.000000 3.75455000e+03
69400.000000 3.67174000e+03
69800.000000 3.59661000e+03
70200.000000 3.51415000e+03
70600.000000 3.44255000e+03
71000.000000 3.36814000e+03
71400.000000 3.29763000e+03
71800.000000 3.22533000e+03
72200.000000 3.15839000e+03
72600.000000 3.09031000e+03
73000.000000 3.02691000e+03
73400.000000 2.96143000e+03
73800.000000 2.90181000e+03
74200.000000 2.83742000e+03
74600.000000 2.77729000e+03
75000.000000 2.72397000e+03
75400.000000 2.66447000e+03
75800.000000 2.60141000e+03
76200.000000 2.54075000e+03
76600.000000 2.47775000e+03
77000.000000 2.41840000e+03
77400.000000 2.35926000e+03
77800.000000 2.30500000e+03
78200.000000 2.25480000e+03
78600.000000 2.20185000e+03
79000.000000 2.16138000e+03
79400.000000 2.11014000e+03
79800.000000 2.07241000e+03
80200.000000 2.03258000e+03
80600.000000 1.99581000e+03
81000.000000 1.96202000e+03
81400.000000 1.93091000e+03
81800.000000 1.89529000e+03
82200.000000 1.86473000e+03
82600.000000 1.82982000e+03
83000.000000 1.79528000e+03
83400.000000 1.76261000e+03
83800.000000 1.73139000e+03
84200.000000 1.69532000e+03
84600.000000 1.66706000e+03
85000.000000 1.63477000e+03
85400.000000 1.60580000e+03
85800.000000 1.57597000e+03
86200.000000 1.54749000e+03
86600.000000 1.51685000e+03
87000.000000 1.49119000e+03
87400.000000 1.46825000e+03
87800.000000 1.43750000e+03
88200.000000 1.41166000e+03
88600.000000 1.38959000e+03
89000.000000 1.36595000e+03
89400.000000 1.34041000e+03
89800.000000 1.31738000e+03
90200.000000 1.29836000e+03
90600.000000 1.27728000e+03
91000.000000 1.25393000e+03
91400.000000 1.23166000e+03
91800.000000 1.21456000e+03
92200.000000 1.19345000e+03
92600.000000 1.17486000e+03
93000.000000 1.15580000e+03
93400.000000 1.13664000e+03
93800.000000 1.11724000e+03
94200.000000 1.10158000e+03
94600.000000 1.08273000e+03
95000.000000 1.06678000e+03
95400.000000 1.05069000e+03
95800.000000 1.03200000e+03
96200.000000 1.01745000e+03
96600.000000 9.99720000e+02
97000.000000 9.86087000e+02
97400.000000 9.68672000e+02
97800.000000 9.53163000e+02
98200.000000 9.40530000e+02
98600.000000 9.25746000e+02
99000.000000 9.10862000e+02
99400.000000 8.95615000e+02
99800.000000 8.83911000e+02
100200.000000 8.70114000e+02
200000.000000 5.62231000e+01
400000.000000 3.52077000e+00
600000.000000 6.90985000e-01
800000.000000 2.17014000e-01
1000000.000000 8.82639000e-02
1200000.000000 4.22879000e-02
1400000.000000 2.26883000e-02
1600000.000000 1.32267000e-02
