# Kurucz ODFNEW /NOVER, alpha: 0.0 (2003)
# teff = 36000 K (value for the effective temperature for the model. Temperatures are given in K)
# logg = 4 log(cm/s2) (value for Log(G) for the model.)
# lh = 1.25  (l/Hp where l is the  mixing length of the convective element and Hp is the pressure scale height)
# meta = -1  (value for the Metallicity for the model.)
# vtur = 2 km/s (Microturbulence velocity)
# alpha = 0  (Alpha)
#
# column 1: WAVELENGTH (ANGSTROM), Wavelength in Angstrom
# column 2: FLUX (ERG/CM2/S/A), Flux in erg/cm2/s/A
147.200000 2.15072000e-03
151.000000 5.20756000e-03
155.200000 1.31682000e-02
158.800000 2.81052000e-02
162.000000 5.36872000e-02
166.000000 1.16684000e-01
170.300000 2.58314000e-01
173.400000 4.47539000e-01
176.800000 8.00710000e-01
180.200000 1.40206000e+00
181.700000 1.78318000e+00
186.100000 3.53949000e+00
191.000000 7.32330000e+00
193.900000 1.10733000e+01
198.400000 2.05455000e+01
201.800000 3.21841000e+01
205.000000 4.84706000e+01
210.500000 9.52318000e+01
216.200000 1.84897000e+02
219.800000 2.76418000e+02
223.000000 3.90737000e+02
226.800000 5.81307000e+02
230.000000 4.84599000e+05
234.000000 2.17151000e+06
240.000000 4.04664000e+06
246.500000 7.64467000e+06
252.400000 1.36066000e+07
256.800000 1.23708000e+07
260.000000 3.31199000e+07
264.000000 2.11683000e+08
268.500000 3.60502000e+08
273.500000 4.59984000e+08
278.500000 3.40669000e+08
284.000000 7.94086000e+08
290.000000 9.34791000e+08
296.000000 4.98043000e+08
301.000000 1.47646000e+08
308.000000 7.08870000e+08
318.000000 1.92623000e+09
328.000000 2.65683000e+09
338.000000 2.90771000e+09
348.000000 3.38828000e+09
357.000000 5.30174000e+09
366.000000 7.44679000e+09
375.000000 8.08806000e+09
385.000000 7.74249000e+09
395.000000 9.63500000e+09
405.000000 1.09145000e+10
414.000000 1.11171000e+10
422.000000 1.09634000e+10
430.000000 1.05173000e+10
441.000000 1.17158000e+10
451.000000 1.21042000e+10
460.000000 1.15819000e+10
470.000000 1.18101000e+10
480.000000 1.27006000e+10
490.000000 1.19832000e+10
500.000000 1.35586000e+10
506.000000 2.19708000e+10
512.000000 4.90787000e+10
520.000000 4.58512000e+10
530.000000 4.25802000e+10
540.000000 3.86329000e+10
550.000000 3.87776000e+10
560.000000 4.74708000e+10
570.000000 4.88137000e+10
580.000000 4.62356000e+10
590.000000 4.74283000e+10
600.000000 4.27577000e+10
610.000000 4.40544000e+10
620.000000 4.99294000e+10
630.000000 4.85211000e+10
640.000000 4.99258000e+10
650.000000 4.85201000e+10
658.000000 4.51495000e+10
665.000000 4.81568000e+10
675.000000 5.02083000e+10
685.000000 4.54468000e+10
695.000000 4.88537000e+10
705.000000 4.45269000e+10
716.000000 4.95074000e+10
726.000000 4.91922000e+10
735.000000 4.94070000e+10
745.000000 4.74631000e+10
755.000000 4.68889000e+10
765.000000 4.55622000e+10
775.000000 4.62324000e+10
785.000000 4.55584000e+10
795.000000 4.59478000e+10
805.000000 4.52052000e+10
815.000000 4.52058000e+10
825.000000 4.53149000e+10
835.000000 4.11675000e+10
845.000000 4.40832000e+10
855.000000 4.33471000e+10
865.000000 4.37177000e+10
875.000000 4.33559000e+10
885.000000 4.28670000e+10
895.000000 4.24445000e+10
905.000000 4.15277000e+10
915.000000 3.80466000e+10
925.000000 7.54361000e+10
935.000000 9.89199000e+10
945.000000 1.14032000e+11
955.000000 1.20443000e+11
965.000000 1.28983000e+11
975.000000 9.78060000e+10
985.000000 1.18145000e+11
995.000000 1.10493000e+11
1005.000000 1.11162000e+11
1015.000000 1.12226000e+11
1025.000000 9.65826000e+10
1035.000000 1.08673000e+11
1045.000000 1.09784000e+11
1055.000000 1.07286000e+11
1065.000000 1.02411000e+11
1075.000000 1.01069000e+11
1085.000000 9.60588000e+10
1095.000000 9.79696000e+10
1105.000000 9.48191000e+10
1115.000000 9.25775000e+10
1125.000000 8.77153000e+10
1135.000000 8.95746000e+10
1145.000000 8.76748000e+10
1155.000000 8.43954000e+10
1165.000000 8.24837000e+10
1175.000000 7.18709000e+10
1185.000000 7.71715000e+10
1195.000000 7.59804000e+10
1205.000000 7.40266000e+10
1215.000000 6.26689000e+10
1225.000000 7.09538000e+10
1235.000000 7.08789000e+10
1245.000000 6.90133000e+10
1255.000000 6.85158000e+10
1265.000000 6.78606000e+10
1275.000000 6.68443000e+10
1285.000000 6.57943000e+10
1295.000000 6.37645000e+10
1305.000000 6.25410000e+10
1315.000000 6.20379000e+10
1325.000000 6.05321000e+10
1335.000000 5.93010000e+10
1345.000000 5.86515000e+10
1355.000000 5.68575000e+10
1365.000000 5.53885000e+10
1375.000000 5.40876000e+10
1385.000000 5.32858000e+10
1395.000000 5.09217000e+10
1405.000000 4.94303000e+10
1415.000000 5.04614000e+10
1425.000000 4.80358000e+10
1435.000000 4.83109000e+10
1442.000000 4.75386000e+10
1447.000000 4.71027000e+10
1455.000000 4.59562000e+10
1465.000000 4.54257000e+10
1475.000000 4.46352000e+10
1485.000000 4.42685000e+10
1495.000000 4.30832000e+10
1505.000000 4.26972000e+10
1512.000000 4.23143000e+10
1517.000000 4.16446000e+10
1525.000000 4.08686000e+10
1535.000000 3.86958000e+10
1545.000000 3.56129000e+10
1555.000000 3.54166000e+10
1565.000000 3.62344000e+10
1575.000000 3.65017000e+10
1585.000000 3.61235000e+10
1595.000000 3.55105000e+10
1605.000000 3.38951000e+10
1615.000000 3.30996000e+10
1625.000000 3.27092000e+10
1635.000000 3.22229000e+10
1645.000000 3.08912000e+10
1655.000000 3.19385000e+10
1665.000000 3.13399000e+10
1672.000000 3.01738000e+10
1677.000000 3.14409000e+10
1685.000000 3.07755000e+10
1695.000000 3.02810000e+10
1705.000000 2.95899000e+10
1715.000000 2.86771000e+10
1725.000000 2.82570000e+10
1735.000000 2.84866000e+10
1745.000000 2.79668000e+10
1755.000000 2.73151000e+10
1765.000000 2.70730000e+10
1775.000000 2.66743000e+10
1785.000000 2.63018000e+10
1795.000000 2.57009000e+10
1805.000000 2.53811000e+10
1815.000000 2.49512000e+10
1825.000000 2.44975000e+10
1835.000000 2.42693000e+10
1845.000000 2.38055000e+10
1855.000000 2.33930000e+10
1865.000000 2.30063000e+10
1875.000000 2.25815000e+10
1885.000000 2.22270000e+10
1895.000000 2.20214000e+10
1905.000000 2.17451000e+10
1915.000000 2.13758000e+10
1925.000000 2.07293000e+10
1935.000000 2.07320000e+10
1945.000000 2.04357000e+10
1955.000000 1.99620000e+10
1967.000000 1.97143000e+10
1976.000000 1.94560000e+10
1984.000000 1.92209000e+10
1995.000000 1.88629000e+10
2005.000000 1.86321000e+10
2015.000000 1.83474000e+10
2025.000000 1.80619000e+10
2035.000000 1.77784000e+10
2045.000000 1.74806000e+10
2055.000000 1.38121000e+10
2065.000000 1.33898000e+10
2074.000000 1.37450000e+10
2078.000000 1.40717000e+10
2085.000000 1.51429000e+10
2095.000000 1.61008000e+10
2105.000000 1.59678000e+10
2115.000000 1.58365000e+10
2125.000000 1.55710000e+10
2135.000000 1.53676000e+10
2145.000000 1.51592000e+10
2155.000000 1.51470000e+10
2165.000000 1.45774000e+10
2175.000000 1.47550000e+10
2185.000000 1.42431000e+10
2195.000000 1.43396000e+10
2205.000000 1.41370000e+10
2215.000000 1.36341000e+10
2225.000000 1.37264000e+10
2235.000000 1.35345000e+10
2245.000000 1.33327000e+10
2255.000000 1.28843000e+10
2265.000000 1.29624000e+10
2275.000000 1.27840000e+10
2285.000000 1.25763000e+10
2295.000000 1.21945000e+10
2305.000000 1.20031000e+10
2315.000000 1.20606000e+10
2325.000000 1.19076000e+10
2335.000000 1.17436000e+10
2345.000000 1.15752000e+10
2355.000000 1.14126000e+10
2365.000000 1.12556000e+10
2375.000000 1.10936000e+10
2385.000000 1.06895000e+10
2395.000000 1.07482000e+10
2405.000000 1.06414000e+10
2415.000000 1.04972000e+10
2425.000000 1.03705000e+10
2435.000000 1.02245000e+10
2445.000000 1.00887000e+10
2455.000000 9.93981000e+09
2465.000000 9.81965000e+09
2475.000000 9.69495000e+09
2485.000000 9.55363000e+09
2495.000000 8.86052000e+09
2505.000000 9.28582000e+09
2513.000000 8.78654000e+09
2518.000000 9.06184000e+09
2525.000000 9.05480000e+09
2535.000000 8.95419000e+09
2545.000000 8.83801000e+09
2555.000000 8.72049000e+09
2565.000000 8.61083000e+09
2575.000000 8.49862000e+09
2585.000000 8.39015000e+09
2595.000000 8.26407000e+09
2605.000000 8.18243000e+09
2615.000000 8.07038000e+09
2625.000000 7.97621000e+09
2635.000000 7.87563000e+09
2645.000000 7.77311000e+09
2655.000000 7.67672000e+09
2665.000000 7.57625000e+09
2675.000000 7.46549000e+09
2685.000000 7.39117000e+09
2695.000000 7.29078000e+09
2705.000000 7.21380000e+09
2715.000000 7.11936000e+09
2725.000000 7.02510000e+09
2735.000000 6.81014000e+09
2745.000000 6.86560000e+09
2755.000000 6.78061000e+09
2765.000000 6.68533000e+09
2775.000000 6.61718000e+09
2785.000000 6.53380000e+09
2795.000000 6.44180000e+09
2805.000000 6.37728000e+09
2815.000000 6.30305000e+09
2825.000000 6.21508000e+09
2835.000000 6.14975000e+09
2845.000000 6.08239000e+09
2855.000000 6.00981000e+09
2865.000000 5.93718000e+09
2875.000000 5.86815000e+09
2885.000000 5.79948000e+09
2895.000000 5.73071000e+09
2910.000000 5.62952000e+09
2930.000000 5.50159000e+09
2950.000000 5.36577000e+09
2970.000000 5.24848000e+09
2990.000000 5.12077000e+09
3010.000000 5.00970000e+09
3030.000000 4.88839000e+09
3050.000000 4.78237000e+09
3070.000000 4.68189000e+09
3090.000000 4.57807000e+09
3110.000000 4.47771000e+09
3130.000000 4.37990000e+09
3150.000000 4.28688000e+09
3170.000000 4.19284000e+09
3190.000000 4.09378000e+09
3210.000000 3.97163000e+09
3230.000000 3.93127000e+09
3250.000000 3.84879000e+09
3270.000000 3.75641000e+09
3290.000000 3.68616000e+09
3310.000000 3.60943000e+09
3330.000000 3.53461000e+09
3350.000000 3.45594000e+09
3370.000000 3.39016000e+09
3390.000000 3.32209000e+09
3410.000000 3.25407000e+09
3430.000000 3.19043000e+09
3450.000000 3.12072000e+09
3470.000000 3.06254000e+09
3490.000000 3.00067000e+09
3510.000000 2.94158000e+09
3530.000000 2.88201000e+09
3550.000000 2.82464000e+09
3570.000000 2.77375000e+09
3590.000000 2.71411000e+09
3610.000000 2.66278000e+09
3630.000000 2.60871000e+09
3640.000000 2.55433000e+09
3650.000000 2.37685000e+09
3670.000000 2.33519000e+09
3690.000000 2.29882000e+09
3710.000000 2.26978000e+09
3730.000000 2.24899000e+09
3750.000000 2.26469000e+09
3770.000000 2.25263000e+09
3790.000000 2.25808000e+09
3810.000000 2.26939000e+09
3830.000000 2.13791000e+09
3850.000000 2.21984000e+09
3870.000000 2.19436000e+09
3890.000000 2.02114000e+09
3910.000000 2.12668000e+09
3930.000000 2.07394000e+09
3950.000000 2.05128000e+09
3970.000000 1.87281000e+09
3990.000000 1.97850000e+09
4010.000000 1.94389000e+09
4030.000000 1.87988000e+09
4050.000000 1.88051000e+09
4070.000000 1.84486000e+09
4090.000000 1.78252000e+09
4110.000000 1.67337000e+09
4130.000000 1.74683000e+09
4150.000000 1.71676000e+09
4170.000000 1.69168000e+09
4190.000000 1.65991000e+09
4210.000000 1.61992000e+09
4230.000000 1.60757000e+09
4250.000000 1.57988000e+09
4270.000000 1.55290000e+09
4290.000000 1.52705000e+09
4310.000000 1.50040000e+09
4330.000000 1.44429000e+09
4350.000000 1.37458000e+09
4370.000000 1.42703000e+09
4390.000000 1.39615000e+09
4410.000000 1.38028000e+09
4430.000000 1.35804000e+09
4450.000000 1.33655000e+09
4470.000000 1.30092000e+09
4490.000000 1.29362000e+09
4510.000000 1.27174000e+09
4530.000000 1.25151000e+09
4550.000000 1.21924000e+09
4570.000000 1.21304000e+09
4590.000000 1.19355000e+09
4610.000000 1.17484000e+09
4630.000000 1.15464000e+09
4650.000000 1.12734000e+09
4670.000000 1.11935000e+09
4690.000000 1.07515000e+09
4710.000000 1.08172000e+09
4730.000000 1.06974000e+09
4750.000000 1.05329000e+09
4770.000000 1.03717000e+09
4790.000000 1.02137000e+09
4810.000000 1.00580000e+09
4830.000000 9.90378000e+08
4850.000000 9.60542000e+08
4870.000000 9.03649000e+08
4890.000000 9.45743000e+08
4910.000000 9.32334000e+08
4930.000000 9.12602000e+08
4950.000000 9.04858000e+08
4970.000000 8.91703000e+08
4990.000000 8.78638000e+08
5010.000000 8.62242000e+08
5030.000000 8.53031000e+08
5050.000000 8.39566000e+08
5070.000000 8.28529000e+08
5090.000000 8.16578000e+08
5110.000000 8.04846000e+08
5130.000000 7.93286000e+08
5150.000000 7.81938000e+08
5170.000000 7.70812000e+08
5190.000000 7.59904000e+08
5210.000000 7.49167000e+08
5230.000000 7.38628000e+08
5250.000000 7.28091000e+08
5270.000000 7.17868000e+08
5290.000000 7.08048000e+08
5310.000000 6.98208000e+08
5330.000000 6.88536000e+08
5350.000000 6.79041000e+08
5370.000000 6.69694000e+08
5390.000000 6.60506000e+08
5410.000000 6.44047000e+08
5430.000000 6.42608000e+08
5450.000000 6.33892000e+08
5470.000000 6.25312000e+08
5490.000000 6.16889000e+08
5510.000000 6.08523000e+08
5530.000000 6.00446000e+08
5550.000000 5.92432000e+08
5570.000000 5.84506000e+08
5590.000000 5.76329000e+08
5610.000000 5.69174000e+08
5630.000000 5.61667000e+08
5650.000000 5.54287000e+08
5670.000000 5.47020000e+08
5690.000000 5.34909000e+08
5710.000000 5.10092000e+08
5730.000000 5.03669000e+08
5750.000000 4.97323000e+08
5770.000000 4.91188000e+08
5790.000000 4.85351000e+08
5810.000000 4.79772000e+08
5830.000000 4.75167000e+08
5850.000000 4.70910000e+08
5870.000000 4.61661000e+08
5890.000000 4.62647000e+08
5910.000000 4.58938000e+08
5930.000000 4.55441000e+08
5950.000000 4.52277000e+08
5970.000000 4.48840000e+08
5990.000000 4.45113000e+08
6010.000000 4.40497000e+08
6030.000000 4.34927000e+08
6050.000000 4.29761000e+08
6070.000000 4.24163000e+08
6090.000000 4.19340000e+08
6110.000000 4.13895000e+08
6130.000000 4.08852000e+08
6150.000000 4.04185000e+08
6170.000000 3.98482000e+08
6190.000000 3.94466000e+08
6210.000000 3.89721000e+08
6230.000000 3.84068000e+08
6250.000000 3.80360000e+08
6270.000000 3.75887000e+08
6290.000000 3.71415000e+08
6310.000000 3.65715000e+08
6330.000000 3.62656000e+08
6350.000000 3.58385000e+08
6370.000000 3.54169000e+08
6390.000000 3.50009000e+08
6410.000000 3.44399000e+08
6430.000000 3.41887000e+08
6450.000000 3.37904000e+08
6470.000000 3.33964000e+08
6490.000000 3.30120000e+08
6510.000000 3.26300000e+08
6530.000000 3.20514000e+08
6550.000000 3.15943000e+08
6570.000000 2.95205000e+08
6590.000000 3.11295000e+08
6610.000000 3.08077000e+08
6630.000000 3.04593000e+08
6650.000000 3.01179000e+08
6670.000000 2.96378000e+08
6690.000000 2.91309000e+08
6710.000000 2.91031000e+08
6730.000000 2.87831000e+08
6750.000000 2.84615000e+08
6770.000000 2.81498000e+08
6790.000000 2.78379000e+08
6810.000000 2.75300000e+08
6830.000000 2.72269000e+08
6850.000000 2.69269000e+08
6870.000000 2.66314000e+08
6890.000000 2.61493000e+08
6910.000000 2.60502000e+08
6930.000000 2.57691000e+08
6950.000000 2.54899000e+08
6970.000000 2.52136000e+08
6990.000000 2.49415000e+08
7010.000000 2.46714000e+08
7030.000000 2.44008000e+08
7050.000000 2.41443000e+08
7070.000000 2.37223000e+08
7090.000000 2.36344000e+08
7110.000000 2.33831000e+08
7130.000000 2.31350000e+08
7150.000000 2.28908000e+08
7170.000000 2.25266000e+08
7190.000000 2.23599000e+08
7210.000000 2.21766000e+08
7230.000000 2.19431000e+08
7250.000000 2.17154000e+08
7270.000000 2.14891000e+08
7290.000000 2.11984000e+08
7310.000000 2.10445000e+08
7330.000000 2.08289000e+08
7350.000000 2.06146000e+08
7370.000000 2.04023000e+08
7390.000000 2.01933000e+08
7410.000000 1.99870000e+08
7430.000000 1.97834000e+08
7450.000000 1.95809000e+08
7470.000000 1.93837000e+08
7490.000000 1.91823000e+08
7510.000000 1.89927000e+08
7530.000000 1.88030000e+08
7550.000000 1.86142000e+08
7570.000000 1.84273000e+08
7590.000000 1.80935000e+08
7610.000000 1.80591000e+08
7630.000000 1.78817000e+08
7650.000000 1.77046000e+08
7670.000000 1.75298000e+08
7690.000000 1.73534000e+08
7710.000000 1.71842000e+08
7730.000000 1.70122000e+08
7750.000000 1.68499000e+08
7770.000000 1.66852000e+08
7790.000000 1.65227000e+08
7810.000000 1.63604000e+08
7830.000000 1.62032000e+08
7850.000000 1.60492000e+08
7870.000000 1.58941000e+08
7890.000000 1.57404000e+08
7910.000000 1.55905000e+08
7930.000000 1.54412000e+08
7950.000000 1.52933000e+08
7970.000000 1.51455000e+08
7990.000000 1.50031000e+08
8010.000000 1.48607000e+08
8030.000000 1.47184000e+08
8050.000000 1.45803000e+08
8070.000000 1.44427000e+08
8090.000000 1.43046000e+08
8110.000000 1.41700000e+08
8130.000000 1.40400000e+08
8150.000000 1.39031000e+08
8170.000000 1.37781000e+08
8190.000000 1.36131000e+08
8210.000000 1.31875000e+08
8230.000000 1.30128000e+08
8250.000000 1.29476000e+08
8270.000000 1.28267000e+08
8290.000000 1.27215000e+08
8310.000000 1.26080000e+08
8330.000000 1.24905000e+08
8350.000000 1.23681000e+08
8370.000000 1.22687000e+08
8390.000000 1.21648000e+08
8410.000000 1.20628000e+08
8430.000000 1.19595000e+08
8450.000000 1.18455000e+08
8470.000000 1.17602000e+08
8490.000000 1.16662000e+08
8510.000000 1.15583000e+08
8530.000000 1.14840000e+08
8550.000000 1.13510000e+08
8570.000000 1.13329000e+08
8590.000000 1.11516000e+08
8610.000000 1.10775000e+08
8630.000000 1.10960000e+08
8650.000000 1.09551000e+08
8670.000000 1.06831000e+08
8690.000000 1.08505000e+08
8710.000000 1.08047000e+08
8730.000000 1.06628000e+08
8750.000000 1.02269000e+08
8770.000000 1.04526000e+08
8790.000000 1.04938000e+08
8810.000000 1.04157000e+08
8830.000000 1.03231000e+08
8850.000000 1.00408000e+08
8870.000000 9.65275000e+07
8890.000000 1.00279000e+08
8910.000000 9.99527000e+07
8930.000000 9.90661000e+07
8950.000000 9.83511000e+07
8970.000000 9.74869000e+07
8990.000000 9.59582000e+07
9010.000000 9.08085000e+07
9030.000000 9.24534000e+07
9050.000000 9.39633000e+07
9070.000000 9.31464000e+07
9090.000000 9.25956000e+07
9110.000000 9.17900000e+07
9130.000000 9.11307000e+07
9150.000000 9.03683000e+07
9170.000000 8.95444000e+07
9190.000000 8.87536000e+07
9210.000000 8.68585000e+07
9230.000000 8.15652000e+07
9250.000000 8.54749000e+07
9270.000000 8.58036000e+07
9290.000000 8.52337000e+07
9310.000000 8.44333000e+07
9330.000000 8.38293000e+07
9350.000000 8.21395000e+07
9370.000000 8.22741000e+07
9390.000000 8.17873000e+07
9410.000000 8.11124000e+07
9430.000000 8.04594000e+07
9450.000000 7.98070000e+07
9470.000000 7.90292000e+07
9490.000000 7.85166000e+07
9510.000000 7.74744000e+07
9530.000000 7.58471000e+07
9550.000000 7.13494000e+07
9570.000000 7.52719000e+07
9590.000000 7.53147000e+07
9610.000000 7.47527000e+07
9630.000000 7.40972000e+07
9650.000000 7.36124000e+07
9670.000000 7.30262000e+07
9690.000000 7.24321000e+07
9710.000000 7.16586000e+07
9730.000000 7.12887000e+07
9750.000000 7.07231000e+07
9770.000000 6.99484000e+07
9790.000000 6.96314000e+07
9810.000000 6.90816000e+07
9830.000000 6.85396000e+07
9850.000000 6.80052000e+07
9870.000000 6.74747000e+07
9890.000000 6.69479000e+07
9910.000000 6.64247000e+07
9930.000000 6.59129000e+07
9950.000000 6.54047000e+07
9970.000000 6.48962000e+07
9990.000000 6.43950000e+07
10025.000000 6.24730000e+07
10075.000000 6.07893000e+07
10125.000000 6.04880000e+07
10175.000000 5.99860000e+07
10225.000000 5.88530000e+07
10275.000000 5.77571000e+07
10325.000000 5.65912000e+07
10375.000000 5.56341000e+07
10425.000000 5.44812000e+07
10475.000000 5.36053000e+07
10525.000000 5.26245000e+07
10575.000000 5.16699000e+07
10625.000000 5.07342000e+07
10675.000000 4.97939000e+07
10725.000000 4.89246000e+07
10775.000000 4.80498000e+07
10825.000000 4.69639000e+07
10875.000000 4.63515000e+07
10925.000000 4.38639000e+07
10975.000000 4.44348000e+07
11025.000000 4.38932000e+07
11075.000000 4.31906000e+07
11125.000000 4.24471000e+07
11175.000000 4.17242000e+07
11225.000000 4.10005000e+07
11275.000000 4.03058000e+07
11325.000000 3.96187000e+07
11375.000000 3.89480000e+07
11425.000000 3.82904000e+07
11475.000000 3.76456000e+07
11525.000000 3.70162000e+07
11575.000000 3.63962000e+07
11625.000000 3.55987000e+07
11675.000000 3.50872000e+07
11725.000000 3.46214000e+07
11775.000000 3.40509000e+07
11825.000000 3.34941000e+07
11875.000000 3.29508000e+07
11925.000000 3.24155000e+07
11975.000000 3.17775000e+07
12025.000000 3.13784000e+07
12075.000000 3.08762000e+07
12125.000000 3.03837000e+07
12175.000000 2.99008000e+07
12225.000000 2.94274000e+07
12275.000000 2.89631000e+07
12325.000000 2.85079000e+07
12375.000000 2.80639000e+07
12425.000000 2.76262000e+07
12475.000000 2.71970000e+07
12525.000000 2.67570000e+07
12575.000000 2.63636000e+07
12625.000000 2.59590000e+07
12675.000000 2.55623000e+07
12725.000000 2.51734000e+07
12775.000000 2.46235000e+07
12825.000000 2.34928000e+07
12875.000000 2.40152000e+07
12925.000000 2.36877000e+07
12975.000000 2.32817000e+07
13025.000000 2.29856000e+07
13075.000000 2.26449000e+07
13125.000000 2.23087000e+07
13175.000000 2.19812000e+07
13225.000000 2.16581000e+07
13275.000000 2.13418000e+07
13325.000000 2.10308000e+07
13375.000000 2.07254000e+07
13425.000000 2.04202000e+07
13475.000000 2.01312000e+07
13525.000000 1.98419000e+07
13575.000000 1.95583000e+07
13625.000000 1.92792000e+07
13675.000000 1.90053000e+07
13725.000000 1.87359000e+07
13775.000000 1.84719000e+07
13825.000000 1.82122000e+07
13875.000000 1.79571000e+07
13925.000000 1.77062000e+07
13975.000000 1.74599000e+07
14025.000000 1.72176000e+07
14075.000000 1.69799000e+07
14125.000000 1.67461000e+07
14175.000000 1.65160000e+07
14225.000000 1.62903000e+07
14275.000000 1.60682000e+07
14325.000000 1.58499000e+07
14375.000000 1.56352000e+07
14425.000000 1.54244000e+07
14475.000000 1.52167000e+07
14525.000000 1.50129000e+07
14570.000000 1.48321000e+07
14620.000000 1.46353000e+07
14675.000000 1.44221000e+07
14725.000000 1.42299000e+07
14775.000000 1.39826000e+07
14825.000000 1.38598000e+07
14875.000000 1.36790000e+07
14925.000000 1.35007000e+07
14975.000000 1.33253000e+07
15025.000000 1.31525000e+07
15075.000000 1.29743000e+07
15125.000000 1.28152000e+07
15175.000000 1.26502000e+07
15225.000000 1.24888000e+07
15275.000000 1.23275000e+07
15325.000000 1.21691000e+07
15375.000000 1.20169000e+07
15425.000000 1.18578000e+07
15475.000000 1.17147000e+07
15525.000000 1.15658000e+07
15575.000000 1.14054000e+07
15625.000000 1.12886000e+07
15675.000000 1.11267000e+07
15725.000000 1.09730000e+07
15775.000000 1.08783000e+07
15825.000000 1.07407000e+07
15875.000000 1.05292000e+07
15925.000000 1.04631000e+07
15975.000000 1.03761000e+07
16050.000000 1.01603000e+07
16150.000000 9.86027000e+06
16250.000000 9.70519000e+06
16350.000000 9.43844000e+06
16450.000000 9.14737000e+06
16550.000000 9.03221000e+06
16650.000000 8.82090000e+06
16750.000000 8.57772000e+06
16850.000000 8.30504000e+06
16950.000000 8.22281000e+06
17050.000000 8.01635000e+06
17150.000000 7.85218000e+06
17250.000000 7.67455000e+06
17350.000000 7.36244000e+06
17450.000000 7.32482000e+06
17550.000000 7.17138000e+06
17650.000000 7.01283000e+06
17750.000000 6.85858000e+06
17850.000000 6.70864000e+06
17950.000000 6.56266000e+06
18050.000000 6.42054000e+06
18150.000000 6.16415000e+06
18250.000000 6.13151000e+06
18350.000000 6.01709000e+06
18450.000000 5.88973000e+06
18550.000000 5.76531000e+06
18650.000000 5.59642000e+06
18750.000000 5.40261000e+06
18850.000000 5.41266000e+06
18950.000000 5.30114000e+06
19050.000000 5.18417000e+06
19150.000000 5.08620000e+06
19250.000000 4.98287000e+06
19350.000000 4.87998000e+06
19450.000000 4.67637000e+06
19550.000000 4.68346000e+06
19650.000000 4.59484000e+06
19750.000000 4.50380000e+06
19850.000000 4.41494000e+06
19950.000000 4.32829000e+06
20050.000000 4.24380000e+06
20150.000000 4.16133000e+06
20250.000000 4.08083000e+06
20350.000000 4.00225000e+06
20450.000000 3.92519000e+06
20550.000000 3.84792000e+06
20650.000000 3.77761000e+06
20750.000000 3.70629000e+06
20850.000000 3.63659000e+06
20950.000000 3.56857000e+06
21050.000000 3.50209000e+06
21150.000000 3.43208000e+06
21250.000000 3.37374000e+06
21350.000000 3.31172000e+06
21450.000000 3.25094000e+06
21550.000000 3.19131000e+06
21650.000000 3.05894000e+06
21750.000000 3.07396000e+06
21850.000000 3.02174000e+06
21950.000000 2.96831000e+06
22050.000000 2.91542000e+06
22150.000000 2.86373000e+06
22250.000000 2.81317000e+06
22350.000000 2.76384000e+06
22450.000000 2.71543000e+06
22550.000000 2.66814000e+06
22650.000000 2.62194000e+06
22750.000000 2.57666000e+06
22850.000000 2.53605000e+06
22950.000000 2.49261000e+06
23050.000000 2.44983000e+06
23150.000000 2.40846000e+06
23250.000000 2.36779000e+06
23350.000000 2.32793000e+06
23450.000000 2.28887000e+06
23550.000000 2.25065000e+06
23650.000000 2.21327000e+06
23750.000000 2.17657000e+06
23850.000000 2.14068000e+06
23950.000000 2.10556000e+06
24050.000000 2.07109000e+06
24150.000000 2.03737000e+06
24250.000000 2.00421000e+06
24350.000000 1.97196000e+06
24450.000000 1.94017000e+06
24550.000000 1.90908000e+06
24650.000000 1.87831000e+06
24750.000000 1.84680000e+06
24850.000000 1.81946000e+06
24950.000000 1.78838000e+06
25050.000000 1.76261000e+06
25150.000000 1.73498000e+06
25250.000000 1.70377000e+06
25350.000000 1.68139000e+06
25450.000000 1.65540000e+06
25550.000000 1.62926000e+06
25650.000000 1.59871000e+06
25750.000000 1.58030000e+06
25850.000000 1.55625000e+06
25950.000000 1.53259000e+06
26050.000000 1.50713000e+06
26150.000000 1.47519000e+06
26250.000000 1.42701000e+06
26350.000000 1.44029000e+06
26450.000000 1.42097000e+06
26550.000000 1.39938000e+06
26650.000000 1.37776000e+06
26750.000000 1.34589000e+06
26850.000000 1.33735000e+06
26950.000000 1.31935000e+06
27050.000000 1.30009000e+06
27150.000000 1.28123000e+06
27250.000000 1.26266000e+06
27350.000000 1.24448000e+06
27450.000000 1.22653000e+06
27550.000000 1.19501000e+06
27650.000000 1.18682000e+06
27750.000000 1.17481000e+06
27850.000000 1.15818000e+06
27950.000000 1.14185000e+06
28050.000000 1.12578000e+06
28150.000000 1.11000000e+06
28250.000000 1.09451000e+06
28350.000000 1.07925000e+06
28450.000000 1.06428000e+06
28550.000000 1.04939000e+06
28650.000000 1.03198000e+06
28750.000000 1.00449000e+06
28850.000000 1.00627000e+06
28950.000000 9.93176000e+05
29050.000000 9.79699000e+05
29150.000000 9.66427000e+05
29250.000000 9.53357000e+05
29350.000000 9.40531000e+05
29450.000000 9.27899000e+05
29550.000000 9.15503000e+05
29650.000000 9.03339000e+05
29750.000000 8.91317000e+05
29850.000000 8.79520000e+05
29950.000000 8.67945000e+05
30050.000000 8.56504000e+05
30150.000000 8.45279000e+05
30250.000000 8.34224000e+05
30350.000000 8.10863000e+05
30450.000000 8.06439000e+05
30550.000000 8.02178000e+05
30650.000000 7.91819000e+05
30750.000000 7.81657000e+05
30850.000000 7.71650000e+05
30950.000000 7.61795000e+05
31050.000000 7.52089000e+05
31150.000000 7.42531000e+05
31250.000000 7.33158000e+05
31350.000000 7.23888000e+05
31450.000000 7.14798000e+05
31550.000000 7.05845000e+05
31650.000000 6.97030000e+05
31750.000000 6.88348000e+05
31850.000000 6.79799000e+05
31950.000000 6.71380000e+05
32100.000000 6.59014000e+05
32300.000000 6.42934000e+05
32500.000000 6.27341000e+05
32700.000000 6.12222000e+05
32900.000000 5.89557000e+05
33100.000000 5.82385000e+05
33300.000000 5.69873000e+05
33500.000000 5.56542000e+05
33700.000000 5.43521000e+05
33900.000000 5.30865000e+05
34100.000000 5.18598000e+05
34300.000000 5.06676000e+05
34500.000000 4.95089000e+05
34700.000000 4.83830000e+05
34900.000000 4.72887000e+05
35100.000000 4.62254000e+05
35300.000000 4.51922000e+05
35500.000000 4.41882000e+05
35700.000000 4.32126000e+05
35900.000000 4.22619000e+05
36100.000000 4.13382000e+05
36300.000000 4.04379000e+05
36500.000000 3.95633000e+05
36700.000000 3.87109000e+05
36900.000000 3.78829000e+05
37100.000000 3.70514000e+05
37300.000000 3.60648000e+05
37500.000000 3.51373000e+05
37700.000000 3.47814000e+05
37900.000000 3.40586000e+05
38100.000000 3.33282000e+05
38300.000000 3.26498000e+05
38500.000000 3.19912000e+05
38700.000000 3.13394000e+05
38900.000000 3.07018000e+05
39100.000000 3.00214000e+05
39300.000000 2.94751000e+05
39500.000000 2.88852000e+05
39700.000000 2.83105000e+05
39900.000000 2.77481000e+05
40100.000000 2.71557000e+05
40300.000000 2.65691000e+05
40500.000000 2.57676000e+05
40700.000000 2.56378000e+05
40900.000000 2.51422000e+05
41100.000000 2.46572000e+05
41300.000000 2.41782000e+05
41500.000000 2.37248000e+05
41700.000000 2.31230000e+05
41900.000000 2.28320000e+05
42100.000000 2.24051000e+05
42300.000000 2.19853000e+05
42500.000000 2.15724000e+05
42700.000000 2.11766000e+05
42900.000000 2.07708000e+05
43100.000000 2.04020000e+05
43300.000000 2.00295000e+05
43500.000000 1.96646000e+05
43700.000000 1.91591000e+05
43900.000000 1.89245000e+05
44100.000000 1.86190000e+05
44300.000000 1.82862000e+05
44500.000000 1.79605000e+05
44700.000000 1.76487000e+05
44900.000000 1.73371000e+05
45100.000000 1.70324000e+05
45300.000000 1.67344000e+05
45500.000000 1.64427000e+05
45700.000000 1.61575000e+05
45900.000000 1.58782000e+05
46100.000000 1.56032000e+05
46300.000000 1.53376000e+05
46500.000000 1.47909000e+05
46700.000000 1.46305000e+05
46900.000000 1.45483000e+05
47100.000000 1.43239000e+05
47300.000000 1.40838000e+05
47500.000000 1.38486000e+05
47700.000000 1.36182000e+05
47900.000000 1.33925000e+05
48100.000000 1.31716000e+05
48300.000000 1.29551000e+05
48500.000000 1.27431000e+05
48700.000000 1.25354000e+05
48900.000000 1.23319000e+05
49100.000000 1.21324000e+05
49300.000000 1.19370000e+05
49500.000000 1.17455000e+05
49700.000000 1.15579000e+05
49900.000000 1.13740000e+05
50100.000000 1.11936000e+05
50300.000000 1.10168000e+05
50500.000000 1.08436000e+05
50700.000000 1.06736000e+05
50900.000000 1.05070000e+05
51100.000000 1.03353000e+05
51300.000000 1.00297000e+05
51500.000000 1.00224000e+05
51700.000000 9.87218000e+04
51900.000000 9.72114000e+04
52100.000000 9.57281000e+04
52300.000000 9.42743000e+04
52500.000000 9.28453000e+04
52700.000000 9.14447000e+04
52900.000000 9.00720000e+04
53100.000000 8.87240000e+04
53300.000000 8.74004000e+04
53500.000000 8.61006000e+04
53700.000000 8.48242000e+04
53900.000000 8.35721000e+04
54100.000000 8.23452000e+04
54300.000000 8.11392000e+04
54500.000000 7.99563000e+04
54700.000000 7.87935000e+04
54900.000000 7.76518000e+04
55100.000000 7.65294000e+04
55300.000000 7.53621000e+04
55500.000000 7.43479000e+04
55700.000000 7.32867000e+04
55900.000000 7.22436000e+04
56100.000000 7.12183000e+04
56300.000000 7.02116000e+04
56500.000000 6.92233000e+04
56700.000000 6.82519000e+04
56900.000000 6.72958000e+04
57100.000000 6.62105000e+04
57300.000000 6.54359000e+04
57500.000000 6.45314000e+04
57700.000000 6.36412000e+04
57900.000000 6.27663000e+04
58100.000000 6.19064000e+04
58300.000000 6.10601000e+04
58500.000000 6.02437000e+04
58700.000000 5.94260000e+04
58900.000000 5.85508000e+04
59100.000000 5.67282000e+04
59300.000000 5.70201000e+04
59500.000000 5.60627000e+04
59700.000000 5.54573000e+04
59900.000000 5.48031000e+04
60100.000000 5.40770000e+04
60300.000000 5.33625000e+04
60500.000000 5.26593000e+04
60700.000000 5.19682000e+04
60900.000000 5.12882000e+04
61100.000000 5.06200000e+04
61300.000000 4.99614000e+04
61500.000000 4.93142000e+04
61700.000000 4.86774000e+04
61900.000000 4.80507000e+04
62100.000000 4.74339000e+04
62300.000000 4.68270000e+04
62500.000000 4.62298000e+04
62700.000000 4.56239000e+04
62900.000000 4.47001000e+04
63100.000000 4.44475000e+04
63300.000000 4.39339000e+04
63500.000000 4.33829000e+04
63700.000000 4.28398000e+04
63900.000000 4.23054000e+04
64200.000000 4.15188000e+04
64600.000000 4.04989000e+04
65000.000000 3.95098000e+04
65400.000000 3.85506000e+04
65800.000000 3.76204000e+04
66200.000000 3.67175000e+04
66600.000000 3.58421000e+04
67000.000000 3.49924000e+04
67400.000000 3.41537000e+04
67800.000000 3.31488000e+04
68200.000000 3.25893000e+04
68600.000000 3.18349000e+04
69000.000000 3.11013000e+04
69400.000000 3.03895000e+04
69800.000000 2.96974000e+04
70200.000000 2.90251000e+04
70600.000000 2.83713000e+04
71000.000000 2.77357000e+04
71400.000000 2.71184000e+04
71800.000000 2.65174000e+04
72200.000000 2.59332000e+04
72600.000000 2.53652000e+04
73000.000000 2.48123000e+04
73400.000000 2.42747000e+04
73800.000000 2.37515000e+04
74200.000000 2.32238000e+04
74600.000000 2.24156000e+04
75000.000000 2.18175000e+04
75400.000000 2.17748000e+04
75800.000000 2.13364000e+04
76200.000000 2.08905000e+04
76600.000000 2.04565000e+04
77000.000000 2.00336000e+04
77400.000000 1.96214000e+04
77800.000000 1.92073000e+04
78200.000000 1.88283000e+04
78600.000000 1.84469000e+04
79000.000000 1.80753000e+04
79400.000000 1.77126000e+04
79800.000000 1.73591000e+04
80200.000000 1.70142000e+04
80600.000000 1.66782000e+04
81000.000000 1.63502000e+04
81400.000000 1.60051000e+04
81800.000000 1.57116000e+04
82200.000000 1.54130000e+04
82600.000000 1.51155000e+04
83000.000000 1.48253000e+04
83400.000000 1.45420000e+04
83800.000000 1.42651000e+04
84200.000000 1.39950000e+04
84600.000000 1.37313000e+04
85000.000000 1.34736000e+04
85400.000000 1.32222000e+04
85800.000000 1.29764000e+04
86200.000000 1.27360000e+04
86600.000000 1.24559000e+04
87000.000000 1.22724000e+04
87400.000000 1.19705000e+04
87800.000000 1.17517000e+04
88200.000000 1.16158000e+04
88600.000000 1.14066000e+04
89000.000000 1.12020000e+04
89400.000000 1.10021000e+04
89800.000000 1.08066000e+04
90200.000000 1.06156000e+04
90600.000000 1.04284000e+04
91000.000000 1.02455000e+04
91400.000000 1.00668000e+04
91800.000000 9.89160000e+03
92200.000000 9.72043000e+03
92600.000000 9.55272000e+03
93000.000000 9.38883000e+03
93400.000000 9.22826000e+03
93800.000000 9.01742000e+03
94200.000000 8.90661000e+03
94600.000000 8.76704000e+03
95000.000000 8.61949000e+03
95400.000000 8.47533000e+03
95800.000000 8.33410000e+03
96200.000000 8.19573000e+03
96600.000000 8.06018000e+03
97000.000000 7.92737000e+03
97400.000000 7.79727000e+03
97800.000000 7.66981000e+03
98200.000000 7.54495000e+03
98600.000000 7.42263000e+03
99000.000000 7.30281000e+03
99400.000000 7.18543000e+03
99800.000000 7.07046000e+03
100200.000000 6.95783000e+03
200000.000000 4.29481000e+02
400000.000000 2.60508000e+01
600000.000000 5.04535000e+00
800000.000000 1.57314000e+00
1000000.000000 6.37049000e-01
1200000.000000 3.04418000e-01
1400000.000000 1.63064000e-01
1600000.000000 9.49667000e-02
