# Kurucz ODFNEW /NOVER, alpha: 0.0 (2003)
# teff = 8250 K (value for the effective temperature for the model. Temperatures are given in K)
# logg = 3 log(cm/s2) (value for Log(G) for the model.)
# lh = 1.25  (l/Hp where l is the  mixing length of the convective element and Hp is the pressure scale height)
# meta = -1.5  (value for the Metallicity for the model.)
# vtur = 2 km/s (Microturbulence velocity)
# alpha = 0  (Alpha)
#
# column 1: WAVELENGTH (ANGSTROM), Wavelength in Angstrom
# column 2: FLUX (ERG/CM2/S/A), Flux in erg/cm2/s/A
318.000000 3.93293000e-23
328.000000 5.32437000e-22
338.000000 5.42156000e-21
348.000000 4.79684000e-20
357.000000 3.06411000e-19
366.000000 1.78178000e-18
375.000000 9.49425000e-18
385.000000 5.54197000e-17
395.000000 2.94937000e-16
405.000000 1.44098000e-15
414.000000 5.61327000e-15
422.000000 1.78725000e-14
430.000000 5.44128000e-14
441.000000 2.34815000e-13
451.000000 8.31875000e-13
460.000000 2.47260000e-12
470.000000 7.88215000e-12
480.000000 2.38906000e-11
490.000000 6.90587000e-11
500.000000 1.90942000e-10
506.000000 3.39539000e-10
512.000000 6.14278000e-10
520.000000 1.29424000e-09
530.000000 3.17813000e-09
540.000000 7.53588000e-09
550.000000 1.72897000e-08
560.000000 3.84442000e-08
570.000000 8.29953000e-08
580.000000 1.74221000e-07
590.000000 3.56134000e-07
600.000000 7.09863000e-07
610.000000 1.38137000e-06
620.000000 2.62770000e-06
630.000000 4.89131000e-06
640.000000 8.91872000e-06
650.000000 1.59457000e-05
658.000000 2.50394000e-05
665.000000 3.68112000e-05
675.000000 6.28978000e-05
685.000000 1.05691000e-04
695.000000 1.74776000e-04
705.000000 2.84640000e-04
716.000000 4.78591000e-04
726.000000 7.56352000e-04
735.000000 1.12895000e-03
745.000000 1.74034000e-03
755.000000 2.64981000e-03
765.000000 3.98710000e-03
775.000000 5.93127000e-03
785.000000 8.72764000e-03
795.000000 1.27076000e-02
805.000000 1.83166000e-02
815.000000 2.61460000e-02
825.000000 3.69736000e-02
835.000000 5.18152000e-02
845.000000 7.19876000e-02
855.000000 9.91728000e-02
865.000000 1.35526000e-01
875.000000 1.83773000e-01
885.000000 2.47324000e-01
895.000000 3.30435000e-01
905.000000 4.38396000e-01
915.000000 3.81285000e+00
925.000000 2.86880000e+01
935.000000 5.01387000e+01
945.000000 8.51646000e+01
955.000000 1.23227000e+02
965.000000 1.58334000e+02
975.000000 1.28265000e+02
985.000000 2.49527000e+02
995.000000 2.87335000e+02
1005.000000 3.54833000e+02
1015.000000 3.58210000e+02
1025.000000 2.73006000e+02
1035.000000 5.11731000e+02
1045.000000 7.11250000e+02
1055.000000 8.56270000e+02
1065.000000 9.86875000e+02
1075.000000 1.18063000e+03
1085.000000 1.37757000e+03
1095.000000 1.55703000e+03
1105.000000 2.69040000e+03
1115.000000 1.60898000e+04
1125.000000 2.19306000e+04
1135.000000 2.14725000e+04
1145.000000 1.29017000e+04
1155.000000 7.97245000e+03
1165.000000 7.21718000e+03
1175.000000 6.49209000e+03
1185.000000 9.93344000e+03
1195.000000 3.66698000e+03
1205.000000 2.17013000e+03
1215.000000 5.36043000e+02
1225.000000 2.37195000e+03
1235.000000 5.93193000e+03
1245.000000 7.36798000e+03
1255.000000 1.28323000e+04
1265.000000 1.81497000e+04
1275.000000 3.28080000e+04
1285.000000 1.51308000e+05
1295.000000 3.42466000e+05
1305.000000 5.95724000e+05
1315.000000 1.28198000e+06
1325.000000 2.06709000e+06
1335.000000 2.75832000e+06
1345.000000 4.01506000e+06
1355.000000 4.34751000e+06
1365.000000 4.97817000e+06
1375.000000 5.06643000e+06
1385.000000 4.58071000e+06
1395.000000 4.67924000e+06
1405.000000 7.06101000e+06
1415.000000 9.84730000e+06
1425.000000 1.09934000e+07
1435.000000 1.05253000e+07
1442.000000 1.25111000e+07
1447.000000 1.26167000e+07
1455.000000 1.42269000e+07
1465.000000 1.29991000e+07
1475.000000 1.36157000e+07
1485.000000 1.42864000e+07
1495.000000 1.53416000e+07
1505.000000 1.62769000e+07
1512.000000 1.56148000e+07
1517.000000 1.57851000e+07
1525.000000 1.61521000e+07
1535.000000 1.68137000e+07
1545.000000 1.73259000e+07
1555.000000 1.63419000e+07
1565.000000 1.37173000e+07
1575.000000 1.56622000e+07
1585.000000 1.58401000e+07
1595.000000 1.65662000e+07
1605.000000 1.56628000e+07
1615.000000 1.76880000e+07
1625.000000 1.87207000e+07
1635.000000 2.16717000e+07
1645.000000 2.50260000e+07
1655.000000 2.02805000e+07
1665.000000 2.67617000e+07
1672.000000 2.09563000e+07
1677.000000 2.55763000e+07
1685.000000 2.80700000e+07
1695.000000 2.65046000e+07
1705.000000 2.60909000e+07
1715.000000 2.75923000e+07
1725.000000 2.71733000e+07
1735.000000 2.86205000e+07
1745.000000 2.76909000e+07
1755.000000 2.94189000e+07
1765.000000 2.61841000e+07
1775.000000 2.84512000e+07
1785.000000 2.82669000e+07
1795.000000 3.02246000e+07
1805.000000 2.87899000e+07
1815.000000 2.86771000e+07
1825.000000 2.73909000e+07
1835.000000 2.77689000e+07
1845.000000 2.59160000e+07
1855.000000 2.68362000e+07
1865.000000 2.72153000e+07
1875.000000 2.77037000e+07
1885.000000 2.77816000e+07
1895.000000 2.76497000e+07
1905.000000 2.64300000e+07
1915.000000 2.74204000e+07
1925.000000 2.78540000e+07
1935.000000 2.67397000e+07
1945.000000 2.84641000e+07
1955.000000 2.82200000e+07
1967.000000 2.86070000e+07
1976.000000 2.77469000e+07
1984.000000 2.74776000e+07
1995.000000 2.71357000e+07
2005.000000 2.64665000e+07
2015.000000 2.60643000e+07
2025.000000 2.54208000e+07
2035.000000 2.66380000e+07
2045.000000 2.71519000e+07
2055.000000 2.62442000e+07
2065.000000 2.59854000e+07
2074.000000 2.72054000e+07
2078.000000 2.75065000e+07
2085.000000 2.72692000e+07
2095.000000 2.64834000e+07
2105.000000 2.61958000e+07
2115.000000 2.62872000e+07
2125.000000 2.64558000e+07
2135.000000 2.37234000e+07
2145.000000 2.58076000e+07
2155.000000 2.57301000e+07
2165.000000 2.48089000e+07
2175.000000 2.46514000e+07
2185.000000 2.49289000e+07
2195.000000 2.61731000e+07
2205.000000 2.52931000e+07
2215.000000 2.36939000e+07
2225.000000 2.39151000e+07
2235.000000 2.58978000e+07
2245.000000 2.40732000e+07
2255.000000 2.35305000e+07
2265.000000 2.32563000e+07
2275.000000 2.47039000e+07
2285.000000 2.51570000e+07
2295.000000 2.38418000e+07
2305.000000 2.40658000e+07
2315.000000 2.38681000e+07
2325.000000 2.39037000e+07
2335.000000 2.34741000e+07
2345.000000 2.15349000e+07
2355.000000 2.39269000e+07
2365.000000 2.19940000e+07
2375.000000 2.32331000e+07
2385.000000 2.06339000e+07
2395.000000 2.23810000e+07
2405.000000 2.17980000e+07
2415.000000 2.21410000e+07
2425.000000 2.32593000e+07
2435.000000 2.25082000e+07
2445.000000 2.34626000e+07
2455.000000 2.29306000e+07
2465.000000 2.26965000e+07
2475.000000 2.19311000e+07
2485.000000 2.28006000e+07
2495.000000 2.23168000e+07
2505.000000 2.38836000e+07
2513.000000 2.24302000e+07
2518.000000 2.24713000e+07
2525.000000 2.12980000e+07
2535.000000 2.10535000e+07
2545.000000 2.12101000e+07
2555.000000 2.24542000e+07
2565.000000 2.24518000e+07
2575.000000 2.35101000e+07
2585.000000 2.35761000e+07
2595.000000 2.34764000e+07
2605.000000 2.26997000e+07
2615.000000 2.25077000e+07
2625.000000 2.32933000e+07
2635.000000 2.34880000e+07
2645.000000 2.52848000e+07
2655.000000 2.51193000e+07
2665.000000 2.39811000e+07
2675.000000 2.45082000e+07
2685.000000 2.47999000e+07
2695.000000 2.39015000e+07
2705.000000 2.41076000e+07
2715.000000 2.33329000e+07
2725.000000 2.34349000e+07
2735.000000 2.44806000e+07
2745.000000 2.20757000e+07
2755.000000 2.24593000e+07
2765.000000 2.32851000e+07
2775.000000 2.42506000e+07
2785.000000 2.40097000e+07
2795.000000 2.02190000e+07
2805.000000 2.18539000e+07
2815.000000 2.48376000e+07
2825.000000 2.47012000e+07
2835.000000 2.41499000e+07
2845.000000 2.37305000e+07
2855.000000 2.31274000e+07
2865.000000 2.38731000e+07
2875.000000 2.35947000e+07
2885.000000 2.41036000e+07
2895.000000 2.38430000e+07
2910.000000 2.50010000e+07
2930.000000 2.43909000e+07
2950.000000 2.43051000e+07
2970.000000 2.44691000e+07
2990.000000 2.45655000e+07
3010.000000 2.47969000e+07
3030.000000 2.47833000e+07
3050.000000 2.46906000e+07
3070.000000 2.45147000e+07
3090.000000 2.47381000e+07
3110.000000 2.45078000e+07
3130.000000 2.44059000e+07
3150.000000 2.46016000e+07
3170.000000 2.45418000e+07
3190.000000 2.39937000e+07
3210.000000 2.43000000e+07
3230.000000 2.39895000e+07
3250.000000 2.42123000e+07
3270.000000 2.43613000e+07
3290.000000 2.44882000e+07
3310.000000 2.45298000e+07
3330.000000 2.42279000e+07
3350.000000 2.39355000e+07
3370.000000 2.40330000e+07
3390.000000 2.39122000e+07
3410.000000 2.41827000e+07
3430.000000 2.41471000e+07
3450.000000 2.40708000e+07
3470.000000 2.39337000e+07
3490.000000 2.39196000e+07
3510.000000 2.40279000e+07
3530.000000 2.40482000e+07
3550.000000 2.40380000e+07
3570.000000 2.37819000e+07
3590.000000 2.37436000e+07
3610.000000 2.37099000e+07
3630.000000 2.36929000e+07
3640.000000 2.36334000e+07
3650.000000 2.38242000e+07
3670.000000 2.36173000e+07
3690.000000 2.30123000e+07
3710.000000 2.65657000e+07
3730.000000 3.02377000e+07
3750.000000 4.15373000e+07
3770.000000 4.45913000e+07
3790.000000 5.52632000e+07
3810.000000 6.52395000e+07
3830.000000 5.10896000e+07
3850.000000 7.22223000e+07
3870.000000 8.12903000e+07
3890.000000 4.44494000e+07
3910.000000 8.05350000e+07
3930.000000 8.32884000e+07
3950.000000 8.01870000e+07
3970.000000 4.25350000e+07
3990.000000 7.63582000e+07
4010.000000 8.40279000e+07
4030.000000 8.38177000e+07
4050.000000 8.26014000e+07
4070.000000 7.89465000e+07
4090.000000 6.18082000e+07
4110.000000 4.66649000e+07
4130.000000 7.51807000e+07
4150.000000 7.75924000e+07
4170.000000 7.70687000e+07
4190.000000 7.62703000e+07
4210.000000 7.52604000e+07
4230.000000 7.39504000e+07
4250.000000 7.32289000e+07
4270.000000 7.21127000e+07
4290.000000 7.09854000e+07
4310.000000 6.73773000e+07
4330.000000 5.09931000e+07
4350.000000 4.30852000e+07
4370.000000 6.51394000e+07
4390.000000 6.63867000e+07
4410.000000 6.61617000e+07
4430.000000 6.59438000e+07
4450.000000 6.52858000e+07
4470.000000 6.45615000e+07
4490.000000 6.34588000e+07
4510.000000 6.29713000e+07
4530.000000 6.21503000e+07
4550.000000 6.10665000e+07
4570.000000 6.08777000e+07
4590.000000 6.00461000e+07
4610.000000 5.97460000e+07
4630.000000 5.87881000e+07
4650.000000 5.83724000e+07
4670.000000 5.76990000e+07
4690.000000 5.69048000e+07
4710.000000 5.57484000e+07
4730.000000 5.57427000e+07
4750.000000 5.50772000e+07
4770.000000 5.43547000e+07
4790.000000 5.36029000e+07
4810.000000 5.26012000e+07
4830.000000 5.04596000e+07
4850.000000 3.99079000e+07
4870.000000 3.21056000e+07
4890.000000 4.77810000e+07
4910.000000 4.95975000e+07
4930.000000 4.92440000e+07
4950.000000 4.91466000e+07
4970.000000 4.87763000e+07
4990.000000 4.82590000e+07
5010.000000 4.75112000e+07
5030.000000 4.72518000e+07
5050.000000 4.67084000e+07
5070.000000 4.62878000e+07
5090.000000 4.57939000e+07
5110.000000 4.53179000e+07
5130.000000 4.48135000e+07
5150.000000 4.43255000e+07
5170.000000 4.33968000e+07
5190.000000 4.30882000e+07
5210.000000 4.29329000e+07
5230.000000 4.23407000e+07
5250.000000 4.21144000e+07
5270.000000 4.14603000e+07
5290.000000 4.12417000e+07
5310.000000 4.07271000e+07
5330.000000 4.03133000e+07
5350.000000 4.00138000e+07
5370.000000 3.95608000e+07
5390.000000 3.91835000e+07
5410.000000 3.87515000e+07
5430.000000 3.83886000e+07
5450.000000 3.80287000e+07
5470.000000 3.76617000e+07
5490.000000 3.73041000e+07
5510.000000 3.69357000e+07
5530.000000 3.65372000e+07
5550.000000 3.62206000e+07
5570.000000 3.58516000e+07
5590.000000 3.54955000e+07
5610.000000 3.51591000e+07
5630.000000 3.48301000e+07
5650.000000 3.44872000e+07
5670.000000 3.41517000e+07
5690.000000 3.38306000e+07
5710.000000 3.35051000e+07
5730.000000 3.31936000e+07
5750.000000 3.28730000e+07
5770.000000 3.25618000e+07
5790.000000 3.22529000e+07
5810.000000 3.19487000e+07
5830.000000 3.16478000e+07
5850.000000 3.13493000e+07
5870.000000 3.10474000e+07
5890.000000 3.06361000e+07
5910.000000 3.04787000e+07
5930.000000 3.01963000e+07
5950.000000 2.99149000e+07
5970.000000 2.96397000e+07
5990.000000 2.93623000e+07
6010.000000 2.90911000e+07
6030.000000 2.88280000e+07
6050.000000 2.85667000e+07
6070.000000 2.83082000e+07
6090.000000 2.80505000e+07
6110.000000 2.77945000e+07
6130.000000 2.75352000e+07
6150.000000 2.72598000e+07
6170.000000 2.70398000e+07
6190.000000 2.68093000e+07
6210.000000 2.65705000e+07
6230.000000 2.63293000e+07
6250.000000 2.60646000e+07
6270.000000 2.58689000e+07
6290.000000 2.56399000e+07
6310.000000 2.54057000e+07
6330.000000 2.51881000e+07
6350.000000 2.49381000e+07
6370.000000 2.47307000e+07
6390.000000 2.45300000e+07
6410.000000 2.43075000e+07
6430.000000 2.41009000e+07
6450.000000 2.38439000e+07
6470.000000 2.36202000e+07
6490.000000 2.33550000e+07
6510.000000 2.30384000e+07
6530.000000 2.24151000e+07
6550.000000 1.97293000e+07
6570.000000 1.57727000e+07
6590.000000 2.12827000e+07
6610.000000 2.19646000e+07
6630.000000 2.19746000e+07
6650.000000 2.18562000e+07
6670.000000 2.17118000e+07
6690.000000 2.15611000e+07
6710.000000 2.13826000e+07
6730.000000 2.12025000e+07
6750.000000 2.10233000e+07
6770.000000 2.08524000e+07
6790.000000 2.06791000e+07
6810.000000 2.05074000e+07
6830.000000 2.03350000e+07
6850.000000 2.01682000e+07
6870.000000 2.00031000e+07
6890.000000 1.98387000e+07
6910.000000 1.96759000e+07
6930.000000 1.95147000e+07
6950.000000 1.93549000e+07
6970.000000 1.91967000e+07
6990.000000 1.90415000e+07
7010.000000 1.88832000e+07
7030.000000 1.87317000e+07
7050.000000 1.85824000e+07
7070.000000 1.84329000e+07
7090.000000 1.82848000e+07
7110.000000 1.81128000e+07
7130.000000 1.79884000e+07
7150.000000 1.78466000e+07
7170.000000 1.77054000e+07
7190.000000 1.75633000e+07
7210.000000 1.74240000e+07
7230.000000 1.72859000e+07
7250.000000 1.71491000e+07
7270.000000 1.70157000e+07
7290.000000 1.68799000e+07
7310.000000 1.67468000e+07
7330.000000 1.66163000e+07
7350.000000 1.64883000e+07
7370.000000 1.63601000e+07
7390.000000 1.62316000e+07
7410.000000 1.61023000e+07
7430.000000 1.59768000e+07
7450.000000 1.58538000e+07
7470.000000 1.57252000e+07
7490.000000 1.56064000e+07
7510.000000 1.54906000e+07
7530.000000 1.53732000e+07
7550.000000 1.52575000e+07
7570.000000 1.51395000e+07
7590.000000 1.50246000e+07
7610.000000 1.49106000e+07
7630.000000 1.47969000e+07
7650.000000 1.46836000e+07
7670.000000 1.45706000e+07
7690.000000 1.44624000e+07
7710.000000 1.43507000e+07
7730.000000 1.42463000e+07
7750.000000 1.41384000e+07
7770.000000 1.39284000e+07
7790.000000 1.39284000e+07
7810.000000 1.38244000e+07
7830.000000 1.37194000e+07
7850.000000 1.36160000e+07
7870.000000 1.35104000e+07
7890.000000 1.34069000e+07
7910.000000 1.33157000e+07
7930.000000 1.32175000e+07
7950.000000 1.31182000e+07
7970.000000 1.30270000e+07
7990.000000 1.29211000e+07
8010.000000 1.28356000e+07
8030.000000 1.27419000e+07
8050.000000 1.26490000e+07
8070.000000 1.25569000e+07
8090.000000 1.24655000e+07
8110.000000 1.23761000e+07
8130.000000 1.22867000e+07
8150.000000 1.21976000e+07
8170.000000 1.21097000e+07
8190.000000 1.20097000e+07
8210.000000 1.19568000e+07
8230.000000 1.18760000e+07
8250.000000 1.17919000e+07
8270.000000 1.17316000e+07
8290.000000 1.16531000e+07
8310.000000 1.15715000e+07
8330.000000 1.14595000e+07
8350.000000 1.13923000e+07
8370.000000 1.12658000e+07
8390.000000 1.11613000e+07
8410.000000 1.10353000e+07
8430.000000 1.10143000e+07
8450.000000 1.09300000e+07
8470.000000 1.05162000e+07
8490.000000 1.10484000e+07
8510.000000 1.01725000e+07
8530.000000 1.11076000e+07
8550.000000 9.65497000e+06
8570.000000 1.12442000e+07
8590.000000 1.03285000e+07
8610.000000 9.99400000e+06
8630.000000 1.14010000e+07
8650.000000 1.09516000e+07
8670.000000 8.90191000e+06
8690.000000 1.12182000e+07
8710.000000 1.15689000e+07
8730.000000 1.11289000e+07
8750.000000 8.65869000e+06
8770.000000 1.05849000e+07
8790.000000 1.14227000e+07
8810.000000 1.14757000e+07
8830.000000 1.12214000e+07
8850.000000 1.00716000e+07
8870.000000 8.41402000e+06
8890.000000 1.06757000e+07
8910.000000 1.10725000e+07
8930.000000 1.10962000e+07
8950.000000 1.10537000e+07
8970.000000 1.08841000e+07
8990.000000 1.04148000e+07
9010.000000 8.29426000e+06
9030.000000 9.14878000e+06
9050.000000 1.03706000e+07
9070.000000 1.04952000e+07
9090.000000 1.04322000e+07
9110.000000 1.04782000e+07
9130.000000 1.04441000e+07
9150.000000 1.03597000e+07
9170.000000 1.02416000e+07
9190.000000 1.00258000e+07
9210.000000 9.37381000e+06
9230.000000 7.31500000e+06
9250.000000 9.04855000e+06
9270.000000 9.66671000e+06
9290.000000 9.82200000e+06
9310.000000 9.80853000e+06
9330.000000 9.76220000e+06
9350.000000 9.70583000e+06
9370.000000 9.65328000e+06
9390.000000 9.58956000e+06
9410.000000 9.45184000e+06
9430.000000 9.43975000e+06
9450.000000 9.36904000e+06
9470.000000 9.28540000e+06
9490.000000 9.17184000e+06
9510.000000 8.95210000e+06
9530.000000 8.26208000e+06
9550.000000 6.63348000e+06
9570.000000 8.31286000e+06
9590.000000 8.75421000e+06
9610.000000 8.81205000e+06
9630.000000 8.77629000e+06
9650.000000 8.76503000e+06
9670.000000 8.68974000e+06
9690.000000 8.66915000e+06
9710.000000 8.61869000e+06
9730.000000 8.56181000e+06
9750.000000 8.50334000e+06
9770.000000 8.45001000e+06
9790.000000 8.39468000e+06
9810.000000 8.33896000e+06
9830.000000 8.28440000e+06
9850.000000 8.22710000e+06
9870.000000 8.17407000e+06
9890.000000 8.11024000e+06
9910.000000 8.06641000e+06
9930.000000 8.00453000e+06
9950.000000 7.94080000e+06
9970.000000 7.87335000e+06
9990.000000 7.78334000e+06
10025.000000 7.13645000e+06
10075.000000 6.78298000e+06
10125.000000 7.46546000e+06
10175.000000 7.39918000e+06
10225.000000 7.29312000e+06
10275.000000 7.17914000e+06
10325.000000 7.06560000e+06
10375.000000 6.95636000e+06
10425.000000 6.84820000e+06
10475.000000 6.73457000e+06
10525.000000 6.63673000e+06
10575.000000 6.53538000e+06
10625.000000 6.43497000e+06
10675.000000 6.29581000e+06
10725.000000 6.22448000e+06
10775.000000 6.14283000e+06
10825.000000 6.03445000e+06
10875.000000 5.88831000e+06
10925.000000 5.03881000e+06
10975.000000 5.47185000e+06
11025.000000 5.66470000e+06
11075.000000 5.61183000e+06
11125.000000 5.53502000e+06
11175.000000 5.45392000e+06
11225.000000 5.37465000e+06
11275.000000 5.28708000e+06
11325.000000 5.20730000e+06
11375.000000 5.14241000e+06
11425.000000 5.06719000e+06
11475.000000 4.99709000e+06
11525.000000 4.92575000e+06
11575.000000 4.85545000e+06
11625.000000 4.78144000e+06
11675.000000 4.70547000e+06
11725.000000 4.65227000e+06
11775.000000 4.56448000e+06
11825.000000 4.51357000e+06
11875.000000 4.45079000e+06
11925.000000 4.39739000e+06
11975.000000 4.32895000e+06
12025.000000 4.27531000e+06
12075.000000 4.21518000e+06
12125.000000 4.15793000e+06
12175.000000 4.10225000e+06
12225.000000 4.04607000e+06
12275.000000 3.98993000e+06
12325.000000 3.93654000e+06
12375.000000 3.88364000e+06
12425.000000 3.83170000e+06
12475.000000 3.77975000e+06
12525.000000 3.72922000e+06
12575.000000 3.67722000e+06
12625.000000 3.62830000e+06
12675.000000 3.57886000e+06
12725.000000 3.51729000e+06
12775.000000 3.39124000e+06
12825.000000 2.93380000e+06
12875.000000 3.32832000e+06
12925.000000 3.33937000e+06
12975.000000 3.30809000e+06
13025.000000 3.26742000e+06
13075.000000 3.22507000e+06
13125.000000 3.18327000e+06
13175.000000 3.14179000e+06
13225.000000 3.10235000e+06
13275.000000 3.06278000e+06
13325.000000 3.02371000e+06
13375.000000 2.98535000e+06
13425.000000 2.94769000e+06
13475.000000 2.91029000e+06
13525.000000 2.87316000e+06
13575.000000 2.83732000e+06
13625.000000 2.80233000e+06
13675.000000 2.76717000e+06
13725.000000 2.73004000e+06
13775.000000 2.69855000e+06
13825.000000 2.66526000e+06
13875.000000 2.63278000e+06
13925.000000 2.59992000e+06
13975.000000 2.56843000e+06
14025.000000 2.53693000e+06
14075.000000 2.50620000e+06
14125.000000 2.47565000e+06
14175.000000 2.44565000e+06
14225.000000 2.41601000e+06
14275.000000 2.38673000e+06
14325.000000 2.35817000e+06
14375.000000 2.32994000e+06
14425.000000 2.29553000e+06
14475.000000 2.27466000e+06
14525.000000 2.24439000e+06
14570.000000 2.22345000e+06
14620.000000 2.19839000e+06
14675.000000 2.17180000e+06
14725.000000 2.14683000e+06
14775.000000 2.12145000e+06
14825.000000 2.09791000e+06
14875.000000 2.07259000e+06
14925.000000 2.05078000e+06
14975.000000 2.02669000e+06
15025.000000 2.00037000e+06
15075.000000 1.97768000e+06
15125.000000 1.95359000e+06
15175.000000 1.92994000e+06
15225.000000 1.91322000e+06
15275.000000 1.87730000e+06
15325.000000 1.85401000e+06
15375.000000 1.84898000e+06
15425.000000 1.79394000e+06
15475.000000 1.81006000e+06
15525.000000 1.79248000e+06
15575.000000 1.70644000e+06
15625.000000 1.78149000e+06
15675.000000 1.71157000e+06
15725.000000 1.64068000e+06
15775.000000 1.73430000e+06
15825.000000 1.71222000e+06
15875.000000 1.52955000e+06
15925.000000 1.64979000e+06
15975.000000 1.67771000e+06
16050.000000 1.62463000e+06
16150.000000 1.51444000e+06
16250.000000 1.59673000e+06
16350.000000 1.52004000e+06
16450.000000 1.41739000e+06
16550.000000 1.49906000e+06
16650.000000 1.46793000e+06
16750.000000 1.39097000e+06
16850.000000 1.29821000e+06
16950.000000 1.37447000e+06
17050.000000 1.34958000e+06
17150.000000 1.32069000e+06
17250.000000 1.28479000e+06
17350.000000 1.14540000e+06
17450.000000 1.22022000e+06
17550.000000 1.21221000e+06
17650.000000 1.18813000e+06
17750.000000 1.16417000e+06
17850.000000 1.14021000e+06
17950.000000 1.11722000e+06
18050.000000 1.08914000e+06
18150.000000 9.80996000e+05
18250.000000 1.02677000e+06
18350.000000 1.02824000e+06
18450.000000 1.00953000e+06
18550.000000 9.88642000e+05
18650.000000 9.62493000e+05
18750.000000 8.63805000e+05
18850.000000 9.22584000e+05
18950.000000 9.13345000e+05
19050.000000 8.97023000e+05
19150.000000 8.79779000e+05
19250.000000 8.62407000e+05
19350.000000 8.38907000e+05
19450.000000 7.55754000e+05
19550.000000 8.07440000e+05
19650.000000 7.99213000e+05
19750.000000 7.84679000e+05
19850.000000 7.70253000e+05
19950.000000 7.56038000e+05
20050.000000 7.42143000e+05
20150.000000 7.28569000e+05
20250.000000 7.15291000e+05
20350.000000 7.02302000e+05
20450.000000 6.89658000e+05
20550.000000 6.77270000e+05
20650.000000 6.65108000e+05
20750.000000 6.53297000e+05
20850.000000 6.41724000e+05
20950.000000 6.30385000e+05
21050.000000 6.19292000e+05
21150.000000 6.08346000e+05
21250.000000 5.97695000e+05
21350.000000 5.87423000e+05
21450.000000 5.77029000e+05
21550.000000 5.63282000e+05
21650.000000 5.11185000e+05
21750.000000 5.41256000e+05
21850.000000 5.38286000e+05
21950.000000 5.29842000e+05
22050.000000 5.20894000e+05
22150.000000 5.12078000e+05
22250.000000 5.03665000e+05
22350.000000 4.95300000e+05
22450.000000 4.87107000e+05
22550.000000 4.79018000e+05
22650.000000 4.71222000e+05
22750.000000 4.63514000e+05
22850.000000 4.56154000e+05
22950.000000 4.48826000e+05
23050.000000 4.41700000e+05
23150.000000 4.34672000e+05
23250.000000 4.27798000e+05
23350.000000 4.21046000e+05
23450.000000 4.14421000e+05
23550.000000 4.07907000e+05
23650.000000 4.01501000e+05
23750.000000 3.95215000e+05
23850.000000 3.89000000e+05
23950.000000 3.82895000e+05
24050.000000 3.76786000e+05
24150.000000 3.70656000e+05
24250.000000 3.65581000e+05
24350.000000 3.59261000e+05
24450.000000 3.53241000e+05
24550.000000 3.49106000e+05
24650.000000 3.42535000e+05
24750.000000 3.37466000e+05
24850.000000 3.34829000e+05
24950.000000 3.23223000e+05
25050.000000 3.25175000e+05
25150.000000 3.20634000e+05
25250.000000 3.06359000e+05
25350.000000 3.10753000e+05
25450.000000 3.07746000e+05
25550.000000 3.01775000e+05
25650.000000 2.85283000e+05
25750.000000 2.93793000e+05
25850.000000 2.90780000e+05
25950.000000 2.86507000e+05
26050.000000 2.78665000e+05
26150.000000 2.61867000e+05
26250.000000 2.52194000e+05
26350.000000 2.67430000e+05
26450.000000 2.67043000e+05
26550.000000 2.63555000e+05
26650.000000 2.57883000e+05
26750.000000 2.38016000e+05
26850.000000 2.50675000e+05
26950.000000 2.49591000e+05
27050.000000 2.46611000e+05
27150.000000 2.43208000e+05
27250.000000 2.39838000e+05
27350.000000 2.36381000e+05
27450.000000 2.31857000e+05
27550.000000 2.14641000e+05
27650.000000 2.20685000e+05
27750.000000 2.23143000e+05
27850.000000 2.20805000e+05
27950.000000 2.17820000e+05
28050.000000 2.14885000e+05
28150.000000 2.11997000e+05
28250.000000 2.09163000e+05
28350.000000 2.06373000e+05
28450.000000 2.03607000e+05
28550.000000 2.00423000e+05
28650.000000 1.94409000e+05
28750.000000 1.81190000e+05
28850.000000 1.91619000e+05
28950.000000 1.90396000e+05
29050.000000 1.88087000e+05
29150.000000 1.85624000e+05
29250.000000 1.83239000e+05
29350.000000 1.80877000e+05
29450.000000 1.78547000e+05
29550.000000 1.76258000e+05
29650.000000 1.74008000e+05
29750.000000 1.71789000e+05
29850.000000 1.69609000e+05
29950.000000 1.67457000e+05
30050.000000 1.65343000e+05
30150.000000 1.63200000e+05
30250.000000 1.60385000e+05
30350.000000 1.50042000e+05
30450.000000 1.51634000e+05
30550.000000 1.54663000e+05
30650.000000 1.53331000e+05
30750.000000 1.51447000e+05
30850.000000 1.49568000e+05
30950.000000 1.47742000e+05
31050.000000 1.45936000e+05
31150.000000 1.44146000e+05
31250.000000 1.42400000e+05
31350.000000 1.40676000e+05
31450.000000 1.38968000e+05
31550.000000 1.37305000e+05
31650.000000 1.35660000e+05
31750.000000 1.34026000e+05
31850.000000 1.32435000e+05
31950.000000 1.30855000e+05
32100.000000 1.28534000e+05
32300.000000 1.25521000e+05
32500.000000 1.22594000e+05
32700.000000 1.19629000e+05
32900.000000 1.11772000e+05
33100.000000 1.12836000e+05
33300.000000 1.11348000e+05
33500.000000 1.08898000e+05
33700.000000 1.06455000e+05
33900.000000 1.04098000e+05
34100.000000 1.01798000e+05
34300.000000 9.95612000e+04
34500.000000 9.73815000e+04
34700.000000 9.52579000e+04
34900.000000 9.31887000e+04
35100.000000 9.11788000e+04
35300.000000 8.92234000e+04
35500.000000 8.72882000e+04
35700.000000 8.53937000e+04
35900.000000 8.37199000e+04
36100.000000 8.17686000e+04
36300.000000 8.02725000e+04
36500.000000 7.82981000e+04
36700.000000 7.70414000e+04
36900.000000 7.49054000e+04
37100.000000 7.38372000e+04
37300.000000 7.10059000e+04
37500.000000 6.84475000e+04
37700.000000 6.94939000e+04
37900.000000 6.82037000e+04
38100.000000 6.61556000e+04
38300.000000 6.50016000e+04
38500.000000 6.42721000e+04
38700.000000 6.30209000e+04
38900.000000 6.16451000e+04
39100.000000 5.91408000e+04
39300.000000 5.93746000e+04
39500.000000 5.83089000e+04
39700.000000 5.71994000e+04
39900.000000 5.60736000e+04
40100.000000 5.42412000e+04
40300.000000 5.27786000e+04
40500.000000 5.10207000e+04
40700.000000 5.18600000e+04
40900.000000 5.10883000e+04
41100.000000 5.01418000e+04
41300.000000 4.92090000e+04
41500.000000 4.81562000e+04
41700.000000 4.55679000e+04
41900.000000 4.63635000e+04
42100.000000 4.56902000e+04
42300.000000 4.48654000e+04
42500.000000 4.40541000e+04
42700.000000 4.32622000e+04
42900.000000 4.24872000e+04
43100.000000 4.17288000e+04
43300.000000 4.09886000e+04
43500.000000 4.02183000e+04
43700.000000 3.81663000e+04
43900.000000 3.84449000e+04
44100.000000 3.81822000e+04
44300.000000 3.75215000e+04
44500.000000 3.68730000e+04
44700.000000 3.62949000e+04
44900.000000 3.56116000e+04
45100.000000 3.50057000e+04
45300.000000 3.44127000e+04
45500.000000 3.38306000e+04
45700.000000 3.32591000e+04
45900.000000 3.26963000e+04
46100.000000 3.21385000e+04
46300.000000 3.15346000e+04
46500.000000 2.98456000e+04
46700.000000 2.92883000e+04
46900.000000 2.99039000e+04
47100.000000 2.95690000e+04
47300.000000 2.91073000e+04
47500.000000 2.86389000e+04
47700.000000 2.81791000e+04
47900.000000 2.77275000e+04
48100.000000 2.72825000e+04
48300.000000 2.68487000e+04
48500.000000 2.64195000e+04
48700.000000 2.60028000e+04
48900.000000 2.55889000e+04
49100.000000 2.51902000e+04
49300.000000 2.47894000e+04
49500.000000 2.44157000e+04
49700.000000 2.40122000e+04
49900.000000 2.36658000e+04
50100.000000 2.32956000e+04
50300.000000 2.29082000e+04
50500.000000 2.25942000e+04
50700.000000 2.22448000e+04
50900.000000 2.18420000e+04
51100.000000 2.14737000e+04
51300.000000 2.04134000e+04
51500.000000 2.08630000e+04
51700.000000 2.05314000e+04
51900.000000 2.03133000e+04
52100.000000 2.00272000e+04
52300.000000 1.97311000e+04
52500.000000 1.93965000e+04
52700.000000 1.90461000e+04
52900.000000 1.88795000e+04
53100.000000 1.86387000e+04
53300.000000 1.83678000e+04
53500.000000 1.80780000e+04
53700.000000 1.76967000e+04
53900.000000 1.74502000e+04
54100.000000 1.73175000e+04
54300.000000 1.70842000e+04
54500.000000 1.68411000e+04
54700.000000 1.66023000e+04
54900.000000 1.63653000e+04
55100.000000 1.60556000e+04
55300.000000 1.56662000e+04
55500.000000 1.56648000e+04
55700.000000 1.54699000e+04
55900.000000 1.52558000e+04
56100.000000 1.50454000e+04
56300.000000 1.48377000e+04
56500.000000 1.46349000e+04
56700.000000 1.44334000e+04
56900.000000 1.41983000e+04
57100.000000 1.37281000e+04
57300.000000 1.37988000e+04
57500.000000 1.36665000e+04
57700.000000 1.34825000e+04
57900.000000 1.33019000e+04
58100.000000 1.31234000e+04
58300.000000 1.29404000e+04
58500.000000 1.27663000e+04
58700.000000 1.25908000e+04
58900.000000 1.23654000e+04
59100.000000 1.17922000e+04
59300.000000 1.20524000e+04
59500.000000 1.16576000e+04
59700.000000 1.16800000e+04
59900.000000 1.16347000e+04
60100.000000 1.14938000e+04
60300.000000 1.13482000e+04
60500.000000 1.12044000e+04
60700.000000 1.10611000e+04
60900.000000 1.09205000e+04
61100.000000 1.07815000e+04
61300.000000 1.06451000e+04
61500.000000 1.05133000e+04
61700.000000 1.03977000e+04
61900.000000 1.02598000e+04
62100.000000 1.01235000e+04
62300.000000 9.99166000e+03
62500.000000 9.86320000e+03
62700.000000 9.71030000e+03
62900.000000 9.30252000e+03
63100.000000 9.45085000e+03
63300.000000 9.38295000e+03
63500.000000 9.27732000e+03
63700.000000 9.17858000e+03
63900.000000 9.06669000e+03
64200.000000 8.90263000e+03
64600.000000 8.68828000e+03
65000.000000 8.48083000e+03
65400.000000 8.28016000e+03
65800.000000 8.08182000e+03
66200.000000 7.89049000e+03
66600.000000 7.70818000e+03
67000.000000 7.52603000e+03
67400.000000 7.32775000e+03
67800.000000 7.03124000e+03
68200.000000 7.00603000e+03
68600.000000 6.86668000e+03
69000.000000 6.71253000e+03
69400.000000 6.54667000e+03
69800.000000 6.41486000e+03
70200.000000 6.27385000e+03
70600.000000 6.13320000e+03
71000.000000 5.98313000e+03
71400.000000 5.87046000e+03
71800.000000 5.74327000e+03
72200.000000 5.61910000e+03
72600.000000 5.47744000e+03
73000.000000 5.37608000e+03
73400.000000 5.26751000e+03
73800.000000 5.15219000e+03
74200.000000 5.03240000e+03
74600.000000 4.82227000e+03
75000.000000 4.66495000e+03
75400.000000 4.71518000e+03
75800.000000 4.63617000e+03
76200.000000 4.54824000e+03
76600.000000 4.45586000e+03
77000.000000 4.36572000e+03
77400.000000 4.27273000e+03
77800.000000 4.15086000e+03
78200.000000 4.10376000e+03
78600.000000 4.02727000e+03
79000.000000 3.94784000e+03
79400.000000 3.87040000e+03
79800.000000 3.79478000e+03
80200.000000 3.72100000e+03
80600.000000 3.64902000e+03
81000.000000 3.57850000e+03
81400.000000 3.47081000e+03
81800.000000 3.42760000e+03
82200.000000 3.37793000e+03
82600.000000 3.31415000e+03
83000.000000 3.25183000e+03
83400.000000 3.19097000e+03
83800.000000 3.13151000e+03
84200.000000 3.07345000e+03
84600.000000 3.01677000e+03
85000.000000 2.96133000e+03
85400.000000 2.90720000e+03
85800.000000 2.85427000e+03
86200.000000 2.79985000e+03
86600.000000 2.70367000e+03
87000.000000 2.69400000e+03
87400.000000 2.61899000e+03
87800.000000 2.57299000e+03
88200.000000 2.56075000e+03
88600.000000 2.51556000e+03
89000.000000 2.47140000e+03
89400.000000 2.42822000e+03
89800.000000 2.38594000e+03
90200.000000 2.34455000e+03
90600.000000 2.30319000e+03
91000.000000 2.26447000e+03
91400.000000 2.22571000e+03
91800.000000 2.18776000e+03
92200.000000 2.15060000e+03
92600.000000 2.10873000e+03
93000.000000 2.07870000e+03
93400.000000 2.04202000e+03
93800.000000 1.97193000e+03
94200.000000 1.96575000e+03
94600.000000 1.94364000e+03
95000.000000 1.90836000e+03
95400.000000 1.87625000e+03
95800.000000 1.84949000e+03
96200.000000 1.81940000e+03
96600.000000 1.78987000e+03
97000.000000 1.76097000e+03
97400.000000 1.73263000e+03
97800.000000 1.70486000e+03
98200.000000 1.67534000e+03
98600.000000 1.64495000e+03
99000.000000 1.62485000e+03
99400.000000 1.59925000e+03
99800.000000 1.57413000e+03
100200.000000 1.54950000e+03
200000.000000 1.00106000e+02
400000.000000 6.28196000e+00
600000.000000 1.23599000e+00
800000.000000 3.89179000e-01
1000000.000000 1.58645000e-01
1200000.000000 7.61674000e-02
1400000.000000 4.09463000e-02
1600000.000000 2.39120000e-02
