# Kurucz ODFNEW /NOVER, alpha: 0.0 (2003)
# teff = 9250 K (value for the effective temperature for the model. Temperatures are given in K)
# logg = 2.5 log(cm/s2) (value for Log(G) for the model.)
# lh = 1.25  (l/Hp where l is the  mixing length of the convective element and Hp is the pressure scale height)
# meta = -0.5  (value for the Metallicity for the model.)
# vtur = 2 km/s (Microturbulence velocity)
# alpha = 0  (Alpha)
#
# column 1: WAVELENGTH (ANGSTROM), Wavelength in Angstrom
# column 2: FLUX (ERG/CM2/S/A), Flux in erg/cm2/s/A
301.000000 4.44669000e-23
308.000000 3.04329000e-22
318.000000 3.48666000e-21
328.000000 3.41943000e-20
338.000000 2.92964000e-19
348.000000 2.22033000e-18
357.000000 1.24728000e-17
366.000000 6.43688000e-17
375.000000 3.06634000e-16
385.000000 1.59430000e-15
395.000000 7.61548000e-15
405.000000 3.36386000e-14
414.000000 1.20341000e-13
422.000000 3.56582000e-13
430.000000 1.01350000e-12
441.000000 4.00418000e-12
451.000000 1.31451000e-11
460.000000 3.66207000e-11
470.000000 1.09054000e-10
480.000000 3.09804000e-10
490.000000 8.42346000e-10
500.000000 2.19633000e-09
506.000000 4.38931000e-09
512.000000 7.94003000e-09
520.000000 1.58995000e-08
530.000000 3.68683000e-08
540.000000 8.21867000e-08
550.000000 1.79062000e-07
560.000000 3.77823000e-07
570.000000 7.75652000e-07
580.000000 1.54623000e-06
590.000000 3.02953000e-06
600.000000 5.77798000e-06
610.000000 1.07795000e-05
620.000000 1.96901000e-05
630.000000 3.52620000e-05
640.000000 6.19378000e-05
650.000000 1.06857000e-04
658.000000 1.63225000e-04
665.000000 2.34365000e-04
675.000000 3.87573000e-04
685.000000 6.31076000e-04
695.000000 1.01244000e-03
705.000000 1.60121000e-03
716.000000 2.61073000e-03
726.000000 4.01527000e-03
735.000000 5.85236000e-03
745.000000 8.79403000e-03
755.000000 1.30627000e-02
765.000000 1.91891000e-02
775.000000 2.78929000e-02
785.000000 4.01297000e-02
795.000000 5.71480000e-02
805.000000 8.06681000e-02
815.000000 1.12810000e-01
825.000000 1.56376000e-01
835.000000 2.14893000e-01
845.000000 2.93026000e-01
855.000000 3.96351000e-01
865.000000 5.32046000e-01
875.000000 7.08952000e-01
885.000000 9.38234000e-01
895.000000 1.23287000e+00
905.000000 1.60903000e+00
915.000000 5.79656000e+01
925.000000 4.31844000e+02
935.000000 6.86040000e+02
945.000000 1.08202000e+03
955.000000 1.60172000e+03
965.000000 2.06488000e+03
975.000000 1.78837000e+03
985.000000 2.93229000e+03
995.000000 3.21209000e+03
1005.000000 4.03650000e+03
1015.000000 4.40860000e+03
1025.000000 3.50993000e+03
1035.000000 5.89558000e+03
1045.000000 7.57788000e+03
1055.000000 8.87884000e+03
1065.000000 9.76313000e+03
1075.000000 1.16423000e+04
1085.000000 1.33024000e+04
1095.000000 1.43757000e+04
1105.000000 1.20696000e+05
1115.000000 2.08185000e+06
1125.000000 2.98050000e+06
1135.000000 3.77629000e+06
1145.000000 3.21550000e+06
1155.000000 3.04371000e+06
1165.000000 2.38472000e+06
1175.000000 1.12886000e+06
1185.000000 2.53847000e+06
1195.000000 3.56515000e+04
1205.000000 2.58618000e+04
1215.000000 5.46353000e+03
1225.000000 2.71910000e+04
1235.000000 6.69096000e+04
1245.000000 4.76519000e+05
1255.000000 5.05001000e+06
1265.000000 6.36371000e+06
1275.000000 1.83314000e+07
1285.000000 2.91988000e+07
1295.000000 2.90506000e+07
1305.000000 1.61494000e+07
1315.000000 3.63260000e+07
1325.000000 4.45906000e+07
1335.000000 3.95431000e+07
1345.000000 5.52279000e+07
1355.000000 5.32215000e+07
1365.000000 4.61584000e+07
1375.000000 5.21966000e+07
1385.000000 5.36904000e+07
1395.000000 5.65377000e+07
1405.000000 5.94343000e+07
1415.000000 5.49056000e+07
1425.000000 6.09854000e+07
1435.000000 5.57166000e+07
1442.000000 6.22065000e+07
1447.000000 6.85966000e+07
1455.000000 6.89903000e+07
1465.000000 6.29086000e+07
1475.000000 5.99061000e+07
1485.000000 6.47054000e+07
1495.000000 6.95079000e+07
1505.000000 7.10439000e+07
1512.000000 6.46793000e+07
1517.000000 7.01339000e+07
1525.000000 6.54928000e+07
1535.000000 6.27604000e+07
1545.000000 7.31103000e+07
1555.000000 6.46027000e+07
1565.000000 5.97328000e+07
1575.000000 6.44334000e+07
1585.000000 7.09439000e+07
1595.000000 7.64958000e+07
1605.000000 7.05176000e+07
1615.000000 6.98536000e+07
1625.000000 6.34610000e+07
1635.000000 6.66739000e+07
1645.000000 6.97834000e+07
1655.000000 5.88457000e+07
1665.000000 6.89745000e+07
1672.000000 4.59999000e+07
1677.000000 6.49313000e+07
1685.000000 7.25827000e+07
1695.000000 6.77320000e+07
1705.000000 6.37571000e+07
1715.000000 6.38009000e+07
1725.000000 6.31595000e+07
1735.000000 6.69089000e+07
1745.000000 6.51842000e+07
1755.000000 7.20489000e+07
1765.000000 6.18904000e+07
1775.000000 6.84292000e+07
1785.000000 6.72733000e+07
1795.000000 7.43094000e+07
1805.000000 7.03824000e+07
1815.000000 7.01488000e+07
1825.000000 6.70871000e+07
1835.000000 6.48106000e+07
1845.000000 6.02143000e+07
1855.000000 6.28524000e+07
1865.000000 6.28084000e+07
1875.000000 6.64705000e+07
1885.000000 6.57734000e+07
1895.000000 6.46478000e+07
1905.000000 6.15708000e+07
1915.000000 6.41592000e+07
1925.000000 6.48313000e+07
1935.000000 6.35844000e+07
1945.000000 6.67523000e+07
1955.000000 6.56335000e+07
1967.000000 6.76413000e+07
1976.000000 6.67651000e+07
1984.000000 6.48696000e+07
1995.000000 6.27998000e+07
2005.000000 6.25076000e+07
2015.000000 5.93038000e+07
2025.000000 6.00002000e+07
2035.000000 6.09139000e+07
2045.000000 6.30149000e+07
2055.000000 5.97893000e+07
2065.000000 5.87822000e+07
2074.000000 6.23361000e+07
2078.000000 6.36685000e+07
2085.000000 6.29228000e+07
2095.000000 6.07184000e+07
2105.000000 5.93173000e+07
2115.000000 5.90820000e+07
2125.000000 5.97811000e+07
2135.000000 5.08477000e+07
2145.000000 5.66917000e+07
2155.000000 5.78354000e+07
2165.000000 5.52320000e+07
2175.000000 5.42753000e+07
2185.000000 5.41016000e+07
2195.000000 5.76038000e+07
2205.000000 5.52624000e+07
2215.000000 5.04453000e+07
2225.000000 4.93567000e+07
2235.000000 5.49955000e+07
2245.000000 4.94799000e+07
2255.000000 4.87012000e+07
2265.000000 4.92312000e+07
2275.000000 5.24162000e+07
2285.000000 5.39463000e+07
2295.000000 5.06490000e+07
2305.000000 4.97510000e+07
2315.000000 4.80885000e+07
2325.000000 4.80478000e+07
2335.000000 4.50654000e+07
2345.000000 4.14051000e+07
2355.000000 4.76419000e+07
2365.000000 4.18225000e+07
2375.000000 4.50963000e+07
2385.000000 3.87391000e+07
2395.000000 4.29881000e+07
2405.000000 4.07978000e+07
2415.000000 4.22861000e+07
2425.000000 4.55262000e+07
2435.000000 4.36650000e+07
2445.000000 4.66385000e+07
2455.000000 4.48035000e+07
2465.000000 4.45145000e+07
2475.000000 4.27780000e+07
2485.000000 4.53346000e+07
2495.000000 4.38644000e+07
2505.000000 4.80291000e+07
2513.000000 4.33582000e+07
2518.000000 4.44031000e+07
2525.000000 4.13339000e+07
2535.000000 4.06714000e+07
2545.000000 4.10614000e+07
2555.000000 4.34132000e+07
2565.000000 4.31045000e+07
2575.000000 4.59743000e+07
2585.000000 4.56469000e+07
2595.000000 4.46138000e+07
2605.000000 4.26387000e+07
2615.000000 4.23369000e+07
2625.000000 4.48574000e+07
2635.000000 4.52039000e+07
2645.000000 5.00802000e+07
2655.000000 4.92996000e+07
2665.000000 4.55986000e+07
2675.000000 4.73690000e+07
2685.000000 4.70215000e+07
2695.000000 4.52022000e+07
2705.000000 4.62495000e+07
2715.000000 4.41221000e+07
2725.000000 4.45817000e+07
2735.000000 4.78633000e+07
2745.000000 4.07876000e+07
2755.000000 4.13473000e+07
2765.000000 4.27596000e+07
2775.000000 4.58125000e+07
2785.000000 4.50629000e+07
2795.000000 3.51304000e+07
2805.000000 3.90705000e+07
2815.000000 4.66334000e+07
2825.000000 4.70393000e+07
2835.000000 4.52555000e+07
2845.000000 4.38218000e+07
2855.000000 4.26533000e+07
2865.000000 4.49887000e+07
2875.000000 4.37766000e+07
2885.000000 4.48066000e+07
2895.000000 4.31401000e+07
2910.000000 4.71574000e+07
2930.000000 4.54538000e+07
2950.000000 4.53417000e+07
2970.000000 4.58777000e+07
2990.000000 4.60835000e+07
3010.000000 4.68037000e+07
3030.000000 4.63521000e+07
3050.000000 4.58231000e+07
3070.000000 4.52080000e+07
3090.000000 4.58478000e+07
3110.000000 4.48160000e+07
3130.000000 4.44528000e+07
3150.000000 4.49456000e+07
3170.000000 4.46464000e+07
3190.000000 4.32405000e+07
3210.000000 4.40013000e+07
3230.000000 4.31873000e+07
3250.000000 4.34848000e+07
3270.000000 4.34971000e+07
3290.000000 4.37669000e+07
3310.000000 4.38241000e+07
3330.000000 4.29901000e+07
3350.000000 4.23239000e+07
3370.000000 4.23969000e+07
3390.000000 4.20621000e+07
3410.000000 4.26652000e+07
3430.000000 4.25245000e+07
3450.000000 4.22924000e+07
3470.000000 4.17688000e+07
3490.000000 4.15667000e+07
3510.000000 4.18130000e+07
3530.000000 4.18666000e+07
3550.000000 4.17549000e+07
3570.000000 4.11819000e+07
3590.000000 4.09874000e+07
3610.000000 4.08438000e+07
3630.000000 4.06352000e+07
3640.000000 4.04321000e+07
3650.000000 4.11751000e+07
3670.000000 4.04982000e+07
3690.000000 4.00521000e+07
3710.000000 4.84484000e+07
3730.000000 5.95926000e+07
3750.000000 9.02115000e+07
3770.000000 9.29783000e+07
3790.000000 1.09997000e+08
3810.000000 1.22475000e+08
3830.000000 9.78286000e+07
3850.000000 1.28300000e+08
3870.000000 1.35115000e+08
3890.000000 8.96631000e+07
3910.000000 1.31502000e+08
3930.000000 1.29347000e+08
3950.000000 1.30274000e+08
3970.000000 8.41091000e+07
3990.000000 1.26230000e+08
4010.000000 1.27148000e+08
4030.000000 1.25244000e+08
4050.000000 1.24127000e+08
4070.000000 1.21084000e+08
4090.000000 1.08863000e+08
4110.000000 8.51205000e+07
4130.000000 1.15853000e+08
4150.000000 1.16494000e+08
4170.000000 1.14196000e+08
4190.000000 1.13250000e+08
4210.000000 1.11960000e+08
4230.000000 1.09918000e+08
4250.000000 1.08363000e+08
4270.000000 1.06922000e+08
4290.000000 1.05639000e+08
4310.000000 1.02328000e+08
4330.000000 8.85215000e+07
4350.000000 7.56903000e+07
4370.000000 9.99915000e+07
4390.000000 9.82029000e+07
4410.000000 9.75059000e+07
4430.000000 9.69711000e+07
4450.000000 9.58066000e+07
4470.000000 9.44458000e+07
4490.000000 9.24590000e+07
4510.000000 9.18611000e+07
4530.000000 9.05231000e+07
4550.000000 8.84498000e+07
4570.000000 8.86676000e+07
4590.000000 8.69828000e+07
4610.000000 8.72596000e+07
4630.000000 8.50417000e+07
4650.000000 8.50958000e+07
4670.000000 8.38883000e+07
4690.000000 8.27787000e+07
4710.000000 8.08256000e+07
4730.000000 8.09771000e+07
4750.000000 8.00662000e+07
4770.000000 7.91246000e+07
4790.000000 7.81648000e+07
4810.000000 7.69381000e+07
4830.000000 7.54092000e+07
4850.000000 6.57525000e+07
4870.000000 5.34718000e+07
4890.000000 7.24168000e+07
4910.000000 7.24515000e+07
4930.000000 7.12170000e+07
4950.000000 7.09809000e+07
4970.000000 7.02842000e+07
4990.000000 6.93194000e+07
5010.000000 6.77945000e+07
5030.000000 6.75736000e+07
5050.000000 6.65150000e+07
5070.000000 6.61701000e+07
5090.000000 6.54272000e+07
5110.000000 6.46102000e+07
5130.000000 6.38998000e+07
5150.000000 6.30550000e+07
5170.000000 6.17521000e+07
5190.000000 6.11889000e+07
5210.000000 6.09574000e+07
5230.000000 5.98172000e+07
5250.000000 5.96521000e+07
5270.000000 5.84419000e+07
5290.000000 5.83589000e+07
5310.000000 5.72681000e+07
5330.000000 5.69015000e+07
5350.000000 5.65440000e+07
5370.000000 5.58283000e+07
5390.000000 5.52475000e+07
5410.000000 5.45566000e+07
5430.000000 5.39727000e+07
5450.000000 5.35228000e+07
5470.000000 5.29118000e+07
5490.000000 5.23695000e+07
5510.000000 5.17654000e+07
5530.000000 5.11785000e+07
5550.000000 5.07369000e+07
5570.000000 5.01729000e+07
5590.000000 4.96590000e+07
5610.000000 4.91631000e+07
5630.000000 4.86385000e+07
5650.000000 4.80753000e+07
5670.000000 4.75867000e+07
5690.000000 4.71178000e+07
5710.000000 4.66346000e+07
5730.000000 4.61524000e+07
5750.000000 4.56599000e+07
5770.000000 4.51945000e+07
5790.000000 4.47019000e+07
5810.000000 4.42541000e+07
5830.000000 4.37958000e+07
5850.000000 4.33614000e+07
5870.000000 4.28423000e+07
5890.000000 4.23130000e+07
5910.000000 4.20389000e+07
5930.000000 4.16209000e+07
5950.000000 4.11394000e+07
5970.000000 4.07669000e+07
5990.000000 4.03020000e+07
6010.000000 3.99497000e+07
6030.000000 3.95660000e+07
6050.000000 3.91566000e+07
6070.000000 3.87773000e+07
6090.000000 3.83900000e+07
6110.000000 3.80099000e+07
6130.000000 3.76279000e+07
6150.000000 3.70529000e+07
6170.000000 3.68903000e+07
6190.000000 3.65421000e+07
6210.000000 3.61889000e+07
6230.000000 3.58220000e+07
6250.000000 3.53241000e+07
6270.000000 3.51489000e+07
6290.000000 3.48067000e+07
6310.000000 3.44322000e+07
6330.000000 3.41341000e+07
6350.000000 3.36008000e+07
6370.000000 3.33410000e+07
6390.000000 3.31547000e+07
6410.000000 3.28161000e+07
6430.000000 3.25276000e+07
6450.000000 3.21097000e+07
6470.000000 3.19286000e+07
6490.000000 3.15497000e+07
6510.000000 3.11863000e+07
6530.000000 3.06873000e+07
6550.000000 2.80853000e+07
6570.000000 2.25436000e+07
6590.000000 2.94795000e+07
6610.000000 2.97256000e+07
6630.000000 2.95517000e+07
6650.000000 2.93410000e+07
6670.000000 2.90628000e+07
6690.000000 2.88026000e+07
6710.000000 2.85517000e+07
6730.000000 2.82733000e+07
6750.000000 2.80283000e+07
6770.000000 2.77799000e+07
6790.000000 2.75241000e+07
6810.000000 2.72782000e+07
6830.000000 2.70234000e+07
6850.000000 2.67831000e+07
6870.000000 2.65452000e+07
6890.000000 2.63104000e+07
6910.000000 2.60715000e+07
6930.000000 2.58357000e+07
6950.000000 2.56116000e+07
6970.000000 2.53826000e+07
6990.000000 2.51636000e+07
7010.000000 2.49159000e+07
7030.000000 2.47187000e+07
7050.000000 2.44922000e+07
7070.000000 2.42830000e+07
7090.000000 2.40780000e+07
7110.000000 2.38183000e+07
7130.000000 2.36500000e+07
7150.000000 2.34457000e+07
7170.000000 2.32484000e+07
7190.000000 2.30449000e+07
7210.000000 2.28491000e+07
7230.000000 2.26414000e+07
7250.000000 2.24486000e+07
7270.000000 2.22654000e+07
7290.000000 2.20697000e+07
7310.000000 2.18729000e+07
7330.000000 2.16976000e+07
7350.000000 2.15183000e+07
7370.000000 2.13393000e+07
7390.000000 2.11570000e+07
7410.000000 2.09730000e+07
7430.000000 2.07770000e+07
7450.000000 2.06113000e+07
7470.000000 2.04146000e+07
7490.000000 2.02681000e+07
7510.000000 2.01002000e+07
7530.000000 1.99464000e+07
7550.000000 1.97854000e+07
7570.000000 1.96198000e+07
7590.000000 1.94590000e+07
7610.000000 1.93009000e+07
7630.000000 1.91410000e+07
7650.000000 1.89773000e+07
7670.000000 1.88240000e+07
7690.000000 1.86727000e+07
7710.000000 1.85101000e+07
7730.000000 1.83728000e+07
7750.000000 1.82235000e+07
7770.000000 1.77885000e+07
7790.000000 1.79301000e+07
7810.000000 1.77871000e+07
7830.000000 1.76398000e+07
7850.000000 1.74883000e+07
7870.000000 1.73162000e+07
7890.000000 1.71529000e+07
7910.000000 1.70771000e+07
7930.000000 1.69473000e+07
7950.000000 1.67847000e+07
7970.000000 1.66833000e+07
7990.000000 1.64612000e+07
8010.000000 1.64196000e+07
8030.000000 1.62895000e+07
8050.000000 1.61633000e+07
8070.000000 1.60341000e+07
8090.000000 1.59100000e+07
8110.000000 1.57847000e+07
8130.000000 1.56649000e+07
8150.000000 1.55433000e+07
8170.000000 1.54233000e+07
8190.000000 1.52722000e+07
8210.000000 1.52192000e+07
8230.000000 1.51052000e+07
8250.000000 1.50155000e+07
8270.000000 1.49518000e+07
8290.000000 1.48326000e+07
8310.000000 1.47209000e+07
8330.000000 1.45515000e+07
8350.000000 1.44456000e+07
8370.000000 1.42229000e+07
8390.000000 1.40818000e+07
8410.000000 1.38972000e+07
8430.000000 1.39862000e+07
8450.000000 1.38245000e+07
8470.000000 1.32116000e+07
8490.000000 1.43427000e+07
8510.000000 1.29025000e+07
8530.000000 1.45631000e+07
8550.000000 1.23574000e+07
8570.000000 1.48220000e+07
8590.000000 1.35685000e+07
8610.000000 1.31265000e+07
8630.000000 1.51325000e+07
8650.000000 1.46719000e+07
8670.000000 1.16829000e+07
8690.000000 1.50036000e+07
8710.000000 1.53320000e+07
8730.000000 1.48837000e+07
8750.000000 1.14167000e+07
8770.000000 1.42056000e+07
8790.000000 1.49260000e+07
8810.000000 1.48578000e+07
8830.000000 1.46311000e+07
8850.000000 1.34891000e+07
8870.000000 1.11137000e+07
8890.000000 1.41211000e+07
8910.000000 1.42604000e+07
8930.000000 1.41763000e+07
8950.000000 1.41394000e+07
8970.000000 1.39949000e+07
8990.000000 1.36670000e+07
9010.000000 1.09682000e+07
9030.000000 1.21717000e+07
9050.000000 1.34666000e+07
9070.000000 1.33684000e+07
9090.000000 1.32385000e+07
9110.000000 1.32835000e+07
9130.000000 1.32240000e+07
9150.000000 1.31455000e+07
9170.000000 1.30036000e+07
9190.000000 1.28248000e+07
9210.000000 1.23148000e+07
9230.000000 9.50790000e+06
9250.000000 1.18845000e+07
9270.000000 1.22313000e+07
9290.000000 1.24354000e+07
9310.000000 1.23868000e+07
9330.000000 1.22922000e+07
9350.000000 1.22100000e+07
9370.000000 1.21227000e+07
9390.000000 1.20006000e+07
9410.000000 1.18331000e+07
9430.000000 1.18486000e+07
9450.000000 1.17690000e+07
9470.000000 1.16777000e+07
9490.000000 1.15637000e+07
9510.000000 1.14089000e+07
9530.000000 1.08011000e+07
9550.000000 8.58316000e+06
9570.000000 1.08171000e+07
9590.000000 1.11055000e+07
9610.000000 1.10618000e+07
9630.000000 1.09415000e+07
9650.000000 1.09508000e+07
9670.000000 1.08250000e+07
9690.000000 1.07920000e+07
9710.000000 1.07240000e+07
9730.000000 1.06469000e+07
9750.000000 1.05696000e+07
9770.000000 1.04984000e+07
9790.000000 1.04241000e+07
9810.000000 1.03483000e+07
9830.000000 1.02700000e+07
9850.000000 1.01954000e+07
9870.000000 1.01266000e+07
9890.000000 1.00318000e+07
9910.000000 9.99018000e+06
9930.000000 9.91406000e+06
9950.000000 9.84951000e+06
9970.000000 9.78161000e+06
9990.000000 9.68926000e+06
10025.000000 9.07294000e+06
10075.000000 8.60937000e+06
10125.000000 9.23122000e+06
10175.000000 9.11488000e+06
10225.000000 8.96686000e+06
10275.000000 8.81593000e+06
10325.000000 8.66573000e+06
10375.000000 8.52256000e+06
10425.000000 8.38242000e+06
10475.000000 8.23289000e+06
10525.000000 8.09806000e+06
10575.000000 7.97147000e+06
10625.000000 7.84356000e+06
10675.000000 7.66017000e+06
10725.000000 7.56926000e+06
10775.000000 7.46511000e+06
10825.000000 7.34294000e+06
10875.000000 7.20135000e+06
10925.000000 6.29757000e+06
10975.000000 6.79016000e+06
11025.000000 6.88647000e+06
11075.000000 6.78788000e+06
11125.000000 6.68074000e+06
11175.000000 6.57735000e+06
11225.000000 6.47553000e+06
11275.000000 6.33821000e+06
11325.000000 6.24712000e+06
11375.000000 6.17776000e+06
11425.000000 6.08225000e+06
11475.000000 5.99360000e+06
11525.000000 5.90313000e+06
11575.000000 5.81344000e+06
11625.000000 5.71670000e+06
11675.000000 5.62058000e+06
11725.000000 5.55576000e+06
11775.000000 5.44265000e+06
11825.000000 5.38002000e+06
11875.000000 5.30034000e+06
11925.000000 5.23480000e+06
11975.000000 5.14888000e+06
12025.000000 5.08114000e+06
12075.000000 5.00555000e+06
12125.000000 4.93361000e+06
12175.000000 4.86394000e+06
12225.000000 4.79348000e+06
12275.000000 4.72326000e+06
12325.000000 4.65649000e+06
12375.000000 4.59089000e+06
12425.000000 4.52718000e+06
12475.000000 4.45780000e+06
12525.000000 4.39970000e+06
12575.000000 4.33262000e+06
12625.000000 4.27426000e+06
12675.000000 4.21810000e+06
12725.000000 4.15616000e+06
12775.000000 4.05260000e+06
12825.000000 3.57718000e+06
12875.000000 3.95807000e+06
12925.000000 3.93337000e+06
12975.000000 3.88185000e+06
13025.000000 3.82946000e+06
13075.000000 3.77753000e+06
13125.000000 3.72649000e+06
13175.000000 3.67179000e+06
13225.000000 3.62706000e+06
13275.000000 3.57862000e+06
13325.000000 3.53102000e+06
13375.000000 3.48425000e+06
13425.000000 3.43786000e+06
13475.000000 3.39226000e+06
13525.000000 3.34602000e+06
13575.000000 3.30322000e+06
13625.000000 3.26055000e+06
13675.000000 3.21721000e+06
13725.000000 3.17322000e+06
13775.000000 3.13553000e+06
13825.000000 3.09535000e+06
13875.000000 3.05605000e+06
13925.000000 3.01608000e+06
13975.000000 2.97814000e+06
14025.000000 2.94047000e+06
14075.000000 2.90326000e+06
14125.000000 2.86651000e+06
14175.000000 2.83038000e+06
14225.000000 2.79488000e+06
14275.000000 2.75999000e+06
14325.000000 2.72552000e+06
14375.000000 2.69183000e+06
14425.000000 2.64984000e+06
14475.000000 2.62546000e+06
14525.000000 2.58938000e+06
14570.000000 2.56436000e+06
14620.000000 2.53715000e+06
14675.000000 2.50557000e+06
14725.000000 2.47556000e+06
14775.000000 2.44416000e+06
14825.000000 2.41725000e+06
14875.000000 2.38638000e+06
14925.000000 2.36010000e+06
14975.000000 2.33042000e+06
15025.000000 2.29859000e+06
15075.000000 2.26977000e+06
15125.000000 2.24046000e+06
15175.000000 2.21280000e+06
15225.000000 2.19975000e+06
15275.000000 2.14743000e+06
15325.000000 2.12285000e+06
15375.000000 2.12724000e+06
15425.000000 2.05140000e+06
15475.000000 2.08615000e+06
15525.000000 2.07038000e+06
15575.000000 1.95399000e+06
15625.000000 2.05600000e+06
15675.000000 1.98035000e+06
15725.000000 1.89191000e+06
15775.000000 1.99968000e+06
15825.000000 1.97774000e+06
15875.000000 1.77754000e+06
15925.000000 1.91465000e+06
15975.000000 1.93044000e+06
16050.000000 1.87997000e+06
16150.000000 1.76042000e+06
16250.000000 1.82913000e+06
16350.000000 1.75750000e+06
16450.000000 1.64807000e+06
16550.000000 1.71060000e+06
16650.000000 1.67354000e+06
16750.000000 1.60648000e+06
16850.000000 1.50852000e+06
16950.000000 1.56604000e+06
17050.000000 1.53269000e+06
17150.000000 1.50014000e+06
17250.000000 1.46533000e+06
17350.000000 1.33748000e+06
17450.000000 1.39754000e+06
17550.000000 1.37640000e+06
17650.000000 1.34790000e+06
17750.000000 1.32032000e+06
17850.000000 1.29316000e+06
17950.000000 1.26710000e+06
18050.000000 1.23806000e+06
18150.000000 1.13979000e+06
18250.000000 1.17703000e+06
18350.000000 1.16726000e+06
18450.000000 1.14412000e+06
18550.000000 1.12076000e+06
18650.000000 1.09643000e+06
18750.000000 1.00612000e+06
18850.000000 1.05205000e+06
18950.000000 1.03526000e+06
19050.000000 1.01575000e+06
19150.000000 9.96140000e+05
19250.000000 9.76922000e+05
19350.000000 9.55280000e+05
19450.000000 8.78183000e+05
19550.000000 9.19255000e+05
19650.000000 9.04859000e+05
19750.000000 8.87770000e+05
19850.000000 8.71304000e+05
19950.000000 8.55104000e+05
20050.000000 8.39295000e+05
20150.000000 8.23841000e+05
20250.000000 8.08724000e+05
20350.000000 7.93973000e+05
20450.000000 7.79569000e+05
20550.000000 7.65480000e+05
20650.000000 7.51643000e+05
20750.000000 7.38212000e+05
20850.000000 7.25073000e+05
20950.000000 7.12194000e+05
21050.000000 6.99568000e+05
21150.000000 6.87048000e+05
21250.000000 6.74982000e+05
21350.000000 6.63236000e+05
21450.000000 6.51891000e+05
21550.000000 6.39017000e+05
21650.000000 5.90240000e+05
21750.000000 6.15373000e+05
21850.000000 6.08278000e+05
21950.000000 5.97994000e+05
22050.000000 5.87833000e+05
22150.000000 5.77815000e+05
22250.000000 5.68280000e+05
22350.000000 5.58786000e+05
22450.000000 5.49492000e+05
22550.000000 5.40332000e+05
22650.000000 5.31474000e+05
22750.000000 5.22735000e+05
22850.000000 5.14642000e+05
22950.000000 5.06319000e+05
23050.000000 4.98226000e+05
23150.000000 4.90255000e+05
23250.000000 4.82451000e+05
23350.000000 4.74776000e+05
23450.000000 4.67248000e+05
23550.000000 4.59824000e+05
23650.000000 4.52508000e+05
23750.000000 4.45360000e+05
23850.000000 4.38268000e+05
23950.000000 4.31306000e+05
24050.000000 4.24223000e+05
24150.000000 4.17099000e+05
24250.000000 4.12065000e+05
24350.000000 4.04265000e+05
24450.000000 3.97310000e+05
24550.000000 3.93505000e+05
24650.000000 3.85582000e+05
24750.000000 3.79889000e+05
24850.000000 3.77881000e+05
24950.000000 3.62851000e+05
25050.000000 3.66966000e+05
25150.000000 3.61862000e+05
25250.000000 3.44312000e+05
25350.000000 3.50851000e+05
25450.000000 3.47018000e+05
25550.000000 3.40821000e+05
25650.000000 3.21661000e+05
25750.000000 3.31672000e+05
25850.000000 3.27769000e+05
25950.000000 3.23089000e+05
26050.000000 3.15528000e+05
26150.000000 2.97060000e+05
26250.000000 2.89224000e+05
26350.000000 3.03278000e+05
26450.000000 3.01140000e+05
26550.000000 2.97406000e+05
26650.000000 2.91524000e+05
26750.000000 2.70885000e+05
26850.000000 2.83361000e+05
26950.000000 2.81112000e+05
27050.000000 2.77173000e+05
27150.000000 2.73326000e+05
27250.000000 2.69518000e+05
27350.000000 2.65778000e+05
27450.000000 2.61500000e+05
27550.000000 2.44263000e+05
27650.000000 2.50236000e+05
27750.000000 2.51302000e+05
27850.000000 2.48039000e+05
27950.000000 2.44676000e+05
28050.000000 2.41364000e+05
28150.000000 2.38107000e+05
28250.000000 2.34904000e+05
28350.000000 2.31759000e+05
28450.000000 2.28643000e+05
28550.000000 2.25529000e+05
28650.000000 2.20069000e+05
28750.000000 2.06399000e+05
28850.000000 2.16060000e+05
28950.000000 2.13864000e+05
29050.000000 2.11140000e+05
29150.000000 2.08346000e+05
29250.000000 2.05674000e+05
29350.000000 2.03006000e+05
29450.000000 2.00388000e+05
29550.000000 1.97808000e+05
29650.000000 1.95268000e+05
29750.000000 1.92770000e+05
29850.000000 1.90309000e+05
29950.000000 1.87890000e+05
30050.000000 1.85502000e+05
30150.000000 1.83151000e+05
30250.000000 1.80513000e+05
30350.000000 1.70344000e+05
30450.000000 1.71917000e+05
30550.000000 1.73934000e+05
30650.000000 1.71986000e+05
30750.000000 1.69850000e+05
30850.000000 1.67709000e+05
30950.000000 1.65683000e+05
31050.000000 1.63649000e+05
31150.000000 1.61637000e+05
31250.000000 1.59663000e+05
31350.000000 1.57730000e+05
31450.000000 1.55803000e+05
31550.000000 1.53939000e+05
31650.000000 1.52084000e+05
31750.000000 1.50245000e+05
31850.000000 1.48453000e+05
31950.000000 1.46680000e+05
32100.000000 1.44065000e+05
32300.000000 1.40676000e+05
32500.000000 1.37385000e+05
32700.000000 1.34173000e+05
32900.000000 1.26372000e+05
33100.000000 1.26947000e+05
33300.000000 1.24802000e+05
33500.000000 1.22017000e+05
33700.000000 1.19256000e+05
33900.000000 1.16607000e+05
34100.000000 1.14016000e+05
34300.000000 1.11502000e+05
34500.000000 1.09055000e+05
34700.000000 1.06665000e+05
34900.000000 1.04333000e+05
35100.000000 1.02077000e+05
35300.000000 9.98805000e+04
35500.000000 9.76881000e+04
35700.000000 9.55384000e+04
35900.000000 9.37549000e+04
36100.000000 9.14441000e+04
36300.000000 8.98960000e+04
36500.000000 8.75251000e+04
36700.000000 8.62744000e+04
36900.000000 8.36983000e+04
37100.000000 8.27189000e+04
37300.000000 7.99171000e+04
37500.000000 7.68568000e+04
37700.000000 7.78433000e+04
37900.000000 7.63551000e+04
38100.000000 7.39699000e+04
38300.000000 7.27422000e+04
38500.000000 7.19300000e+04
38700.000000 7.05193000e+04
38900.000000 6.90218000e+04
39100.000000 6.61416000e+04
39300.000000 6.64580000e+04
39500.000000 6.52965000e+04
39700.000000 6.40858000e+04
39900.000000 6.28107000e+04
40100.000000 6.07988000e+04
40300.000000 5.91391000e+04
40500.000000 5.74586000e+04
40700.000000 5.81029000e+04
40900.000000 5.71036000e+04
41100.000000 5.60407000e+04
41300.000000 5.49957000e+04
41500.000000 5.38960000e+04
41700.000000 5.11682000e+04
41900.000000 5.19062000e+04
42100.000000 5.10508000e+04
42300.000000 5.01249000e+04
42500.000000 4.92162000e+04
42700.000000 4.83286000e+04
42900.000000 4.74594000e+04
43100.000000 4.66103000e+04
43300.000000 4.57808000e+04
43500.000000 4.49587000e+04
43700.000000 4.28259000e+04
43900.000000 4.30875000e+04
44100.000000 4.26375000e+04
44300.000000 4.18964000e+04
44500.000000 4.11706000e+04
44700.000000 4.05334000e+04
44900.000000 3.97619000e+04
45100.000000 3.90841000e+04
45300.000000 3.84185000e+04
45500.000000 3.77685000e+04
45700.000000 3.71284000e+04
45900.000000 3.65015000e+04
46100.000000 3.58841000e+04
46300.000000 3.52409000e+04
46500.000000 3.35289000e+04
46700.000000 3.28951000e+04
46900.000000 3.34492000e+04
47100.000000 3.30112000e+04
47300.000000 3.24834000e+04
47500.000000 3.19567000e+04
47700.000000 3.14409000e+04
47900.000000 3.09342000e+04
48100.000000 3.04365000e+04
48300.000000 2.99525000e+04
48500.000000 2.94673000e+04
48700.000000 2.90066000e+04
48900.000000 2.85382000e+04
49100.000000 2.80983000e+04
49300.000000 2.76399000e+04
49500.000000 2.72340000e+04
49700.000000 2.67651000e+04
49900.000000 2.63952000e+04
50100.000000 2.59807000e+04
50300.000000 2.55259000e+04
50500.000000 2.52015000e+04
50700.000000 2.48110000e+04
50900.000000 2.43314000e+04
51100.000000 2.39884000e+04
51300.000000 2.28884000e+04
51500.000000 2.32948000e+04
51700.000000 2.28570000e+04
51900.000000 2.26532000e+04
52100.000000 2.23311000e+04
52300.000000 2.19995000e+04
52500.000000 2.16217000e+04
52700.000000 2.11880000e+04
52900.000000 2.10523000e+04
53100.000000 2.07778000e+04
53300.000000 2.04749000e+04
53500.000000 2.01602000e+04
53700.000000 1.96981000e+04
53900.000000 1.94277000e+04
54100.000000 1.93049000e+04
54300.000000 1.90403000e+04
54500.000000 1.87689000e+04
54700.000000 1.85022000e+04
54900.000000 1.82402000e+04
55100.000000 1.78971000e+04
55300.000000 1.74081000e+04
55500.000000 1.74639000e+04
55700.000000 1.72355000e+04
55900.000000 1.69967000e+04
56100.000000 1.67608000e+04
56300.000000 1.65302000e+04
56500.000000 1.63024000e+04
56700.000000 1.60786000e+04
56900.000000 1.58285000e+04
57100.000000 1.52579000e+04
57300.000000 1.53857000e+04
57500.000000 1.52207000e+04
57700.000000 1.50158000e+04
57900.000000 1.48134000e+04
58100.000000 1.46156000e+04
58300.000000 1.44102000e+04
58500.000000 1.42193000e+04
58700.000000 1.40264000e+04
58900.000000 1.37945000e+04
59100.000000 1.31889000e+04
59300.000000 1.34419000e+04
59500.000000 1.29728000e+04
59700.000000 1.30224000e+04
59900.000000 1.29587000e+04
60100.000000 1.27975000e+04
60300.000000 1.26350000e+04
60500.000000 1.24734000e+04
60700.000000 1.23137000e+04
60900.000000 1.21567000e+04
61100.000000 1.20016000e+04
61300.000000 1.18492000e+04
61500.000000 1.16996000e+04
61700.000000 1.15516000e+04
61900.000000 1.14053000e+04
62100.000000 1.12626000e+04
62300.000000 1.11205000e+04
62500.000000 1.09781000e+04
62700.000000 1.08171000e+04
62900.000000 1.03628000e+04
63100.000000 1.05319000e+04
63300.000000 1.04428000e+04
63500.000000 1.03183000e+04
63700.000000 1.01942000e+04
63900.000000 1.00705000e+04
64200.000000 9.89618000e+03
64600.000000 9.65755000e+03
65000.000000 9.42225000e+03
65400.000000 9.20605000e+03
65800.000000 8.98309000e+03
66200.000000 8.77170000e+03
66600.000000 8.56898000e+03
67000.000000 8.36937000e+03
67400.000000 8.15182000e+03
67800.000000 7.83111000e+03
68200.000000 7.78715000e+03
68600.000000 7.63256000e+03
69000.000000 7.46250000e+03
69400.000000 7.27098000e+03
69800.000000 7.12965000e+03
70200.000000 6.97387000e+03
70600.000000 6.81692000e+03
71000.000000 6.64183000e+03
71400.000000 6.52387000e+03
71800.000000 6.38247000e+03
72200.000000 6.24409000e+03
72600.000000 6.07841000e+03
73000.000000 5.97309000e+03
73400.000000 5.85244000e+03
73800.000000 5.72374000e+03
74200.000000 5.59178000e+03
74600.000000 5.36822000e+03
75000.000000 5.18440000e+03
75400.000000 5.24153000e+03
75800.000000 5.14603000e+03
76200.000000 5.05107000e+03
76600.000000 4.94819000e+03
77000.000000 4.84818000e+03
77400.000000 4.74374000e+03
77800.000000 4.60017000e+03
78200.000000 4.55575000e+03
78600.000000 4.47145000e+03
79000.000000 4.38300000e+03
79400.000000 4.29676000e+03
79800.000000 4.21262000e+03
80200.000000 4.13053000e+03
80600.000000 4.05043000e+03
81000.000000 3.97199000e+03
81400.000000 3.84584000e+03
81800.000000 3.80511000e+03
82200.000000 3.74882000e+03
82600.000000 3.67781000e+03
83000.000000 3.60849000e+03
83400.000000 3.54081000e+03
83800.000000 3.47447000e+03
84200.000000 3.41013000e+03
84600.000000 3.34706000e+03
85000.000000 3.28539000e+03
85400.000000 3.22519000e+03
85800.000000 3.16613000e+03
86200.000000 3.10614000e+03
86600.000000 2.99583000e+03
87000.000000 2.98900000e+03
87400.000000 2.90721000e+03
87800.000000 2.85668000e+03
88200.000000 2.84003000e+03
88600.000000 2.78728000e+03
89000.000000 2.74065000e+03
89400.000000 2.69265000e+03
89800.000000 2.64564000e+03
90200.000000 2.59912000e+03
90600.000000 2.55126000e+03
91000.000000 2.51059000e+03
91400.000000 2.46751000e+03
91800.000000 2.42536000e+03
92200.000000 2.38366000e+03
92600.000000 2.33535000e+03
93000.000000 2.30328000e+03
93400.000000 2.26351000e+03
93800.000000 2.18439000e+03
94200.000000 2.17997000e+03
94600.000000 2.15408000e+03
95000.000000 2.11348000e+03
95400.000000 2.07754000e+03
95800.000000 2.04948000e+03
96200.000000 2.01602000e+03
96600.000000 1.98325000e+03
97000.000000 1.95115000e+03
97400.000000 1.91967000e+03
97800.000000 1.88884000e+03
98200.000000 1.85524000e+03
98600.000000 1.81968000e+03
99000.000000 1.79997000e+03
99400.000000 1.77152000e+03
99800.000000 1.74361000e+03
100200.000000 1.71629000e+03
200000.000000 1.10137000e+02
400000.000000 6.86071000e+00
600000.000000 1.34430000e+00
800000.000000 4.22066000e-01
1000000.000000 1.71702000e-01
1200000.000000 8.23128000e-02
1400000.000000 4.42004000e-02
1600000.000000 2.57912000e-02
