# Kurucz ODFNEW /NOVER, alpha: 0.0 (2003)
# teff = 4250 K (value for the effective temperature for the model. Temperatures are given in K)
# logg = 3.5 log(cm/s2) (value for Log(G) for the model.)
# lh = 1.25  (l/Hp where l is the  mixing length of the convective element and Hp is the pressure scale height)
# meta = -0.5  (value for the Metallicity for the model.)
# vtur = 2 km/s (Microturbulence velocity)
# alpha = 0  (Alpha)
#
# column 1: WAVELENGTH (ANGSTROM), Wavelength in Angstrom
# column 2: FLUX (ERG/CM2/S/A), Flux in erg/cm2/s/A
147.200000 1.58280000e-151
151.000000 1.96965000e-147
155.200000 3.84439000e-143
158.800000 1.20043000e-139
162.000000 1.13204000e-136
166.000000 4.06492000e-133
170.300000 1.74803000e-129
173.400000 5.60767000e-127
176.800000 2.48504000e-124
180.200000 8.72688000e-122
181.700000 1.07940000e-120
186.100000 1.36395000e-117
191.000000 2.62041000e-114
193.900000 1.91254000e-112
198.400000 1.15816000e-109
201.800000 1.21132000e-107
205.000000 8.36577000e-106
210.500000 8.89998000e-103
216.200000 8.34984000e-100
219.800000 5.22822000e-98
223.000000 1.84126000e-96
226.800000 1.10884000e-94
230.000000 3.14615000e-93
234.000000 1.80349000e-91
240.000000 6.05409000e-89
246.500000 2.38646000e-86
252.400000 4.13300000e-84
256.800000 1.65033000e-82
260.000000 2.22599000e-81
264.000000 5.25716000e-80
268.500000 1.64127000e-78
273.500000 6.55731000e-77
278.500000 2.29251000e-75
284.000000 9.86009000e-74
290.000000 5.05382000e-72
296.000000 2.19753000e-70
301.000000 4.53817000e-69
308.000000 2.65693000e-67
318.000000 6.47329000e-65
328.000000 1.11943000e-62
338.000000 1.41532000e-60
348.000000 1.34632000e-58
357.000000 6.48529000e-57
366.000000 2.57323000e-55
375.000000 8.50652000e-54
385.000000 3.40626000e-52
395.000000 1.12460000e-50
405.000000 3.10869000e-49
414.000000 5.35566000e-48
422.000000 6.05106000e-47
430.000000 6.22918000e-46
441.000000 1.33306000e-44
451.000000 1.88753000e-43
460.000000 1.85196000e-42
470.000000 2.10689000e-41
480.000000 2.15687000e-40
490.000000 2.00227000e-39
500.000000 1.69287000e-38
506.000000 7.86224000e-38
512.000000 2.94622000e-37
520.000000 1.40619000e-36
530.000000 9.31309000e-36
540.000000 5.65701000e-35
550.000000 3.24348000e-34
560.000000 1.73360000e-33
570.000000 8.71267000e-33
580.000000 4.08837000e-32
590.000000 1.85302000e-31
600.000000 7.88746000e-31
610.000000 3.19425000e-30
620.000000 1.23349000e-29
630.000000 4.55340000e-29
640.000000 1.61113000e-28
650.000000 5.47198000e-28
658.000000 1.41481000e-27
665.000000 3.18430000e-27
675.000000 9.84106000e-27
685.000000 2.93756000e-26
695.000000 8.48026000e-26
705.000000 2.36994000e-25
716.000000 7.09572000e-25
726.000000 1.86393000e-24
735.000000 4.34153000e-24
745.000000 1.08310000e-23
755.000000 2.63355000e-23
765.000000 6.24763000e-23
775.000000 1.44702000e-22
785.000000 3.27665000e-22
795.000000 7.24341000e-22
805.000000 1.57296000e-21
815.000000 3.34450000e-21
825.000000 6.97084000e-21
835.000000 1.42603000e-20
845.000000 2.86325000e-20
855.000000 5.64147000e-20
865.000000 1.09269000e-19
875.000000 2.08075000e-19
885.000000 3.90123000e-19
895.000000 7.21219000e-19
905.000000 1.30927000e-18
915.000000 1.38097000e-13
925.000000 6.16064000e-13
935.000000 8.49578000e-13
945.000000 1.23026000e-12
955.000000 1.42629000e-12
965.000000 2.88005000e-12
975.000000 2.00296000e-12
985.000000 5.58750000e-12
995.000000 8.79241000e-12
1005.000000 9.50640000e-12
1015.000000 1.07867000e-11
1025.000000 1.41932000e-11
1035.000000 3.71973000e-11
1045.000000 5.66841000e-11
1055.000000 6.80535000e-11
1065.000000 1.71182000e-10
1075.000000 2.19946000e-10
1085.000000 4.40372000e-10
1095.000000 5.81044000e-10
1105.000000 7.81212000e-10
1115.000000 1.01011000e-09
1125.000000 2.30058000e-09
1135.000000 3.70171000e-09
1145.000000 5.87784000e-09
1155.000000 8.28309000e-09
1165.000000 9.96905000e-09
1175.000000 1.47794000e-08
1185.000000 1.77646000e-08
1195.000000 1.41923000e-08
1205.000000 8.75673000e-09
1215.000000 4.40803000e-09
1225.000000 1.47840000e-08
1235.000000 5.29986000e-08
1245.000000 1.13588000e-07
1255.000000 1.72991000e-07
1265.000000 2.37730000e-07
1275.000000 3.24048000e-07
1285.000000 3.63354000e-07
1295.000000 4.62964000e-07
1305.000000 6.20123000e-07
1315.000000 7.83839000e-07
1325.000000 9.28570000e-07
1335.000000 1.07904000e-06
1345.000000 1.44246000e-06
1355.000000 1.92958000e-06
1365.000000 2.23058000e-06
1375.000000 2.62209000e-06
1385.000000 3.17806000e-06
1395.000000 3.86656000e-06
1405.000000 5.27911000e-06
1415.000000 6.88160000e-06
1425.000000 7.96510000e-06
1435.000000 1.08318000e-05
1442.000000 1.50292000e-05
1447.000000 1.36133000e-05
1455.000000 1.61978000e-05
1465.000000 2.28366000e-05
1475.000000 2.35635000e-05
1485.000000 3.01011000e-05
1495.000000 4.38518000e-05
1505.000000 6.09413000e-05
1512.000000 4.32289000e-05
1517.000000 6.59480000e-05
1525.000000 1.15558000e-04
1535.000000 3.88829000e-04
1545.000000 2.97766000e-04
1555.000000 5.08034000e-04
1565.000000 4.47173000e-04
1575.000000 1.06914000e-03
1585.000000 1.03971000e-03
1595.000000 9.64471000e-04
1605.000000 9.77834000e-04
1615.000000 9.57356000e-04
1625.000000 9.17932000e-04
1635.000000 1.29992000e-03
1645.000000 1.85231000e-03
1655.000000 1.39027000e-03
1665.000000 2.54448000e-03
1672.000000 1.90980000e-03
1677.000000 3.38414000e-03
1685.000000 4.96397000e-03
1695.000000 7.46109000e-03
1705.000000 8.33256000e-03
1715.000000 8.90402000e-03
1725.000000 1.30403000e-02
1735.000000 1.50355000e-02
1745.000000 2.20085000e-02
1755.000000 2.14269000e-02
1765.000000 2.96621000e-02
1775.000000 2.42183000e-02
1785.000000 5.63541000e-02
1795.000000 4.05618000e-02
1805.000000 8.70275000e-02
1815.000000 5.21038000e-02
1825.000000 9.48219000e-02
1835.000000 7.78559000e-02
1845.000000 1.24174000e-01
1855.000000 8.12869000e-02
1865.000000 1.72983000e-01
1875.000000 1.49411000e-01
1885.000000 2.01256000e-01
1895.000000 2.50259000e-01
1905.000000 2.60283000e-01
1915.000000 3.96451000e-01
1925.000000 3.05430000e-01
1935.000000 2.00769000e-01
1945.000000 4.54711000e-01
1955.000000 6.93751000e-01
1967.000000 7.21329000e-01
1976.000000 8.60329000e-01
1984.000000 1.15844000e+00
1995.000000 9.65008000e-01
2005.000000 1.15520000e+00
2015.000000 1.29872000e+00
2025.000000 1.16098000e+00
2035.000000 1.47809000e+00
2045.000000 1.50403000e+00
2055.000000 1.86740000e+00
2065.000000 1.67240000e+00
2074.000000 1.40770000e+00
2078.000000 2.14648000e+00
2085.000000 2.77199000e+00
2095.000000 4.40949000e+00
2105.000000 4.79330000e+00
2115.000000 4.35529000e+00
2125.000000 5.13224000e+00
2135.000000 7.21883000e+00
2145.000000 4.99489000e+00
2155.000000 6.75538000e+00
2165.000000 6.39694000e+00
2175.000000 7.04088000e+00
2185.000000 6.12302000e+00
2195.000000 1.23637000e+01
2205.000000 9.27019000e+00
2215.000000 1.22374000e+01
2225.000000 1.02130000e+01
2235.000000 2.04579000e+01
2245.000000 2.21679000e+01
2255.000000 2.89721000e+01
2265.000000 1.19784000e+01
2275.000000 2.91841000e+01
2285.000000 2.58641000e+01
2295.000000 4.69189000e+01
2305.000000 1.35609000e+01
2315.000000 6.37475000e+01
2325.000000 4.18822000e+01
2335.000000 7.59025000e+01
2345.000000 4.26725000e+01
2355.000000 3.26128000e+01
2365.000000 4.97239000e+01
2375.000000 4.56246000e+01
2385.000000 9.05492000e+01
2395.000000 8.15324000e+01
2405.000000 1.58461000e+02
2415.000000 8.68279000e+01
2425.000000 1.19785000e+02
2435.000000 1.78636000e+02
2445.000000 2.60830000e+02
2455.000000 2.99245000e+02
2465.000000 1.69820000e+02
2475.000000 3.18542000e+02
2485.000000 8.94906000e+01
2495.000000 1.15711000e+02
2505.000000 2.67594000e+02
2513.000000 1.72802000e+02
2518.000000 1.67957000e+02
2525.000000 2.07397000e+02
2535.000000 5.28798000e+02
2545.000000 6.69002000e+02
2555.000000 8.08165000e+02
2565.000000 4.17423000e+02
2575.000000 7.50433000e+02
2585.000000 5.18885000e+02
2595.000000 6.67134000e+02
2605.000000 9.38767000e+02
2615.000000 7.93541000e+02
2625.000000 1.29498000e+03
2635.000000 2.81727000e+03
2645.000000 2.19769000e+03
2655.000000 5.42833000e+03
2665.000000 2.73064000e+03
2675.000000 2.56570000e+03
2685.000000 3.78322000e+03
2695.000000 1.65495000e+03
2705.000000 4.03846000e+03
2715.000000 2.61663000e+03
2725.000000 1.95837000e+03
2735.000000 2.24112000e+03
2745.000000 2.94943000e+03
2755.000000 3.08848000e+03
2765.000000 4.52077000e+03
2775.000000 5.74343000e+03
2785.000000 3.34423000e+03
2795.000000 3.16583000e+03
2805.000000 3.48024000e+03
2815.000000 4.56313000e+03
2825.000000 4.82535000e+03
2835.000000 3.95698000e+03
2845.000000 2.66386000e+03
2855.000000 1.12473000e+03
2865.000000 4.13106000e+03
2875.000000 5.05960000e+03
2885.000000 7.53891000e+03
2895.000000 1.01713000e+04
2910.000000 1.67916000e+04
2930.000000 1.82785000e+04
2950.000000 1.55164000e+04
2970.000000 1.48942000e+04
2990.000000 1.67445000e+04
3010.000000 1.57318000e+04
3030.000000 2.41510000e+04
3050.000000 2.61797000e+04
3070.000000 4.03275000e+04
3090.000000 3.45319000e+04
3110.000000 6.57205000e+04
3130.000000 5.33587000e+04
3150.000000 7.78555000e+04
3170.000000 1.05342000e+05
3190.000000 8.13833000e+04
3210.000000 8.76699000e+04
3230.000000 7.72604000e+04
3250.000000 1.40823000e+05
3270.000000 1.91192000e+05
3290.000000 2.14341000e+05
3310.000000 1.60329000e+05
3330.000000 1.67197000e+05
3350.000000 1.46945000e+05
3370.000000 7.58076000e+04
3390.000000 9.71942000e+04
3410.000000 1.12056000e+05
3430.000000 1.40750000e+05
3450.000000 1.31315000e+05
3470.000000 1.33701000e+05
3490.000000 1.89164000e+05
3510.000000 2.48798000e+05
3530.000000 2.23400000e+05
3550.000000 3.08408000e+05
3570.000000 1.35780000e+05
3590.000000 1.39624000e+05
3610.000000 2.16543000e+05
3630.000000 2.61863000e+05
3640.000000 2.99772000e+05
3650.000000 3.43461000e+05
3670.000000 4.11639000e+05
3690.000000 3.29497000e+05
3710.000000 2.85912000e+05
3730.000000 1.14522000e+05
3750.000000 1.48458000e+05
3770.000000 3.14443000e+05
3790.000000 3.39642000e+05
3810.000000 2.90902000e+05
3830.000000 1.13913000e+05
3850.000000 1.91441000e+05
3870.000000 1.85106000e+05
3890.000000 2.45938000e+05
3910.000000 3.58689000e+05
3930.000000 1.22601000e+05
3950.000000 2.87717000e+05
3970.000000 1.84558000e+05
3990.000000 5.68569000e+05
4010.000000 6.96313000e+05
4030.000000 5.80929000e+05
4050.000000 5.87907000e+05
4070.000000 5.43731000e+05
4090.000000 7.44041000e+05
4110.000000 5.42053000e+05
4130.000000 5.80591000e+05
4150.000000 5.27279000e+05
4170.000000 5.27108000e+05
4190.000000 5.52387000e+05
4210.000000 5.38586000e+05
4230.000000 4.63224000e+05
4250.000000 5.93423000e+05
4270.000000 5.40065000e+05
4290.000000 5.16618000e+05
4310.000000 5.13964000e+05
4330.000000 7.82779000e+05
4350.000000 8.02395000e+05
4370.000000 8.47601000e+05
4390.000000 7.29450000e+05
4410.000000 7.97505000e+05
4430.000000 8.85688000e+05
4450.000000 9.14519000e+05
4470.000000 1.00421000e+06
4490.000000 1.05469000e+06
4510.000000 1.22531000e+06
4530.000000 1.03427000e+06
4550.000000 1.12932000e+06
4570.000000 1.21431000e+06
4590.000000 1.18056000e+06
4610.000000 1.22486000e+06
4630.000000 1.21991000e+06
4650.000000 1.20154000e+06
4670.000000 1.28811000e+06
4690.000000 1.25701000e+06
4710.000000 1.19869000e+06
4730.000000 1.20876000e+06
4750.000000 1.20645000e+06
4770.000000 1.12963000e+06
4790.000000 1.16910000e+06
4810.000000 1.28282000e+06
4830.000000 1.28737000e+06
4850.000000 1.30387000e+06
4870.000000 1.23479000e+06
4890.000000 1.28898000e+06
4910.000000 1.29222000e+06
4930.000000 1.21653000e+06
4950.000000 1.25235000e+06
4970.000000 1.22529000e+06
4990.000000 1.10648000e+06
5010.000000 9.90794000e+05
5030.000000 1.05984000e+06
5050.000000 9.91011000e+05
5070.000000 9.82109000e+05
5090.000000 9.23600000e+05
5110.000000 9.46971000e+05
5130.000000 9.01466000e+05
5150.000000 8.55658000e+05
5170.000000 7.78113000e+05
5190.000000 8.64128000e+05
5210.000000 9.87273000e+05
5230.000000 1.32523000e+06
5250.000000 1.40413000e+06
5270.000000 1.21139000e+06
5290.000000 1.42862000e+06
5310.000000 1.54414000e+06
5330.000000 1.34877000e+06
5350.000000 1.47112000e+06
5370.000000 1.46410000e+06
5390.000000 1.41850000e+06
5410.000000 1.40790000e+06
5430.000000 1.40650000e+06
5450.000000 1.45390000e+06
5470.000000 1.47023000e+06
5490.000000 1.48241000e+06
5510.000000 1.44785000e+06
5530.000000 1.53225000e+06
5550.000000 1.56208000e+06
5570.000000 1.51214000e+06
5590.000000 1.45505000e+06
5610.000000 1.53902000e+06
5630.000000 1.56982000e+06
5650.000000 1.59708000e+06
5670.000000 1.55267000e+06
5690.000000 1.59076000e+06
5710.000000 1.51539000e+06
5730.000000 1.63793000e+06
5750.000000 1.62280000e+06
5770.000000 1.64144000e+06
5790.000000 1.56461000e+06
5810.000000 1.63756000e+06
5830.000000 1.67999000e+06
5850.000000 1.62977000e+06
5870.000000 1.63213000e+06
5890.000000 1.22177000e+06
5910.000000 1.59965000e+06
5930.000000 1.62648000e+06
5950.000000 1.62876000e+06
5970.000000 1.65972000e+06
5990.000000 1.64215000e+06
6010.000000 1.61862000e+06
6030.000000 1.65318000e+06
6050.000000 1.67788000e+06
6070.000000 1.66193000e+06
6090.000000 1.62005000e+06
6110.000000 1.62833000e+06
6130.000000 1.53090000e+06
6150.000000 1.60712000e+06
6170.000000 1.49232000e+06
6190.000000 1.62496000e+06
6210.000000 1.61021000e+06
6230.000000 1.57727000e+06
6250.000000 1.52678000e+06
6270.000000 1.58309000e+06
6290.000000 1.61436000e+06
6310.000000 1.58181000e+06
6330.000000 1.60728000e+06
6350.000000 1.63071000e+06
6370.000000 1.62699000e+06
6390.000000 1.63878000e+06
6410.000000 1.60482000e+06
6430.000000 1.61426000e+06
6450.000000 1.59141000e+06
6470.000000 1.59076000e+06
6490.000000 1.56836000e+06
6510.000000 1.62390000e+06
6530.000000 1.64798000e+06
6550.000000 1.61686000e+06
6570.000000 1.59813000e+06
6590.000000 1.62435000e+06
6610.000000 1.63187000e+06
6630.000000 1.63524000e+06
6650.000000 1.63078000e+06
6670.000000 1.60976000e+06
6690.000000 1.63903000e+06
6710.000000 1.59472000e+06
6730.000000 1.63874000e+06
6750.000000 1.60779000e+06
6770.000000 1.62379000e+06
6790.000000 1.61669000e+06
6810.000000 1.61444000e+06
6830.000000 1.63423000e+06
6850.000000 1.60391000e+06
6870.000000 1.60967000e+06
6890.000000 1.62057000e+06
6910.000000 1.61704000e+06
6930.000000 1.60678000e+06
6950.000000 1.60113000e+06
6970.000000 1.61708000e+06
6990.000000 1.58957000e+06
7010.000000 1.58235000e+06
7030.000000 1.59989000e+06
7050.000000 1.60379000e+06
7070.000000 1.57822000e+06
7090.000000 1.57188000e+06
7110.000000 1.57504000e+06
7130.000000 1.55355000e+06
7150.000000 1.53035000e+06
7170.000000 1.56389000e+06
7190.000000 1.52489000e+06
7210.000000 1.53253000e+06
7230.000000 1.57256000e+06
7250.000000 1.55759000e+06
7270.000000 1.56799000e+06
7290.000000 1.55245000e+06
7310.000000 1.55913000e+06
7330.000000 1.54558000e+06
7350.000000 1.54220000e+06
7370.000000 1.56457000e+06
7390.000000 1.54584000e+06
7410.000000 1.53064000e+06
7430.000000 1.54807000e+06
7450.000000 1.54364000e+06
7470.000000 1.54841000e+06
7490.000000 1.54230000e+06
7510.000000 1.55120000e+06
7530.000000 1.55593000e+06
7550.000000 1.55919000e+06
7570.000000 1.55110000e+06
7590.000000 1.54137000e+06
7610.000000 1.54193000e+06
7630.000000 1.54537000e+06
7650.000000 1.54387000e+06
7670.000000 1.49215000e+06
7690.000000 1.53842000e+06
7710.000000 1.50783000e+06
7730.000000 1.52210000e+06
7750.000000 1.50667000e+06
7770.000000 1.53524000e+06
7790.000000 1.52470000e+06
7810.000000 1.52764000e+06
7830.000000 1.50848000e+06
7850.000000 1.50875000e+06
7870.000000 1.52183000e+06
7890.000000 1.50862000e+06
7910.000000 1.48631000e+06
7930.000000 1.47912000e+06
7950.000000 1.46042000e+06
7970.000000 1.49711000e+06
7990.000000 1.48526000e+06
8010.000000 1.48020000e+06
8030.000000 1.47979000e+06
8050.000000 1.46948000e+06
8070.000000 1.46521000e+06
8090.000000 1.45337000e+06
8110.000000 1.45939000e+06
8130.000000 1.46966000e+06
8150.000000 1.46727000e+06
8170.000000 1.46371000e+06
8190.000000 1.41001000e+06
8210.000000 1.43109000e+06
8230.000000 1.43966000e+06
8250.000000 1.44255000e+06
8270.000000 1.45711000e+06
8290.000000 1.44872000e+06
8310.000000 1.42272000e+06
8330.000000 1.40297000e+06
8350.000000 1.41879000e+06
8370.000000 1.41874000e+06
8390.000000 1.35236000e+06
8410.000000 1.41561000e+06
8430.000000 1.37253000e+06
8450.000000 1.41052000e+06
8470.000000 1.40161000e+06
8490.000000 1.39580000e+06
8510.000000 1.33655000e+06
8530.000000 1.38419000e+06
8550.000000 1.21260000e+06
8570.000000 1.40823000e+06
8590.000000 1.39535000e+06
8610.000000 1.39004000e+06
8630.000000 1.39474000e+06
8650.000000 1.39101000e+06
8670.000000 1.21606000e+06
8690.000000 1.33119000e+06
8710.000000 1.38145000e+06
8730.000000 1.37918000e+06
8750.000000 1.37431000e+06
8770.000000 1.37309000e+06
8790.000000 1.37475000e+06
8810.000000 1.33498000e+06
8830.000000 1.34710000e+06
8850.000000 1.36440000e+06
8870.000000 1.34959000e+06
8890.000000 1.36778000e+06
8910.000000 1.36825000e+06
8930.000000 1.34894000e+06
8950.000000 1.33841000e+06
8970.000000 1.34349000e+06
8990.000000 1.34838000e+06
9010.000000 1.29823000e+06
9030.000000 1.33004000e+06
9050.000000 1.34818000e+06
9070.000000 1.34380000e+06
9090.000000 1.30557000e+06
9110.000000 1.31364000e+06
9130.000000 1.32629000e+06
9150.000000 1.30681000e+06
9170.000000 1.29660000e+06
9190.000000 1.30104000e+06
9210.000000 1.28100000e+06
9230.000000 1.28979000e+06
9250.000000 1.27537000e+06
9270.000000 1.28263000e+06
9290.000000 1.27314000e+06
9310.000000 1.28971000e+06
9330.000000 1.28726000e+06
9350.000000 1.27939000e+06
9370.000000 1.26406000e+06
9390.000000 1.27176000e+06
9410.000000 1.24993000e+06
9430.000000 1.26383000e+06
9450.000000 1.24241000e+06
9470.000000 1.26238000e+06
9490.000000 1.26124000e+06
9510.000000 1.26098000e+06
9530.000000 1.25358000e+06
9550.000000 1.23908000e+06
9570.000000 1.24024000e+06
9590.000000 1.25331000e+06
9610.000000 1.23786000e+06
9630.000000 1.24162000e+06
9650.000000 1.20658000e+06
9670.000000 1.20921000e+06
9690.000000 1.22857000e+06
9710.000000 1.21912000e+06
9730.000000 1.20759000e+06
9750.000000 1.21037000e+06
9770.000000 1.21485000e+06
9790.000000 1.18937000e+06
9810.000000 1.22285000e+06
9830.000000 1.21262000e+06
9850.000000 1.22075000e+06
9870.000000 1.21372000e+06
9890.000000 1.21278000e+06
9910.000000 1.20862000e+06
9930.000000 1.20926000e+06
9950.000000 1.20569000e+06
9970.000000 1.20598000e+06
9990.000000 1.20391000e+06
10025.000000 1.19364000e+06
10075.000000 1.18491000e+06
10125.000000 1.18213000e+06
10175.000000 1.17057000e+06
10225.000000 1.16697000e+06
10275.000000 1.16542000e+06
10325.000000 1.14709000e+06
10375.000000 1.14107000e+06
10425.000000 1.14377000e+06
10475.000000 1.13092000e+06
10525.000000 1.13129000e+06
10575.000000 1.11755000e+06
10625.000000 1.11356000e+06
10675.000000 1.09899000e+06
10725.000000 1.09758000e+06
10775.000000 1.08790000e+06
10825.000000 1.07141000e+06
10875.000000 1.07171000e+06
10925.000000 1.06754000e+06
10975.000000 1.03873000e+06
11025.000000 1.03472000e+06
11075.000000 1.03692000e+06
11125.000000 1.02996000e+06
11175.000000 1.02701000e+06
11225.000000 1.02643000e+06
11275.000000 1.00982000e+06
11325.000000 1.01367000e+06
11375.000000 9.99221000e+05
11425.000000 9.93091000e+05
11475.000000 1.00219000e+06
11525.000000 1.00163000e+06
11575.000000 9.90042000e+05
11625.000000 9.74463000e+05
11675.000000 9.77162000e+05
11725.000000 9.84493000e+05
11775.000000 9.66776000e+05
11825.000000 9.58213000e+05
11875.000000 9.49493000e+05
11925.000000 9.64834000e+05
11975.000000 9.29314000e+05
12025.000000 9.46770000e+05
12075.000000 9.37731000e+05
12125.000000 9.41723000e+05
12175.000000 9.41070000e+05
12225.000000 9.36236000e+05
12275.000000 9.29250000e+05
12325.000000 9.25966000e+05
12375.000000 9.21894000e+05
12425.000000 9.15050000e+05
12475.000000 9.14290000e+05
12525.000000 9.05924000e+05
12575.000000 9.05143000e+05
12625.000000 8.99666000e+05
12675.000000 8.93004000e+05
12725.000000 8.92980000e+05
12775.000000 8.90897000e+05
12825.000000 8.69878000e+05
12875.000000 8.76998000e+05
12925.000000 8.66866000e+05
12975.000000 8.73691000e+05
13025.000000 8.68373000e+05
13075.000000 8.68025000e+05
13125.000000 8.51145000e+05
13175.000000 8.51013000e+05
13225.000000 8.55446000e+05
13275.000000 8.44226000e+05
13325.000000 8.44670000e+05
13375.000000 8.43990000e+05
13425.000000 8.44069000e+05
13475.000000 8.41053000e+05
13525.000000 8.38183000e+05
13575.000000 8.29015000e+05
13625.000000 8.23144000e+05
13675.000000 8.27370000e+05
13725.000000 8.28212000e+05
13775.000000 8.23084000e+05
13825.000000 8.22936000e+05
13875.000000 8.13513000e+05
13925.000000 8.01717000e+05
13975.000000 8.06619000e+05
14025.000000 8.00054000e+05
14075.000000 8.02177000e+05
14125.000000 7.91523000e+05
14175.000000 7.93842000e+05
14225.000000 7.85479000e+05
14275.000000 7.71999000e+05
14325.000000 7.85896000e+05
14375.000000 7.87348000e+05
14425.000000 7.74712000e+05
14475.000000 7.86486000e+05
14525.000000 7.75063000e+05
14570.000000 7.73601000e+05
14620.000000 7.65076000e+05
14675.000000 7.64460000e+05
14725.000000 7.61188000e+05
14775.000000 7.63380000e+05
14825.000000 7.64718000e+05
14875.000000 7.48638000e+05
14925.000000 7.70521000e+05
14975.000000 7.67199000e+05
15025.000000 7.32230000e+05
15075.000000 7.45665000e+05
15125.000000 7.59402000e+05
15175.000000 7.61898000e+05
15225.000000 7.58983000e+05
15275.000000 7.55394000e+05
15325.000000 7.59600000e+05
15375.000000 7.54254000e+05
15425.000000 7.51414000e+05
15475.000000 7.61527000e+05
15525.000000 7.48721000e+05
15575.000000 7.47618000e+05
15625.000000 7.55525000e+05
15675.000000 7.46910000e+05
15725.000000 7.41665000e+05
15775.000000 7.17200000e+05
15825.000000 7.39437000e+05
15875.000000 7.21317000e+05
15925.000000 7.36983000e+05
15975.000000 7.37883000e+05
16050.000000 7.32334000e+05
16150.000000 7.25459000e+05
16250.000000 7.18199000e+05
16350.000000 7.13781000e+05
16450.000000 6.97778000e+05
16550.000000 6.96070000e+05
16650.000000 6.79553000e+05
16750.000000 6.61298000e+05
16850.000000 6.50009000e+05
16950.000000 6.46886000e+05
17050.000000 6.27929000e+05
17150.000000 6.11725000e+05
17250.000000 6.03514000e+05
17350.000000 5.87203000e+05
17450.000000 5.81990000e+05
17550.000000 5.71242000e+05
17650.000000 5.61462000e+05
17750.000000 5.50155000e+05
17850.000000 5.40745000e+05
17950.000000 5.33287000e+05
18050.000000 5.17461000e+05
18150.000000 5.09362000e+05
18250.000000 4.97755000e+05
18350.000000 4.91405000e+05
18450.000000 4.76663000e+05
18550.000000 4.71768000e+05
18650.000000 4.61848000e+05
18750.000000 4.48952000e+05
18850.000000 4.45643000e+05
18950.000000 4.31174000e+05
19050.000000 4.31071000e+05
19150.000000 4.22421000e+05
19250.000000 4.16894000e+05
19350.000000 4.03521000e+05
19450.000000 3.93895000e+05
19550.000000 3.92251000e+05
19650.000000 3.85781000e+05
19750.000000 3.72999000e+05
19850.000000 3.69499000e+05
19950.000000 3.63617000e+05
20050.000000 3.62098000e+05
20150.000000 3.56407000e+05
20250.000000 3.47099000e+05
20350.000000 3.41431000e+05
20450.000000 3.38595000e+05
20550.000000 3.31008000e+05
20650.000000 3.23861000e+05
20750.000000 3.20318000e+05
20850.000000 3.14367000e+05
20950.000000 3.07253000e+05
21050.000000 3.04494000e+05
21150.000000 2.99002000e+05
21250.000000 2.94517000e+05
21350.000000 2.90186000e+05
21450.000000 2.85735000e+05
21550.000000 2.81004000e+05
21650.000000 2.74806000e+05
21750.000000 2.70333000e+05
21850.000000 2.66499000e+05
21950.000000 2.63115000e+05
22050.000000 2.55232000e+05
22150.000000 2.55767000e+05
22250.000000 2.48610000e+05
22350.000000 2.45802000e+05
22450.000000 2.42399000e+05
22550.000000 2.39224000e+05
22650.000000 2.33628000e+05
22750.000000 2.32074000e+05
22850.000000 2.26706000e+05
22950.000000 2.05230000e+05
23050.000000 2.12493000e+05
23150.000000 2.10725000e+05
23250.000000 1.90252000e+05
23350.000000 1.97561000e+05
23450.000000 1.99003000e+05
23550.000000 1.79065000e+05
23650.000000 1.88216000e+05
23750.000000 1.87442000e+05
23850.000000 1.70455000e+05
23950.000000 1.77658000e+05
24050.000000 1.78457000e+05
24150.000000 1.65007000e+05
24250.000000 1.69017000e+05
24350.000000 1.69843000e+05
24450.000000 1.61051000e+05
24550.000000 1.58986000e+05
24650.000000 1.62844000e+05
24750.000000 1.57042000e+05
24850.000000 1.51180000e+05
24950.000000 1.54643000e+05
25050.000000 1.54047000e+05
25150.000000 1.46517000e+05
25250.000000 1.45182000e+05
25350.000000 1.46167000e+05
25450.000000 1.43479000e+05
25550.000000 1.42179000e+05
25650.000000 1.41107000e+05
25750.000000 1.40684000e+05
25850.000000 1.35634000e+05
25950.000000 1.36291000e+05
26050.000000 1.34797000e+05
26150.000000 1.33878000e+05
26250.000000 1.30466000e+05
26350.000000 1.29846000e+05
26450.000000 1.28732000e+05
26550.000000 1.23948000e+05
26650.000000 1.23359000e+05
26750.000000 1.24212000e+05
26850.000000 1.22840000e+05
26950.000000 1.20565000e+05
27050.000000 1.19645000e+05
27150.000000 1.18096000e+05
27250.000000 1.17144000e+05
27350.000000 1.15362000e+05
27450.000000 1.14198000e+05
27550.000000 1.12865000e+05
27650.000000 1.11350000e+05
27750.000000 1.10113000e+05
27850.000000 1.08581000e+05
27950.000000 1.06137000e+05
28050.000000 1.03725000e+05
28150.000000 1.03636000e+05
28250.000000 1.03021000e+05
28350.000000 1.02033000e+05
28450.000000 1.00838000e+05
28550.000000 9.91667000e+04
28650.000000 9.81636000e+04
28750.000000 9.71082000e+04
28850.000000 9.58749000e+04
28950.000000 9.48631000e+04
29050.000000 9.31486000e+04
29150.000000 9.28254000e+04
29250.000000 9.00738000e+04
29350.000000 8.96010000e+04
29450.000000 8.76731000e+04
29550.000000 8.77753000e+04
29650.000000 8.56029000e+04
29750.000000 8.56116000e+04
29850.000000 8.45400000e+04
29950.000000 8.36404000e+04
30050.000000 8.16745000e+04
30150.000000 8.18423000e+04
30250.000000 8.05652000e+04
30350.000000 7.98225000e+04
30450.000000 7.74382000e+04
30550.000000 7.79936000e+04
30650.000000 7.68439000e+04
30750.000000 7.58987000e+04
30850.000000 7.44891000e+04
30950.000000 7.35759000e+04
31050.000000 7.33567000e+04
31150.000000 7.15859000e+04
31250.000000 7.16724000e+04
31350.000000 6.95331000e+04
31450.000000 6.97049000e+04
31550.000000 6.87982000e+04
31650.000000 6.84619000e+04
31750.000000 6.71531000e+04
31850.000000 6.63496000e+04
31950.000000 6.56101000e+04
32100.000000 6.50605000e+04
32300.000000 6.27082000e+04
32500.000000 6.20208000e+04
32700.000000 6.04894000e+04
32900.000000 5.85937000e+04
33100.000000 5.78671000e+04
33300.000000 5.60564000e+04
33500.000000 5.51977000e+04
33700.000000 5.42725000e+04
33900.000000 5.22768000e+04
34100.000000 5.17043000e+04
34300.000000 5.09622000e+04
34500.000000 4.90975000e+04
34700.000000 4.86114000e+04
34900.000000 4.77465000e+04
35100.000000 4.62713000e+04
35300.000000 4.53766000e+04
35500.000000 4.47502000e+04
35700.000000 4.33693000e+04
35900.000000 4.25542000e+04
36100.000000 4.21129000e+04
36300.000000 4.08753000e+04
36500.000000 4.00949000e+04
36700.000000 3.92955000e+04
36900.000000 3.84584000e+04
37100.000000 3.74811000e+04
37300.000000 3.69150000e+04
37500.000000 3.62919000e+04
37700.000000 3.53168000e+04
37900.000000 3.49529000e+04
38100.000000 3.40653000e+04
38300.000000 3.34819000e+04
38500.000000 3.28070000e+04
38700.000000 3.22525000e+04
38900.000000 3.15134000e+04
39100.000000 3.09676000e+04
39300.000000 3.03581000e+04
39500.000000 2.98824000e+04
39700.000000 2.93048000e+04
39900.000000 2.83965000e+04
40100.000000 2.81702000e+04
40300.000000 2.76361000e+04
40500.000000 2.70193000e+04
40700.000000 2.64201000e+04
40900.000000 2.61263000e+04
41100.000000 2.55783000e+04
41300.000000 2.51390000e+04
41500.000000 2.46742000e+04
41700.000000 2.41239000e+04
41900.000000 2.37997000e+04
42100.000000 2.31533000e+04
42300.000000 2.29959000e+04
42500.000000 2.24797000e+04
42700.000000 2.21187000e+04
42900.000000 2.09550000e+04
43100.000000 1.98413000e+04
43300.000000 1.99895000e+04
43500.000000 1.88634000e+04
43700.000000 1.82970000e+04
43900.000000 1.80118000e+04
44100.000000 1.69998000e+04
44300.000000 1.68493000e+04
44500.000000 1.65137000e+04
44700.000000 1.57326000e+04
44900.000000 1.57835000e+04
45100.000000 1.53308000e+04
45300.000000 1.47957000e+04
45500.000000 1.48235000e+04
45700.000000 1.47065000e+04
45900.000000 1.40293000e+04
46100.000000 1.41477000e+04
46300.000000 1.38658000e+04
46500.000000 1.37915000e+04
46700.000000 1.36697000e+04
46900.000000 1.34485000e+04
47100.000000 1.31861000e+04
47300.000000 1.32325000e+04
47500.000000 1.29314000e+04
47700.000000 1.27628000e+04
47900.000000 1.26312000e+04
48100.000000 1.22855000e+04
48300.000000 1.23992000e+04
48500.000000 1.21591000e+04
48700.000000 1.18601000e+04
48900.000000 1.17261000e+04
49100.000000 1.16066000e+04
49300.000000 1.13838000e+04
49500.000000 1.12139000e+04
49700.000000 1.11162000e+04
49900.000000 1.09734000e+04
50100.000000 1.06599000e+04
50300.000000 1.06882000e+04
50500.000000 1.04338000e+04
50700.000000 1.03411000e+04
50900.000000 1.02299000e+04
51100.000000 1.00161000e+04
51300.000000 9.97019000e+03
51500.000000 9.79220000e+03
51700.000000 9.75266000e+03
51900.000000 9.54561000e+03
52100.000000 9.44554000e+03
52300.000000 9.29659000e+03
52500.000000 9.22890000e+03
52700.000000 9.19127000e+03
52900.000000 8.92966000e+03
53100.000000 8.84795000e+03
53300.000000 8.74574000e+03
53500.000000 8.65718000e+03
53700.000000 8.56080000e+03
53900.000000 8.47197000e+03
54100.000000 8.36388000e+03
54300.000000 8.18420000e+03
54500.000000 8.16445000e+03
54700.000000 8.04140000e+03
54900.000000 7.93592000e+03
55100.000000 7.84031000e+03
55300.000000 7.85035000e+03
55500.000000 7.62314000e+03
55700.000000 7.63054000e+03
55900.000000 7.49550000e+03
56100.000000 7.41474000e+03
56300.000000 7.28645000e+03
56500.000000 7.25690000e+03
56700.000000 7.16361000e+03
56900.000000 7.02479000e+03
57100.000000 7.00663000e+03
57300.000000 6.90778000e+03
57500.000000 6.83463000e+03
57700.000000 6.73245000e+03
57900.000000 6.68838000e+03
58100.000000 6.57768000e+03
58300.000000 6.50159000e+03
58500.000000 6.43960000e+03
58700.000000 6.33795000e+03
58900.000000 6.26958000e+03
59100.000000 6.20435000e+03
59300.000000 6.13236000e+03
59500.000000 6.04874000e+03
59700.000000 5.99665000e+03
59900.000000 5.92602000e+03
60100.000000 5.85660000e+03
60300.000000 5.78052000e+03
60500.000000 5.69450000e+03
60700.000000 5.63281000e+03
60900.000000 5.56550000e+03
61100.000000 5.48785000e+03
61300.000000 5.44057000e+03
61500.000000 5.37775000e+03
61700.000000 5.32038000e+03
61900.000000 5.26098000e+03
62100.000000 5.20009000e+03
62300.000000 5.13172000e+03
62500.000000 5.06083000e+03
62700.000000 5.00148000e+03
62900.000000 4.95249000e+03
63100.000000 4.88822000e+03
63300.000000 4.84562000e+03
63500.000000 4.77581000e+03
63700.000000 4.73473000e+03
63900.000000 4.66473000e+03
64200.000000 4.59016000e+03
64600.000000 4.47246000e+03
65000.000000 4.36819000e+03
65400.000000 4.26868000e+03
65800.000000 4.16786000e+03
66200.000000 4.06839000e+03
66600.000000 3.98026000e+03
67000.000000 3.88823000e+03
67400.000000 3.80050000e+03
67800.000000 3.71284000e+03
68200.000000 3.62787000e+03
68600.000000 3.55358000e+03
69000.000000 3.47238000e+03
69400.000000 3.39375000e+03
69800.000000 3.32520000e+03
70200.000000 3.24644000e+03
70600.000000 3.17892000e+03
71000.000000 3.11024000e+03
71400.000000 3.04453000e+03
71800.000000 2.97979000e+03
72200.000000 2.91412000e+03
72600.000000 2.85301000e+03
73000.000000 2.79490000e+03
73400.000000 2.73354000e+03
73800.000000 2.67881000e+03
74200.000000 2.61990000e+03
74600.000000 2.56663000e+03
75000.000000 2.51561000e+03
75400.000000 2.46070000e+03
75800.000000 2.39919000e+03
76200.000000 2.34423000e+03
76600.000000 2.28783000e+03
77000.000000 2.23687000e+03
77400.000000 2.18142000e+03
77800.000000 2.13465000e+03
78200.000000 2.08835000e+03
78600.000000 2.04093000e+03
79000.000000 2.00232000e+03
79400.000000 1.95853000e+03
79800.000000 1.92085000e+03
80200.000000 1.88551000e+03
80600.000000 1.85037000e+03
81000.000000 1.81716000e+03
81400.000000 1.78740000e+03
81800.000000 1.75459000e+03
82200.000000 1.72401000e+03
82600.000000 1.69410000e+03
83000.000000 1.66124000e+03
83400.000000 1.63132000e+03
83800.000000 1.60129000e+03
84200.000000 1.57161000e+03
84600.000000 1.54373000e+03
85000.000000 1.51453000e+03
85400.000000 1.48886000e+03
85800.000000 1.46124000e+03
86200.000000 1.43580000e+03
86600.000000 1.40774000e+03
87000.000000 1.38473000e+03
87400.000000 1.36158000e+03
87800.000000 1.33478000e+03
88200.000000 1.31108000e+03
88600.000000 1.29000000e+03
89000.000000 1.26835000e+03
89400.000000 1.24534000e+03
89800.000000 1.22348000e+03
90200.000000 1.20561000e+03
90600.000000 1.18576000e+03
91000.000000 1.16449000e+03
91400.000000 1.14300000e+03
91800.000000 1.12658000e+03
92200.000000 1.10672000e+03
92600.000000 1.08932000e+03
93000.000000 1.07243000e+03
93400.000000 1.05368000e+03
93800.000000 1.03529000e+03
94200.000000 1.02142000e+03
94600.000000 1.00240000e+03
95000.000000 9.89097000e+02
95400.000000 9.74611000e+02
95800.000000 9.55078000e+02
96200.000000 9.43081000e+02
96600.000000 9.24831000e+02
97000.000000 9.13296000e+02
97400.000000 8.98145000e+02
97800.000000 8.81952000e+02
98200.000000 8.71265000e+02
98600.000000 8.57623000e+02
99000.000000 8.41943000e+02
99400.000000 8.28584000e+02
99800.000000 8.18702000e+02
100200.000000 8.05988000e+02
200000.000000 5.28109000e+01
400000.000000 3.34559000e+00
600000.000000 6.60752000e-01
800000.000000 2.08390000e-01
1000000.000000 8.50090000e-02
1200000.000000 4.08228000e-02
1400000.000000 2.19445000e-02
1600000.000000 1.28117000e-02
