# Kurucz ODFNEW /NOVER, alpha: 0.0 (2003)
# teff = 3500 K (value for the effective temperature for the model. Temperatures are given in K)
# logg = 2 log(cm/s2) (value for Log(G) for the model.)
# lh = 1.25  (l/Hp where l is the  mixing length of the convective element and Hp is the pressure scale height)
# meta = 0.5  (value for the Metallicity for the model.)
# vtur = 2 km/s (Microturbulence velocity)
# alpha = 0  (Alpha)
#
# column 1: WAVELENGTH (ANGSTROM), Wavelength in Angstrom
# column 2: FLUX (ERG/CM2/S/A), Flux in erg/cm2/s/A
147.200000 3.51104000e-174
151.000000 1.65836000e-169
155.200000 1.31024000e-164
158.800000 1.27899000e-160
162.000000 3.18377000e-157
166.000000 3.64972000e-153
170.300000 5.14419000e-149
173.400000 3.74455000e-146
176.800000 3.94395000e-143
180.200000 3.18605000e-140
181.700000 5.63516000e-139
186.100000 1.96669000e-135
191.000000 1.10847000e-131
193.900000 1.49120000e-129
198.400000 2.25133000e-126
201.800000 4.57035000e-124
205.000000 5.77514000e-122
210.500000 1.66267000e-118
216.200000 4.14969000e-115
219.800000 4.69609000e-113
223.000000 2.75451000e-111
226.800000 2.98376000e-109
230.000000 1.36726000e-107
234.000000 1.40094000e-105
240.000000 1.08395000e-102
246.500000 1.00850000e-99
252.400000 3.66536000e-97
256.800000 2.48833000e-95
260.000000 4.88182000e-94
264.000000 1.81840000e-92
268.500000 9.32623000e-91
273.500000 6.34579000e-89
278.500000 3.70696000e-87
284.000000 2.74639000e-85
290.000000 2.48879000e-83
296.000000 1.86967000e-81
301.000000 5.98810000e-80
308.000000 6.33019000e-78
318.000000 3.42854000e-75
328.000000 1.25551000e-72
338.000000 3.21564000e-70
348.000000 5.95064000e-68
357.000000 5.05404000e-66
366.000000 3.43836000e-64
375.000000 1.89939000e-62
385.000000 1.30821000e-60
395.000000 7.22842000e-59
405.000000 3.26028000e-57
414.000000 8.55178000e-56
422.000000 1.38307000e-54
430.000000 2.01109000e-53
441.000000 6.77966000e-52
451.000000 1.42340000e-50
460.000000 1.96198000e-49
470.000000 3.20689000e-48
480.000000 4.64666000e-47
490.000000 6.01888000e-46
500.000000 7.00747000e-45
506.000000 3.90581000e-44
512.000000 1.75112000e-43
520.000000 1.05771000e-42
530.000000 9.30746000e-42
540.000000 7.43743000e-41
550.000000 5.55206000e-40
560.000000 3.82808000e-39
570.000000 2.45981000e-38
580.000000 1.46391000e-37
590.000000 8.34476000e-37
600.000000 4.43379000e-36
610.000000 2.22535000e-35
620.000000 1.05727000e-34
630.000000 4.77105000e-34
640.000000 2.05077000e-33
650.000000 8.41021000e-33
658.000000 2.51812000e-32
665.000000 6.41758000e-32
675.000000 2.36270000e-31
685.000000 8.36516000e-31
695.000000 2.84747000e-30
705.000000 9.30407000e-30
716.000000 3.31766000e-29
726.000000 1.01345000e-28
735.000000 2.69452000e-28
745.000000 7.75281000e-28
755.000000 2.16689000e-27
765.000000 5.89326000e-27
775.000000 1.55691000e-26
785.000000 4.01431000e-26
795.000000 9.98890000e-26
805.000000 2.46004000e-25
815.000000 5.91730000e-25
825.000000 1.38659000e-24
835.000000 3.17880000e-24
845.000000 7.13650000e-24
855.000000 1.56933000e-23
865.000000 3.38345000e-23
875.000000 7.14217000e-23
885.000000 1.48859000e-22
895.000000 3.04196000e-22
905.000000 6.10292000e-22
915.000000 1.60807000e-16
925.000000 5.74280000e-16
935.000000 8.21697000e-16
945.000000 1.40723000e-15
955.000000 2.19984000e-15
965.000000 4.09124000e-15
975.000000 4.45001000e-15
985.000000 9.52516000e-15
995.000000 1.48352000e-14
1005.000000 2.10176000e-14
1015.000000 2.99131000e-14
1025.000000 4.30866000e-14
1035.000000 1.15569000e-13
1045.000000 1.73240000e-13
1055.000000 2.17544000e-13
1065.000000 5.04332000e-13
1075.000000 7.69351000e-13
1085.000000 1.22953000e-12
1095.000000 1.68199000e-12
1105.000000 2.53622000e-12
1115.000000 3.47995000e-12
1125.000000 7.99195000e-12
1135.000000 1.49443000e-11
1145.000000 2.36927000e-11
1155.000000 3.48002000e-11
1165.000000 4.85559000e-11
1175.000000 7.44113000e-11
1185.000000 9.39312000e-11
1195.000000 8.56543000e-11
1205.000000 4.40574000e-11
1215.000000 8.83546000e-12
1225.000000 6.71830000e-11
1235.000000 2.69353000e-10
1245.000000 5.20413000e-10
1255.000000 7.74352000e-10
1265.000000 8.89286000e-10
1275.000000 1.43906000e-09
1285.000000 1.19720000e-09
1295.000000 1.89584000e-09
1305.000000 1.92594000e-09
1315.000000 2.87881000e-09
1325.000000 3.17821000e-09
1335.000000 3.64802000e-09
1345.000000 4.99050000e-09
1355.000000 6.45828000e-09
1365.000000 7.23383000e-09
1375.000000 7.55182000e-09
1385.000000 9.73038000e-09
1395.000000 1.12226000e-08
1405.000000 1.69259000e-08
1415.000000 2.12992000e-08
1425.000000 2.29846000e-08
1435.000000 3.61613000e-08
1442.000000 5.13433000e-08
1447.000000 4.38478000e-08
1455.000000 5.39622000e-08
1465.000000 8.37301000e-08
1475.000000 8.75735000e-08
1485.000000 1.07544000e-07
1495.000000 1.78772000e-07
1505.000000 2.70128000e-07
1512.000000 1.50770000e-07
1517.000000 2.65969000e-07
1525.000000 3.74927000e-07
1535.000000 5.10855000e-07
1545.000000 3.96690000e-07
1555.000000 5.86355000e-07
1565.000000 6.12556000e-07
1575.000000 1.10895000e-06
1585.000000 1.24629000e-06
1595.000000 1.29162000e-06
1605.000000 1.49213000e-06
1615.000000 1.70814000e-06
1625.000000 1.96823000e-06
1635.000000 2.60687000e-06
1645.000000 3.46975000e-06
1655.000000 3.67855000e-06
1665.000000 5.15406000e-06
1672.000000 5.12285000e-06
1677.000000 6.65790000e-06
1685.000000 8.42286000e-06
1695.000000 1.17379000e-05
1705.000000 1.32107000e-05
1715.000000 1.54766000e-05
1725.000000 2.03429000e-05
1735.000000 2.44017000e-05
1745.000000 3.19209000e-05
1755.000000 3.47983000e-05
1765.000000 4.22197000e-05
1775.000000 4.63752000e-05
1785.000000 7.35422000e-05
1795.000000 6.97727000e-05
1805.000000 1.07953000e-04
1815.000000 9.52658000e-05
1825.000000 1.38866000e-04
1835.000000 1.37413000e-04
1845.000000 1.99253000e-04
1855.000000 1.79014000e-04
1865.000000 2.66640000e-04
1875.000000 2.69161000e-04
1885.000000 3.42576000e-04
1895.000000 4.21135000e-04
1905.000000 4.74744000e-04
1915.000000 6.32172000e-04
1925.000000 6.01750000e-04
1935.000000 5.14148000e-04
1945.000000 8.65715000e-04
1955.000000 1.16182000e-03
1967.000000 1.32276000e-03
1976.000000 1.53043000e-03
1984.000000 1.93205000e-03
1995.000000 1.89490000e-03
2005.000000 2.27761000e-03
2015.000000 2.62211000e-03
2025.000000 2.72352000e-03
2035.000000 3.34144000e-03
2045.000000 3.58287000e-03
2055.000000 4.26158000e-03
2065.000000 4.41892000e-03
2074.000000 4.17439000e-03
2078.000000 5.56551000e-03
2085.000000 7.24666000e-03
2095.000000 1.12529000e-02
2105.000000 1.34248000e-02
2115.000000 1.40300000e-02
2125.000000 1.74598000e-02
2135.000000 2.24026000e-02
2145.000000 1.68729000e-02
2155.000000 2.30652000e-02
2165.000000 2.28382000e-02
2175.000000 2.57846000e-02
2185.000000 2.43892000e-02
2195.000000 4.19021000e-02
2205.000000 3.58449000e-02
2215.000000 4.59987000e-02
2225.000000 3.88348000e-02
2235.000000 6.57561000e-02
2245.000000 7.47999000e-02
2255.000000 9.97939000e-02
2265.000000 5.46623000e-02
2275.000000 1.15407000e-01
2285.000000 1.01397000e-01
2295.000000 1.81876000e-01
2305.000000 6.92795000e-02
2315.000000 2.54505000e-01
2325.000000 1.88343000e-01
2335.000000 3.11798000e-01
2345.000000 1.98798000e-01
2355.000000 1.69955000e-01
2365.000000 2.37378000e-01
2375.000000 2.26447000e-01
2385.000000 4.15240000e-01
2395.000000 3.89791000e-01
2405.000000 7.70260000e-01
2415.000000 4.42052000e-01
2425.000000 5.83817000e-01
2435.000000 9.25300000e-01
2445.000000 1.32611000e+00
2455.000000 1.60498000e+00
2465.000000 9.42099000e-01
2475.000000 1.83444000e+00
2485.000000 6.67717000e-01
2495.000000 8.23234000e-01
2505.000000 1.61834000e+00
2513.000000 1.14656000e+00
2518.000000 1.39710000e+00
2525.000000 1.75122000e+00
2535.000000 4.09288000e+00
2545.000000 5.13390000e+00
2555.000000 5.29889000e+00
2565.000000 2.70350000e+00
2575.000000 4.84844000e+00
2585.000000 3.21906000e+00
2595.000000 4.21439000e+00
2605.000000 6.07228000e+00
2615.000000 5.46780000e+00
2625.000000 9.41246000e+00
2635.000000 1.44632000e+01
2645.000000 1.06293000e+01
2655.000000 1.55298000e+01
2665.000000 1.29247000e+01
2675.000000 1.23596000e+01
2685.000000 1.70059000e+01
2695.000000 1.17075000e+01
2705.000000 2.19925000e+01
2715.000000 2.10284000e+01
2725.000000 1.77573000e+01
2735.000000 1.83172000e+01
2745.000000 2.78119000e+01
2755.000000 2.56935000e+01
2765.000000 3.97952000e+01
2775.000000 5.20627000e+01
2785.000000 3.46172000e+01
2795.000000 5.04281000e+01
2805.000000 4.82641000e+01
2815.000000 5.46014000e+01
2825.000000 5.39087000e+01
2835.000000 4.74871000e+01
2845.000000 3.42737000e+01
2855.000000 1.61978000e+01
2865.000000 5.74671000e+01
2875.000000 6.49393000e+01
2885.000000 1.15197000e+02
2895.000000 1.30378000e+02
2910.000000 1.54907000e+02
2930.000000 1.69256000e+02
2950.000000 1.74220000e+02
2970.000000 1.78480000e+02
2990.000000 2.16537000e+02
3010.000000 2.40422000e+02
3030.000000 2.99659000e+02
3050.000000 3.64017000e+02
3070.000000 4.35692000e+02
3090.000000 4.67514000e+02
3110.000000 6.44118000e+02
3130.000000 6.83173000e+02
3150.000000 9.84223000e+02
3170.000000 1.28267000e+03
3190.000000 1.14872000e+03
3210.000000 1.43053000e+03
3230.000000 1.62349000e+03
3250.000000 2.02080000e+03
3270.000000 2.61719000e+03
3290.000000 3.42958000e+03
3310.000000 3.38802000e+03
3330.000000 3.86585000e+03
3350.000000 4.22736000e+03
3370.000000 3.65222000e+03
3390.000000 4.53370000e+03
3410.000000 5.37454000e+03
3430.000000 5.72288000e+03
3450.000000 5.42187000e+03
3470.000000 6.31287000e+03
3490.000000 7.27348000e+03
3510.000000 9.79855000e+03
3530.000000 8.46703000e+03
3550.000000 1.23567000e+04
3570.000000 7.23669000e+03
3590.000000 5.75934000e+03
3610.000000 8.86284000e+03
3630.000000 1.40303000e+04
3640.000000 1.50512000e+04
3650.000000 1.55038000e+04
3670.000000 2.25995000e+04
3690.000000 2.00128000e+04
3710.000000 1.85640000e+04
3730.000000 9.10813000e+03
3750.000000 1.13623000e+04
3770.000000 2.27720000e+04
3790.000000 2.65209000e+04
3810.000000 2.30246000e+04
3830.000000 1.16474000e+04
3850.000000 1.94107000e+04
3870.000000 1.90997000e+04
3890.000000 2.25608000e+04
3910.000000 2.63004000e+04
3930.000000 9.99260000e+03
3950.000000 1.56245000e+04
3970.000000 1.12592000e+04
3990.000000 4.12175000e+04
4010.000000 6.32306000e+04
4030.000000 5.03291000e+04
4050.000000 5.49528000e+04
4070.000000 5.24673000e+04
4090.000000 7.14538000e+04
4110.000000 5.51063000e+04
4130.000000 5.55898000e+04
4150.000000 5.91480000e+04
4170.000000 5.46606000e+04
4190.000000 5.69576000e+04
4210.000000 4.32905000e+04
4230.000000 1.67783000e+04
4250.000000 4.88784000e+04
4270.000000 4.93534000e+04
4290.000000 4.89107000e+04
4310.000000 5.06968000e+04
4330.000000 7.22137000e+04
4350.000000 6.81089000e+04
4370.000000 7.07045000e+04
4390.000000 6.14059000e+04
4410.000000 6.02380000e+04
4430.000000 5.27232000e+04
4450.000000 5.46341000e+04
4470.000000 5.06337000e+04
4490.000000 5.79069000e+04
4510.000000 5.74797000e+04
4530.000000 5.31510000e+04
4550.000000 5.55163000e+04
4570.000000 7.16105000e+04
4590.000000 4.50382000e+04
4610.000000 5.22335000e+04
4630.000000 4.38310000e+04
4650.000000 4.65352000e+04
4670.000000 4.67248000e+04
4690.000000 4.75688000e+04
4710.000000 5.56074000e+04
4730.000000 5.29070000e+04
4750.000000 7.13803000e+04
4770.000000 3.01279000e+04
4790.000000 4.24738000e+04
4810.000000 3.47288000e+04
4830.000000 4.17345000e+04
4850.000000 4.39887000e+04
4870.000000 5.20453000e+04
4890.000000 6.75737000e+04
4910.000000 7.59503000e+04
4930.000000 1.05257000e+05
4950.000000 9.83825000e+04
4970.000000 3.31068000e+04
4990.000000 4.85147000e+04
5010.000000 3.16121000e+04
5030.000000 4.67560000e+04
5050.000000 5.55983000e+04
5070.000000 7.26392000e+04
5090.000000 7.95101000e+04
5110.000000 1.02437000e+05
5130.000000 1.13161000e+05
5150.000000 1.12907000e+05
5170.000000 7.36591000e+04
5190.000000 4.12924000e+04
5210.000000 6.04827000e+04
5230.000000 9.64587000e+04
5250.000000 7.81014000e+04
5270.000000 8.30265000e+04
5290.000000 1.03087000e+05
5310.000000 1.19291000e+05
5330.000000 1.01613000e+05
5350.000000 1.23685000e+05
5370.000000 9.94560000e+04
5390.000000 1.16522000e+05
5410.000000 1.19627000e+05
5430.000000 1.21734000e+05
5450.000000 9.05698000e+04
5470.000000 6.61762000e+04
5490.000000 8.18903000e+04
5510.000000 6.77428000e+04
5530.000000 8.60921000e+04
5550.000000 1.01052000e+05
5570.000000 1.03153000e+05
5590.000000 9.99232000e+04
5610.000000 6.18839000e+04
5630.000000 6.18134000e+04
5650.000000 6.85636000e+04
5670.000000 6.76460000e+04
5690.000000 8.24878000e+04
5710.000000 8.21883000e+04
5730.000000 9.84745000e+04
5750.000000 1.11618000e+05
5770.000000 9.14460000e+04
5790.000000 1.10130000e+05
5810.000000 1.11949000e+05
5830.000000 1.14873000e+05
5850.000000 9.93009000e+04
5870.000000 7.85747000e+04
5890.000000 6.63282000e+04
5910.000000 6.26065000e+04
5930.000000 6.56378000e+04
5950.000000 6.90249000e+04
5970.000000 7.19383000e+04
5990.000000 8.08097000e+04
6010.000000 8.51446000e+04
6030.000000 9.88559000e+04
6050.000000 1.09182000e+05
6070.000000 1.22789000e+05
6090.000000 1.39028000e+05
6110.000000 1.39805000e+05
6130.000000 1.50293000e+05
6150.000000 1.52664000e+05
6170.000000 7.62169000e+04
6190.000000 7.44323000e+04
6210.000000 7.39380000e+04
6230.000000 6.48458000e+04
6250.000000 7.11516000e+04
6270.000000 8.18001000e+04
6290.000000 8.82985000e+04
6310.000000 1.02102000e+05
6330.000000 1.08594000e+05
6350.000000 1.19159000e+05
6370.000000 1.17911000e+05
6390.000000 1.26493000e+05
6410.000000 1.36102000e+05
6430.000000 1.21643000e+05
6450.000000 1.32508000e+05
6470.000000 1.52614000e+05
6490.000000 1.28564000e+05
6510.000000 1.49260000e+05
6530.000000 1.65664000e+05
6550.000000 1.56233000e+05
6570.000000 1.53913000e+05
6590.000000 1.51306000e+05
6610.000000 1.48055000e+05
6630.000000 1.36398000e+05
6650.000000 1.21881000e+05
6670.000000 1.14275000e+05
6690.000000 9.51838000e+04
6710.000000 1.00483000e+05
6730.000000 8.57215000e+04
6750.000000 9.10104000e+04
6770.000000 1.03814000e+05
6790.000000 9.42393000e+04
6810.000000 1.03613000e+05
6830.000000 1.12303000e+05
6850.000000 1.19460000e+05
6870.000000 1.22493000e+05
6890.000000 1.44297000e+05
6910.000000 1.66454000e+05
6930.000000 1.60615000e+05
6950.000000 1.89049000e+05
6970.000000 2.32431000e+05
6990.000000 2.46261000e+05
7010.000000 2.68187000e+05
7030.000000 2.95684000e+05
7050.000000 2.72679000e+05
7070.000000 1.31601000e+05
7090.000000 1.27180000e+05
7110.000000 1.15242000e+05
7130.000000 1.01295000e+05
7150.000000 9.77370000e+04
7170.000000 1.05876000e+05
7190.000000 1.27879000e+05
7210.000000 1.17641000e+05
7230.000000 1.41977000e+05
7250.000000 1.73312000e+05
7270.000000 1.94998000e+05
7290.000000 2.21980000e+05
7310.000000 2.60303000e+05
7330.000000 3.05197000e+05
7350.000000 3.41628000e+05
7370.000000 3.99348000e+05
7390.000000 4.39586000e+05
7410.000000 4.73148000e+05
7430.000000 5.02637000e+05
7450.000000 5.28151000e+05
7470.000000 5.49739000e+05
7490.000000 5.56377000e+05
7510.000000 5.76495000e+05
7530.000000 5.91708000e+05
7550.000000 5.98194000e+05
7570.000000 5.89797000e+05
7590.000000 4.63665000e+05
7610.000000 3.94494000e+05
7630.000000 3.40828000e+05
7650.000000 3.24616000e+05
7670.000000 2.50063000e+05
7690.000000 2.32245000e+05
7710.000000 2.22796000e+05
7730.000000 2.50622000e+05
7750.000000 2.35374000e+05
7770.000000 2.31175000e+05
7790.000000 2.34416000e+05
7810.000000 2.71763000e+05
7830.000000 2.53116000e+05
7850.000000 2.67802000e+05
7870.000000 2.88899000e+05
7890.000000 3.27565000e+05
7910.000000 3.14988000e+05
7930.000000 3.35639000e+05
7950.000000 3.53748000e+05
7970.000000 4.06206000e+05
7990.000000 3.98457000e+05
8010.000000 4.24237000e+05
8030.000000 4.54272000e+05
8050.000000 4.88863000e+05
8070.000000 4.89260000e+05
8090.000000 5.14399000e+05
8110.000000 5.37846000e+05
8130.000000 5.74696000e+05
8150.000000 5.88951000e+05
8170.000000 6.04752000e+05
8190.000000 5.49805000e+05
8210.000000 4.32167000e+05
8230.000000 4.87703000e+05
8250.000000 4.95835000e+05
8270.000000 4.70002000e+05
8290.000000 4.17486000e+05
8310.000000 4.10956000e+05
8330.000000 4.43673000e+05
8350.000000 4.01582000e+05
8370.000000 4.11528000e+05
8390.000000 3.99854000e+05
8410.000000 4.37770000e+05
8430.000000 3.84793000e+05
8450.000000 3.33452000e+05
8470.000000 3.15086000e+05
8490.000000 3.39709000e+05
8510.000000 3.25978000e+05
8530.000000 3.44535000e+05
8550.000000 3.43745000e+05
8570.000000 3.95986000e+05
8590.000000 4.09471000e+05
8610.000000 4.35734000e+05
8630.000000 4.72120000e+05
8650.000000 4.82089000e+05
8670.000000 4.38700000e+05
8690.000000 4.97042000e+05
8710.000000 5.51209000e+05
8730.000000 5.61044000e+05
8750.000000 5.75852000e+05
8770.000000 5.84935000e+05
8790.000000 6.07679000e+05
8810.000000 6.02885000e+05
8830.000000 6.10932000e+05
8850.000000 6.26307000e+05
8870.000000 3.28172000e+05
8890.000000 3.49596000e+05
8910.000000 4.00764000e+05
8930.000000 4.13168000e+05
8950.000000 3.63488000e+05
8970.000000 3.86408000e+05
8990.000000 4.32269000e+05
9010.000000 4.29637000e+05
9030.000000 4.44955000e+05
9050.000000 4.79660000e+05
9070.000000 5.10427000e+05
9090.000000 5.14704000e+05
9110.000000 5.29469000e+05
9130.000000 5.60776000e+05
9150.000000 5.67597000e+05
9170.000000 5.79057000e+05
9190.000000 5.99869000e+05
9210.000000 5.77991000e+05
9230.000000 5.52671000e+05
9250.000000 5.46453000e+05
9270.000000 5.65623000e+05
9290.000000 5.39400000e+05
9310.000000 5.41258000e+05
9330.000000 5.50452000e+05
9350.000000 5.61027000e+05
9370.000000 5.39197000e+05
9390.000000 5.52498000e+05
9410.000000 5.54364000e+05
9430.000000 5.69469000e+05
9450.000000 5.51073000e+05
9470.000000 5.77733000e+05
9490.000000 5.94793000e+05
9510.000000 5.93586000e+05
9530.000000 5.92383000e+05
9550.000000 5.87632000e+05
9570.000000 6.04100000e+05
9590.000000 6.24359000e+05
9610.000000 6.10790000e+05
9630.000000 6.26170000e+05
9650.000000 5.97686000e+05
9670.000000 6.01340000e+05
9690.000000 6.29995000e+05
9710.000000 6.23486000e+05
9730.000000 5.67206000e+05
9750.000000 5.34881000e+05
9770.000000 5.54835000e+05
9790.000000 5.58191000e+05
9810.000000 5.59128000e+05
9830.000000 5.20363000e+05
9850.000000 5.45083000e+05
9870.000000 5.64764000e+05
9890.000000 5.71919000e+05
9910.000000 5.37275000e+05
9930.000000 5.42907000e+05
9950.000000 5.60894000e+05
9970.000000 5.82334000e+05
9990.000000 5.74757000e+05
10025.000000 5.61117000e+05
10075.000000 5.74564000e+05
10125.000000 5.91761000e+05
10175.000000 5.89889000e+05
10225.000000 6.07556000e+05
10275.000000 6.12612000e+05
10325.000000 6.11075000e+05
10375.000000 6.14159000e+05
10425.000000 6.24505000e+05
10475.000000 6.22918000e+05
10525.000000 6.32045000e+05
10575.000000 6.24634000e+05
10625.000000 6.31316000e+05
10675.000000 6.20160000e+05
10725.000000 6.21989000e+05
10775.000000 6.19670000e+05
10825.000000 6.05342000e+05
10875.000000 6.06351000e+05
10925.000000 6.08136000e+05
10975.000000 5.87689000e+05
11025.000000 5.77070000e+05
11075.000000 5.66435000e+05
11125.000000 5.75692000e+05
11175.000000 5.74051000e+05
11225.000000 5.82313000e+05
11275.000000 5.75293000e+05
11325.000000 5.82649000e+05
11375.000000 5.76228000e+05
11425.000000 5.79710000e+05
11475.000000 5.91206000e+05
11525.000000 5.95475000e+05
11575.000000 5.89526000e+05
11625.000000 5.81595000e+05
11675.000000 5.84335000e+05
11725.000000 5.94050000e+05
11775.000000 5.80810000e+05
11825.000000 5.82698000e+05
11875.000000 5.74729000e+05
11925.000000 5.88067000e+05
11975.000000 5.65276000e+05
12025.000000 5.80489000e+05
12075.000000 5.76286000e+05
12125.000000 5.80153000e+05
12175.000000 5.80963000e+05
12225.000000 5.79069000e+05
12275.000000 5.74837000e+05
12325.000000 5.70083000e+05
12375.000000 5.71537000e+05
12425.000000 5.60382000e+05
12475.000000 5.60789000e+05
12525.000000 5.58026000e+05
12575.000000 5.55122000e+05
12625.000000 5.53948000e+05
12675.000000 5.50289000e+05
12725.000000 5.50929000e+05
12775.000000 5.54912000e+05
12825.000000 5.34858000e+05
12875.000000 5.46689000e+05
12925.000000 5.37146000e+05
12975.000000 5.50849000e+05
13025.000000 5.42386000e+05
13075.000000 5.48317000e+05
13125.000000 5.32163000e+05
13175.000000 5.38245000e+05
13225.000000 5.43488000e+05
13275.000000 5.34549000e+05
13325.000000 5.40284000e+05
13375.000000 5.36757000e+05
13425.000000 5.39936000e+05
13475.000000 5.39007000e+05
13525.000000 5.38324000e+05
13575.000000 5.33323000e+05
13625.000000 5.29295000e+05
13675.000000 5.35504000e+05
13725.000000 5.39329000e+05
13775.000000 5.35917000e+05
13825.000000 5.39656000e+05
13875.000000 5.30451000e+05
13925.000000 4.92473000e+05
13975.000000 5.13010000e+05
14025.000000 5.14128000e+05
14075.000000 5.15635000e+05
14125.000000 5.02323000e+05
14175.000000 5.06698000e+05
14225.000000 5.07126000e+05
14275.000000 4.92802000e+05
14325.000000 5.07855000e+05
14375.000000 5.03380000e+05
14425.000000 4.99571000e+05
14475.000000 5.12685000e+05
14525.000000 5.00965000e+05
14570.000000 5.01105000e+05
14620.000000 4.74101000e+05
14675.000000 4.81155000e+05
14725.000000 4.84287000e+05
14775.000000 4.89246000e+05
14825.000000 4.97505000e+05
14875.000000 4.92225000e+05
14925.000000 5.09329000e+05
14975.000000 5.12149000e+05
15025.000000 4.88604000e+05
15075.000000 4.92894000e+05
15125.000000 4.95997000e+05
15175.000000 5.04644000e+05
15225.000000 5.11801000e+05
15275.000000 5.03903000e+05
15325.000000 5.15506000e+05
15375.000000 5.03457000e+05
15425.000000 4.97523000e+05
15475.000000 5.22283000e+05
15525.000000 5.06592000e+05
15575.000000 4.91729000e+05
15625.000000 5.13585000e+05
15675.000000 5.11157000e+05
15725.000000 5.17586000e+05
15775.000000 4.75055000e+05
15825.000000 4.97240000e+05
15875.000000 4.93066000e+05
15925.000000 5.06464000e+05
15975.000000 5.02177000e+05
16050.000000 4.98562000e+05
16150.000000 5.10144000e+05
16250.000000 4.90560000e+05
16350.000000 5.12439000e+05
16450.000000 4.83688000e+05
16550.000000 5.09357000e+05
16650.000000 4.75997000e+05
16750.000000 4.86215000e+05
16850.000000 4.68015000e+05
16950.000000 4.78480000e+05
17050.000000 4.60858000e+05
17150.000000 4.53872000e+05
17250.000000 4.47537000e+05
17350.000000 4.31454000e+05
17450.000000 4.39403000e+05
17550.000000 4.22215000e+05
17650.000000 4.22269000e+05
17750.000000 4.11881000e+05
17850.000000 4.06782000e+05
17950.000000 4.06098000e+05
18050.000000 3.84335000e+05
18150.000000 3.90130000e+05
18250.000000 3.72858000e+05
18350.000000 3.70707000e+05
18450.000000 3.59362000e+05
18550.000000 3.56538000e+05
18650.000000 3.50028000e+05
18750.000000 3.44536000e+05
18850.000000 3.39745000e+05
18950.000000 3.26213000e+05
19050.000000 3.31154000e+05
19150.000000 3.24325000e+05
19250.000000 3.24970000e+05
19350.000000 3.07473000e+05
19450.000000 3.03782000e+05
19550.000000 3.04220000e+05
19650.000000 2.97366000e+05
19750.000000 2.80551000e+05
19850.000000 2.81976000e+05
19950.000000 2.78087000e+05
20050.000000 2.81430000e+05
20150.000000 2.75786000e+05
20250.000000 2.64828000e+05
20350.000000 2.65561000e+05
20450.000000 2.64484000e+05
20550.000000 2.54369000e+05
20650.000000 2.51982000e+05
20750.000000 2.49253000e+05
20850.000000 2.42734000e+05
20950.000000 2.37821000e+05
21050.000000 2.37837000e+05
21150.000000 2.34372000e+05
21250.000000 2.29635000e+05
21350.000000 2.28638000e+05
21450.000000 2.24915000e+05
21550.000000 2.20269000e+05
21650.000000 2.18914000e+05
21750.000000 2.12318000e+05
21850.000000 2.10656000e+05
21950.000000 2.08631000e+05
22050.000000 2.00095000e+05
22150.000000 2.05763000e+05
22250.000000 1.95745000e+05
22350.000000 1.94623000e+05
22450.000000 1.92415000e+05
22550.000000 1.92009000e+05
22650.000000 1.84119000e+05
22750.000000 1.86988000e+05
22850.000000 1.81690000e+05
22950.000000 1.51063000e+05
23050.000000 1.63795000e+05
23150.000000 1.61961000e+05
23250.000000 1.36952000e+05
23350.000000 1.48060000e+05
23450.000000 1.43189000e+05
23550.000000 1.22019000e+05
23650.000000 1.37188000e+05
23750.000000 1.31427000e+05
23850.000000 1.15008000e+05
23950.000000 1.26784000e+05
24050.000000 1.24176000e+05
24150.000000 1.10715000e+05
24250.000000 1.19259000e+05
24350.000000 1.18282000e+05
24450.000000 1.09004000e+05
24550.000000 1.09343000e+05
24650.000000 1.13573000e+05
24750.000000 1.08266000e+05
24850.000000 1.02101000e+05
24950.000000 1.06137000e+05
25050.000000 1.07303000e+05
25150.000000 9.83929000e+04
25250.000000 9.73019000e+04
25350.000000 1.00118000e+05
25450.000000 9.93382000e+04
25550.000000 9.84294000e+04
25650.000000 9.79326000e+04
25750.000000 9.88495000e+04
25850.000000 9.36098000e+04
25950.000000 9.52617000e+04
26050.000000 9.59196000e+04
26150.000000 9.60964000e+04
26250.000000 9.30913000e+04
26350.000000 9.40301000e+04
26450.000000 9.35251000e+04
26550.000000 8.72476000e+04
26650.000000 8.82119000e+04
26750.000000 9.12759000e+04
26850.000000 9.00956000e+04
26950.000000 8.63160000e+04
27050.000000 8.78929000e+04
27150.000000 8.64034000e+04
27250.000000 8.67648000e+04
27350.000000 8.33464000e+04
27450.000000 8.39401000e+04
27550.000000 8.36297000e+04
27650.000000 8.17397000e+04
27750.000000 8.05646000e+04
27850.000000 7.98803000e+04
27950.000000 7.64018000e+04
28050.000000 7.41726000e+04
28150.000000 7.52154000e+04
28250.000000 7.45517000e+04
28350.000000 7.54938000e+04
28450.000000 7.55598000e+04
28550.000000 7.27112000e+04
28650.000000 7.36502000e+04
28750.000000 7.30978000e+04
28850.000000 7.14060000e+04
28950.000000 7.16283000e+04
29050.000000 6.97655000e+04
29150.000000 7.06931000e+04
29250.000000 6.65514000e+04
29350.000000 6.82941000e+04
29450.000000 6.33875000e+04
29550.000000 6.62295000e+04
29650.000000 6.37908000e+04
29750.000000 6.50057000e+04
29850.000000 6.36196000e+04
29950.000000 6.42538000e+04
30050.000000 6.13946000e+04
30150.000000 6.35451000e+04
30250.000000 6.14624000e+04
30350.000000 6.20110000e+04
30450.000000 5.95078000e+04
30550.000000 6.08505000e+04
30650.000000 5.99689000e+04
30750.000000 5.90815000e+04
30850.000000 5.76342000e+04
30950.000000 5.67157000e+04
31050.000000 5.78124000e+04
31150.000000 5.54501000e+04
31250.000000 5.62801000e+04
31350.000000 5.39323000e+04
31450.000000 5.46906000e+04
31550.000000 5.43671000e+04
31650.000000 5.41445000e+04
31750.000000 5.31014000e+04
31850.000000 5.27239000e+04
31950.000000 5.20806000e+04
32100.000000 5.23153000e+04
32300.000000 5.00228000e+04
32500.000000 4.99869000e+04
32700.000000 4.87537000e+04
32900.000000 4.74214000e+04
33100.000000 4.68672000e+04
33300.000000 4.53445000e+04
33500.000000 4.49222000e+04
33700.000000 4.43541000e+04
33900.000000 4.26128000e+04
34100.000000 4.22570000e+04
34300.000000 4.20154000e+04
34500.000000 4.01813000e+04
34700.000000 4.01950000e+04
34900.000000 3.94264000e+04
35100.000000 3.81466000e+04
35300.000000 3.74737000e+04
35500.000000 3.70018000e+04
35700.000000 3.57726000e+04
35900.000000 3.51471000e+04
36100.000000 3.50999000e+04
36300.000000 3.38908000e+04
36500.000000 3.32941000e+04
36700.000000 3.28260000e+04
36900.000000 3.19980000e+04
37100.000000 3.09751000e+04
37300.000000 3.07494000e+04
37500.000000 3.03044000e+04
37700.000000 2.93079000e+04
37900.000000 2.92931000e+04
38100.000000 2.84362000e+04
38300.000000 2.79910000e+04
38500.000000 2.74824000e+04
38700.000000 2.70557000e+04
38900.000000 2.63948000e+04
39100.000000 2.59505000e+04
39300.000000 2.54748000e+04
39500.000000 2.50992000e+04
39700.000000 2.45768000e+04
39900.000000 2.34920000e+04
40100.000000 2.22897000e+04
40300.000000 2.24394000e+04
40500.000000 2.03885000e+04
40700.000000 2.08025000e+04
40900.000000 1.93221000e+04
41100.000000 1.98783000e+04
41300.000000 1.84348000e+04
41500.000000 1.88602000e+04
41700.000000 1.76433000e+04
41900.000000 1.80855000e+04
42100.000000 1.71942000e+04
42300.000000 1.72126000e+04
42500.000000 1.66554000e+04
42700.000000 1.65594000e+04
42900.000000 1.57446000e+04
43100.000000 1.45730000e+04
43300.000000 1.50904000e+04
43500.000000 1.37191000e+04
43700.000000 1.35960000e+04
43900.000000 1.31376000e+04
44100.000000 1.24393000e+04
44300.000000 1.23328000e+04
44500.000000 1.20063000e+04
44700.000000 1.15156000e+04
44900.000000 1.14973000e+04
45100.000000 1.12027000e+04
45300.000000 1.07756000e+04
45500.000000 1.09522000e+04
45700.000000 1.07299000e+04
45900.000000 1.02202000e+04
46100.000000 1.04295000e+04
46300.000000 1.01869000e+04
46500.000000 1.01437000e+04
46700.000000 1.01313000e+04
46900.000000 9.90529000e+03
47100.000000 9.73304000e+03
47300.000000 9.83529000e+03
47500.000000 9.66097000e+03
47700.000000 9.51489000e+03
47900.000000 9.43560000e+03
48100.000000 9.15213000e+03
48300.000000 9.36926000e+03
48500.000000 9.16114000e+03
48700.000000 8.90513000e+03
48900.000000 8.83338000e+03
49100.000000 8.79485000e+03
49300.000000 8.62397000e+03
49500.000000 8.46432000e+03
49700.000000 8.51408000e+03
49900.000000 8.39074000e+03
50100.000000 8.08704000e+03
50300.000000 8.20779000e+03
50500.000000 7.99977000e+03
50700.000000 7.97151000e+03
50900.000000 7.85257000e+03
51100.000000 7.71678000e+03
51300.000000 7.66918000e+03
51500.000000 7.56925000e+03
51700.000000 7.52179000e+03
51900.000000 7.42855000e+03
52100.000000 7.34109000e+03
52300.000000 7.24607000e+03
52500.000000 7.18687000e+03
52700.000000 7.27228000e+03
52900.000000 6.97197000e+03
53100.000000 6.90512000e+03
53300.000000 6.83497000e+03
53500.000000 6.78791000e+03
53700.000000 6.71588000e+03
53900.000000 6.67729000e+03
54100.000000 6.60304000e+03
54300.000000 6.40896000e+03
54500.000000 6.50431000e+03
54700.000000 6.32564000e+03
54900.000000 6.32951000e+03
55100.000000 6.18921000e+03
55300.000000 6.30726000e+03
55500.000000 6.06803000e+03
55700.000000 6.10905000e+03
55900.000000 6.01224000e+03
56100.000000 5.98884000e+03
56300.000000 5.83762000e+03
56500.000000 5.86127000e+03
56700.000000 5.76773000e+03
56900.000000 5.62090000e+03
57100.000000 5.67611000e+03
57300.000000 5.59273000e+03
57500.000000 5.56118000e+03
57700.000000 5.47166000e+03
57900.000000 5.45101000e+03
58100.000000 5.38788000e+03
58300.000000 5.30664000e+03
58500.000000 5.26458000e+03
58700.000000 5.17322000e+03
58900.000000 5.13511000e+03
59100.000000 5.08035000e+03
59300.000000 5.05321000e+03
59500.000000 4.97131000e+03
59700.000000 4.94915000e+03
59900.000000 4.90482000e+03
60100.000000 4.86305000e+03
60300.000000 4.77873000e+03
60500.000000 4.69480000e+03
60700.000000 4.67628000e+03
60900.000000 4.62114000e+03
61100.000000 4.54805000e+03
61300.000000 4.54579000e+03
61500.000000 4.49087000e+03
61700.000000 4.45626000e+03
61900.000000 4.40677000e+03
62100.000000 4.37266000e+03
62300.000000 4.31930000e+03
62500.000000 4.24184000e+03
62700.000000 4.19345000e+03
62900.000000 4.16730000e+03
63100.000000 4.09920000e+03
63300.000000 4.09102000e+03
63500.000000 4.01325000e+03
63700.000000 4.00972000e+03
63900.000000 3.93262000e+03
64200.000000 3.87100000e+03
64600.000000 3.73889000e+03
65000.000000 3.64790000e+03
65400.000000 3.55981000e+03
65800.000000 3.44801000e+03
66200.000000 3.35893000e+03
66600.000000 3.30520000e+03
67000.000000 3.22582000e+03
67400.000000 3.16600000e+03
67800.000000 3.07311000e+03
68200.000000 3.00226000e+03
68600.000000 2.96983000e+03
69000.000000 2.89538000e+03
69400.000000 2.82831000e+03
69800.000000 2.79545000e+03
70200.000000 2.71361000e+03
70600.000000 2.66125000e+03
71000.000000 2.60475000e+03
71400.000000 2.55769000e+03
71800.000000 2.51217000e+03
72200.000000 2.44466000e+03
72600.000000 2.39907000e+03
73000.000000 2.35977000e+03
73400.000000 2.29923000e+03
73800.000000 2.26324000e+03
74200.000000 2.20202000e+03
74600.000000 2.16994000e+03
75000.000000 2.12643000e+03
75400.000000 2.05085000e+03
75800.000000 1.94002000e+03
76200.000000 1.85359000e+03
76600.000000 1.78202000e+03
77000.000000 1.74030000e+03
77400.000000 1.66079000e+03
77800.000000 1.61488000e+03
78200.000000 1.56760000e+03
78600.000000 1.51998000e+03
79000.000000 1.49400000e+03
79400.000000 1.44696000e+03
79800.000000 1.42059000e+03
80200.000000 1.39486000e+03
80600.000000 1.36238000e+03
81000.000000 1.33920000e+03
81400.000000 1.32135000e+03
81800.000000 1.29483000e+03
82200.000000 1.27512000e+03
82600.000000 1.26159000e+03
83000.000000 1.22479000e+03
83400.000000 1.21849000e+03
83800.000000 1.18773000e+03
84200.000000 1.17807000e+03
84600.000000 1.14969000e+03
85000.000000 1.14687000e+03
85400.000000 1.12128000e+03
85800.000000 1.10271000e+03
86200.000000 1.09123000e+03
86600.000000 1.06259000e+03
87000.000000 1.06115000e+03
87400.000000 1.04219000e+03
87800.000000 1.02084000e+03
88200.000000 1.00153000e+03
88600.000000 9.86988000e+02
89000.000000 9.75568000e+02
89400.000000 9.66386000e+02
89800.000000 9.45556000e+02
90200.000000 9.36170000e+02
90600.000000 9.30216000e+02
91000.000000 9.10547000e+02
91400.000000 8.93846000e+02
91800.000000 8.84956000e+02
92200.000000 8.60099000e+02
92600.000000 8.59582000e+02
93000.000000 8.48414000e+02
93400.000000 8.35678000e+02
93800.000000 8.13109000e+02
94200.000000 8.05242000e+02
94600.000000 7.89733000e+02
95000.000000 7.87438000e+02
95400.000000 7.76336000e+02
95800.000000 7.61616000e+02
96200.000000 7.50736000e+02
96600.000000 7.37023000e+02
97000.000000 7.32558000e+02
97400.000000 7.19723000e+02
97800.000000 7.09279000e+02
98200.000000 7.00075000e+02
98600.000000 6.93438000e+02
99000.000000 6.78044000e+02
99400.000000 6.68594000e+02
99800.000000 6.63699000e+02
100200.000000 6.53608000e+02
200000.000000 4.47215000e+01
400000.000000 2.87986000e+00
600000.000000 5.70609000e-01
800000.000000 1.80189000e-01
1000000.000000 7.35640000e-02
1200000.000000 3.53498000e-02
1400000.000000 1.90102000e-02
1600000.000000 1.11057000e-02
