# Kurucz ODFNEW /NOVER, alpha: 0.0 (2003)
# teff = 9000 K (value for the effective temperature for the model. Temperatures are given in K)
# logg = 4.5 log(cm/s2) (value for Log(G) for the model.)
# lh = 1.25  (l/Hp where l is the  mixing length of the convective element and Hp is the pressure scale height)
# meta = -1.5  (value for the Metallicity for the model.)
# vtur = 2 km/s (Microturbulence velocity)
# alpha = 0  (Alpha)
#
# column 1: WAVELENGTH (ANGSTROM), Wavelength in Angstrom
# column 2: FLUX (ERG/CM2/S/A), Flux in erg/cm2/s/A
273.500000 5.18894000e-24
278.500000 8.50822000e-23
284.000000 4.39706000e-22
290.000000 2.26826000e-21
296.000000 1.08870000e-20
301.000000 3.82917000e-20
308.000000 2.07518000e-19
318.000000 2.03222000e-18
328.000000 1.72488000e-17
338.000000 1.28507000e-16
348.000000 8.50024000e-16
357.000000 4.23879000e-15
366.000000 1.94782000e-14
375.000000 8.29649000e-14
385.000000 3.82308000e-13
395.000000 1.62559000e-12
405.000000 6.41606000e-12
414.000000 2.08101000e-11
422.000000 5.66774000e-11
430.000000 1.48465000e-10
441.000000 5.25710000e-10
451.000000 1.56894000e-09
460.000000 4.02242000e-09
470.000000 1.09526000e-08
480.000000 2.85409000e-08
490.000000 7.13762000e-08
500.000000 1.71743000e-07
506.000000 2.87142000e-07
512.000000 4.72564000e-07
520.000000 8.98619000e-07
530.000000 1.94977000e-06
540.000000 4.10320000e-06
550.000000 8.39241000e-06
560.000000 1.67054000e-05
570.000000 3.24087000e-05
580.000000 6.13596000e-05
590.000000 1.13538000e-04
600.000000 2.05537000e-04
610.000000 3.64418000e-04
620.000000 6.33472000e-04
630.000000 1.08064000e-03
640.000000 1.81080000e-03
650.000000 2.98298000e-03
658.000000 4.39505000e-03
665.000000 6.11874000e-03
675.000000 9.69140000e-03
685.000000 1.51278000e-02
695.000000 2.32905000e-02
705.000000 3.53858000e-02
716.000000 5.52430000e-02
726.000000 8.17749000e-02
735.000000 1.15245000e-01
745.000000 1.66955000e-01
755.000000 2.39285000e-01
765.000000 3.39441000e-01
775.000000 4.76807000e-01
785.000000 6.63437000e-01
795.000000 9.14725000e-01
805.000000 1.25025000e+00
815.000000 1.69448000e+00
825.000000 2.27806000e+00
835.000000 3.03869000e+00
845.000000 4.02290000e+00
855.000000 5.28743000e+00
865.000000 6.90094000e+00
875.000000 8.94654000e+00
885.000000 1.15228000e+01
895.000000 1.47484000e+01
905.000000 1.87628000e+01
915.000000 4.68378000e+01
925.000000 2.73297000e+02
935.000000 5.05782000e+02
945.000000 9.78794000e+02
955.000000 1.50076000e+03
965.000000 2.05128000e+03
975.000000 1.49963000e+03
985.000000 3.38772000e+03
995.000000 4.05944000e+03
1005.000000 4.86827000e+03
1015.000000 4.75709000e+03
1025.000000 2.76911000e+03
1035.000000 6.21174000e+03
1045.000000 8.79050000e+03
1055.000000 1.03878000e+04
1065.000000 1.18882000e+04
1075.000000 1.39774000e+04
1085.000000 1.60958000e+04
1095.000000 1.79139000e+04
1105.000000 4.00263000e+04
1115.000000 6.90020000e+05
1125.000000 8.73432000e+05
1135.000000 9.51310000e+05
1145.000000 5.12066000e+05
1155.000000 2.17358000e+05
1165.000000 9.55463000e+04
1175.000000 6.75514000e+04
1185.000000 6.85945000e+04
1195.000000 3.99120000e+04
1205.000000 2.80129000e+04
1215.000000 8.69127000e+03
1225.000000 3.05425000e+04
1235.000000 6.07075000e+04
1245.000000 8.32632000e+04
1255.000000 1.26945000e+05
1265.000000 1.87314000e+05
1275.000000 4.66710000e+05
1285.000000 2.11987000e+06
1295.000000 4.00895000e+06
1305.000000 6.15699000e+06
1315.000000 9.50568000e+06
1325.000000 1.32424000e+07
1335.000000 1.65387000e+07
1345.000000 2.09479000e+07
1355.000000 2.14093000e+07
1365.000000 2.31591000e+07
1375.000000 2.10102000e+07
1385.000000 1.66810000e+07
1395.000000 1.53617000e+07
1405.000000 2.58211000e+07
1415.000000 4.00978000e+07
1425.000000 4.38764000e+07
1435.000000 4.17559000e+07
1442.000000 4.82868000e+07
1447.000000 4.67626000e+07
1455.000000 5.08161000e+07
1465.000000 4.67334000e+07
1475.000000 4.81885000e+07
1485.000000 4.89442000e+07
1495.000000 5.04154000e+07
1505.000000 5.24122000e+07
1512.000000 5.11090000e+07
1517.000000 5.04944000e+07
1525.000000 5.04552000e+07
1535.000000 4.99247000e+07
1545.000000 4.88544000e+07
1555.000000 4.35540000e+07
1565.000000 3.49977000e+07
1575.000000 3.96013000e+07
1585.000000 3.94721000e+07
1595.000000 3.95740000e+07
1605.000000 3.81347000e+07
1615.000000 4.45941000e+07
1625.000000 4.83098000e+07
1635.000000 5.55182000e+07
1645.000000 6.51558000e+07
1655.000000 5.62407000e+07
1665.000000 6.96771000e+07
1672.000000 6.14527000e+07
1677.000000 6.75596000e+07
1685.000000 7.21289000e+07
1695.000000 6.74868000e+07
1705.000000 6.79235000e+07
1715.000000 7.11210000e+07
1725.000000 6.97404000e+07
1735.000000 7.23004000e+07
1745.000000 7.03396000e+07
1755.000000 7.27363000e+07
1765.000000 6.66636000e+07
1775.000000 7.11028000e+07
1785.000000 7.02954000e+07
1795.000000 7.31939000e+07
1805.000000 7.05478000e+07
1815.000000 6.99223000e+07
1825.000000 6.78155000e+07
1835.000000 6.83416000e+07
1845.000000 6.47419000e+07
1855.000000 6.66820000e+07
1865.000000 6.74906000e+07
1875.000000 6.79385000e+07
1885.000000 6.77731000e+07
1895.000000 6.74510000e+07
1905.000000 6.55363000e+07
1915.000000 6.64080000e+07
1925.000000 6.70587000e+07
1935.000000 6.47485000e+07
1945.000000 6.75290000e+07
1955.000000 6.70115000e+07
1967.000000 6.72830000e+07
1976.000000 6.53873000e+07
1984.000000 6.48505000e+07
1995.000000 6.45576000e+07
2005.000000 6.29931000e+07
2015.000000 6.19602000e+07
2025.000000 6.10154000e+07
2035.000000 6.30908000e+07
2045.000000 6.33212000e+07
2055.000000 6.13638000e+07
2065.000000 6.10819000e+07
2074.000000 6.27302000e+07
2078.000000 6.30918000e+07
2085.000000 6.26671000e+07
2095.000000 6.13244000e+07
2105.000000 6.08834000e+07
2115.000000 6.08497000e+07
2125.000000 6.07389000e+07
2135.000000 5.73017000e+07
2145.000000 6.01552000e+07
2155.000000 5.94863000e+07
2165.000000 5.75451000e+07
2175.000000 5.73501000e+07
2185.000000 5.75973000e+07
2195.000000 5.94092000e+07
2205.000000 5.75769000e+07
2215.000000 5.48145000e+07
2225.000000 5.52505000e+07
2235.000000 5.82701000e+07
2245.000000 5.57243000e+07
2255.000000 5.41814000e+07
2265.000000 5.34962000e+07
2275.000000 5.56742000e+07
2285.000000 5.62595000e+07
2295.000000 5.41466000e+07
2305.000000 5.44344000e+07
2315.000000 5.37718000e+07
2325.000000 5.38399000e+07
2335.000000 5.34136000e+07
2345.000000 5.01077000e+07
2355.000000 5.31766000e+07
2365.000000 5.04021000e+07
2375.000000 5.19889000e+07
2385.000000 4.82172000e+07
2395.000000 5.10500000e+07
2405.000000 5.00213000e+07
2415.000000 5.03578000e+07
2425.000000 5.14847000e+07
2435.000000 4.98167000e+07
2445.000000 5.11299000e+07
2455.000000 5.04729000e+07
2465.000000 4.95620000e+07
2475.000000 4.83745000e+07
2485.000000 4.96356000e+07
2495.000000 4.86036000e+07
2505.000000 5.08820000e+07
2513.000000 4.88453000e+07
2518.000000 4.85891000e+07
2525.000000 4.66466000e+07
2535.000000 4.64963000e+07
2545.000000 4.64625000e+07
2555.000000 4.85886000e+07
2565.000000 4.83605000e+07
2575.000000 4.98020000e+07
2585.000000 4.99722000e+07
2595.000000 4.97914000e+07
2605.000000 4.85649000e+07
2615.000000 4.82063000e+07
2625.000000 4.86735000e+07
2635.000000 4.89673000e+07
2645.000000 5.14512000e+07
2655.000000 5.10820000e+07
2665.000000 4.93976000e+07
2675.000000 5.00898000e+07
2685.000000 5.05149000e+07
2695.000000 4.92926000e+07
2705.000000 4.92944000e+07
2715.000000 4.80401000e+07
2725.000000 4.80063000e+07
2735.000000 4.91481000e+07
2745.000000 4.59458000e+07
2755.000000 4.61857000e+07
2765.000000 4.74576000e+07
2775.000000 4.85956000e+07
2785.000000 4.80447000e+07
2795.000000 4.31622000e+07
2805.000000 4.56287000e+07
2815.000000 4.90105000e+07
2825.000000 4.86406000e+07
2835.000000 4.77308000e+07
2845.000000 4.70329000e+07
2855.000000 4.60671000e+07
2865.000000 4.69751000e+07
2875.000000 4.66125000e+07
2885.000000 4.71770000e+07
2895.000000 4.72158000e+07
2910.000000 4.81628000e+07
2930.000000 4.70073000e+07
2950.000000 4.67010000e+07
2970.000000 4.66465000e+07
2990.000000 4.65133000e+07
3010.000000 4.66457000e+07
3030.000000 4.64546000e+07
3050.000000 4.61795000e+07
3070.000000 4.57956000e+07
3090.000000 4.57768000e+07
3110.000000 4.54509000e+07
3130.000000 4.50988000e+07
3150.000000 4.50215000e+07
3170.000000 4.48451000e+07
3190.000000 4.39291000e+07
3210.000000 4.41439000e+07
3230.000000 4.36531000e+07
3250.000000 4.37416000e+07
3270.000000 4.38071000e+07
3290.000000 4.36973000e+07
3310.000000 4.35491000e+07
3330.000000 4.30581000e+07
3350.000000 4.25421000e+07
3370.000000 4.24500000e+07
3390.000000 4.21735000e+07
3410.000000 4.22699000e+07
3430.000000 4.20314000e+07
3450.000000 4.18113000e+07
3470.000000 4.15623000e+07
3490.000000 4.13935000e+07
3510.000000 4.12931000e+07
3530.000000 4.11138000e+07
3550.000000 4.09238000e+07
3570.000000 4.05346000e+07
3590.000000 4.03473000e+07
3610.000000 4.01385000e+07
3630.000000 3.99690000e+07
3640.000000 3.98691000e+07
3650.000000 4.00044000e+07
3670.000000 3.99416000e+07
3690.000000 3.87572000e+07
3710.000000 3.86826000e+07
3730.000000 3.82825000e+07
3750.000000 4.61318000e+07
3770.000000 4.84533000e+07
3790.000000 5.83003000e+07
3810.000000 6.87327000e+07
3830.000000 5.52064000e+07
3850.000000 7.74910000e+07
3870.000000 8.92641000e+07
3890.000000 4.82834000e+07
3910.000000 9.02045000e+07
3930.000000 1.01265000e+08
3950.000000 9.01326000e+07
3970.000000 4.67491000e+07
3990.000000 8.50428000e+07
4010.000000 1.03085000e+08
4030.000000 1.05543000e+08
4050.000000 1.03477000e+08
4070.000000 9.51574000e+07
4090.000000 6.73979000e+07
4110.000000 5.13015000e+07
4130.000000 8.83090000e+07
4150.000000 9.70058000e+07
4170.000000 9.83805000e+07
4190.000000 9.79049000e+07
4210.000000 9.68897000e+07
4230.000000 9.53125000e+07
4250.000000 9.41422000e+07
4270.000000 9.20888000e+07
4290.000000 8.91770000e+07
4310.000000 8.11396000e+07
4330.000000 5.63017000e+07
4350.000000 4.79769000e+07
4370.000000 7.67923000e+07
4390.000000 8.32819000e+07
4410.000000 8.45370000e+07
4430.000000 8.44454000e+07
4450.000000 8.38802000e+07
4470.000000 8.30068000e+07
4490.000000 8.17028000e+07
4510.000000 8.12039000e+07
4530.000000 8.02351000e+07
4550.000000 7.91819000e+07
4570.000000 7.85571000e+07
4590.000000 7.75378000e+07
4610.000000 7.67920000e+07
4630.000000 7.57698000e+07
4650.000000 7.49277000e+07
4670.000000 7.39919000e+07
4690.000000 7.29546000e+07
4710.000000 7.15620000e+07
4730.000000 7.12426000e+07
4750.000000 7.02683000e+07
4770.000000 6.91438000e+07
4790.000000 6.77171000e+07
4810.000000 6.53916000e+07
4830.000000 6.01536000e+07
4850.000000 4.46998000e+07
4870.000000 3.64881000e+07
4890.000000 5.60066000e+07
4910.000000 6.12191000e+07
4930.000000 6.21959000e+07
4950.000000 6.23647000e+07
4970.000000 6.20452000e+07
4990.000000 6.14883000e+07
5010.000000 6.07703000e+07
5030.000000 6.03029000e+07
5050.000000 5.96947000e+07
5070.000000 5.91426000e+07
5090.000000 5.85028000e+07
5110.000000 5.78841000e+07
5130.000000 5.72418000e+07
5150.000000 5.66135000e+07
5170.000000 5.56041000e+07
5190.000000 5.51959000e+07
5210.000000 5.48118000e+07
5230.000000 5.41551000e+07
5250.000000 5.36996000e+07
5270.000000 5.30052000e+07
5290.000000 5.25661000e+07
5310.000000 5.19798000e+07
5330.000000 5.14167000e+07
5350.000000 5.09422000e+07
5370.000000 5.03819000e+07
5390.000000 4.98751000e+07
5410.000000 4.93268000e+07
5430.000000 4.88504000e+07
5450.000000 4.83556000e+07
5470.000000 4.78666000e+07
5490.000000 4.73898000e+07
5510.000000 4.69111000e+07
5530.000000 4.64159000e+07
5550.000000 4.59695000e+07
5570.000000 4.54942000e+07
5590.000000 4.50306000e+07
5610.000000 4.45868000e+07
5630.000000 4.41518000e+07
5650.000000 4.37111000e+07
5670.000000 4.32720000e+07
5690.000000 4.28485000e+07
5710.000000 4.24253000e+07
5730.000000 4.20114000e+07
5750.000000 4.15955000e+07
5770.000000 4.11888000e+07
5790.000000 4.07868000e+07
5810.000000 4.03915000e+07
5830.000000 3.99985000e+07
5850.000000 3.96087000e+07
5870.000000 3.92136000e+07
5890.000000 3.87468000e+07
5910.000000 3.84753000e+07
5930.000000 3.81080000e+07
5950.000000 3.77416000e+07
5970.000000 3.73834000e+07
5990.000000 3.70250000e+07
6010.000000 3.66737000e+07
6030.000000 3.63292000e+07
6050.000000 3.59876000e+07
6070.000000 3.56516000e+07
6090.000000 3.53163000e+07
6110.000000 3.49845000e+07
6130.000000 3.46513000e+07
6150.000000 3.43128000e+07
6170.000000 3.40076000e+07
6190.000000 3.37036000e+07
6210.000000 3.33941000e+07
6230.000000 3.30820000e+07
6250.000000 3.27616000e+07
6270.000000 3.24820000e+07
6290.000000 3.21853000e+07
6310.000000 3.18851000e+07
6330.000000 3.15984000e+07
6350.000000 3.12847000e+07
6370.000000 3.10125000e+07
6390.000000 3.06968000e+07
6410.000000 3.03836000e+07
6430.000000 3.00819000e+07
6450.000000 2.97426000e+07
6470.000000 2.93988000e+07
6490.000000 2.89487000e+07
6510.000000 2.82786000e+07
6530.000000 2.68820000e+07
6550.000000 2.27412000e+07
6570.000000 1.84913000e+07
6590.000000 2.50545000e+07
6610.000000 2.67276000e+07
6630.000000 2.70997000e+07
6650.000000 2.71005000e+07
6670.000000 2.69729000e+07
6690.000000 2.67984000e+07
6710.000000 2.65996000e+07
6730.000000 2.63993000e+07
6750.000000 2.62059000e+07
6770.000000 2.59913000e+07
6790.000000 2.57673000e+07
6810.000000 2.55463000e+07
6830.000000 2.53251000e+07
6850.000000 2.51091000e+07
6870.000000 2.48961000e+07
6890.000000 2.46843000e+07
6910.000000 2.44754000e+07
6930.000000 2.42676000e+07
6950.000000 2.40626000e+07
6970.000000 2.38596000e+07
6990.000000 2.36593000e+07
7010.000000 2.34585000e+07
7030.000000 2.32620000e+07
7050.000000 2.30695000e+07
7070.000000 2.28766000e+07
7090.000000 2.26871000e+07
7110.000000 2.24776000e+07
7130.000000 2.23087000e+07
7150.000000 2.21251000e+07
7170.000000 2.19440000e+07
7190.000000 2.17623000e+07
7210.000000 2.15838000e+07
7230.000000 2.14076000e+07
7250.000000 2.12316000e+07
7270.000000 2.10601000e+07
7290.000000 2.08865000e+07
7310.000000 2.07174000e+07
7330.000000 2.05491000e+07
7350.000000 2.03844000e+07
7370.000000 2.02198000e+07
7390.000000 2.00561000e+07
7410.000000 1.98924000e+07
7430.000000 1.97315000e+07
7450.000000 1.95755000e+07
7470.000000 1.94141000e+07
7490.000000 1.92608000e+07
7510.000000 1.91110000e+07
7530.000000 1.89598000e+07
7550.000000 1.88105000e+07
7570.000000 1.86613000e+07
7590.000000 1.85140000e+07
7610.000000 1.83681000e+07
7630.000000 1.82240000e+07
7650.000000 1.80799000e+07
7670.000000 1.79377000e+07
7690.000000 1.77980000e+07
7710.000000 1.76583000e+07
7730.000000 1.75223000e+07
7750.000000 1.73862000e+07
7770.000000 1.71533000e+07
7790.000000 1.71181000e+07
7810.000000 1.69860000e+07
7830.000000 1.68533000e+07
7850.000000 1.67223000e+07
7870.000000 1.65893000e+07
7890.000000 1.64593000e+07
7910.000000 1.63413000e+07
7930.000000 1.62164000e+07
7950.000000 1.60908000e+07
7970.000000 1.59728000e+07
7990.000000 1.58416000e+07
8010.000000 1.57303000e+07
8030.000000 1.56117000e+07
8050.000000 1.54941000e+07
8070.000000 1.53769000e+07
8090.000000 1.52613000e+07
8110.000000 1.51477000e+07
8130.000000 1.50345000e+07
8150.000000 1.49223000e+07
8170.000000 1.48109000e+07
8190.000000 1.46898000e+07
8210.000000 1.46144000e+07
8230.000000 1.45112000e+07
8250.000000 1.44088000e+07
8270.000000 1.43233000e+07
8290.000000 1.42257000e+07
8310.000000 1.41295000e+07
8330.000000 1.40151000e+07
8350.000000 1.39345000e+07
8370.000000 1.38346000e+07
8390.000000 1.37259000e+07
8410.000000 1.36165000e+07
8430.000000 1.35064000e+07
8450.000000 1.33845000e+07
8470.000000 1.32037000e+07
8490.000000 1.32278000e+07
8510.000000 1.28307000e+07
8530.000000 1.30870000e+07
8550.000000 1.23033000e+07
8570.000000 1.30477000e+07
8590.000000 1.23406000e+07
8610.000000 1.21081000e+07
8630.000000 1.29853000e+07
8650.000000 1.24560000e+07
8670.000000 1.08174000e+07
8690.000000 1.26345000e+07
8710.000000 1.29802000e+07
8730.000000 1.24141000e+07
8750.000000 1.00714000e+07
8770.000000 1.17878000e+07
8790.000000 1.28065000e+07
8810.000000 1.29377000e+07
8830.000000 1.25549000e+07
8850.000000 1.10812000e+07
8870.000000 9.52251000e+06
8890.000000 1.18135000e+07
8910.000000 1.25331000e+07
8930.000000 1.27085000e+07
8950.000000 1.26532000e+07
8970.000000 1.23262000e+07
8990.000000 1.15149000e+07
9010.000000 9.22935000e+06
9030.000000 1.00030000e+07
9050.000000 1.15564000e+07
9070.000000 1.19909000e+07
9090.000000 1.20772000e+07
9110.000000 1.21559000e+07
9130.000000 1.21099000e+07
9150.000000 1.19743000e+07
9170.000000 1.17384000e+07
9190.000000 1.12877000e+07
9210.000000 1.02683000e+07
9230.000000 8.12910000e+06
9250.000000 9.88071000e+06
9270.000000 1.08719000e+07
9290.000000 1.12424000e+07
9310.000000 1.13419000e+07
9330.000000 1.13457000e+07
9350.000000 1.13072000e+07
9370.000000 1.12474000e+07
9390.000000 1.11709000e+07
9410.000000 1.10315000e+07
9430.000000 1.09916000e+07
9450.000000 1.08776000e+07
9470.000000 1.07229000e+07
9490.000000 1.04803000e+07
9510.000000 1.00272000e+07
9530.000000 8.99504000e+06
9550.000000 7.32909000e+06
9570.000000 9.08290000e+06
9590.000000 9.84178000e+06
9610.000000 1.00958000e+07
9630.000000 1.01571000e+07
9650.000000 1.01794000e+07
9670.000000 1.01216000e+07
9690.000000 1.00995000e+07
9710.000000 1.00475000e+07
9730.000000 9.98718000e+06
9750.000000 9.92366000e+06
9770.000000 9.86137000e+06
9790.000000 9.79635000e+06
9810.000000 9.73061000e+06
9830.000000 9.66416000e+06
9850.000000 9.59467000e+06
9870.000000 9.52604000e+06
9890.000000 9.44711000e+06
9910.000000 9.37948000e+06
9930.000000 9.29589000e+06
9950.000000 9.20034000e+06
9970.000000 9.07553000e+06
9990.000000 8.88786000e+06
10025.000000 7.87978000e+06
10075.000000 7.49520000e+06
10125.000000 8.56277000e+06
10175.000000 8.58325000e+06
10225.000000 8.48186000e+06
10275.000000 8.36704000e+06
10325.000000 8.23920000e+06
10375.000000 8.10888000e+06
10425.000000 7.98067000e+06
10475.000000 7.84904000e+06
10525.000000 7.73009000e+06
10575.000000 7.60933000e+06
10625.000000 7.49050000e+06
10675.000000 7.33355000e+06
10725.000000 7.23028000e+06
10775.000000 7.11401000e+06
10825.000000 6.95939000e+06
10875.000000 6.67957000e+06
10925.000000 5.53405000e+06
10975.000000 6.04140000e+06
11025.000000 6.47643000e+06
11075.000000 6.47367000e+06
11125.000000 6.40253000e+06
11175.000000 6.32183000e+06
11225.000000 6.23424000e+06
11275.000000 6.13344000e+06
11325.000000 6.04062000e+06
11375.000000 5.96056000e+06
11425.000000 5.87243000e+06
11475.000000 5.78875000e+06
11525.000000 5.70459000e+06
11575.000000 5.62167000e+06
11625.000000 5.53662000e+06
11675.000000 5.44978000e+06
11725.000000 5.38202000e+06
11775.000000 5.28506000e+06
11825.000000 5.22294000e+06
11875.000000 5.14833000e+06
11925.000000 5.08194000e+06
11975.000000 5.00491000e+06
12025.000000 4.93863000e+06
12075.000000 4.86810000e+06
12125.000000 4.80087000e+06
12175.000000 4.73483000e+06
12225.000000 4.66895000e+06
12275.000000 4.60349000e+06
12325.000000 4.54018000e+06
12375.000000 4.47823000e+06
12425.000000 4.41712000e+06
12475.000000 4.35588000e+06
12525.000000 4.29644000e+06
12575.000000 4.23042000e+06
12625.000000 4.16507000e+06
12675.000000 4.09592000e+06
12725.000000 3.99703000e+06
12775.000000 3.75805000e+06
12825.000000 3.19765000e+06
12875.000000 3.70671000e+06
12925.000000 3.79874000e+06
12975.000000 3.78250000e+06
13025.000000 3.74419000e+06
13075.000000 3.70348000e+06
13125.000000 3.65739000e+06
13175.000000 3.60906000e+06
13225.000000 3.56287000e+06
13275.000000 3.51663000e+06
13325.000000 3.47119000e+06
13375.000000 3.42633000e+06
13425.000000 3.38225000e+06
13475.000000 3.33874000e+06
13525.000000 3.29556000e+06
13575.000000 3.25375000e+06
13625.000000 3.21266000e+06
13675.000000 3.17168000e+06
13725.000000 3.12982000e+06
13775.000000 3.09205000e+06
13825.000000 3.05317000e+06
13875.000000 3.01516000e+06
13925.000000 2.97722000e+06
13975.000000 2.94033000e+06
14025.000000 2.90389000e+06
14075.000000 2.86789000e+06
14125.000000 2.83233000e+06
14175.000000 2.79757000e+06
14225.000000 2.76305000e+06
14275.000000 2.72930000e+06
14325.000000 2.69596000e+06
14375.000000 2.66320000e+06
14425.000000 2.62558000e+06
14475.000000 2.59885000e+06
14525.000000 2.56509000e+06
14570.000000 2.53951000e+06
14620.000000 2.51054000e+06
14675.000000 2.47898000e+06
14725.000000 2.45002000e+06
14775.000000 2.42086000e+06
14825.000000 2.39342000e+06
14875.000000 2.36442000e+06
14925.000000 2.33913000e+06
14975.000000 2.31194000e+06
15025.000000 2.28373000e+06
15075.000000 2.25850000e+06
15125.000000 2.23272000e+06
15175.000000 2.20658000e+06
15225.000000 2.18122000e+06
15275.000000 2.15421000e+06
15325.000000 2.12782000e+06
15375.000000 2.10588000e+06
15425.000000 2.07309000e+06
15475.000000 2.05594000e+06
15525.000000 2.03006000e+06
15575.000000 1.98925000e+06
15625.000000 1.99721000e+06
15675.000000 1.94570000e+06
15725.000000 1.90699000e+06
15775.000000 1.93580000e+06
15825.000000 1.90734000e+06
15875.000000 1.79249000e+06
15925.000000 1.84157000e+06
15975.000000 1.86357000e+06
16050.000000 1.80056000e+06
16150.000000 1.70438000e+06
16250.000000 1.77107000e+06
16350.000000 1.67153000e+06
16450.000000 1.57081000e+06
16550.000000 1.66783000e+06
16650.000000 1.63589000e+06
16750.000000 1.52041000e+06
16850.000000 1.42427000e+06
16950.000000 1.52998000e+06
17050.000000 1.50976000e+06
17150.000000 1.47632000e+06
17250.000000 1.42380000e+06
17350.000000 1.24334000e+06
17450.000000 1.33964000e+06
17550.000000 1.35352000e+06
17650.000000 1.33097000e+06
17750.000000 1.30645000e+06
17850.000000 1.27755000e+06
17950.000000 1.24851000e+06
18050.000000 1.20823000e+06
18150.000000 1.06342000e+06
18250.000000 1.12032000e+06
18350.000000 1.14522000e+06
18450.000000 1.12730000e+06
18550.000000 1.10281000e+06
18650.000000 1.06340000e+06
18750.000000 9.33319000e+05
18850.000000 1.01632000e+06
18950.000000 1.01827000e+06
19050.000000 1.00202000e+06
19150.000000 9.82652000e+05
19250.000000 9.60676000e+05
19350.000000 9.23103000e+05
19450.000000 8.14160000e+05
19550.000000 8.88137000e+05
19650.000000 8.90224000e+05
19750.000000 8.77175000e+05
19850.000000 8.62087000e+05
19950.000000 8.46055000e+05
20050.000000 8.30393000e+05
20150.000000 8.15092000e+05
20250.000000 8.00134000e+05
20350.000000 7.85512000e+05
20450.000000 7.71246000e+05
20550.000000 7.57290000e+05
20650.000000 7.43604000e+05
20750.000000 7.30303000e+05
20850.000000 7.17274000e+05
20950.000000 7.04512000e+05
21050.000000 6.92019000e+05
21150.000000 6.79738000e+05
21250.000000 6.67757000e+05
21350.000000 6.55103000e+05
21450.000000 6.41280000e+05
21550.000000 6.19718000e+05
21650.000000 5.51227000e+05
21750.000000 5.92096000e+05
21850.000000 5.97468000e+05
21950.000000 5.90191000e+05
22050.000000 5.81363000e+05
22150.000000 5.71518000e+05
22250.000000 5.62025000e+05
22350.000000 5.52625000e+05
22450.000000 5.43429000e+05
22550.000000 5.34368000e+05
22650.000000 5.25584000e+05
22750.000000 5.16941000e+05
22850.000000 5.08617000e+05
22950.000000 5.00396000e+05
23050.000000 4.92377000e+05
23150.000000 4.84484000e+05
23250.000000 4.76757000e+05
23350.000000 4.69179000e+05
23450.000000 4.61753000e+05
23550.000000 4.54471000e+05
23650.000000 4.47329000e+05
23750.000000 4.40310000e+05
23850.000000 4.33427000e+05
23950.000000 4.26676000e+05
24050.000000 4.20035000e+05
24150.000000 4.13495000e+05
24250.000000 4.07113000e+05
24350.000000 4.00802000e+05
24450.000000 3.94518000e+05
24550.000000 3.88610000e+05
24650.000000 3.82370000e+05
24750.000000 3.76605000e+05
24850.000000 3.71347000e+05
24950.000000 3.64067000e+05
25050.000000 3.60338000e+05
25150.000000 3.54953000e+05
25250.000000 3.46486000e+05
25350.000000 3.44063000e+05
25450.000000 3.40143000e+05
25550.000000 3.33544000e+05
25650.000000 3.23676000e+05
25750.000000 3.24247000e+05
25850.000000 3.20852000e+05
25950.000000 3.15603000e+05
26050.000000 3.06368000e+05
26150.000000 2.92631000e+05
26250.000000 2.71439000e+05
26350.000000 2.89925000e+05
26450.000000 2.93117000e+05
26550.000000 2.89908000e+05
26650.000000 2.82819000e+05
26750.000000 2.66878000e+05
26850.000000 2.74859000e+05
26950.000000 2.74841000e+05
27050.000000 2.71850000e+05
27150.000000 2.68328000e+05
27250.000000 2.64556000e+05
27350.000000 2.60343000e+05
27450.000000 2.54135000e+05
27550.000000 2.36743000e+05
27650.000000 2.40518000e+05
27750.000000 2.45202000e+05
27850.000000 2.43420000e+05
27950.000000 2.40659000e+05
28050.000000 2.37830000e+05
28150.000000 2.34622000e+05
28250.000000 2.31467000e+05
28350.000000 2.28066000e+05
28450.000000 2.24436000e+05
28550.000000 2.20102000e+05
28650.000000 2.10996000e+05
28750.000000 1.98095000e+05
28850.000000 2.09176000e+05
28950.000000 2.09473000e+05
29050.000000 2.07497000e+05
29150.000000 2.05300000e+05
29250.000000 2.02662000e+05
29350.000000 2.00032000e+05
29450.000000 1.97447000e+05
29550.000000 1.94905000e+05
29650.000000 1.92405000e+05
29750.000000 1.89939000e+05
29850.000000 1.87514000e+05
29950.000000 1.85130000e+05
30050.000000 1.82411000e+05
30150.000000 1.79504000e+05
30250.000000 1.75330000e+05
30350.000000 1.62876000e+05
30450.000000 1.63986000e+05
30550.000000 1.69376000e+05
30650.000000 1.68702000e+05
30750.000000 1.67132000e+05
30850.000000 1.65271000e+05
30950.000000 1.63245000e+05
31050.000000 1.61238000e+05
31150.000000 1.59261000e+05
31250.000000 1.57317000e+05
31350.000000 1.55411000e+05
31450.000000 1.53518000e+05
31550.000000 1.51668000e+05
31650.000000 1.49842000e+05
31750.000000 1.48033000e+05
31850.000000 1.46265000e+05
31950.000000 1.44517000e+05
32100.000000 1.41941000e+05
32300.000000 1.38596000e+05
32500.000000 1.35341000e+05
32700.000000 1.31457000e+05
32900.000000 1.21249000e+05
33100.000000 1.22921000e+05
33300.000000 1.22682000e+05
33500.000000 1.20141000e+05
33700.000000 1.17478000e+05
33900.000000 1.14880000e+05
34100.000000 1.12331000e+05
34300.000000 1.09856000e+05
34500.000000 1.07443000e+05
34700.000000 1.05095000e+05
34900.000000 1.02805000e+05
35100.000000 1.00579000e+05
35300.000000 9.84112000e+04
35500.000000 9.62980000e+04
35700.000000 9.42378000e+04
35900.000000 9.22495000e+04
36100.000000 9.02733000e+04
36300.000000 8.84007000e+04
36500.000000 8.64929000e+04
36700.000000 8.47473000e+04
36900.000000 8.28101000e+04
37100.000000 8.10165000e+04
37300.000000 7.69494000e+04
37500.000000 7.46574000e+04
37700.000000 7.61761000e+04
37900.000000 7.48943000e+04
38100.000000 7.31238000e+04
38300.000000 7.17124000e+04
38500.000000 7.06007000e+04
38700.000000 6.92264000e+04
38900.000000 6.76650000e+04
39100.000000 6.57572000e+04
39300.000000 6.51530000e+04
39500.000000 6.40265000e+04
39700.000000 6.27998000e+04
39900.000000 6.15092000e+04
40100.000000 5.96414000e+04
40300.000000 5.81532000e+04
40500.000000 5.50929000e+04
40700.000000 5.65837000e+04
40900.000000 5.59641000e+04
41100.000000 5.49747000e+04
41300.000000 5.39267000e+04
41500.000000 5.26492000e+04
41700.000000 5.02778000e+04
41900.000000 5.06681000e+04
42100.000000 5.01028000e+04
42300.000000 4.92953000e+04
42500.000000 4.84028000e+04
42700.000000 4.75290000e+04
42900.000000 4.66754000e+04
43100.000000 4.58417000e+04
43300.000000 4.49871000e+04
43500.000000 4.39632000e+04
43700.000000 4.17646000e+04
43900.000000 4.18365000e+04
44100.000000 4.17910000e+04
44300.000000 4.12072000e+04
44500.000000 4.04933000e+04
44700.000000 3.98376000e+04
44900.000000 3.90948000e+04
45100.000000 3.84284000e+04
45300.000000 3.77723000e+04
45500.000000 3.71279000e+04
45700.000000 3.64934000e+04
45900.000000 3.58596000e+04
46100.000000 3.52052000e+04
46300.000000 3.43903000e+04
46500.000000 3.21786000e+04
46700.000000 3.17947000e+04
46900.000000 3.25055000e+04
47100.000000 3.23591000e+04
47300.000000 3.19059000e+04
47500.000000 3.14090000e+04
47700.000000 3.09111000e+04
47900.000000 3.04187000e+04
48100.000000 2.99334000e+04
48300.000000 2.94551000e+04
48500.000000 2.89868000e+04
48700.000000 2.85284000e+04
48900.000000 2.80781000e+04
49100.000000 2.76358000e+04
49300.000000 2.72012000e+04
49500.000000 2.67758000e+04
49700.000000 2.63564000e+04
49900.000000 2.59488000e+04
50100.000000 2.55455000e+04
50300.000000 2.51477000e+04
50500.000000 2.47613000e+04
50700.000000 2.43670000e+04
50900.000000 2.39432000e+04
51100.000000 2.33349000e+04
51300.000000 2.20939000e+04
51500.000000 2.27067000e+04
51700.000000 2.25356000e+04
51900.000000 2.22462000e+04
52100.000000 2.19342000e+04
52300.000000 2.16111000e+04
52500.000000 2.12759000e+04
52700.000000 2.09533000e+04
52900.000000 2.06713000e+04
53100.000000 2.03783000e+04
53300.000000 2.00824000e+04
53500.000000 1.97825000e+04
53700.000000 1.94603000e+04
53900.000000 1.91813000e+04
54100.000000 1.89420000e+04
54300.000000 1.87132000e+04
54500.000000 1.84480000e+04
54700.000000 1.81850000e+04
54900.000000 1.78915000e+04
55100.000000 1.75955000e+04
55300.000000 1.73059000e+04
55500.000000 1.71312000e+04
55700.000000 1.69331000e+04
55900.000000 1.67073000e+04
56100.000000 1.64771000e+04
56300.000000 1.62485000e+04
56500.000000 1.60251000e+04
56700.000000 1.57845000e+04
56900.000000 1.55201000e+04
57100.000000 1.52025000e+04
57300.000000 1.50874000e+04
57500.000000 1.49381000e+04
57700.000000 1.47612000e+04
57900.000000 1.45628000e+04
58100.000000 1.43678000e+04
58300.000000 1.41641000e+04
58500.000000 1.39584000e+04
58700.000000 1.37432000e+04
58900.000000 1.34057000e+04
59100.000000 1.27252000e+04
59300.000000 1.30808000e+04
59500.000000 1.28547000e+04
59700.000000 1.27708000e+04
59900.000000 1.27067000e+04
60100.000000 1.25660000e+04
60300.000000 1.24112000e+04
60500.000000 1.22552000e+04
60700.000000 1.21000000e+04
60900.000000 1.19465000e+04
61100.000000 1.17947000e+04
61300.000000 1.16457000e+04
61500.000000 1.14984000e+04
61700.000000 1.13527000e+04
61900.000000 1.12096000e+04
62100.000000 1.10672000e+04
62300.000000 1.09235000e+04
62500.000000 1.07717000e+04
62700.000000 1.05766000e+04
62900.000000 1.02342000e+04
63100.000000 1.02887000e+04
63300.000000 1.02426000e+04
63500.000000 1.01361000e+04
63700.000000 1.00178000e+04
63900.000000 9.91551000e+03
64200.000000 9.73623000e+03
64600.000000 9.50138000e+03
65000.000000 9.27423000e+03
65400.000000 9.05368000e+03
65800.000000 8.84039000e+03
66200.000000 8.63244000e+03
66600.000000 8.43071000e+03
67000.000000 8.21940000e+03
67400.000000 7.98015000e+03
67800.000000 7.65532000e+03
68200.000000 7.65019000e+03
68600.000000 7.50191000e+03
69000.000000 7.33701000e+03
69400.000000 7.17234000e+03
69800.000000 7.01235000e+03
70200.000000 6.85676000e+03
70600.000000 6.70536000e+03
71000.000000 6.55775000e+03
71400.000000 6.41509000e+03
71800.000000 6.27585000e+03
72200.000000 6.13995000e+03
72600.000000 5.99857000e+03
73000.000000 5.87525000e+03
73400.000000 5.75517000e+03
73800.000000 5.62531000e+03
74200.000000 5.48011000e+03
74600.000000 5.20176000e+03
75000.000000 5.05025000e+03
75400.000000 5.11801000e+03
75800.000000 5.05410000e+03
76200.000000 4.95713000e+03
76600.000000 4.86658000e+03
77000.000000 4.76837000e+03
77400.000000 4.66048000e+03
77800.000000 4.55423000e+03
78200.000000 4.47684000e+03
78600.000000 4.39809000e+03
79000.000000 4.31117000e+03
79400.000000 4.22643000e+03
79800.000000 4.14376000e+03
80200.000000 4.06305000e+03
80600.000000 3.98432000e+03
81000.000000 3.90217000e+03
81400.000000 3.80643000e+03
81800.000000 3.74160000e+03
82200.000000 3.68565000e+03
82600.000000 3.61807000e+03
83000.000000 3.54997000e+03
83400.000000 3.48340000e+03
83800.000000 3.41841000e+03
84200.000000 3.35492000e+03
84600.000000 3.29295000e+03
85000.000000 3.23236000e+03
85400.000000 3.17313000e+03
85800.000000 3.11526000e+03
86200.000000 3.04874000e+03
86600.000000 2.96428000e+03
87000.000000 2.93196000e+03
87400.000000 2.83663000e+03
87800.000000 2.78656000e+03
88200.000000 2.78739000e+03
88600.000000 2.74510000e+03
89000.000000 2.69684000e+03
89400.000000 2.64962000e+03
89800.000000 2.60341000e+03
90200.000000 2.55819000e+03
90600.000000 2.51394000e+03
91000.000000 2.47069000e+03
91400.000000 2.42832000e+03
91800.000000 2.38687000e+03
92200.000000 2.34630000e+03
92600.000000 2.30657000e+03
93000.000000 2.26586000e+03
93400.000000 2.22171000e+03
93800.000000 2.15245000e+03
94200.000000 2.13663000e+03
94600.000000 2.11489000e+03
95000.000000 2.08301000e+03
95400.000000 2.05010000e+03
95800.000000 2.01729000e+03
96200.000000 1.98443000e+03
96600.000000 1.95221000e+03
97000.000000 1.92064000e+03
97400.000000 1.88969000e+03
97800.000000 1.85938000e+03
98200.000000 1.82930000e+03
98600.000000 1.79864000e+03
99000.000000 1.77199000e+03
99400.000000 1.74399000e+03
99800.000000 1.71657000e+03
100200.000000 1.68968000e+03
200000.000000 1.08856000e+02
400000.000000 6.82022000e+00
600000.000000 1.34137000e+00
800000.000000 4.22296000e-01
1000000.000000 1.72120000e-01
1200000.000000 8.26241000e-02
1400000.000000 4.44079000e-02
1600000.000000 2.59296000e-02
