# Kurucz ODFNEW /NOVER, alpha: 0.0 (2003)
# teff = 9250 K (value for the effective temperature for the model. Temperatures are given in K)
# logg = 4.5 log(cm/s2) (value for Log(G) for the model.)
# lh = 1.25  (l/Hp where l is the  mixing length of the convective element and Hp is the pressure scale height)
# meta = -2.5  (value for the Metallicity for the model.)
# vtur = 2 km/s (Microturbulence velocity)
# alpha = 0  (Alpha)
#
# column 1: WAVELENGTH (ANGSTROM), Wavelength in Angstrom
# column 2: FLUX (ERG/CM2/S/A), Flux in erg/cm2/s/A
252.400000 4.95215000e-23
256.800000 2.25239000e-22
260.000000 6.08117000e-22
264.000000 1.99613000e-21
268.500000 7.23910000e-21
273.500000 2.87363000e-20
278.500000 1.08586000e-19
284.000000 4.43139000e-19
290.000000 1.93019000e-18
296.000000 7.90557000e-18
301.000000 2.45146000e-17
308.000000 1.12140000e-16
318.000000 8.73797000e-16
328.000000 5.98865000e-15
338.000000 3.64977000e-14
348.000000 2.00068000e-13
357.000000 8.49828000e-13
366.000000 3.35709000e-12
375.000000 1.23838000e-11
385.000000 4.90403000e-11
395.000000 1.80620000e-10
405.000000 6.22726000e-10
414.000000 1.79922000e-09
422.000000 4.43971000e-09
430.000000 1.05796000e-08
441.000000 3.30973000e-08
451.000000 8.87255000e-08
460.000000 2.07415000e-07
470.000000 5.12123000e-07
480.000000 1.21598000e-06
490.000000 2.78303000e-06
500.000000 6.14837000e-06
506.000000 1.14922000e-05
512.000000 1.93133000e-05
520.000000 3.43598000e-05
530.000000 6.91779000e-05
540.000000 1.34116000e-04
550.000000 2.55553000e-04
560.000000 4.73302000e-04
570.000000 8.56842000e-04
580.000000 1.50871000e-03
590.000000 2.63332000e-03
600.000000 4.48046000e-03
610.000000 7.48204000e-03
620.000000 1.22741000e-02
630.000000 1.98008000e-02
640.000000 3.14361000e-02
650.000000 4.91647000e-02
658.000000 6.95754000e-02
665.000000 9.35807000e-02
675.000000 1.41282000e-01
685.000000 2.10546000e-01
695.000000 3.09908000e-01
705.000000 4.50764000e-01
716.000000 6.71771000e-01
726.000000 9.54553000e-01
735.000000 1.29820000e+00
745.000000 1.80985000e+00
755.000000 2.49913000e+00
765.000000 3.41926000e+00
775.000000 4.63679000e+00
785.000000 6.23455000e+00
795.000000 8.31514000e+00
805.000000 1.10032000e+01
815.000000 1.44498000e+01
825.000000 1.88391000e+01
835.000000 2.43979000e+01
845.000000 3.13846000e+01
855.000000 4.01092000e+01
865.000000 5.09388000e+01
875.000000 6.43017000e+01
885.000000 8.06970000e+01
895.000000 1.00698000e+02
905.000000 1.24975000e+02
915.000000 2.48620000e+02
925.000000 7.25082000e+02
935.000000 1.14627000e+03
945.000000 2.08305000e+03
955.000000 3.32690000e+03
965.000000 4.58479000e+03
975.000000 3.19229000e+03
985.000000 9.59078000e+03
995.000000 1.62092000e+04
1005.000000 1.66935000e+04
1015.000000 1.09824000e+04
1025.000000 5.81611000e+03
1035.000000 1.38650000e+04
1045.000000 2.95864000e+04
1055.000000 7.12148000e+04
1065.000000 4.88024000e+05
1075.000000 1.89159000e+06
1085.000000 4.25108000e+06
1095.000000 5.50944000e+06
1105.000000 7.41657000e+06
1115.000000 1.00371000e+07
1125.000000 8.46523000e+06
1135.000000 8.22460000e+06
1145.000000 5.01061000e+06
1155.000000 2.12676000e+06
1165.000000 5.86401000e+05
1175.000000 1.63776000e+05
1185.000000 1.32505000e+05
1195.000000 7.35348000e+04
1205.000000 5.49232000e+04
1215.000000 3.02078000e+04
1225.000000 6.16926000e+04
1235.000000 1.03246000e+05
1245.000000 1.37074000e+05
1255.000000 2.29718000e+05
1265.000000 5.22992000e+05
1275.000000 1.87470000e+06
1285.000000 7.19978000e+06
1295.000000 1.19680000e+07
1305.000000 1.83794000e+07
1315.000000 2.35180000e+07
1325.000000 3.03465000e+07
1335.000000 3.56220000e+07
1345.000000 4.20248000e+07
1355.000000 4.36762000e+07
1365.000000 4.68338000e+07
1375.000000 4.25045000e+07
1385.000000 3.57674000e+07
1395.000000 3.21494000e+07
1405.000000 4.88788000e+07
1415.000000 7.02817000e+07
1425.000000 7.51168000e+07
1435.000000 7.47266000e+07
1442.000000 8.00976000e+07
1447.000000 7.78213000e+07
1455.000000 8.10804000e+07
1465.000000 7.75760000e+07
1475.000000 7.99874000e+07
1485.000000 7.95322000e+07
1495.000000 8.02568000e+07
1505.000000 8.16271000e+07
1512.000000 8.19228000e+07
1517.000000 7.93603000e+07
1525.000000 7.97464000e+07
1535.000000 7.78041000e+07
1545.000000 7.66203000e+07
1555.000000 7.34490000e+07
1565.000000 6.53855000e+07
1575.000000 6.71230000e+07
1585.000000 6.53699000e+07
1595.000000 6.49778000e+07
1605.000000 6.27930000e+07
1615.000000 6.91632000e+07
1625.000000 7.25218000e+07
1635.000000 7.87782000e+07
1645.000000 8.45935000e+07
1655.000000 7.95553000e+07
1665.000000 8.87376000e+07
1672.000000 8.55085000e+07
1677.000000 8.70502000e+07
1685.000000 8.93597000e+07
1695.000000 8.71046000e+07
1705.000000 8.65628000e+07
1715.000000 8.83472000e+07
1725.000000 8.71448000e+07
1735.000000 8.86137000e+07
1745.000000 8.66817000e+07
1755.000000 8.72611000e+07
1765.000000 8.50464000e+07
1775.000000 8.64189000e+07
1785.000000 8.50679000e+07
1795.000000 8.60204000e+07
1805.000000 8.43715000e+07
1815.000000 8.38480000e+07
1825.000000 8.28480000e+07
1835.000000 8.29074000e+07
1845.000000 8.10903000e+07
1855.000000 8.17117000e+07
1865.000000 8.15321000e+07
1875.000000 8.13109000e+07
1885.000000 8.09169000e+07
1895.000000 8.07628000e+07
1905.000000 7.98466000e+07
1915.000000 7.95983000e+07
1925.000000 7.95197000e+07
1935.000000 7.77672000e+07
1945.000000 7.88786000e+07
1955.000000 7.83961000e+07
1967.000000 7.79478000e+07
1976.000000 7.70425000e+07
1984.000000 7.66790000e+07
1995.000000 7.64453000e+07
2005.000000 7.53707000e+07
2015.000000 7.43545000e+07
2025.000000 7.40050000e+07
2035.000000 7.45331000e+07
2045.000000 7.40816000e+07
2055.000000 7.25800000e+07
2065.000000 7.24388000e+07
2074.000000 7.32540000e+07
2078.000000 7.31476000e+07
2085.000000 7.27899000e+07
2095.000000 7.23301000e+07
2105.000000 7.19752000e+07
2115.000000 7.15826000e+07
2125.000000 7.09839000e+07
2135.000000 7.03692000e+07
2145.000000 7.07234000e+07
2155.000000 7.00994000e+07
2165.000000 6.86986000e+07
2175.000000 6.86250000e+07
2185.000000 6.87392000e+07
2195.000000 6.91738000e+07
2205.000000 6.79620000e+07
2215.000000 6.64191000e+07
2225.000000 6.63919000e+07
2235.000000 6.76951000e+07
2245.000000 6.68288000e+07
2255.000000 6.55550000e+07
2265.000000 6.48636000e+07
2275.000000 6.56755000e+07
2285.000000 6.56510000e+07
2295.000000 6.48190000e+07
2305.000000 6.49151000e+07
2315.000000 6.44146000e+07
2325.000000 6.42185000e+07
2335.000000 6.34043000e+07
2345.000000 6.10465000e+07
2355.000000 6.28896000e+07
2365.000000 6.08717000e+07
2375.000000 6.19371000e+07
2385.000000 5.93908000e+07
2395.000000 6.11197000e+07
2405.000000 6.07578000e+07
2415.000000 6.05392000e+07
2425.000000 6.15452000e+07
2435.000000 6.06035000e+07
2445.000000 6.07012000e+07
2455.000000 6.08190000e+07
2465.000000 5.96948000e+07
2475.000000 5.94532000e+07
2485.000000 5.93948000e+07
2495.000000 5.86618000e+07
2505.000000 5.97085000e+07
2513.000000 5.86829000e+07
2518.000000 5.86153000e+07
2525.000000 5.77247000e+07
2535.000000 5.71458000e+07
2545.000000 5.74526000e+07
2555.000000 5.85233000e+07
2565.000000 5.78216000e+07
2575.000000 5.81802000e+07
2585.000000 5.81876000e+07
2595.000000 5.77064000e+07
2605.000000 5.71254000e+07
2615.000000 5.67004000e+07
2625.000000 5.65426000e+07
2635.000000 5.66893000e+07
2645.000000 5.80870000e+07
2655.000000 5.78320000e+07
2665.000000 5.70009000e+07
2675.000000 5.70915000e+07
2685.000000 5.72314000e+07
2695.000000 5.68075000e+07
2705.000000 5.66766000e+07
2715.000000 5.58714000e+07
2725.000000 5.56904000e+07
2735.000000 5.57976000e+07
2745.000000 5.39719000e+07
2755.000000 5.40672000e+07
2765.000000 5.48151000e+07
2775.000000 5.54775000e+07
2785.000000 5.51284000e+07
2795.000000 5.27333000e+07
2805.000000 5.40242000e+07
2815.000000 5.50530000e+07
2825.000000 5.48245000e+07
2835.000000 5.42509000e+07
2845.000000 5.41262000e+07
2855.000000 5.34611000e+07
2865.000000 5.37036000e+07
2875.000000 5.36725000e+07
2885.000000 5.35319000e+07
2895.000000 5.36392000e+07
2910.000000 5.35414000e+07
2930.000000 5.28217000e+07
2950.000000 5.24629000e+07
2970.000000 5.24079000e+07
2990.000000 5.20294000e+07
3010.000000 5.19349000e+07
3030.000000 5.16536000e+07
3050.000000 5.13429000e+07
3070.000000 5.10039000e+07
3090.000000 5.07601000e+07
3110.000000 5.04638000e+07
3130.000000 5.01170000e+07
3150.000000 4.98357000e+07
3170.000000 4.96025000e+07
3190.000000 4.90861000e+07
3210.000000 4.89736000e+07
3230.000000 4.85965000e+07
3250.000000 4.84568000e+07
3270.000000 4.82322000e+07
3290.000000 4.79748000e+07
3310.000000 4.77131000e+07
3330.000000 4.74067000e+07
3350.000000 4.70538000e+07
3370.000000 4.67989000e+07
3390.000000 4.65630000e+07
3410.000000 4.63553000e+07
3430.000000 4.60853000e+07
3450.000000 4.58311000e+07
3470.000000 4.55671000e+07
3490.000000 4.53154000e+07
3510.000000 4.50696000e+07
3530.000000 4.48173000e+07
3550.000000 4.45618000e+07
3570.000000 4.42915000e+07
3590.000000 4.40420000e+07
3610.000000 4.37895000e+07
3630.000000 4.35428000e+07
3640.000000 4.34148000e+07
3650.000000 4.35391000e+07
3670.000000 4.34183000e+07
3690.000000 4.22406000e+07
3710.000000 4.21094000e+07
3730.000000 4.17376000e+07
3750.000000 5.02922000e+07
3770.000000 5.29858000e+07
3790.000000 6.35641000e+07
3810.000000 7.53843000e+07
3830.000000 6.08103000e+07
3850.000000 8.53166000e+07
3870.000000 9.88126000e+07
3890.000000 5.23365000e+07
3910.000000 9.96621000e+07
3930.000000 1.13351000e+08
3950.000000 9.92088000e+07
3970.000000 5.07480000e+07
3990.000000 9.32423000e+07
4010.000000 1.12971000e+08
4030.000000 1.15281000e+08
4050.000000 1.13153000e+08
4070.000000 1.04871000e+08
4090.000000 7.32983000e+07
4110.000000 5.55902000e+07
4130.000000 9.67571000e+07
4150.000000 1.05823000e+08
4170.000000 1.07042000e+08
4190.000000 1.06484000e+08
4210.000000 1.05373000e+08
4230.000000 1.03962000e+08
4250.000000 1.02393000e+08
4270.000000 1.00339000e+08
4290.000000 9.70660000e+07
4310.000000 8.88501000e+07
4330.000000 6.09051000e+07
4350.000000 5.17994000e+07
4370.000000 8.35607000e+07
4390.000000 9.07082000e+07
4410.000000 9.18380000e+07
4430.000000 9.15078000e+07
4450.000000 9.07366000e+07
4470.000000 8.97115000e+07
4490.000000 8.86861000e+07
4510.000000 8.77494000e+07
4530.000000 8.68312000e+07
4550.000000 8.57547000e+07
4570.000000 8.47677000e+07
4590.000000 8.37284000e+07
4610.000000 8.27429000e+07
4630.000000 8.17291000e+07
4650.000000 8.07610000e+07
4670.000000 7.96959000e+07
4690.000000 7.86511000e+07
4710.000000 7.75957000e+07
4730.000000 7.66563000e+07
4750.000000 7.55880000e+07
4770.000000 7.43942000e+07
4790.000000 7.28876000e+07
4810.000000 7.04622000e+07
4830.000000 6.48561000e+07
4850.000000 4.78213000e+07
4870.000000 3.90471000e+07
4890.000000 6.02950000e+07
4910.000000 6.58946000e+07
4930.000000 6.70118000e+07
4950.000000 6.69833000e+07
4970.000000 6.65445000e+07
4990.000000 6.59531000e+07
5010.000000 6.52835000e+07
5030.000000 6.46284000e+07
5050.000000 6.40230000e+07
5070.000000 6.33356000e+07
5090.000000 6.26368000e+07
5110.000000 6.19440000e+07
5130.000000 6.12615000e+07
5150.000000 6.05878000e+07
5170.000000 5.98648000e+07
5190.000000 5.92449000e+07
5210.000000 5.86243000e+07
5230.000000 5.79813000e+07
5250.000000 5.73640000e+07
5270.000000 5.67368000e+07
5290.000000 5.61363000e+07
5310.000000 5.55312000e+07
5330.000000 5.49389000e+07
5350.000000 5.43591000e+07
5370.000000 5.37785000e+07
5390.000000 5.32129000e+07
5410.000000 5.26490000e+07
5430.000000 5.20971000e+07
5450.000000 5.15518000e+07
5470.000000 5.10143000e+07
5490.000000 5.04833000e+07
5510.000000 4.99587000e+07
5530.000000 4.94390000e+07
5550.000000 4.89305000e+07
5570.000000 4.84255000e+07
5590.000000 4.79277000e+07
5610.000000 4.74382000e+07
5630.000000 4.69543000e+07
5650.000000 4.64762000e+07
5670.000000 4.60047000e+07
5690.000000 4.55399000e+07
5710.000000 4.50805000e+07
5730.000000 4.46275000e+07
5750.000000 4.41797000e+07
5770.000000 4.37371000e+07
5790.000000 4.33017000e+07
5810.000000 4.28702000e+07
5830.000000 4.24458000e+07
5850.000000 4.20261000e+07
5870.000000 4.15938000e+07
5890.000000 4.11923000e+07
5910.000000 4.07986000e+07
5930.000000 4.03985000e+07
5950.000000 4.00050000e+07
5970.000000 3.96158000e+07
5990.000000 3.92310000e+07
6010.000000 3.88514000e+07
6030.000000 3.84760000e+07
6050.000000 3.81068000e+07
6070.000000 3.77415000e+07
6090.000000 3.73803000e+07
6110.000000 3.70240000e+07
6130.000000 3.66715000e+07
6150.000000 3.63228000e+07
6170.000000 3.59798000e+07
6190.000000 3.56405000e+07
6210.000000 3.53049000e+07
6230.000000 3.49737000e+07
6250.000000 3.46451000e+07
6270.000000 3.43229000e+07
6290.000000 3.40031000e+07
6310.000000 3.36866000e+07
6330.000000 3.33744000e+07
6350.000000 3.30608000e+07
6370.000000 3.27570000e+07
6390.000000 3.24185000e+07
6410.000000 3.20753000e+07
6430.000000 3.17494000e+07
6450.000000 3.14043000e+07
6470.000000 3.10251000e+07
6490.000000 3.05551000e+07
6510.000000 2.98458000e+07
6530.000000 2.83610000e+07
6550.000000 2.39258000e+07
6570.000000 1.95404000e+07
6590.000000 2.63982000e+07
6610.000000 2.81831000e+07
6630.000000 2.85644000e+07
6650.000000 2.85547000e+07
6670.000000 2.84125000e+07
6690.000000 2.82201000e+07
6710.000000 2.80053000e+07
6730.000000 2.77992000e+07
6750.000000 2.75892000e+07
6770.000000 2.73467000e+07
6790.000000 2.71074000e+07
6810.000000 2.68704000e+07
6830.000000 2.66358000e+07
6850.000000 2.64042000e+07
6870.000000 2.61748000e+07
6890.000000 2.59485000e+07
6910.000000 2.57243000e+07
6930.000000 2.55023000e+07
6950.000000 2.52825000e+07
6970.000000 2.50662000e+07
6990.000000 2.48513000e+07
7010.000000 2.46392000e+07
7030.000000 2.44290000e+07
7050.000000 2.42216000e+07
7070.000000 2.40155000e+07
7090.000000 2.38127000e+07
7110.000000 2.36096000e+07
7130.000000 2.34122000e+07
7150.000000 2.32158000e+07
7170.000000 2.30212000e+07
7190.000000 2.28285000e+07
7210.000000 2.26375000e+07
7230.000000 2.24490000e+07
7250.000000 2.22622000e+07
7270.000000 2.20772000e+07
7290.000000 2.18946000e+07
7310.000000 2.17136000e+07
7330.000000 2.15342000e+07
7350.000000 2.13572000e+07
7370.000000 2.11818000e+07
7390.000000 2.10080000e+07
7410.000000 2.08364000e+07
7430.000000 2.06664000e+07
7450.000000 2.04979000e+07
7470.000000 2.03316000e+07
7490.000000 2.01661000e+07
7510.000000 2.00034000e+07
7530.000000 1.98421000e+07
7550.000000 1.96823000e+07
7570.000000 1.95238000e+07
7590.000000 1.93674000e+07
7610.000000 1.92124000e+07
7630.000000 1.90588000e+07
7650.000000 1.89071000e+07
7670.000000 1.87568000e+07
7690.000000 1.86077000e+07
7710.000000 1.84600000e+07
7730.000000 1.83142000e+07
7750.000000 1.81696000e+07
7770.000000 1.80106000e+07
7790.000000 1.78847000e+07
7810.000000 1.77445000e+07
7830.000000 1.76060000e+07
7850.000000 1.74681000e+07
7870.000000 1.73314000e+07
7890.000000 1.71964000e+07
7910.000000 1.70638000e+07
7930.000000 1.69317000e+07
7950.000000 1.68008000e+07
7970.000000 1.66709000e+07
7990.000000 1.65421000e+07
8010.000000 1.64155000e+07
8030.000000 1.62895000e+07
8050.000000 1.61650000e+07
8070.000000 1.60416000e+07
8090.000000 1.59192000e+07
8110.000000 1.57978000e+07
8130.000000 1.56780000e+07
8150.000000 1.55592000e+07
8170.000000 1.54414000e+07
8190.000000 1.53239000e+07
8210.000000 1.52454000e+07
8230.000000 1.51386000e+07
8250.000000 1.50343000e+07
8270.000000 1.49330000e+07
8290.000000 1.48304000e+07
8310.000000 1.47291000e+07
8330.000000 1.46248000e+07
8350.000000 1.45229000e+07
8370.000000 1.44170000e+07
8390.000000 1.43039000e+07
8410.000000 1.41881000e+07
8430.000000 1.40715000e+07
8450.000000 1.39728000e+07
8470.000000 1.37504000e+07
8490.000000 1.37709000e+07
8510.000000 1.34024000e+07
8530.000000 1.36213000e+07
8550.000000 1.28393000e+07
8570.000000 1.35863000e+07
8590.000000 1.28267000e+07
8610.000000 1.25812000e+07
8630.000000 1.35356000e+07
8650.000000 1.29570000e+07
8670.000000 1.12489000e+07
8690.000000 1.31707000e+07
8710.000000 1.35513000e+07
8730.000000 1.29322000e+07
8750.000000 1.04444000e+07
8770.000000 1.22561000e+07
8790.000000 1.33808000e+07
8810.000000 1.35410000e+07
8830.000000 1.31202000e+07
8850.000000 1.15165000e+07
8870.000000 9.88307000e+06
8890.000000 1.23098000e+07
8910.000000 1.31168000e+07
8930.000000 1.33175000e+07
8950.000000 1.32392000e+07
8970.000000 1.28853000e+07
8990.000000 1.19992000e+07
9010.000000 9.58250000e+06
9030.000000 1.03796000e+07
9050.000000 1.20527000e+07
9070.000000 1.25775000e+07
9090.000000 1.27237000e+07
9110.000000 1.27369000e+07
9130.000000 1.26622000e+07
9150.000000 1.25165000e+07
9170.000000 1.22653000e+07
9190.000000 1.17788000e+07
9210.000000 1.06796000e+07
9230.000000 8.44174000e+06
9250.000000 1.02664000e+07
9270.000000 1.13655000e+07
9290.000000 1.17379000e+07
9310.000000 1.18444000e+07
9330.000000 1.18478000e+07
9350.000000 1.18057000e+07
9370.000000 1.17417000e+07
9390.000000 1.16635000e+07
9410.000000 1.15663000e+07
9430.000000 1.14741000e+07
9450.000000 1.13518000e+07
9470.000000 1.11875000e+07
9490.000000 1.09283000e+07
9510.000000 1.04392000e+07
9530.000000 9.32771000e+06
9550.000000 7.60295000e+06
9570.000000 9.42390000e+06
9590.000000 1.02453000e+07
9610.000000 1.05286000e+07
9630.000000 1.06088000e+07
9650.000000 1.06114000e+07
9670.000000 1.05740000e+07
9690.000000 1.05268000e+07
9710.000000 1.04683000e+07
9730.000000 1.04046000e+07
9750.000000 1.03382000e+07
9770.000000 1.02706000e+07
9790.000000 1.02020000e+07
9810.000000 1.01326000e+07
9830.000000 1.00622000e+07
9850.000000 9.99111000e+06
9870.000000 9.91856000e+06
9890.000000 9.84228000e+06
9910.000000 9.76385000e+06
9930.000000 9.67680000e+06
9950.000000 9.57477000e+06
9970.000000 9.44279000e+06
9990.000000 9.24345000e+06
10025.000000 8.16992000e+06
10075.000000 7.77281000e+06
10125.000000 8.90489000e+06
10175.000000 8.92203000e+06
10225.000000 8.81372000e+06
10275.000000 8.69283000e+06
10325.000000 8.55724000e+06
10375.000000 8.41966000e+06
10425.000000 8.28433000e+06
10475.000000 8.15118000e+06
10525.000000 8.02189000e+06
10575.000000 7.89467000e+06
10625.000000 7.76948000e+06
10675.000000 7.63968000e+06
10725.000000 7.50933000e+06
10775.000000 7.37587000e+06
10825.000000 7.21498000e+06
10875.000000 6.92007000e+06
10925.000000 5.72343000e+06
10975.000000 6.24501000e+06
11025.000000 6.70547000e+06
11075.000000 6.70127000e+06
11125.000000 6.62625000e+06
11175.000000 6.54235000e+06
11225.000000 6.44892000e+06
11275.000000 6.35095000e+06
11325.000000 6.25593000e+06
11375.000000 6.16350000e+06
11425.000000 6.07186000e+06
11475.000000 5.98215000e+06
11525.000000 5.89377000e+06
11575.000000 5.80697000e+06
11625.000000 5.72172000e+06
11675.000000 5.63744000e+06
11725.000000 5.55631000e+06
11775.000000 5.47308000e+06
11825.000000 5.39618000e+06
11875.000000 5.31851000e+06
11925.000000 5.24274000e+06
11975.000000 5.16727000e+06
12025.000000 5.09390000e+06
12075.000000 5.02157000e+06
12125.000000 4.95052000e+06
12175.000000 4.88071000e+06
12225.000000 4.81213000e+06
12275.000000 4.74476000e+06
12325.000000 4.67856000e+06
12375.000000 4.61353000e+06
12425.000000 4.54938000e+06
12475.000000 4.48660000e+06
12525.000000 4.42468000e+06
12575.000000 4.35811000e+06
12625.000000 4.28915000e+06
12675.000000 4.21622000e+06
12725.000000 4.11429000e+06
12775.000000 3.86631000e+06
12825.000000 3.29522000e+06
12875.000000 3.81330000e+06
12925.000000 3.90811000e+06
12975.000000 3.89013000e+06
13025.000000 3.84989000e+06
13075.000000 3.80794000e+06
13125.000000 3.75974000e+06
13175.000000 3.70998000e+06
13225.000000 3.66131000e+06
13275.000000 3.61325000e+06
13325.000000 3.56603000e+06
13375.000000 3.51941000e+06
13425.000000 3.47381000e+06
13475.000000 3.42878000e+06
13525.000000 3.38453000e+06
13575.000000 3.34084000e+06
13625.000000 3.29810000e+06
13675.000000 3.25589000e+06
13725.000000 3.21421000e+06
13775.000000 3.17345000e+06
13825.000000 3.13319000e+06
13875.000000 3.09363000e+06
13925.000000 3.05455000e+06
13975.000000 3.01614000e+06
14025.000000 2.97839000e+06
14075.000000 2.94111000e+06
14125.000000 2.90465000e+06
14175.000000 2.86844000e+06
14225.000000 2.83305000e+06
14275.000000 2.79808000e+06
14325.000000 2.76352000e+06
14375.000000 2.72957000e+06
14425.000000 2.69565000e+06
14475.000000 2.66321000e+06
14525.000000 2.63063000e+06
14570.000000 2.60216000e+06
14620.000000 2.57311000e+06
14675.000000 2.53986000e+06
14725.000000 2.51013000e+06
14775.000000 2.48075000e+06
14825.000000 2.45204000e+06
14875.000000 2.42333000e+06
14925.000000 2.39545000e+06
14975.000000 2.36772000e+06
15025.000000 2.33997000e+06
15075.000000 2.31287000e+06
15125.000000 2.28591000e+06
15175.000000 2.25893000e+06
15225.000000 2.23290000e+06
15275.000000 2.20507000e+06
15325.000000 2.17787000e+06
15375.000000 2.15512000e+06
15425.000000 2.12170000e+06
15475.000000 2.10392000e+06
15525.000000 2.07679000e+06
15575.000000 2.03506000e+06
15625.000000 2.04320000e+06
15675.000000 1.99001000e+06
15725.000000 1.95041000e+06
15775.000000 1.98091000e+06
15825.000000 1.95096000e+06
15875.000000 1.83300000e+06
15925.000000 1.88286000e+06
15975.000000 1.90667000e+06
16050.000000 1.84166000e+06
16150.000000 1.74295000e+06
16250.000000 1.81187000e+06
16350.000000 1.70958000e+06
16450.000000 1.60700000e+06
16550.000000 1.70634000e+06
16650.000000 1.67367000e+06
16750.000000 1.55532000e+06
16850.000000 1.45837000e+06
16950.000000 1.56499000e+06
17050.000000 1.54410000e+06
17150.000000 1.50988000e+06
17250.000000 1.45685000e+06
17350.000000 1.27328000e+06
17450.000000 1.37081000e+06
17550.000000 1.38447000e+06
17650.000000 1.36133000e+06
17750.000000 1.33647000e+06
17850.000000 1.30652000e+06
17950.000000 1.27645000e+06
18050.000000 1.23587000e+06
18150.000000 1.08886000e+06
18250.000000 1.14581000e+06
18350.000000 1.17095000e+06
18450.000000 1.15242000e+06
18550.000000 1.12755000e+06
18650.000000 1.08744000e+06
18750.000000 9.56765000e+05
18850.000000 1.03947000e+06
18950.000000 1.04123000e+06
19050.000000 1.02415000e+06
19150.000000 1.00433000e+06
19250.000000 9.81924000e+05
19350.000000 9.43618000e+05
19450.000000 8.33619000e+05
19550.000000 9.07821000e+05
19650.000000 9.09815000e+05
19750.000000 8.96443000e+05
19850.000000 8.80894000e+05
19950.000000 8.64494000e+05
20050.000000 8.48479000e+05
20150.000000 8.32823000e+05
20250.000000 8.17534000e+05
20350.000000 8.02587000e+05
20450.000000 7.87983000e+05
20550.000000 7.73714000e+05
20650.000000 7.59762000e+05
20750.000000 7.46131000e+05
20850.000000 7.32795000e+05
20950.000000 7.19756000e+05
21050.000000 7.07008000e+05
21150.000000 6.94535000e+05
21250.000000 6.82307000e+05
21350.000000 6.69311000e+05
21450.000000 6.55158000e+05
21550.000000 6.33144000e+05
21650.000000 5.64303000e+05
21750.000000 6.04941000e+05
21850.000000 6.10377000e+05
21950.000000 6.02866000e+05
22050.000000 5.93869000e+05
22150.000000 5.83850000e+05
22250.000000 5.74048000e+05
22350.000000 5.64443000e+05
22450.000000 5.55038000e+05
22550.000000 5.45822000e+05
22650.000000 5.36805000e+05
22750.000000 5.27969000e+05
22850.000000 5.19490000e+05
22950.000000 5.11096000e+05
23050.000000 5.02878000e+05
23150.000000 4.94817000e+05
23250.000000 4.86918000e+05
23350.000000 4.79177000e+05
23450.000000 4.71584000e+05
23550.000000 4.64137000e+05
23650.000000 4.56839000e+05
23750.000000 4.49674000e+05
23850.000000 4.42640000e+05
23950.000000 4.35739000e+05
24050.000000 4.28951000e+05
24150.000000 4.22267000e+05
24250.000000 4.15742000e+05
24350.000000 4.09297000e+05
24450.000000 4.02874000e+05
24550.000000 3.96843000e+05
24650.000000 3.90455000e+05
24750.000000 3.84557000e+05
24850.000000 3.79205000e+05
24950.000000 3.71747000e+05
25050.000000 3.67927000e+05
25150.000000 3.62422000e+05
25250.000000 3.53748000e+05
25350.000000 3.51291000e+05
25450.000000 3.47314000e+05
25550.000000 3.40533000e+05
25650.000000 3.30416000e+05
25750.000000 3.31047000e+05
25850.000000 3.27657000e+05
25950.000000 3.22250000e+05
26050.000000 3.12746000e+05
26150.000000 2.98779000e+05
26250.000000 2.77809000e+05
26350.000000 2.96029000e+05
26450.000000 2.99304000e+05
26550.000000 2.96027000e+05
26650.000000 2.88707000e+05
26750.000000 2.72401000e+05
26850.000000 2.80539000e+05
26950.000000 2.80619000e+05
27050.000000 2.77601000e+05
27150.000000 2.74001000e+05
27250.000000 2.70147000e+05
27350.000000 2.65828000e+05
27450.000000 2.59410000e+05
27550.000000 2.41697000e+05
27650.000000 2.45451000e+05
27750.000000 2.50324000e+05
27850.000000 2.48549000e+05
27950.000000 2.45737000e+05
28050.000000 2.42848000e+05
28150.000000 2.39571000e+05
28250.000000 2.36344000e+05
28350.000000 2.32865000e+05
28450.000000 2.29160000e+05
28550.000000 2.24697000e+05
28650.000000 2.15319000e+05
28750.000000 2.02352000e+05
28850.000000 2.13485000e+05
28950.000000 2.13864000e+05
29050.000000 2.11850000e+05
29150.000000 2.09623000e+05
29250.000000 2.06911000e+05
29350.000000 2.04226000e+05
29450.000000 2.01586000e+05
29550.000000 1.98990000e+05
29650.000000 1.96433000e+05
29750.000000 1.93919000e+05
29850.000000 1.91442000e+05
29950.000000 1.89003000e+05
30050.000000 1.86186000e+05
30150.000000 1.83246000e+05
30250.000000 1.78940000e+05
30350.000000 1.66381000e+05
30450.000000 1.67391000e+05
30550.000000 1.72868000e+05
30650.000000 1.72211000e+05
30750.000000 1.70615000e+05
30850.000000 1.68731000e+05
30950.000000 1.66655000e+05
31050.000000 1.64606000e+05
31150.000000 1.62588000e+05
31250.000000 1.60600000e+05
31350.000000 1.58646000e+05
31450.000000 1.56717000e+05
31550.000000 1.54820000e+05
31650.000000 1.52952000e+05
31750.000000 1.51112000e+05
31850.000000 1.49299000e+05
31950.000000 1.47514000e+05
32100.000000 1.44884000e+05
32300.000000 1.41471000e+05
32500.000000 1.38144000e+05
32700.000000 1.34166000e+05
32900.000000 1.23842000e+05
33100.000000 1.25431000e+05
33300.000000 1.25210000e+05
33500.000000 1.22618000e+05
33700.000000 1.19913000e+05
33900.000000 1.17250000e+05
34100.000000 1.14647000e+05
34300.000000 1.12117000e+05
34500.000000 1.09653000e+05
34700.000000 1.07253000e+05
34900.000000 1.04917000e+05
35100.000000 1.02643000e+05
35300.000000 1.00431000e+05
35500.000000 9.82740000e+04
35700.000000 9.61710000e+04
35900.000000 9.41378000e+04
36100.000000 9.21205000e+04
36300.000000 9.02076000e+04
36500.000000 8.82631000e+04
36700.000000 8.64786000e+04
36900.000000 8.45034000e+04
37100.000000 8.26669000e+04
37300.000000 7.85335000e+04
37500.000000 7.62273000e+04
37700.000000 7.77240000e+04
37900.000000 7.64207000e+04
38100.000000 7.46109000e+04
38300.000000 7.31685000e+04
38500.000000 7.20393000e+04
38700.000000 7.06426000e+04
38900.000000 6.90417000e+04
39100.000000 6.70829000e+04
39300.000000 6.64751000e+04
39500.000000 6.53304000e+04
39700.000000 6.40810000e+04
39900.000000 6.27634000e+04
40100.000000 6.08386000e+04
40300.000000 5.93200000e+04
40500.000000 5.62849000e+04
40700.000000 5.77276000e+04
40900.000000 5.71059000e+04
41100.000000 5.60943000e+04
41300.000000 5.50244000e+04
41500.000000 5.37079000e+04
41700.000000 5.12831000e+04
41900.000000 5.16852000e+04
42100.000000 5.11124000e+04
42300.000000 5.03018000e+04
42500.000000 4.93914000e+04
42700.000000 4.85001000e+04
42900.000000 4.76272000e+04
43100.000000 4.67766000e+04
43300.000000 4.59014000e+04
43500.000000 4.48472000e+04
43700.000000 4.26050000e+04
43900.000000 4.26672000e+04
44100.000000 4.26356000e+04
44300.000000 4.20442000e+04
44500.000000 4.13152000e+04
44700.000000 4.06503000e+04
44900.000000 3.98890000e+04
45100.000000 3.92063000e+04
45300.000000 3.85378000e+04
45500.000000 3.78813000e+04
45700.000000 3.72312000e+04
45900.000000 3.65838000e+04
46100.000000 3.59143000e+04
46300.000000 3.50757000e+04
46500.000000 3.28738000e+04
46700.000000 3.24512000e+04
46900.000000 3.31478000e+04
47100.000000 3.30095000e+04
47300.000000 3.25491000e+04
47500.000000 3.20452000e+04
47700.000000 3.15369000e+04
47900.000000 3.10328000e+04
48100.000000 3.05375000e+04
48300.000000 3.00510000e+04
48500.000000 2.95730000e+04
48700.000000 2.91050000e+04
48900.000000 2.86437000e+04
49100.000000 2.81936000e+04
49300.000000 2.77499000e+04
49500.000000 2.73170000e+04
49700.000000 2.68887000e+04
49900.000000 2.64723000e+04
50100.000000 2.60618000e+04
50300.000000 2.56539000e+04
50500.000000 2.52591000e+04
50700.000000 2.48579000e+04
50900.000000 2.44216000e+04
51100.000000 2.37951000e+04
51300.000000 2.25563000e+04
51500.000000 2.31556000e+04
51700.000000 2.29867000e+04
51900.000000 2.26938000e+04
52100.000000 2.23741000e+04
52300.000000 2.20449000e+04
52500.000000 2.17023000e+04
52700.000000 2.13738000e+04
52900.000000 2.10859000e+04
53100.000000 2.07885000e+04
53300.000000 2.04855000e+04
53500.000000 2.01800000e+04
53700.000000 1.98510000e+04
53900.000000 1.95652000e+04
54100.000000 1.93217000e+04
54300.000000 1.90812000e+04
54500.000000 1.88197000e+04
54700.000000 1.85526000e+04
54900.000000 1.82464000e+04
55100.000000 1.79467000e+04
55300.000000 1.76508000e+04
55500.000000 1.74737000e+04
55700.000000 1.72707000e+04
55900.000000 1.70449000e+04
56100.000000 1.68086000e+04
56300.000000 1.65765000e+04
56500.000000 1.63473000e+04
56700.000000 1.60974000e+04
56900.000000 1.58297000e+04
57100.000000 1.55040000e+04
57300.000000 1.53880000e+04
57500.000000 1.52310000e+04
57700.000000 1.50577000e+04
57900.000000 1.48561000e+04
58100.000000 1.46569000e+04
58300.000000 1.44456000e+04
58500.000000 1.42370000e+04
58700.000000 1.40166000e+04
58900.000000 1.36685000e+04
59100.000000 1.29991000e+04
59300.000000 1.33369000e+04
59500.000000 1.31090000e+04
59700.000000 1.30224000e+04
59900.000000 1.29587000e+04
60100.000000 1.28163000e+04
60300.000000 1.26599000e+04
60500.000000 1.25002000e+04
60700.000000 1.23423000e+04
60900.000000 1.21852000e+04
61100.000000 1.20308000e+04
61300.000000 1.18783000e+04
61500.000000 1.17274000e+04
61700.000000 1.15793000e+04
61900.000000 1.14328000e+04
62100.000000 1.12880000e+04
62300.000000 1.11409000e+04
62500.000000 1.09858000e+04
62700.000000 1.07845000e+04
62900.000000 1.04380000e+04
63100.000000 1.04912000e+04
63300.000000 1.04457000e+04
63500.000000 1.03379000e+04
63700.000000 1.02174000e+04
63900.000000 1.01074000e+04
64200.000000 9.93091000e+03
64600.000000 9.69186000e+03
65000.000000 9.46059000e+03
65400.000000 9.23512000e+03
65800.000000 9.01702000e+03
66200.000000 8.80523000e+03
66600.000000 8.59956000e+03
67000.000000 8.38120000e+03
67400.000000 8.13689000e+03
67800.000000 7.80768000e+03
68200.000000 7.80124000e+03
68600.000000 7.65001000e+03
69000.000000 7.48355000e+03
69400.000000 7.31556000e+03
69800.000000 7.15223000e+03
70200.000000 6.99352000e+03
70600.000000 6.83914000e+03
71000.000000 6.68652000e+03
71400.000000 6.54294000e+03
71800.000000 6.40089000e+03
72200.000000 6.26266000e+03
72600.000000 6.11772000e+03
73000.000000 5.99204000e+03
73400.000000 5.86971000e+03
73800.000000 5.73570000e+03
74200.000000 5.58767000e+03
74600.000000 5.31298000e+03
75000.000000 5.16002000e+03
75400.000000 5.21814000e+03
75800.000000 5.15364000e+03
76200.000000 5.05510000e+03
76600.000000 4.95987000e+03
77000.000000 4.86038000e+03
77400.000000 4.75254000e+03
77800.000000 4.64405000e+03
78200.000000 4.56450000e+03
78600.000000 4.48548000e+03
79000.000000 4.39683000e+03
79400.000000 4.31039000e+03
79800.000000 4.22605000e+03
80200.000000 4.14376000e+03
80600.000000 4.06342000e+03
81000.000000 3.97940000e+03
81400.000000 3.88148000e+03
81800.000000 3.81535000e+03
82200.000000 3.75796000e+03
82600.000000 3.68985000e+03
83000.000000 3.62041000e+03
83400.000000 3.55251000e+03
83800.000000 3.48627000e+03
84200.000000 3.42150000e+03
84600.000000 3.35828000e+03
85000.000000 3.29645000e+03
85400.000000 3.23604000e+03
85800.000000 3.17682000e+03
86200.000000 3.10872000e+03
86600.000000 3.02270000e+03
87000.000000 2.98945000e+03
87400.000000 2.89384000e+03
87800.000000 2.84285000e+03
88200.000000 2.84226000e+03
88600.000000 2.79952000e+03
89000.000000 2.75030000e+03
89400.000000 2.70213000e+03
89800.000000 2.65503000e+03
90200.000000 2.60889000e+03
90600.000000 2.56379000e+03
91000.000000 2.51964000e+03
91400.000000 2.47644000e+03
91800.000000 2.43417000e+03
92200.000000 2.39279000e+03
92600.000000 2.35187000e+03
93000.000000 2.31021000e+03
93400.000000 2.26537000e+03
93800.000000 2.19535000e+03
94200.000000 2.17866000e+03
94600.000000 2.15653000e+03
95000.000000 2.12379000e+03
95400.000000 2.09029000e+03
95800.000000 2.05727000e+03
96200.000000 2.02376000e+03
96600.000000 1.99088000e+03
97000.000000 1.95868000e+03
97400.000000 1.92710000e+03
97800.000000 1.89620000e+03
98200.000000 1.86516000e+03
98600.000000 1.83425000e+03
99000.000000 1.80708000e+03
99400.000000 1.77853000e+03
99800.000000 1.75057000e+03
100200.000000 1.72312000e+03
200000.000000 1.11079000e+02
400000.000000 6.97303000e+00
600000.000000 1.37454000e+00
800000.000000 4.33633000e-01
1000000.000000 1.77093000e-01
1200000.000000 8.51670000e-02
1400000.000000 4.58553000e-02
1600000.000000 2.68184000e-02
