# Kurucz ODFNEW /NOVER, alpha: 0.0 (2003)
# teff = 11250 K (value for the effective temperature for the model. Temperatures are given in K)
# logg = 2 log(cm/s2) (value for Log(G) for the model.)
# lh = 1.25  (l/Hp where l is the  mixing length of the convective element and Hp is the pressure scale height)
# meta = 0.5  (value for the Metallicity for the model.)
# vtur = 2 km/s (Microturbulence velocity)
# alpha = 0  (Alpha)
#
# column 1: WAVELENGTH (ANGSTROM), Wavelength in Angstrom
# column 2: FLUX (ERG/CM2/S/A), Flux in erg/cm2/s/A
256.800000 2.93666000e-23
260.000000 8.36161000e-23
264.000000 2.68818000e-22
268.500000 9.09317000e-22
273.500000 3.34383000e-21
278.500000 1.18290000e-20
284.000000 4.50271000e-20
290.000000 1.82877000e-19
296.000000 6.98972000e-19
301.000000 2.06796000e-18
308.000000 8.93771000e-18
318.000000 6.48409000e-17
328.000000 4.20102000e-16
338.000000 2.44216000e-15
348.000000 1.29453000e-14
357.000000 5.80543000e-14
366.000000 2.24832000e-13
375.000000 8.08110000e-13
385.000000 3.17141000e-12
395.000000 1.15391000e-11
405.000000 3.99525000e-11
414.000000 1.15646000e-10
422.000000 2.86814000e-10
430.000000 6.82758000e-10
441.000000 2.18641000e-09
451.000000 5.94040000e-09
460.000000 1.41035000e-08
470.000000 3.54013000e-08
480.000000 8.58482000e-08
490.000000 2.01356000e-07
500.000000 4.54652000e-07
506.000000 3.72969000e-05
512.000000 1.11668000e-04
520.000000 1.85467000e-04
530.000000 3.38225000e-04
540.000000 5.78401000e-04
550.000000 1.08548000e-03
560.000000 1.86503000e-03
570.000000 3.17373000e-03
580.000000 5.09077000e-03
590.000000 8.80731000e-03
600.000000 1.39965000e-02
610.000000 2.25420000e-02
620.000000 3.42585000e-02
630.000000 5.23881000e-02
640.000000 7.67954000e-02
650.000000 1.15194000e-01
658.000000 1.57274000e-01
665.000000 1.98918000e-01
675.000000 2.86691000e-01
685.000000 4.09322000e-01
695.000000 5.82309000e-01
705.000000 7.99809000e-01
716.000000 1.13756000e+00
726.000000 1.56860000e+00
735.000000 2.02826000e+00
745.000000 2.74824000e+00
755.000000 3.65782000e+00
765.000000 4.83361000e+00
775.000000 6.41091000e+00
785.000000 8.43175000e+00
795.000000 1.06911000e+01
805.000000 1.37774000e+01
815.000000 1.75744000e+01
825.000000 2.21502000e+01
835.000000 2.76766000e+01
845.000000 3.53285000e+01
855.000000 4.41768000e+01
865.000000 5.52337000e+01
875.000000 6.77510000e+01
885.000000 8.45498000e+01
895.000000 1.03002000e+02
905.000000 1.21621000e+02
915.000000 1.15990000e+04
925.000000 7.77829000e+04
935.000000 8.55395000e+04
945.000000 1.36775000e+05
955.000000 2.70676000e+05
965.000000 3.56358000e+05
975.000000 3.00361000e+05
985.000000 4.27547000e+05
995.000000 3.85396000e+05
1005.000000 5.06856000e+05
1015.000000 6.83121000e+05
1025.000000 5.43853000e+05
1035.000000 5.08038000e+05
1045.000000 9.25795000e+05
1055.000000 1.14072000e+06
1065.000000 1.07918000e+06
1075.000000 1.44592000e+06
1085.000000 1.42861000e+06
1095.000000 1.79730000e+06
1105.000000 4.67184000e+06
1115.000000 2.16430000e+07
1125.000000 1.83741000e+07
1135.000000 3.85086000e+07
1145.000000 3.65056000e+07
1155.000000 4.73868000e+07
1165.000000 5.66194000e+07
1175.000000 4.71927000e+07
1185.000000 3.04742000e+07
1195.000000 9.62226000e+05
1205.000000 3.25559000e+06
1215.000000 8.66703000e+05
1225.000000 8.45556000e+06
1235.000000 5.27072000e+07
1245.000000 1.05682000e+08
1255.000000 1.24082000e+08
1265.000000 5.33303000e+07
1275.000000 1.44968000e+08
1285.000000 1.97896000e+08
1295.000000 9.90310000e+07
1305.000000 3.26265000e+07
1315.000000 1.39485000e+08
1325.000000 1.80219000e+08
1335.000000 8.25043000e+07
1345.000000 2.14331000e+08
1355.000000 2.25337000e+08
1365.000000 1.70624000e+08
1375.000000 2.07113000e+08
1385.000000 2.09396000e+08
1395.000000 2.04372000e+08
1405.000000 2.07981000e+08
1415.000000 1.91166000e+08
1425.000000 2.27879000e+08
1435.000000 2.12109000e+08
1442.000000 2.43155000e+08
1447.000000 2.69204000e+08
1455.000000 2.54062000e+08
1465.000000 2.27524000e+08
1475.000000 2.21315000e+08
1485.000000 2.56850000e+08
1495.000000 2.74327000e+08
1505.000000 2.60864000e+08
1512.000000 2.12049000e+08
1517.000000 2.49845000e+08
1525.000000 2.17019000e+08
1535.000000 1.75844000e+08
1545.000000 2.39229000e+08
1555.000000 2.07059000e+08
1565.000000 1.96177000e+08
1575.000000 2.01499000e+08
1585.000000 2.37474000e+08
1595.000000 2.49699000e+08
1605.000000 2.31022000e+08
1615.000000 2.37588000e+08
1625.000000 2.09392000e+08
1635.000000 2.30838000e+08
1645.000000 2.35461000e+08
1655.000000 2.06477000e+08
1665.000000 2.24524000e+08
1672.000000 1.06967000e+08
1677.000000 2.19501000e+08
1685.000000 2.62641000e+08
1695.000000 2.48012000e+08
1705.000000 2.21176000e+08
1715.000000 1.96266000e+08
1725.000000 1.97390000e+08
1735.000000 2.23280000e+08
1745.000000 2.21817000e+08
1755.000000 2.62326000e+08
1765.000000 2.07059000e+08
1775.000000 2.29437000e+08
1785.000000 2.31910000e+08
1795.000000 2.78944000e+08
1805.000000 2.70785000e+08
1815.000000 2.46470000e+08
1825.000000 2.46694000e+08
1835.000000 2.32411000e+08
1845.000000 2.05883000e+08
1855.000000 1.72872000e+08
1865.000000 1.90508000e+08
1875.000000 2.50976000e+08
1885.000000 2.25027000e+08
1895.000000 2.10719000e+08
1905.000000 2.22195000e+08
1915.000000 2.11344000e+08
1925.000000 2.22848000e+08
1935.000000 2.38601000e+08
1945.000000 2.39739000e+08
1955.000000 2.26982000e+08
1967.000000 2.64581000e+08
1976.000000 2.77160000e+08
1984.000000 2.52266000e+08
1995.000000 2.38067000e+08
2005.000000 2.52201000e+08
2015.000000 2.28233000e+08
2025.000000 2.55742000e+08
2035.000000 2.31393000e+08
2045.000000 2.53953000e+08
2055.000000 2.24538000e+08
2065.000000 2.28552000e+08
2074.000000 2.62876000e+08
2078.000000 2.40551000e+08
2085.000000 2.52587000e+08
2095.000000 2.34259000e+08
2105.000000 2.29403000e+08
2115.000000 2.31602000e+08
2125.000000 2.38395000e+08
2135.000000 1.99182000e+08
2145.000000 2.18356000e+08
2155.000000 2.39649000e+08
2165.000000 2.21936000e+08
2175.000000 2.14827000e+08
2185.000000 2.05747000e+08
2195.000000 2.29352000e+08
2205.000000 2.14205000e+08
2215.000000 1.88556000e+08
2225.000000 1.75968000e+08
2235.000000 2.06193000e+08
2245.000000 1.84036000e+08
2255.000000 1.65471000e+08
2265.000000 1.80528000e+08
2275.000000 1.90358000e+08
2285.000000 2.00594000e+08
2295.000000 1.89136000e+08
2305.000000 1.73842000e+08
2315.000000 1.58256000e+08
2325.000000 1.55762000e+08
2335.000000 1.38359000e+08
2345.000000 1.28631000e+08
2355.000000 1.56322000e+08
2365.000000 1.25340000e+08
2375.000000 1.37598000e+08
2385.000000 1.15081000e+08
2395.000000 1.37339000e+08
2405.000000 1.26117000e+08
2415.000000 1.35629000e+08
2425.000000 1.54584000e+08
2435.000000 1.44949000e+08
2445.000000 1.63358000e+08
2455.000000 1.56617000e+08
2465.000000 1.56179000e+08
2475.000000 1.48936000e+08
2485.000000 1.62686000e+08
2495.000000 1.55315000e+08
2505.000000 1.78818000e+08
2513.000000 1.46947000e+08
2518.000000 1.60298000e+08
2525.000000 1.41282000e+08
2535.000000 1.48353000e+08
2545.000000 1.39535000e+08
2555.000000 1.56358000e+08
2565.000000 1.47480000e+08
2575.000000 1.69058000e+08
2585.000000 1.58743000e+08
2595.000000 1.54495000e+08
2605.000000 1.43541000e+08
2615.000000 1.42070000e+08
2625.000000 1.56938000e+08
2635.000000 1.59178000e+08
2645.000000 1.85569000e+08
2655.000000 1.82474000e+08
2665.000000 1.57445000e+08
2675.000000 1.72485000e+08
2685.000000 1.62983000e+08
2695.000000 1.60240000e+08
2705.000000 1.69530000e+08
2715.000000 1.58006000e+08
2725.000000 1.61135000e+08
2735.000000 1.75864000e+08
2745.000000 1.33557000e+08
2755.000000 1.36039000e+08
2765.000000 1.44173000e+08
2775.000000 1.62636000e+08
2785.000000 1.63384000e+08
2795.000000 1.23580000e+08
2805.000000 1.43705000e+08
2815.000000 1.67569000e+08
2825.000000 1.74056000e+08
2835.000000 1.56969000e+08
2845.000000 1.52581000e+08
2855.000000 1.50493000e+08
2865.000000 1.63993000e+08
2875.000000 1.55958000e+08
2885.000000 1.57984000e+08
2895.000000 1.49154000e+08
2910.000000 1.71755000e+08
2930.000000 1.63907000e+08
2950.000000 1.62376000e+08
2970.000000 1.65394000e+08
2990.000000 1.66374000e+08
3010.000000 1.72379000e+08
3030.000000 1.68334000e+08
3050.000000 1.64469000e+08
3070.000000 1.62085000e+08
3090.000000 1.65569000e+08
3110.000000 1.58250000e+08
3130.000000 1.55865000e+08
3150.000000 1.59310000e+08
3170.000000 1.55518000e+08
3190.000000 1.48584000e+08
3210.000000 1.52244000e+08
3230.000000 1.49419000e+08
3250.000000 1.49076000e+08
3270.000000 1.48495000e+08
3290.000000 1.48097000e+08
3310.000000 1.48332000e+08
3330.000000 1.44174000e+08
3350.000000 1.41880000e+08
3370.000000 1.40373000e+08
3390.000000 1.38119000e+08
3410.000000 1.40517000e+08
3430.000000 1.38669000e+08
3450.000000 1.37060000e+08
3470.000000 1.34267000e+08
3490.000000 1.32723000e+08
3510.000000 1.33976000e+08
3530.000000 1.34334000e+08
3550.000000 1.33653000e+08
3570.000000 1.30814000e+08
3590.000000 1.29355000e+08
3610.000000 1.28125000e+08
3630.000000 1.26634000e+08
3640.000000 1.26497000e+08
3650.000000 1.26840000e+08
3670.000000 1.23844000e+08
3690.000000 1.24434000e+08
3710.000000 1.47570000e+08
3730.000000 1.72119000e+08
3750.000000 2.05758000e+08
3770.000000 2.03085000e+08
3790.000000 2.13421000e+08
3810.000000 2.26223000e+08
3830.000000 1.98898000e+08
3850.000000 2.23272000e+08
3870.000000 2.23896000e+08
3890.000000 1.92501000e+08
3910.000000 2.18469000e+08
3930.000000 2.12943000e+08
3950.000000 2.15286000e+08
3970.000000 1.79034000e+08
3990.000000 2.09294000e+08
4010.000000 2.05726000e+08
4030.000000 2.00699000e+08
4050.000000 2.01942000e+08
4070.000000 1.96883000e+08
4090.000000 1.93877000e+08
4110.000000 1.69088000e+08
4130.000000 1.87100000e+08
4150.000000 1.88160000e+08
4170.000000 1.84564000e+08
4190.000000 1.83276000e+08
4210.000000 1.81845000e+08
4230.000000 1.79003000e+08
4250.000000 1.75432000e+08
4270.000000 1.72210000e+08
4290.000000 1.72414000e+08
4310.000000 1.68818000e+08
4330.000000 1.61437000e+08
4350.000000 1.45069000e+08
4370.000000 1.63257000e+08
4390.000000 1.59116000e+08
4410.000000 1.59325000e+08
4430.000000 1.56400000e+08
4450.000000 1.55670000e+08
4470.000000 1.52476000e+08
4490.000000 1.49413000e+08
4510.000000 1.49170000e+08
4530.000000 1.46694000e+08
4550.000000 1.43302000e+08
4570.000000 1.44711000e+08
4590.000000 1.40481000e+08
4610.000000 1.41799000e+08
4630.000000 1.36751000e+08
4650.000000 1.38046000e+08
4670.000000 1.35607000e+08
4690.000000 1.34672000e+08
4710.000000 1.30783000e+08
4730.000000 1.30848000e+08
4750.000000 1.29218000e+08
4770.000000 1.29065000e+08
4790.000000 1.27175000e+08
4810.000000 1.24882000e+08
4830.000000 1.22886000e+08
4850.000000 1.18159000e+08
4870.000000 1.04284000e+08
4890.000000 1.19249000e+08
4910.000000 1.17533000e+08
4930.000000 1.14943000e+08
4950.000000 1.14808000e+08
4970.000000 1.13957000e+08
4990.000000 1.11934000e+08
5010.000000 1.07704000e+08
5030.000000 1.07723000e+08
5050.000000 1.05487000e+08
5070.000000 1.05737000e+08
5090.000000 1.04436000e+08
5110.000000 1.02618000e+08
5130.000000 1.02118000e+08
5150.000000 9.96080000e+07
5170.000000 9.89008000e+07
5190.000000 9.82743000e+07
5210.000000 9.59613000e+07
5230.000000 9.50153000e+07
5250.000000 9.50855000e+07
5270.000000 9.29341000e+07
5290.000000 9.37983000e+07
5310.000000 9.11825000e+07
5330.000000 9.13720000e+07
5350.000000 9.05612000e+07
5370.000000 8.95573000e+07
5390.000000 8.85620000e+07
5410.000000 8.71644000e+07
5430.000000 8.62207000e+07
5450.000000 8.57209000e+07
5470.000000 8.46281000e+07
5490.000000 8.39739000e+07
5510.000000 8.27685000e+07
5530.000000 8.22387000e+07
5550.000000 8.14734000e+07
5570.000000 8.05141000e+07
5590.000000 7.97763000e+07
5610.000000 7.92767000e+07
5630.000000 7.85029000e+07
5650.000000 7.65461000e+07
5670.000000 7.61805000e+07
5690.000000 7.58309000e+07
5710.000000 7.51666000e+07
5730.000000 7.43559000e+07
5750.000000 7.35421000e+07
5770.000000 7.27990000e+07
5790.000000 7.17238000e+07
5810.000000 7.10835000e+07
5830.000000 7.03362000e+07
5850.000000 6.97196000e+07
5870.000000 6.83378000e+07
5890.000000 6.78235000e+07
5910.000000 6.74752000e+07
5930.000000 6.70037000e+07
5950.000000 6.55335000e+07
5970.000000 6.53140000e+07
5990.000000 6.44691000e+07
6010.000000 6.42222000e+07
6030.000000 6.35182000e+07
6050.000000 6.27829000e+07
6070.000000 6.21388000e+07
6090.000000 6.14642000e+07
6110.000000 6.10039000e+07
6130.000000 6.03218000e+07
6150.000000 5.89320000e+07
6170.000000 5.90603000e+07
6190.000000 5.85691000e+07
6210.000000 5.79971000e+07
6230.000000 5.71924000e+07
6250.000000 5.58905000e+07
6270.000000 5.62705000e+07
6290.000000 5.56199000e+07
6310.000000 5.47730000e+07
6330.000000 5.44698000e+07
6350.000000 5.30247000e+07
6370.000000 5.27759000e+07
6390.000000 5.27551000e+07
6410.000000 5.21596000e+07
6430.000000 5.18648000e+07
6450.000000 5.09125000e+07
6470.000000 5.09357000e+07
6490.000000 5.00713000e+07
6510.000000 4.95392000e+07
6530.000000 4.90701000e+07
6550.000000 4.72597000e+07
6570.000000 4.09991000e+07
6590.000000 4.75517000e+07
6610.000000 4.75110000e+07
6630.000000 4.70191000e+07
6650.000000 4.67043000e+07
6670.000000 4.60402000e+07
6690.000000 4.56391000e+07
6710.000000 4.53490000e+07
6730.000000 4.48861000e+07
6750.000000 4.44890000e+07
6770.000000 4.41115000e+07
6790.000000 4.36077000e+07
6810.000000 4.32227000e+07
6830.000000 4.26857000e+07
6850.000000 4.23910000e+07
6870.000000 4.20065000e+07
6890.000000 4.16487000e+07
6910.000000 4.12265000e+07
6930.000000 4.07112000e+07
6950.000000 4.05139000e+07
6970.000000 4.01336000e+07
6990.000000 3.98171000e+07
7010.000000 3.93725000e+07
7030.000000 3.90695000e+07
7050.000000 3.85313000e+07
7070.000000 3.81629000e+07
7090.000000 3.80408000e+07
7110.000000 3.75484000e+07
7130.000000 3.72291000e+07
7150.000000 3.69791000e+07
7170.000000 3.66288000e+07
7190.000000 3.63283000e+07
7210.000000 3.60321000e+07
7230.000000 3.54850000e+07
7250.000000 3.53009000e+07
7270.000000 3.50485000e+07
7290.000000 3.46956000e+07
7310.000000 3.43699000e+07
7330.000000 3.41076000e+07
7350.000000 3.38901000e+07
7370.000000 3.35878000e+07
7390.000000 3.32849000e+07
7410.000000 3.29607000e+07
7430.000000 3.25671000e+07
7450.000000 3.23185000e+07
7470.000000 3.19148000e+07
7490.000000 3.17365000e+07
7510.000000 3.13934000e+07
7530.000000 3.12627000e+07
7550.000000 3.10048000e+07
7570.000000 3.07459000e+07
7590.000000 3.04474000e+07
7610.000000 3.02609000e+07
7630.000000 2.99743000e+07
7650.000000 2.96343000e+07
7670.000000 2.94358000e+07
7690.000000 2.91656000e+07
7710.000000 2.88840000e+07
7730.000000 2.86912000e+07
7750.000000 2.84448000e+07
7770.000000 2.77251000e+07
7790.000000 2.79647000e+07
7810.000000 2.77803000e+07
7830.000000 2.75212000e+07
7850.000000 2.70987000e+07
7870.000000 2.69046000e+07
7890.000000 2.66062000e+07
7910.000000 2.65862000e+07
7930.000000 2.64109000e+07
7950.000000 2.60106000e+07
7970.000000 2.59561000e+07
7990.000000 2.54410000e+07
8010.000000 2.55361000e+07
8030.000000 2.53114000e+07
8050.000000 2.50975000e+07
8070.000000 2.48980000e+07
8090.000000 2.46755000e+07
8110.000000 2.44583000e+07
8130.000000 2.42874000e+07
8150.000000 2.40957000e+07
8170.000000 2.39231000e+07
8190.000000 2.36464000e+07
8210.000000 2.33256000e+07
8230.000000 2.30555000e+07
8250.000000 2.31028000e+07
8270.000000 2.29884000e+07
8290.000000 2.26424000e+07
8310.000000 2.25385000e+07
8330.000000 2.22670000e+07
8350.000000 2.21123000e+07
8370.000000 2.17729000e+07
8390.000000 2.17024000e+07
8410.000000 2.14453000e+07
8430.000000 2.16268000e+07
8450.000000 2.12064000e+07
8470.000000 2.07424000e+07
8490.000000 2.18767000e+07
8510.000000 2.02862000e+07
8530.000000 2.19977000e+07
8550.000000 1.98495000e+07
8570.000000 2.20103000e+07
8590.000000 2.09491000e+07
8610.000000 2.04149000e+07
8630.000000 2.19173000e+07
8650.000000 2.15799000e+07
8670.000000 1.89681000e+07
8690.000000 2.13817000e+07
8710.000000 2.14803000e+07
8730.000000 2.11264000e+07
8750.000000 1.84747000e+07
8770.000000 2.07083000e+07
8790.000000 2.08624000e+07
8810.000000 2.07022000e+07
8830.000000 2.03322000e+07
8850.000000 1.98705000e+07
8870.000000 1.77728000e+07
8890.000000 1.99905000e+07
8910.000000 1.98672000e+07
8930.000000 1.96474000e+07
8950.000000 1.96458000e+07
8970.000000 1.94922000e+07
8990.000000 1.92369000e+07
9010.000000 1.71519000e+07
9030.000000 1.83294000e+07
9050.000000 1.88520000e+07
9070.000000 1.84786000e+07
9090.000000 1.83600000e+07
9110.000000 1.83489000e+07
9130.000000 1.82420000e+07
9150.000000 1.81924000e+07
9170.000000 1.79631000e+07
9190.000000 1.77088000e+07
9210.000000 1.74308000e+07
9230.000000 1.52287000e+07
9250.000000 1.71104000e+07
9270.000000 1.69573000e+07
9290.000000 1.71559000e+07
9310.000000 1.71088000e+07
9330.000000 1.69338000e+07
9350.000000 1.68877000e+07
9370.000000 1.67530000e+07
9390.000000 1.65856000e+07
9410.000000 1.62378000e+07
9430.000000 1.63634000e+07
9450.000000 1.62875000e+07
9470.000000 1.61398000e+07
9490.000000 1.60371000e+07
9510.000000 1.58694000e+07
9530.000000 1.55958000e+07
9550.000000 1.36887000e+07
9570.000000 1.54653000e+07
9590.000000 1.54709000e+07
9610.000000 1.53291000e+07
9630.000000 1.50197000e+07
9650.000000 1.51473000e+07
9670.000000 1.49694000e+07
9690.000000 1.49165000e+07
9710.000000 1.48392000e+07
9730.000000 1.47257000e+07
9750.000000 1.46015000e+07
9770.000000 1.45260000e+07
9790.000000 1.44105000e+07
9810.000000 1.42923000e+07
9830.000000 1.41746000e+07
9850.000000 1.40744000e+07
9870.000000 1.39919000e+07
9890.000000 1.38560000e+07
9910.000000 1.37882000e+07
9930.000000 1.37026000e+07
9950.000000 1.35992000e+07
9970.000000 1.35098000e+07
9990.000000 1.34199000e+07
10025.000000 1.29767000e+07
10075.000000 1.23631000e+07
10125.000000 1.26356000e+07
10175.000000 1.25452000e+07
10225.000000 1.23734000e+07
10275.000000 1.21673000e+07
10325.000000 1.19490000e+07
10375.000000 1.17540000e+07
10425.000000 1.15660000e+07
10475.000000 1.13501000e+07
10525.000000 1.11432000e+07
10575.000000 1.09889000e+07
10625.000000 1.08176000e+07
10675.000000 1.05591000e+07
10725.000000 1.04406000e+07
10775.000000 1.02836000e+07
10825.000000 1.00808000e+07
10875.000000 9.95581000e+06
10925.000000 9.19984000e+06
10975.000000 9.56347000e+06
11025.000000 9.48498000e+06
11075.000000 9.34424000e+06
11125.000000 9.19134000e+06
11175.000000 9.04321000e+06
11225.000000 8.90602000e+06
11275.000000 8.68289000e+06
11325.000000 8.56526000e+06
11375.000000 8.49188000e+06
11425.000000 8.35826000e+06
11475.000000 8.23780000e+06
11525.000000 8.11117000e+06
11575.000000 7.98585000e+06
11625.000000 7.83479000e+06
11675.000000 7.71420000e+06
11725.000000 7.61896000e+06
11775.000000 7.45902000e+06
11825.000000 7.39069000e+06
11875.000000 7.27007000e+06
11925.000000 7.18274000e+06
11975.000000 7.06535000e+06
12025.000000 6.96999000e+06
12075.000000 6.86613000e+06
12125.000000 6.76170000e+06
12175.000000 6.66536000e+06
12225.000000 6.56658000e+06
12275.000000 6.46819000e+06
12325.000000 6.37639000e+06
12375.000000 6.28659000e+06
12425.000000 6.19876000e+06
12475.000000 6.09107000e+06
12525.000000 6.02068000e+06
12575.000000 5.92239000e+06
12625.000000 5.84674000e+06
12675.000000 5.76952000e+06
12725.000000 5.68913000e+06
12775.000000 5.59090000e+06
12825.000000 5.20268000e+06
12875.000000 5.44780000e+06
12925.000000 5.37822000e+06
12975.000000 5.30261000e+06
13025.000000 5.23156000e+06
13075.000000 5.15923000e+06
13125.000000 5.08872000e+06
13175.000000 5.00568000e+06
13225.000000 4.95110000e+06
13275.000000 4.88394000e+06
13325.000000 4.81787000e+06
13375.000000 4.75306000e+06
13425.000000 4.68512000e+06
13475.000000 4.62261000e+06
13525.000000 4.55925000e+06
13575.000000 4.50017000e+06
13625.000000 4.44082000e+06
13675.000000 4.37537000e+06
13725.000000 4.31915000e+06
13775.000000 4.26998000e+06
13825.000000 4.21432000e+06
13875.000000 4.16032000e+06
13925.000000 4.10388000e+06
13975.000000 4.05142000e+06
14025.000000 4.00037000e+06
14075.000000 3.94823000e+06
14125.000000 3.89559000e+06
14175.000000 3.84884000e+06
14225.000000 3.79949000e+06
14275.000000 3.75185000e+06
14325.000000 3.70349000e+06
14375.000000 3.65607000e+06
14425.000000 3.59782000e+06
14475.000000 3.56258000e+06
14525.000000 3.51417000e+06
14570.000000 3.48185000e+06
14620.000000 3.43657000e+06
14675.000000 3.39319000e+06
14725.000000 3.35055000e+06
14775.000000 3.30513000e+06
14825.000000 3.27002000e+06
14875.000000 3.22781000e+06
14925.000000 3.18948000e+06
14975.000000 3.14789000e+06
15025.000000 3.10544000e+06
15075.000000 3.06565000e+06
15125.000000 3.02664000e+06
15175.000000 2.99119000e+06
15225.000000 2.97791000e+06
15275.000000 2.90710000e+06
15325.000000 2.87469000e+06
15375.000000 2.87833000e+06
15425.000000 2.78829000e+06
15475.000000 2.82206000e+06
15525.000000 2.79782000e+06
15575.000000 2.67505000e+06
15625.000000 2.75039000e+06
15675.000000 2.68964000e+06
15725.000000 2.59105000e+06
15775.000000 2.66488000e+06
15825.000000 2.63739000e+06
15875.000000 2.46967000e+06
15925.000000 2.57302000e+06
15975.000000 2.55989000e+06
16050.000000 2.50897000e+06
16150.000000 2.38815000e+06
16250.000000 2.40579000e+06
16350.000000 2.34178000e+06
16450.000000 2.23154000e+06
16550.000000 2.24825000e+06
16650.000000 2.19836000e+06
16750.000000 2.13889000e+06
16850.000000 2.03901000e+06
16950.000000 2.05370000e+06
17050.000000 2.01050000e+06
17150.000000 1.96830000e+06
17250.000000 1.92528000e+06
17350.000000 1.81955000e+06
17450.000000 1.83971000e+06
17550.000000 1.80474000e+06
17650.000000 1.76742000e+06
17750.000000 1.72938000e+06
17850.000000 1.69457000e+06
17950.000000 1.66171000e+06
18050.000000 1.62242000e+06
18150.000000 1.54295000e+06
18250.000000 1.55425000e+06
18350.000000 1.52942000e+06
18450.000000 1.49905000e+06
18550.000000 1.46673000e+06
18650.000000 1.43750000e+06
18750.000000 1.36263000e+06
18850.000000 1.38171000e+06
18950.000000 1.35531000e+06
19050.000000 1.32908000e+06
19150.000000 1.30373000e+06
19250.000000 1.27812000e+06
19350.000000 1.25378000e+06
19450.000000 1.18973000e+06
19550.000000 1.20637000e+06
19650.000000 1.18398000e+06
19750.000000 1.16130000e+06
19850.000000 1.13968000e+06
19950.000000 1.11825000e+06
20050.000000 1.09757000e+06
20150.000000 1.07724000e+06
20250.000000 1.05735000e+06
20350.000000 1.03788000e+06
20450.000000 1.01884000e+06
20550.000000 1.00012000e+06
20650.000000 9.82148000e+05
20750.000000 9.64480000e+05
20850.000000 9.47191000e+05
20950.000000 9.30016000e+05
21050.000000 9.13634000e+05
21150.000000 8.96761000e+05
21250.000000 8.81166000e+05
21350.000000 8.65245000e+05
21450.000000 8.50400000e+05
21550.000000 8.36117000e+05
21650.000000 7.94317000e+05
21750.000000 8.06795000e+05
21850.000000 7.93430000e+05
21950.000000 7.79720000e+05
22050.000000 7.66689000e+05
22150.000000 7.53524000e+05
22250.000000 7.40853000e+05
22350.000000 7.28462000e+05
22450.000000 7.16306000e+05
22550.000000 7.04277000e+05
22650.000000 6.92630000e+05
22750.000000 6.81117000e+05
22850.000000 6.69988000e+05
22950.000000 6.58998000e+05
23050.000000 6.48357000e+05
23150.000000 6.37826000e+05
23250.000000 6.27550000e+05
23350.000000 6.17404000e+05
23450.000000 6.07464000e+05
23550.000000 5.97677000e+05
23650.000000 5.88006000e+05
23750.000000 5.78770000e+05
23850.000000 5.69503000e+05
23950.000000 5.60356000e+05
24050.000000 5.50743000e+05
24150.000000 5.41592000e+05
24250.000000 5.35693000e+05
24350.000000 5.25044000e+05
24450.000000 5.16195000e+05
24550.000000 5.11424000e+05
24650.000000 5.01368000e+05
24750.000000 4.93856000e+05
24850.000000 4.89974000e+05
24950.000000 4.73836000e+05
25050.000000 4.75572000e+05
25150.000000 4.68599000e+05
25250.000000 4.51127000e+05
25350.000000 4.54592000e+05
25450.000000 4.48502000e+05
25550.000000 4.41293000e+05
25650.000000 4.23315000e+05
25750.000000 4.28852000e+05
25850.000000 4.23544000e+05
25950.000000 4.17702000e+05
26050.000000 4.09943000e+05
26150.000000 3.92187000e+05
26250.000000 3.84541000e+05
26350.000000 3.93309000e+05
26450.000000 3.88295000e+05
26550.000000 3.82714000e+05
26650.000000 3.76919000e+05
26750.000000 3.58686000e+05
26850.000000 3.66230000e+05
26950.000000 3.61411000e+05
27050.000000 3.56329000e+05
27150.000000 3.51343000e+05
27250.000000 3.46425000e+05
27350.000000 3.41580000e+05
27450.000000 3.36810000e+05
27550.000000 3.21500000e+05
27650.000000 3.25254000e+05
27750.000000 3.23095000e+05
27850.000000 3.18666000e+05
27950.000000 3.14316000e+05
28050.000000 3.10035000e+05
28150.000000 3.05801000e+05
28250.000000 3.01643000e+05
28350.000000 2.97546000e+05
28450.000000 2.93582000e+05
28550.000000 2.89694000e+05
28650.000000 2.85041000e+05
28750.000000 2.72164000e+05
28850.000000 2.78242000e+05
28950.000000 2.74350000e+05
29050.000000 2.71000000e+05
29150.000000 2.67339000e+05
29250.000000 2.63929000e+05
29350.000000 2.60454000e+05
29450.000000 2.57094000e+05
29550.000000 2.53787000e+05
29650.000000 2.50497000e+05
29750.000000 2.47279000e+05
29850.000000 2.44111000e+05
29950.000000 2.40989000e+05
30050.000000 2.37906000e+05
30150.000000 2.34872000e+05
30250.000000 2.31885000e+05
30350.000000 2.22629000e+05
30450.000000 2.23810000e+05
30550.000000 2.23098000e+05
30650.000000 2.20458000e+05
30750.000000 2.17700000e+05
30850.000000 2.14695000e+05
30950.000000 2.12307000e+05
31050.000000 2.09700000e+05
31150.000000 2.07105000e+05
31250.000000 2.04567000e+05
31350.000000 2.02075000e+05
31450.000000 1.99585000e+05
31550.000000 1.97179000e+05
31650.000000 1.94758000e+05
31750.000000 1.92419000e+05
31850.000000 1.90121000e+05
31950.000000 1.87818000e+05
32100.000000 1.84462000e+05
32300.000000 1.80101000e+05
32500.000000 1.75858000e+05
32700.000000 1.71737000e+05
32900.000000 1.64080000e+05
33100.000000 1.63203000e+05
33300.000000 1.59801000e+05
33500.000000 1.56177000e+05
33700.000000 1.52597000e+05
33900.000000 1.49179000e+05
34100.000000 1.45837000e+05
34300.000000 1.42582000e+05
34500.000000 1.39433000e+05
34700.000000 1.36354000e+05
34900.000000 1.33330000e+05
35100.000000 1.30445000e+05
35300.000000 1.27610000e+05
35500.000000 1.24783000e+05
35700.000000 1.22029000e+05
35900.000000 1.19750000e+05
36100.000000 1.16776000e+05
36300.000000 1.14772000e+05
36500.000000 1.11785000e+05
36700.000000 1.10049000e+05
36900.000000 1.06961000e+05
37100.000000 1.05538000e+05
37300.000000 1.02679000e+05
37500.000000 9.89235000e+04
37700.000000 9.92285000e+04
37900.000000 9.72581000e+04
38100.000000 9.44905000e+04
38300.000000 9.29336000e+04
38500.000000 9.16859000e+04
38700.000000 8.98301000e+04
38900.000000 8.79478000e+04
39100.000000 8.48400000e+04
39300.000000 8.46372000e+04
39500.000000 8.29324000e+04
39700.000000 8.13818000e+04
39900.000000 7.97895000e+04
40100.000000 7.77702000e+04
40300.000000 7.56989000e+04
40500.000000 7.38369000e+04
40700.000000 7.38681000e+04
40900.000000 7.24650000e+04
41100.000000 7.11058000e+04
41300.000000 6.97695000e+04
41500.000000 6.84664000e+04
41700.000000 6.57964000e+04
41900.000000 6.59466000e+04
42100.000000 6.47412000e+04
42300.000000 6.35599000e+04
42500.000000 6.24020000e+04
42700.000000 6.12692000e+04
42900.000000 6.01609000e+04
43100.000000 5.90786000e+04
43300.000000 5.80217000e+04
43500.000000 5.69877000e+04
43700.000000 5.48714000e+04
43900.000000 5.48710000e+04
44100.000000 5.40180000e+04
44300.000000 5.30726000e+04
44500.000000 5.21476000e+04
44700.000000 5.12993000e+04
44900.000000 5.03499000e+04
45100.000000 4.94858000e+04
45300.000000 4.86220000e+04
45500.000000 4.78061000e+04
45700.000000 4.69935000e+04
45900.000000 4.62005000e+04
46100.000000 4.54229000e+04
46300.000000 4.46447000e+04
46500.000000 4.29495000e+04
46700.000000 4.21989000e+04
46900.000000 4.24238000e+04
47100.000000 4.17671000e+04
47300.000000 4.10829000e+04
47500.000000 4.03954000e+04
47700.000000 3.97478000e+04
47900.000000 3.91029000e+04
48100.000000 3.84690000e+04
48300.000000 3.78604000e+04
48500.000000 3.72349000e+04
48700.000000 3.66581000e+04
48900.000000 3.60548000e+04
49100.000000 3.55054000e+04
49300.000000 3.49094000e+04
49500.000000 3.44065000e+04
49700.000000 3.37977000e+04
49900.000000 3.33775000e+04
50100.000000 3.28459000e+04
50300.000000 3.22219000e+04
50500.000000 3.18741000e+04
50700.000000 3.13740000e+04
50900.000000 3.07222000e+04
51100.000000 3.03509000e+04
51300.000000 2.92372000e+04
51500.000000 2.94551000e+04
51700.000000 2.88556000e+04
51900.000000 2.86210000e+04
52100.000000 2.82019000e+04
52300.000000 2.77800000e+04
52500.000000 2.73200000e+04
52700.000000 2.67278000e+04
52900.000000 2.65651000e+04
53100.000000 2.61743000e+04
53300.000000 2.57913000e+04
53500.000000 2.54145000e+04
53700.000000 2.48715000e+04
53900.000000 2.45291000e+04
54100.000000 2.43249000e+04
54300.000000 2.39748000e+04
54500.000000 2.36305000e+04
54700.000000 2.32931000e+04
54900.000000 2.29612000e+04
55100.000000 2.26024000e+04
55300.000000 2.19884000e+04
55500.000000 2.20002000e+04
55700.000000 2.16907000e+04
55900.000000 2.13863000e+04
56100.000000 2.10880000e+04
56300.000000 2.07970000e+04
56500.000000 2.05084000e+04
56700.000000 2.02257000e+04
56900.000000 1.99453000e+04
57100.000000 1.93044000e+04
57300.000000 1.93913000e+04
57500.000000 1.91404000e+04
57700.000000 1.88812000e+04
57900.000000 1.86251000e+04
58100.000000 1.83744000e+04
58300.000000 1.81266000e+04
58500.000000 1.78796000e+04
58700.000000 1.76399000e+04
58900.000000 1.73867000e+04
59100.000000 1.67580000e+04
59300.000000 1.69333000e+04
59500.000000 1.63972000e+04
59700.000000 1.64429000e+04
59900.000000 1.63060000e+04
60100.000000 1.61090000e+04
60300.000000 1.58997000e+04
60500.000000 1.56939000e+04
60700.000000 1.54915000e+04
60900.000000 1.52914000e+04
61100.000000 1.50946000e+04
61300.000000 1.49020000e+04
61500.000000 1.47116000e+04
61700.000000 1.45243000e+04
61900.000000 1.43402000e+04
62100.000000 1.41591000e+04
62300.000000 1.39809000e+04
62500.000000 1.38038000e+04
62700.000000 1.36076000e+04
62900.000000 1.31166000e+04
63100.000000 1.32531000e+04
63300.000000 1.31271000e+04
63500.000000 1.29642000e+04
63700.000000 1.28068000e+04
63900.000000 1.26456000e+04
64200.000000 1.24180000e+04
64600.000000 1.21130000e+04
65000.000000 1.18182000e+04
65400.000000 1.15419000e+04
65800.000000 1.12584000e+04
66200.000000 1.09921000e+04
66600.000000 1.07382000e+04
67000.000000 1.04878000e+04
67400.000000 1.02310000e+04
67800.000000 9.86808000e+03
68200.000000 9.76077000e+03
68600.000000 9.55681000e+03
69000.000000 9.34029000e+03
69400.000000 9.10466000e+03
69800.000000 8.92405000e+03
70200.000000 8.72556000e+03
70600.000000 8.53097000e+03
71000.000000 8.31256000e+03
71400.000000 8.15835000e+03
71800.000000 7.98074000e+03
72200.000000 7.80800000e+03
72600.000000 7.60283000e+03
73000.000000 7.47238000e+03
73400.000000 7.31494000e+03
73800.000000 7.15908000e+03
74200.000000 7.00409000e+03
74600.000000 6.74837000e+03
75000.000000 6.51303000e+03
75400.000000 6.56657000e+03
75800.000000 6.44106000e+03
76200.000000 6.30880000e+03
76600.000000 6.17888000e+03
77000.000000 6.05315000e+03
77400.000000 5.93013000e+03
77800.000000 5.75248000e+03
78200.000000 5.69421000e+03
78600.000000 5.58042000e+03
79000.000000 5.46943000e+03
79400.000000 5.36116000e+03
79800.000000 5.25554000e+03
80200.000000 5.15253000e+03
80600.000000 5.05205000e+03
81000.000000 4.95398000e+03
81400.000000 4.80575000e+03
81800.000000 4.75486000e+03
82200.000000 4.67369000e+03
82600.000000 4.58469000e+03
83000.000000 4.49773000e+03
83400.000000 4.41282000e+03
83800.000000 4.32960000e+03
84200.000000 4.24897000e+03
84600.000000 4.16993000e+03
85000.000000 4.09240000e+03
85400.000000 4.01727000e+03
85800.000000 3.94193000e+03
86200.000000 3.87141000e+03
86600.000000 3.74386000e+03
87000.000000 3.72947000e+03
87400.000000 3.63302000e+03
87800.000000 3.56872000e+03
88200.000000 3.53487000e+03
88600.000000 3.46814000e+03
89000.000000 3.41049000e+03
89400.000000 3.35039000e+03
89800.000000 3.29155000e+03
90200.000000 3.23344000e+03
90600.000000 3.17250000e+03
91000.000000 3.12266000e+03
91400.000000 3.06878000e+03
91800.000000 3.01603000e+03
92200.000000 2.96439000e+03
92600.000000 2.90421000e+03
93000.000000 2.86443000e+03
93400.000000 2.81607000e+03
93800.000000 2.72445000e+03
94200.000000 2.71720000e+03
94600.000000 2.67688000e+03
95000.000000 2.62759000e+03
95400.000000 2.58147000e+03
95800.000000 2.54616000e+03
96200.000000 2.50435000e+03
96600.000000 2.46339000e+03
97000.000000 2.42310000e+03
97400.000000 2.38397000e+03
97800.000000 2.34549000e+03
98200.000000 2.30564000e+03
98600.000000 2.25876000e+03
99000.000000 2.23451000e+03
99400.000000 2.19898000e+03
99800.000000 2.16414000e+03
100200.000000 2.13001000e+03
200000.000000 1.34577000e+02
400000.000000 8.27109000e+00
600000.000000 1.61000000e+00
800000.000000 5.03428000e-01
1000000.000000 2.04225000e-01
1200000.000000 9.76959000e-02
1400000.000000 5.23712000e-02
1600000.000000 3.05151000e-02
