# Kurucz ODFNEW /NOVER, alpha: 0.0 (2003)
# teff = 6000 K (value for the effective temperature for the model. Temperatures are given in K)
# logg = 1.5 log(cm/s2) (value for Log(G) for the model.)
# lh = 1.25  (l/Hp where l is the  mixing length of the convective element and Hp is the pressure scale height)
# meta = 0.5  (value for the Metallicity for the model.)
# vtur = 2 km/s (Microturbulence velocity)
# alpha = 0  (Alpha)
#
# column 1: WAVELENGTH (ANGSTROM), Wavelength in Angstrom
# column 2: FLUX (ERG/CM2/S/A), Flux in erg/cm2/s/A
147.200000 2.69283000e-104
151.000000 2.21798000e-101
155.200000 2.51231000e-98
158.800000 7.70626000e-96
162.000000 1.00721000e-93
166.000000 3.40350000e-91
170.300000 1.30534000e-88
173.400000 7.89630000e-87
176.800000 6.00475000e-85
180.200000 3.86683000e-83
181.700000 2.30899000e-82
186.100000 3.68743000e-80
191.000000 7.91554000e-78
193.900000 1.66364000e-76
198.400000 1.56855000e-74
201.800000 4.25110000e-73
205.000000 8.58002000e-72
210.500000 1.20236000e-69
216.200000 1.53867000e-67
219.800000 2.88723000e-66
223.000000 3.59942000e-65
226.800000 6.55967000e-64
230.000000 7.01315000e-63
234.000000 1.23223000e-61
240.000000 7.55683000e-60
246.500000 5.18467000e-58
252.400000 1.98513000e-56
256.800000 2.69073000e-55
260.000000 1.69244000e-54
264.000000 1.58079000e-53
268.500000 1.79648000e-52
273.500000 2.42797000e-51
278.500000 2.98504000e-50
284.000000 4.24311000e-49
290.000000 6.81831000e-48
296.000000 9.74115000e-47
301.000000 8.22891000e-46
308.000000 1.44784000e-44
318.000000 6.93822000e-43
328.000000 2.60553000e-41
338.000000 7.82946000e-40
348.000000 1.92222000e-38
357.000000 2.91971000e-37
366.000000 3.86584000e-36
375.000000 4.49477000e-35
385.000000 5.96845000e-34
395.000000 6.90995000e-33
405.000000 7.05295000e-32
414.000000 5.16465000e-31
422.000000 2.81229000e-30
430.000000 1.43373000e-29
441.000000 1.21698000e-28
451.000000 7.73069000e-28
460.000000 3.79827000e-27
470.000000 2.06681000e-26
480.000000 1.04367000e-25
490.000000 4.91835000e-25
500.000000 2.16906000e-24
506.000000 6.81019000e-24
512.000000 1.76793000e-23
520.000000 5.22851000e-23
530.000000 1.94346000e-22
540.000000 6.75684000e-22
550.000000 2.26698000e-21
560.000000 7.22093000e-21
570.000000 2.20228000e-20
580.000000 6.37461000e-20
590.000000 1.81428000e-19
600.000000 4.91977000e-19
610.000000 1.29036000e-18
620.000000 3.26796000e-18
630.000000 8.02047000e-18
640.000000 1.91032000e-17
650.000000 4.42249000e-17
658.000000 8.48425000e-17
665.000000 1.47514000e-16
675.000000 3.19863000e-16
685.000000 6.77483000e-16
695.000000 1.39905000e-15
705.000000 2.80153000e-15
716.000000 5.96962000e-15
726.000000 1.15397000e-14
735.000000 2.05309000e-14
745.000000 3.82224000e-14
755.000000 6.99166000e-14
765.000000 1.26069000e-13
775.000000 2.22811000e-13
785.000000 3.88984000e-13
795.000000 6.58297000e-13
805.000000 1.11747000e-12
815.000000 1.87615000e-12
825.000000 3.08585000e-12
835.000000 5.00915000e-12
845.000000 8.02764000e-12
855.000000 1.27166000e-11
865.000000 1.98887000e-11
875.000000 3.06024000e-11
885.000000 4.70348000e-11
895.000000 7.12236000e-11
905.000000 1.06580000e-10
915.000000 1.17943000e-07
925.000000 4.27300000e-07
935.000000 6.48032000e-07
945.000000 9.73647000e-07
955.000000 1.49994000e-06
965.000000 2.21331000e-06
975.000000 3.13284000e-06
985.000000 4.69909000e-06
995.000000 6.54427000e-06
1005.000000 9.82531000e-06
1015.000000 1.39283000e-05
1025.000000 1.86402000e-05
1035.000000 2.73988000e-05
1045.000000 3.80309000e-05
1055.000000 5.24329000e-05
1065.000000 7.06443000e-05
1075.000000 9.61852000e-05
1085.000000 1.32275000e-04
1095.000000 1.74992000e-04
1105.000000 3.69872000e-04
1115.000000 1.27786000e-03
1125.000000 2.04828000e-03
1135.000000 3.07180000e-03
1145.000000 4.27354000e-03
1155.000000 5.01346000e-03
1165.000000 7.61828000e-03
1175.000000 9.70185000e-03
1185.000000 1.08502000e-02
1195.000000 6.42091000e-03
1205.000000 8.43501000e-03
1215.000000 3.60901000e-03
1225.000000 1.17885000e-02
1235.000000 2.51445000e-02
1245.000000 4.78584000e-02
1255.000000 7.87149000e-02
1265.000000 7.44407000e-02
1275.000000 1.08806000e-01
1285.000000 1.38166000e-01
1295.000000 1.77447000e-01
1305.000000 1.57443000e-01
1315.000000 2.28949000e-01
1325.000000 2.55334000e-01
1335.000000 3.04918000e-01
1345.000000 3.49610000e-01
1355.000000 4.02455000e-01
1365.000000 4.42942000e-01
1375.000000 4.99510000e-01
1385.000000 5.75712000e-01
1395.000000 6.60701000e-01
1405.000000 7.93908000e-01
1415.000000 8.93964000e-01
1425.000000 1.00341000e+00
1435.000000 1.16036000e+00
1442.000000 1.47718000e+00
1447.000000 1.38442000e+00
1455.000000 1.63713000e+00
1465.000000 1.95331000e+00
1475.000000 1.98111000e+00
1485.000000 2.37683000e+00
1495.000000 3.09774000e+00
1505.000000 3.77939000e+00
1512.000000 3.19063000e+00
1517.000000 4.13646000e+00
1525.000000 5.87508000e+00
1535.000000 1.68057000e+01
1545.000000 1.83344000e+01
1555.000000 2.73523000e+01
1565.000000 2.53611000e+01
1575.000000 4.70884000e+01
1585.000000 6.04408000e+01
1595.000000 7.35652000e+01
1605.000000 7.81545000e+01
1615.000000 8.33904000e+01
1625.000000 9.65112000e+01
1635.000000 1.07116000e+02
1645.000000 1.55076000e+02
1655.000000 7.44732000e+01
1665.000000 1.67884000e+02
1672.000000 9.70519000e+01
1677.000000 1.81712000e+02
1685.000000 3.45969000e+02
1695.000000 6.47305000e+02
1705.000000 6.95511000e+02
1715.000000 8.38028000e+02
1725.000000 1.04645000e+03
1735.000000 1.34286000e+03
1745.000000 1.61454000e+03
1755.000000 2.38561000e+03
1765.000000 2.40315000e+03
1775.000000 2.44204000e+03
1785.000000 2.92755000e+03
1795.000000 4.11757000e+03
1805.000000 3.17662000e+03
1815.000000 3.41721000e+03
1825.000000 3.72236000e+03
1835.000000 5.05368000e+03
1845.000000 4.16303000e+03
1855.000000 5.87523000e+03
1865.000000 6.89073000e+03
1875.000000 7.56647000e+03
1885.000000 8.50402000e+03
1895.000000 1.06241000e+04
1905.000000 9.76926000e+03
1915.000000 1.10577000e+04
1925.000000 1.07022000e+04
1935.000000 7.25382000e+03
1945.000000 1.56616000e+04
1955.000000 1.64135000e+04
1967.000000 2.09996000e+04
1976.000000 2.06129000e+04
1984.000000 2.18979000e+04
1995.000000 2.32482000e+04
2005.000000 2.41302000e+04
2015.000000 2.39442000e+04
2025.000000 2.08787000e+04
2035.000000 2.90296000e+04
2045.000000 3.35118000e+04
2055.000000 2.99526000e+04
2065.000000 2.85492000e+04
2074.000000 3.76118000e+04
2078.000000 4.81826000e+04
2085.000000 5.31025000e+04
2095.000000 7.61437000e+04
2105.000000 1.09269000e+05
2115.000000 1.11935000e+05
2125.000000 9.08364000e+04
2135.000000 7.81175000e+04
2145.000000 1.19012000e+05
2155.000000 1.34945000e+05
2165.000000 9.98321000e+04
2175.000000 1.13776000e+05
2185.000000 1.42762000e+05
2195.000000 1.67064000e+05
2205.000000 1.44128000e+05
2215.000000 8.97475000e+04
2225.000000 1.05075000e+05
2235.000000 1.85113000e+05
2245.000000 1.59990000e+05
2255.000000 9.87345000e+04
2265.000000 7.99395000e+04
2275.000000 1.43082000e+05
2285.000000 1.63897000e+05
2295.000000 1.58051000e+05
2305.000000 1.84195000e+05
2315.000000 1.44359000e+05
2325.000000 1.22498000e+05
2335.000000 5.57560000e+04
2345.000000 3.90149000e+04
2355.000000 8.38094000e+04
2365.000000 4.17834000e+04
2375.000000 6.15330000e+04
2385.000000 3.04094000e+04
2395.000000 4.37210000e+04
2405.000000 4.29844000e+04
2415.000000 7.17774000e+04
2425.000000 1.79171000e+05
2435.000000 2.04001000e+05
2445.000000 2.53614000e+05
2455.000000 2.69954000e+05
2465.000000 2.22960000e+05
2475.000000 1.98118000e+05
2485.000000 1.39626000e+05
2495.000000 1.82566000e+05
2505.000000 2.86169000e+05
2513.000000 1.51750000e+05
2518.000000 1.28777000e+05
2525.000000 1.13746000e+05
2535.000000 1.53835000e+05
2545.000000 1.94983000e+05
2555.000000 3.70853000e+05
2565.000000 1.86114000e+05
2575.000000 2.47192000e+05
2585.000000 1.58788000e+05
2595.000000 1.28459000e+05
2605.000000 9.87953000e+04
2615.000000 9.38322000e+04
2625.000000 1.31504000e+05
2635.000000 3.02540000e+05
2645.000000 7.18562000e+05
2655.000000 1.02110000e+06
2665.000000 5.58499000e+05
2675.000000 6.63576000e+05
2685.000000 7.67701000e+05
2695.000000 6.09518000e+05
2705.000000 7.77089000e+05
2715.000000 4.19414000e+05
2725.000000 3.82481000e+05
2735.000000 3.88710000e+05
2745.000000 1.69380000e+05
2755.000000 2.38336000e+05
2765.000000 3.21849000e+05
2775.000000 3.48799000e+05
2785.000000 2.17483000e+05
2795.000000 6.77262000e+04
2805.000000 8.87380000e+04
2815.000000 3.04446000e+05
2825.000000 5.13360000e+05
2835.000000 6.22240000e+05
2845.000000 6.54178000e+05
2855.000000 4.08055000e+05
2865.000000 8.02777000e+05
2875.000000 1.04464000e+06
2885.000000 1.06204000e+06
2895.000000 1.15778000e+06
2910.000000 1.63885000e+06
2930.000000 1.45199000e+06
2950.000000 1.35471000e+06
2970.000000 1.78001000e+06
2990.000000 1.75961000e+06
3010.000000 2.00870000e+06
3030.000000 2.06295000e+06
3050.000000 2.14666000e+06
3070.000000 1.98691000e+06
3090.000000 2.37683000e+06
3110.000000 2.36248000e+06
3130.000000 2.27947000e+06
3150.000000 2.35917000e+06
3170.000000 2.36316000e+06
3190.000000 2.07181000e+06
3210.000000 2.47713000e+06
3230.000000 1.77111000e+06
3250.000000 2.50202000e+06
3270.000000 2.99054000e+06
3290.000000 2.88353000e+06
3310.000000 2.99338000e+06
3330.000000 2.85911000e+06
3350.000000 2.72961000e+06
3370.000000 2.53307000e+06
3390.000000 2.77985000e+06
3410.000000 3.09283000e+06
3430.000000 3.15248000e+06
3450.000000 3.40726000e+06
3470.000000 3.28112000e+06
3490.000000 3.33579000e+06
3510.000000 3.60489000e+06
3530.000000 3.48495000e+06
3550.000000 3.97759000e+06
3570.000000 3.22373000e+06
3590.000000 3.31068000e+06
3610.000000 3.44437000e+06
3630.000000 3.67841000e+06
3640.000000 3.63917000e+06
3650.000000 3.98885000e+06
3670.000000 4.03192000e+06
3690.000000 4.21134000e+06
3710.000000 4.99346000e+06
3730.000000 5.10875000e+06
3750.000000 5.99981000e+06
3770.000000 6.39276000e+06
3790.000000 7.10074000e+06
3810.000000 7.71932000e+06
3830.000000 5.63441000e+06
3850.000000 6.52227000e+06
3870.000000 6.74354000e+06
3890.000000 6.55114000e+06
3910.000000 6.29455000e+06
3930.000000 1.85168000e+06
3950.000000 3.61723000e+06
3970.000000 2.12395000e+06
3990.000000 7.27850000e+06
4010.000000 9.24809000e+06
4030.000000 9.57846000e+06
4050.000000 9.34422000e+06
4070.000000 9.25352000e+06
4090.000000 1.05920000e+07
4110.000000 1.00393000e+07
4130.000000 1.03376000e+07
4150.000000 1.10111000e+07
4170.000000 1.04128000e+07
4190.000000 1.05647000e+07
4210.000000 1.06674000e+07
4230.000000 1.04191000e+07
4250.000000 1.08876000e+07
4270.000000 1.04414000e+07
4290.000000 9.89083000e+06
4310.000000 8.59379000e+06
4330.000000 1.08506000e+07
4350.000000 1.00905000e+07
4370.000000 1.18657000e+07
4390.000000 1.11038000e+07
4410.000000 1.12365000e+07
4430.000000 1.10708000e+07
4450.000000 1.13535000e+07
4470.000000 1.19639000e+07
4490.000000 1.20110000e+07
4510.000000 1.33485000e+07
4530.000000 1.19259000e+07
4550.000000 1.19560000e+07
4570.000000 1.29609000e+07
4590.000000 1.20613000e+07
4610.000000 1.27822000e+07
4630.000000 1.22806000e+07
4650.000000 1.27258000e+07
4670.000000 1.28855000e+07
4690.000000 1.24237000e+07
4710.000000 1.18656000e+07
4730.000000 1.26327000e+07
4750.000000 1.30156000e+07
4770.000000 1.29893000e+07
4790.000000 1.30172000e+07
4810.000000 1.25934000e+07
4830.000000 1.30100000e+07
4850.000000 1.17142000e+07
4870.000000 1.01341000e+07
4890.000000 1.24431000e+07
4910.000000 1.24004000e+07
4930.000000 1.19667000e+07
4950.000000 1.28239000e+07
4970.000000 1.26822000e+07
4990.000000 1.15603000e+07
5010.000000 1.08927000e+07
5030.000000 1.15877000e+07
5050.000000 1.18383000e+07
5070.000000 1.23487000e+07
5090.000000 1.18605000e+07
5110.000000 1.20399000e+07
5130.000000 1.13558000e+07
5150.000000 1.11889000e+07
5170.000000 1.10372000e+07
5190.000000 1.08614000e+07
5210.000000 1.12415000e+07
5230.000000 1.12932000e+07
5250.000000 1.13954000e+07
5270.000000 1.01561000e+07
5290.000000 1.13269000e+07
5310.000000 1.13519000e+07
5330.000000 1.06069000e+07
5350.000000 1.13951000e+07
5370.000000 1.16854000e+07
5390.000000 1.13066000e+07
5410.000000 1.09504000e+07
5430.000000 1.11761000e+07
5450.000000 1.17531000e+07
5470.000000 1.12591000e+07
5490.000000 1.10420000e+07
5510.000000 1.09587000e+07
5530.000000 1.12121000e+07
5550.000000 1.12215000e+07
5570.000000 1.11687000e+07
5590.000000 1.08660000e+07
5610.000000 1.13038000e+07
5630.000000 1.11331000e+07
5650.000000 1.10172000e+07
5670.000000 1.06351000e+07
5690.000000 1.09335000e+07
5710.000000 1.06871000e+07
5730.000000 1.15132000e+07
5750.000000 1.09751000e+07
5770.000000 1.11426000e+07
5790.000000 1.06602000e+07
5810.000000 1.09187000e+07
5830.000000 1.11316000e+07
5850.000000 1.09256000e+07
5870.000000 1.09519000e+07
5890.000000 1.04100000e+07
5910.000000 1.07718000e+07
5930.000000 1.07024000e+07
5950.000000 1.06807000e+07
5970.000000 1.07731000e+07
5990.000000 1.05259000e+07
6010.000000 1.02685000e+07
6030.000000 1.04479000e+07
6050.000000 1.04757000e+07
6070.000000 1.05846000e+07
6090.000000 1.01037000e+07
6110.000000 9.91813000e+06
6130.000000 9.63296000e+06
6150.000000 9.61105000e+06
6170.000000 9.41485000e+06
6190.000000 9.97668000e+06
6210.000000 1.00083000e+07
6230.000000 9.59176000e+06
6250.000000 9.09899000e+06
6270.000000 9.77642000e+06
6290.000000 9.81528000e+06
6310.000000 9.33012000e+06
6330.000000 9.45845000e+06
6350.000000 9.37000000e+06
6370.000000 9.27941000e+06
6390.000000 9.46250000e+06
6410.000000 9.23850000e+06
6430.000000 9.34331000e+06
6450.000000 9.14057000e+06
6470.000000 9.24794000e+06
6490.000000 8.98174000e+06
6510.000000 9.17909000e+06
6530.000000 9.14150000e+06
6550.000000 8.78984000e+06
6570.000000 7.50580000e+06
6590.000000 8.89773000e+06
6610.000000 8.95605000e+06
6630.000000 8.95695000e+06
6650.000000 8.89890000e+06
6670.000000 8.75755000e+06
6690.000000 8.89129000e+06
6710.000000 8.69779000e+06
6730.000000 8.79007000e+06
6750.000000 8.54375000e+06
6770.000000 8.66760000e+06
6790.000000 8.51365000e+06
6810.000000 8.52546000e+06
6830.000000 8.50225000e+06
6850.000000 8.31860000e+06
6870.000000 8.43706000e+06
6890.000000 8.41910000e+06
6910.000000 8.32625000e+06
6930.000000 8.26257000e+06
6950.000000 8.22054000e+06
6970.000000 8.19592000e+06
6990.000000 8.16374000e+06
7010.000000 7.80826000e+06
7030.000000 7.98115000e+06
7050.000000 8.01325000e+06
7070.000000 7.92351000e+06
7090.000000 7.88261000e+06
7110.000000 7.71909000e+06
7130.000000 7.70771000e+06
7150.000000 7.69855000e+06
7170.000000 7.61023000e+06
7190.000000 7.36099000e+06
7210.000000 7.56008000e+06
7230.000000 7.46426000e+06
7250.000000 7.47402000e+06
7270.000000 7.50566000e+06
7290.000000 7.23982000e+06
7310.000000 7.32575000e+06
7330.000000 7.35244000e+06
7350.000000 7.32573000e+06
7370.000000 7.34983000e+06
7390.000000 7.12937000e+06
7410.000000 7.03399000e+06
7430.000000 6.97979000e+06
7450.000000 7.02382000e+06
7470.000000 7.05445000e+06
7490.000000 7.00608000e+06
7510.000000 7.02158000e+06
7530.000000 7.00958000e+06
7550.000000 7.06634000e+06
7570.000000 6.93833000e+06
7590.000000 6.94039000e+06
7610.000000 6.88770000e+06
7630.000000 6.91958000e+06
7650.000000 6.83002000e+06
7670.000000 6.63371000e+06
7690.000000 6.73431000e+06
7710.000000 6.65759000e+06
7730.000000 6.63957000e+06
7750.000000 6.57901000e+06
7770.000000 6.54518000e+06
7790.000000 6.66309000e+06
7810.000000 6.57713000e+06
7830.000000 6.47291000e+06
7850.000000 6.38433000e+06
7870.000000 6.47053000e+06
7890.000000 6.38875000e+06
7910.000000 6.26256000e+06
7930.000000 6.19386000e+06
7950.000000 6.18062000e+06
7970.000000 6.31274000e+06
7990.000000 6.25285000e+06
8010.000000 6.19935000e+06
8030.000000 6.11593000e+06
8050.000000 6.11115000e+06
8070.000000 6.09420000e+06
8090.000000 5.99676000e+06
8110.000000 6.08521000e+06
8130.000000 6.09065000e+06
8150.000000 6.01769000e+06
8170.000000 6.00237000e+06
8190.000000 5.77876000e+06
8210.000000 5.73723000e+06
8230.000000 5.76667000e+06
8250.000000 5.74870000e+06
8270.000000 5.85148000e+06
8290.000000 5.80245000e+06
8310.000000 5.65235000e+06
8330.000000 5.60733000e+06
8350.000000 5.64371000e+06
8370.000000 5.62538000e+06
8390.000000 5.53651000e+06
8410.000000 5.56933000e+06
8430.000000 5.47243000e+06
8450.000000 5.41701000e+06
8470.000000 5.36205000e+06
8490.000000 5.21844000e+06
8510.000000 4.75791000e+06
8530.000000 4.96162000e+06
8550.000000 3.66353000e+06
8570.000000 5.44539000e+06
8590.000000 5.29600000e+06
8610.000000 5.21654000e+06
8630.000000 5.47818000e+06
8650.000000 5.12762000e+06
8670.000000 3.75006000e+06
8690.000000 5.13839000e+06
8710.000000 5.39589000e+06
8730.000000 5.36378000e+06
8750.000000 4.91066000e+06
8770.000000 5.36198000e+06
8790.000000 5.34639000e+06
8810.000000 5.25419000e+06
8830.000000 5.21350000e+06
8850.000000 5.13465000e+06
8870.000000 4.75278000e+06
8890.000000 5.17149000e+06
8910.000000 5.23989000e+06
8930.000000 5.09550000e+06
8950.000000 5.14048000e+06
8970.000000 5.08996000e+06
8990.000000 5.06780000e+06
9010.000000 4.60498000e+06
9030.000000 4.87655000e+06
9050.000000 5.09052000e+06
9070.000000 4.90507000e+06
9090.000000 4.75767000e+06
9110.000000 4.82078000e+06
9130.000000 4.96238000e+06
9150.000000 4.92901000e+06
9170.000000 4.86587000e+06
9190.000000 4.87282000e+06
9210.000000 4.67936000e+06
9230.000000 4.30091000e+06
9250.000000 4.55928000e+06
9270.000000 4.65536000e+06
9290.000000 4.73661000e+06
9310.000000 4.74323000e+06
9330.000000 4.69912000e+06
9350.000000 4.69713000e+06
9370.000000 4.67581000e+06
9390.000000 4.61789000e+06
9410.000000 4.36513000e+06
9430.000000 4.52711000e+06
9450.000000 4.45524000e+06
9470.000000 4.55322000e+06
9490.000000 4.57128000e+06
9510.000000 4.49959000e+06
9530.000000 4.41974000e+06
9550.000000 4.04614000e+06
9570.000000 4.35367000e+06
9590.000000 4.43138000e+06
9610.000000 4.34443000e+06
9630.000000 4.26018000e+06
9650.000000 4.28826000e+06
9670.000000 4.20648000e+06
9690.000000 4.20478000e+06
9710.000000 4.29816000e+06
9730.000000 4.27215000e+06
9750.000000 4.15081000e+06
9770.000000 4.22856000e+06
9790.000000 4.16649000e+06
9810.000000 4.21489000e+06
9830.000000 4.17397000e+06
9850.000000 4.12481000e+06
9870.000000 4.10734000e+06
9890.000000 4.07611000e+06
9910.000000 4.03742000e+06
9930.000000 4.09377000e+06
9950.000000 4.05412000e+06
9970.000000 4.04810000e+06
9990.000000 4.03455000e+06
10025.000000 3.93745000e+06
10075.000000 3.80828000e+06
10125.000000 3.86778000e+06
10175.000000 3.81894000e+06
10225.000000 3.80619000e+06
10275.000000 3.79992000e+06
10325.000000 3.70031000e+06
10375.000000 3.66928000e+06
10425.000000 3.64283000e+06
10475.000000 3.51028000e+06
10525.000000 3.51952000e+06
10575.000000 3.49811000e+06
10625.000000 3.46326000e+06
10675.000000 3.34230000e+06
10725.000000 3.34658000e+06
10775.000000 3.30553000e+06
10825.000000 3.24227000e+06
10875.000000 3.22049000e+06
10925.000000 3.07123000e+06
10975.000000 3.10221000e+06
11025.000000 3.14275000e+06
11075.000000 3.11720000e+06
11125.000000 3.06277000e+06
11175.000000 3.02999000e+06
11225.000000 3.01890000e+06
11275.000000 2.90660000e+06
11325.000000 2.88984000e+06
11375.000000 2.88437000e+06
11425.000000 2.81217000e+06
11475.000000 2.87706000e+06
11525.000000 2.84336000e+06
11575.000000 2.78595000e+06
11625.000000 2.71047000e+06
11675.000000 2.67467000e+06
11725.000000 2.72806000e+06
11775.000000 2.63082000e+06
11825.000000 2.61942000e+06
11875.000000 2.56439000e+06
11925.000000 2.63462000e+06
11975.000000 2.52886000e+06
12025.000000 2.54747000e+06
12075.000000 2.49993000e+06
12125.000000 2.48128000e+06
12175.000000 2.48150000e+06
12225.000000 2.44705000e+06
12275.000000 2.42553000e+06
12325.000000 2.39508000e+06
12375.000000 2.37734000e+06
12425.000000 2.35400000e+06
12475.000000 2.33398000e+06
12525.000000 2.28743000e+06
12575.000000 2.25937000e+06
12625.000000 2.25358000e+06
12675.000000 2.22632000e+06
12725.000000 2.22289000e+06
12775.000000 2.20044000e+06
12825.000000 2.01779000e+06
12875.000000 2.13808000e+06
12925.000000 2.10756000e+06
12975.000000 2.10672000e+06
13025.000000 2.07306000e+06
13075.000000 2.07107000e+06
13125.000000 2.03348000e+06
13175.000000 2.00518000e+06
13225.000000 2.00448000e+06
13275.000000 1.96506000e+06
13325.000000 1.96203000e+06
13375.000000 1.93905000e+06
13425.000000 1.92591000e+06
13475.000000 1.90859000e+06
13525.000000 1.88433000e+06
13575.000000 1.84419000e+06
13625.000000 1.84044000e+06
13675.000000 1.81842000e+06
13725.000000 1.78184000e+06
13775.000000 1.78048000e+06
13825.000000 1.77019000e+06
13875.000000 1.76512000e+06
13925.000000 1.73374000e+06
13975.000000 1.72329000e+06
14025.000000 1.69773000e+06
14075.000000 1.69417000e+06
14125.000000 1.65963000e+06
14175.000000 1.65760000e+06
14225.000000 1.62504000e+06
14275.000000 1.59776000e+06
14325.000000 1.60269000e+06
14375.000000 1.60429000e+06
14425.000000 1.51779000e+06
14475.000000 1.55979000e+06
14525.000000 1.51016000e+06
14570.000000 1.52882000e+06
14620.000000 1.50223000e+06
14675.000000 1.50128000e+06
14725.000000 1.46466000e+06
14775.000000 1.44898000e+06
14825.000000 1.44294000e+06
14875.000000 1.42202000e+06
14925.000000 1.44101000e+06
14975.000000 1.40963000e+06
15025.000000 1.39100000e+06
15075.000000 1.36390000e+06
15125.000000 1.36886000e+06
15175.000000 1.36566000e+06
15225.000000 1.34597000e+06
15275.000000 1.33535000e+06
15325.000000 1.31577000e+06
15375.000000 1.32256000e+06
15425.000000 1.27307000e+06
15475.000000 1.29385000e+06
15525.000000 1.28268000e+06
15575.000000 1.22812000e+06
15625.000000 1.28426000e+06
15675.000000 1.23504000e+06
15725.000000 1.20096000e+06
15775.000000 1.21369000e+06
15825.000000 1.22299000e+06
15875.000000 1.11326000e+06
15925.000000 1.18988000e+06
15975.000000 1.20385000e+06
16050.000000 1.17616000e+06
16150.000000 1.12079000e+06
16250.000000 1.15028000e+06
16350.000000 1.11327000e+06
16450.000000 1.05422000e+06
16550.000000 1.07894000e+06
16650.000000 1.06411000e+06
16750.000000 1.03032000e+06
16850.000000 9.75040000e+05
16950.000000 1.00588000e+06
17050.000000 9.68213000e+05
17150.000000 9.63411000e+05
17250.000000 9.26256000e+05
17350.000000 8.67276000e+05
17450.000000 8.86600000e+05
17550.000000 8.76341000e+05
17650.000000 8.59534000e+05
17750.000000 8.42021000e+05
17850.000000 8.27576000e+05
17950.000000 8.17936000e+05
18050.000000 7.92745000e+05
18150.000000 7.51555000e+05
18250.000000 7.59923000e+05
18350.000000 7.53073000e+05
18450.000000 7.35093000e+05
18550.000000 7.21080000e+05
18650.000000 7.03782000e+05
18750.000000 6.60108000e+05
18850.000000 6.79204000e+05
18950.000000 6.51231000e+05
19050.000000 6.61623000e+05
19150.000000 6.46451000e+05
19250.000000 6.35432000e+05
19350.000000 6.17964000e+05
19450.000000 5.82169000e+05
19550.000000 6.00683000e+05
19650.000000 5.88731000e+05
19750.000000 5.75357000e+05
19850.000000 5.68284000e+05
19950.000000 5.58351000e+05
20050.000000 5.51052000e+05
20150.000000 5.43908000e+05
20250.000000 5.29022000e+05
20350.000000 5.16585000e+05
20450.000000 5.15545000e+05
20550.000000 5.04197000e+05
20650.000000 4.93468000e+05
20750.000000 4.85022000e+05
20850.000000 4.76741000e+05
20950.000000 4.67471000e+05
21050.000000 4.62411000e+05
21150.000000 4.51640000e+05
21250.000000 4.44396000e+05
21350.000000 4.37978000e+05
21450.000000 4.32446000e+05
21550.000000 4.25076000e+05
21650.000000 3.99039000e+05
21750.000000 4.07411000e+05
21850.000000 4.02783000e+05
21950.000000 3.98426000e+05
22050.000000 3.87707000e+05
22150.000000 3.82901000e+05
22250.000000 3.78097000e+05
22350.000000 3.71682000e+05
22450.000000 3.65934000e+05
22550.000000 3.56606000e+05
22650.000000 3.51804000e+05
22750.000000 3.48733000e+05
22850.000000 3.41372000e+05
22950.000000 3.33118000e+05
23050.000000 3.31645000e+05
23150.000000 3.25538000e+05
23250.000000 3.18793000e+05
23350.000000 3.14955000e+05
23450.000000 3.11576000e+05
23550.000000 3.03182000e+05
23650.000000 3.01520000e+05
23750.000000 2.95767000e+05
23850.000000 2.88430000e+05
23950.000000 2.86605000e+05
24050.000000 2.81823000e+05
24150.000000 2.75702000e+05
24250.000000 2.73459000e+05
24350.000000 2.67621000e+05
24450.000000 2.63773000e+05
24550.000000 2.59465000e+05
24650.000000 2.57767000e+05
24750.000000 2.52829000e+05
24850.000000 2.48791000e+05
24950.000000 2.42298000e+05
25050.000000 2.44012000e+05
25150.000000 2.39437000e+05
25250.000000 2.33112000e+05
25350.000000 2.33622000e+05
25450.000000 2.29602000e+05
25550.000000 2.25644000e+05
25650.000000 2.17034000e+05
25750.000000 2.20749000e+05
25850.000000 2.15003000e+05
25950.000000 2.14680000e+05
26050.000000 2.11608000e+05
26150.000000 2.02864000e+05
26250.000000 1.97385000e+05
26350.000000 2.02357000e+05
26450.000000 1.99425000e+05
26550.000000 1.96947000e+05
26650.000000 1.92618000e+05
26750.000000 1.86290000e+05
26850.000000 1.89848000e+05
26950.000000 1.87617000e+05
27050.000000 1.84822000e+05
27150.000000 1.82487000e+05
27250.000000 1.80049000e+05
27350.000000 1.77717000e+05
27450.000000 1.75790000e+05
27550.000000 1.67527000e+05
27650.000000 1.68949000e+05
27750.000000 1.68003000e+05
27850.000000 1.65968000e+05
27950.000000 1.64353000e+05
28050.000000 1.61986000e+05
28150.000000 1.59892000e+05
28250.000000 1.57666000e+05
28350.000000 1.56026000e+05
28450.000000 1.53172000e+05
28550.000000 1.51676000e+05
28650.000000 1.49182000e+05
28750.000000 1.42513000e+05
28850.000000 1.45397000e+05
28950.000000 1.43818000e+05
29050.000000 1.42183000e+05
29150.000000 1.39954000e+05
29250.000000 1.37858000e+05
29350.000000 1.36728000e+05
29450.000000 1.34715000e+05
29550.000000 1.33270000e+05
29650.000000 1.31713000e+05
29750.000000 1.29956000e+05
29850.000000 1.28406000e+05
29950.000000 1.26345000e+05
30050.000000 1.24863000e+05
30150.000000 1.23418000e+05
30250.000000 1.21937000e+05
30350.000000 1.17049000e+05
30450.000000 1.18028000e+05
30550.000000 1.17354000e+05
30650.000000 1.15815000e+05
30750.000000 1.14725000e+05
30850.000000 1.12604000e+05
30950.000000 1.11583000e+05
31050.000000 1.10400000e+05
31150.000000 1.08190000e+05
31250.000000 1.07588000e+05
31350.000000 1.06232000e+05
31450.000000 1.05176000e+05
31550.000000 1.03901000e+05
31650.000000 1.02708000e+05
31750.000000 1.01430000e+05
31850.000000 1.00393000e+05
31950.000000 9.93009000e+04
32100.000000 9.74171000e+04
32300.000000 9.52647000e+04
32500.000000 9.29438000e+04
32700.000000 9.07323000e+04
32900.000000 8.68586000e+04
33100.000000 8.61594000e+04
33300.000000 8.42986000e+04
33500.000000 8.26438000e+04
33700.000000 8.05214000e+04
33900.000000 7.87021000e+04
34100.000000 7.68971000e+04
34300.000000 7.54906000e+04
34500.000000 7.41621000e+04
34700.000000 7.23586000e+04
34900.000000 7.09192000e+04
35100.000000 6.94283000e+04
35300.000000 6.78004000e+04
35500.000000 6.64437000e+04
35700.000000 6.49032000e+04
35900.000000 6.35887000e+04
36100.000000 6.22645000e+04
36300.000000 6.11858000e+04
36500.000000 5.94567000e+04
36700.000000 5.84468000e+04
36900.000000 5.65588000e+04
37100.000000 5.56195000e+04
37300.000000 5.43558000e+04
37500.000000 5.22425000e+04
37700.000000 5.25220000e+04
37900.000000 5.14865000e+04
38100.000000 5.02934000e+04
38300.000000 4.96206000e+04
38500.000000 4.88064000e+04
38700.000000 4.76694000e+04
38900.000000 4.66925000e+04
39100.000000 4.55335000e+04
39300.000000 4.51103000e+04
39500.000000 4.40461000e+04
39700.000000 4.33238000e+04
39900.000000 4.21168000e+04
40100.000000 4.13486000e+04
40300.000000 4.05843000e+04
40500.000000 3.95161000e+04
40700.000000 3.93493000e+04
40900.000000 3.85713000e+04
41100.000000 3.80385000e+04
41300.000000 3.73595000e+04
41500.000000 3.65322000e+04
41700.000000 3.54915000e+04
41900.000000 3.52372000e+04
42100.000000 3.44802000e+04
42300.000000 3.41254000e+04
42500.000000 3.33983000e+04
42700.000000 3.28692000e+04
42900.000000 3.18491000e+04
43100.000000 3.10066000e+04
43300.000000 3.06204000e+04
43500.000000 2.96128000e+04
43700.000000 2.87525000e+04
43900.000000 2.86924000e+04
44100.000000 2.76056000e+04
44300.000000 2.74088000e+04
44500.000000 2.70069000e+04
44700.000000 2.60908000e+04
44900.000000 2.59692000e+04
45100.000000 2.55338000e+04
45300.000000 2.47525000e+04
45500.000000 2.45572000e+04
45700.000000 2.42291000e+04
45900.000000 2.35070000e+04
46100.000000 2.33514000e+04
46300.000000 2.29445000e+04
46500.000000 2.23590000e+04
46700.000000 2.20780000e+04
46900.000000 2.19313000e+04
47100.000000 2.15722000e+04
47300.000000 2.13767000e+04
47500.000000 2.09699000e+04
47700.000000 2.06140000e+04
47900.000000 2.03388000e+04
48100.000000 1.99257000e+04
48300.000000 1.97837000e+04
48500.000000 1.94174000e+04
48700.000000 1.91042000e+04
48900.000000 1.88317000e+04
49100.000000 1.85473000e+04
49300.000000 1.82654000e+04
49500.000000 1.79751000e+04
49700.000000 1.77087000e+04
49900.000000 1.74944000e+04
50100.000000 1.71614000e+04
50300.000000 1.69746000e+04
50500.000000 1.66542000e+04
50700.000000 1.64454000e+04
50900.000000 1.62103000e+04
51100.000000 1.59495000e+04
51300.000000 1.55877000e+04
51500.000000 1.55067000e+04
51700.000000 1.53193000e+04
51900.000000 1.50658000e+04
52100.000000 1.48254000e+04
52300.000000 1.46076000e+04
52500.000000 1.44418000e+04
52700.000000 1.42347000e+04
52900.000000 1.39859000e+04
53100.000000 1.38340000e+04
53300.000000 1.36243000e+04
53500.000000 1.34503000e+04
53700.000000 1.32209000e+04
53900.000000 1.30633000e+04
54100.000000 1.29051000e+04
54300.000000 1.26634000e+04
54500.000000 1.25485000e+04
54700.000000 1.23533000e+04
54900.000000 1.21795000e+04
55100.000000 1.20398000e+04
55300.000000 1.18490000e+04
55500.000000 1.16841000e+04
55700.000000 1.15896000e+04
55900.000000 1.13648000e+04
56100.000000 1.12457000e+04
56300.000000 1.10823000e+04
56500.000000 1.09828000e+04
56700.000000 1.08344000e+04
56900.000000 1.06512000e+04
57100.000000 1.04810000e+04
57300.000000 1.04100000e+04
57500.000000 1.02686000e+04
57700.000000 1.01324000e+04
57900.000000 1.00035000e+04
58100.000000 9.86819000e+03
58300.000000 9.74829000e+03
58500.000000 9.63606000e+03
58700.000000 9.49234000e+03
58900.000000 9.35403000e+03
59100.000000 9.16690000e+03
59300.000000 9.13645000e+03
59500.000000 8.89881000e+03
59700.000000 8.90852000e+03
59900.000000 8.80030000e+03
60100.000000 8.68864000e+03
60300.000000 8.58478000e+03
60500.000000 8.47336000e+03
60700.000000 8.35576000e+03
60900.000000 8.25312000e+03
61100.000000 8.13147000e+03
61300.000000 8.05654000e+03
61500.000000 7.96139000e+03
61700.000000 7.86217000e+03
61900.000000 7.76631000e+03
62100.000000 7.67544000e+03
62300.000000 7.55324000e+03
62500.000000 7.47663000e+03
62700.000000 7.38387000e+03
62900.000000 7.23082000e+03
63100.000000 7.18808000e+03
63300.000000 7.12929000e+03
63500.000000 7.03568000e+03
63700.000000 6.95842000e+03
63900.000000 6.86520000e+03
64200.000000 6.75092000e+03
64600.000000 6.58290000e+03
65000.000000 6.42045000e+03
65400.000000 6.28006000e+03
65800.000000 6.13511000e+03
66200.000000 5.98778000e+03
66600.000000 5.85492000e+03
67000.000000 5.71724000e+03
67400.000000 5.57959000e+03
67800.000000 5.43224000e+03
68200.000000 5.33234000e+03
68600.000000 5.21350000e+03
69000.000000 5.09332000e+03
69400.000000 4.97565000e+03
69800.000000 4.87193000e+03
70200.000000 4.75999000e+03
70600.000000 4.65791000e+03
71000.000000 4.55722000e+03
71400.000000 4.46019000e+03
71800.000000 4.36153000e+03
72200.000000 4.26289000e+03
72600.000000 4.17087000e+03
73000.000000 4.09093000e+03
73400.000000 4.00004000e+03
73800.000000 3.91930000e+03
74200.000000 3.83077000e+03
74600.000000 3.72786000e+03
75000.000000 3.63542000e+03
75400.000000 3.59960000e+03
75800.000000 3.52781000e+03
76200.000000 3.45668000e+03
76600.000000 3.38665000e+03
77000.000000 3.31616000e+03
77400.000000 3.25154000e+03
77800.000000 3.18122000e+03
78200.000000 3.12381000e+03
78600.000000 3.06203000e+03
79000.000000 3.00134000e+03
79400.000000 2.94166000e+03
79800.000000 2.88438000e+03
80200.000000 2.82539000e+03
80600.000000 2.77086000e+03
81000.000000 2.72031000e+03
81400.000000 2.65810000e+03
81800.000000 2.61455000e+03
82200.000000 2.56736000e+03
82600.000000 2.51804000e+03
83000.000000 2.47064000e+03
83400.000000 2.42089000e+03
83800.000000 2.37600000e+03
84200.000000 2.33403000e+03
84600.000000 2.29196000e+03
85000.000000 2.25026000e+03
85400.000000 2.20810000e+03
85800.000000 2.16832000e+03
86200.000000 2.12827000e+03
86600.000000 2.08424000e+03
87000.000000 2.05367000e+03
87400.000000 2.01154000e+03
87800.000000 1.97576000e+03
88200.000000 1.94340000e+03
88600.000000 1.90938000e+03
89000.000000 1.87575000e+03
89400.000000 1.84387000e+03
89800.000000 1.80950000e+03
90200.000000 1.77941000e+03
90600.000000 1.75051000e+03
91000.000000 1.71746000e+03
91400.000000 1.68871000e+03
91800.000000 1.66142000e+03
92200.000000 1.63374000e+03
92600.000000 1.60542000e+03
93000.000000 1.57918000e+03
93400.000000 1.55195000e+03
93800.000000 1.52054000e+03
94200.000000 1.50082000e+03
94600.000000 1.47561000e+03
95000.000000 1.45098000e+03
95400.000000 1.42638000e+03
95800.000000 1.40440000e+03
96200.000000 1.38065000e+03
96600.000000 1.35907000e+03
97000.000000 1.33727000e+03
97400.000000 1.31344000e+03
97800.000000 1.29339000e+03
98200.000000 1.27322000e+03
98600.000000 1.25261000e+03
99000.000000 1.23382000e+03
99400.000000 1.21334000e+03
99800.000000 1.19445000e+03
100200.000000 1.17574000e+03
200000.000000 7.54796000e+01
400000.000000 4.69640000e+00
600000.000000 9.19199000e-01
800000.000000 2.88416000e-01
1000000.000000 1.17291000e-01
1200000.000000 5.62112000e-02
1400000.000000 3.01768000e-02
1600000.000000 1.76047000e-02
