# Kurucz ODFNEW /NOVER, alpha: 0.0 (2003)
# teff = 10000 K (value for the effective temperature for the model. Temperatures are given in K)
# logg = 3.5 log(cm/s2) (value for Log(G) for the model.)
# lh = 1.25  (l/Hp where l is the  mixing length of the convective element and Hp is the pressure scale height)
# meta = 0.5  (value for the Metallicity for the model.)
# vtur = 2 km/s (Microturbulence velocity)
# alpha = 0  (Alpha)
#
# column 1: WAVELENGTH (ANGSTROM), Wavelength in Angstrom
# column 2: FLUX (ERG/CM2/S/A), Flux in erg/cm2/s/A
278.500000 3.40771000e-23
284.000000 1.59102000e-22
290.000000 7.25641000e-22
296.000000 3.07185000e-21
301.000000 9.80442000e-21
308.000000 4.68926000e-20
318.000000 3.90685000e-19
328.000000 2.88276000e-18
338.000000 1.89984000e-17
348.000000 1.13311000e-16
357.000000 5.26834000e-16
366.000000 2.25963000e-15
375.000000 9.04499000e-15
385.000000 3.94533000e-14
395.000000 1.59833000e-13
405.000000 6.08716000e-13
414.000000 1.92429000e-12
422.000000 5.15305000e-12
430.000000 1.32552000e-11
441.000000 4.66338000e-11
451.000000 1.38435000e-10
460.000000 3.54510000e-10
470.000000 9.66945000e-10
480.000000 2.54096000e-09
490.000000 6.42574000e-09
500.000000 1.56539000e-08
506.000000 3.73072000e-08
512.000000 6.89913000e-08
520.000000 1.29308000e-07
530.000000 2.77337000e-07
540.000000 5.73931000e-07
550.000000 1.17446000e-06
560.000000 2.33197000e-06
570.000000 4.51948000e-06
580.000000 8.49455000e-06
590.000000 1.58549000e-05
600.000000 2.87989000e-05
610.000000 5.15130000e-05
620.000000 9.02396000e-05
630.000000 1.55362000e-04
640.000000 2.62423000e-04
650.000000 4.37666000e-04
658.000000 6.51579000e-04
665.000000 9.14254000e-04
675.000000 1.46822000e-03
685.000000 2.32408000e-03
695.000000 3.63116000e-03
705.000000 5.58684000e-03
716.000000 8.89252000e-03
726.000000 1.33738000e-02
735.000000 1.91118000e-02
745.000000 2.81143000e-02
755.000000 4.09335000e-02
765.000000 5.90504000e-02
775.000000 8.43372000e-02
785.000000 1.19323000e-01
795.000000 1.66994000e-01
805.000000 2.31947000e-01
815.000000 3.19817000e-01
825.000000 4.37070000e-01
835.000000 5.92144000e-01
845.000000 7.96961000e-01
855.000000 1.06398000e+00
865.000000 1.41085000e+00
875.000000 1.85692000e+00
885.000000 2.43000000e+00
895.000000 3.15775000e+00
905.000000 4.07550000e+00
915.000000 1.95442000e+02
925.000000 1.24133000e+03
935.000000 1.72174000e+03
945.000000 2.41374000e+03
955.000000 3.51757000e+03
965.000000 4.47759000e+03
975.000000 4.43813000e+03
985.000000 5.89697000e+03
995.000000 6.34640000e+03
1005.000000 8.04577000e+03
1015.000000 9.52332000e+03
1025.000000 9.09099000e+03
1035.000000 1.23524000e+04
1045.000000 1.47259000e+04
1055.000000 1.70228000e+04
1065.000000 1.84229000e+04
1075.000000 2.19666000e+04
1085.000000 2.50898000e+04
1095.000000 2.67164000e+04
1105.000000 4.86869000e+04
1115.000000 1.50146000e+05
1125.000000 2.40449000e+05
1135.000000 4.05703000e+05
1145.000000 4.18101000e+05
1155.000000 5.52827000e+05
1165.000000 6.62373000e+05
1175.000000 6.03859000e+05
1185.000000 5.25754000e+05
1195.000000 1.23298000e+05
1205.000000 1.58122000e+05
1215.000000 3.18028000e+04
1225.000000 1.61053000e+05
1235.000000 3.70919000e+05
1245.000000 1.68079000e+06
1255.000000 1.50292000e+07
1265.000000 1.11708000e+07
1275.000000 3.15821000e+07
1285.000000 5.11561000e+07
1295.000000 4.10038000e+07
1305.000000 1.18331000e+07
1315.000000 4.42256000e+07
1325.000000 6.05707000e+07
1335.000000 4.56690000e+07
1345.000000 7.22107000e+07
1355.000000 6.92836000e+07
1365.000000 5.69333000e+07
1375.000000 6.48577000e+07
1385.000000 6.17092000e+07
1395.000000 6.55067000e+07
1405.000000 6.77131000e+07
1415.000000 6.38204000e+07
1425.000000 7.79905000e+07
1435.000000 6.74288000e+07
1442.000000 8.03205000e+07
1447.000000 9.03190000e+07
1455.000000 9.02467000e+07
1465.000000 8.15377000e+07
1475.000000 7.76723000e+07
1485.000000 8.99497000e+07
1495.000000 1.01252000e+08
1505.000000 1.01308000e+08
1512.000000 8.13229000e+07
1517.000000 9.68896000e+07
1525.000000 8.75349000e+07
1535.000000 8.38511000e+07
1545.000000 1.19667000e+08
1555.000000 9.32310000e+07
1565.000000 7.99550000e+07
1575.000000 1.00195000e+08
1585.000000 1.19278000e+08
1595.000000 1.31334000e+08
1605.000000 1.19913000e+08
1615.000000 1.17653000e+08
1625.000000 1.01654000e+08
1635.000000 1.08119000e+08
1645.000000 1.18847000e+08
1655.000000 9.56216000e+07
1665.000000 1.15444000e+08
1672.000000 5.89947000e+07
1677.000000 1.10994000e+08
1685.000000 1.30611000e+08
1695.000000 1.18823000e+08
1705.000000 1.07370000e+08
1715.000000 1.03405000e+08
1725.000000 1.01590000e+08
1735.000000 1.15437000e+08
1745.000000 1.13105000e+08
1755.000000 1.33457000e+08
1765.000000 1.02389000e+08
1775.000000 1.18124000e+08
1785.000000 1.17114000e+08
1795.000000 1.41138000e+08
1805.000000 1.30987000e+08
1815.000000 1.28747000e+08
1825.000000 1.21707000e+08
1835.000000 1.15338000e+08
1845.000000 1.03297000e+08
1855.000000 1.11890000e+08
1865.000000 1.14073000e+08
1875.000000 1.21550000e+08
1885.000000 1.16712000e+08
1895.000000 1.18526000e+08
1905.000000 1.10527000e+08
1915.000000 1.17460000e+08
1925.000000 1.20899000e+08
1935.000000 1.15387000e+08
1945.000000 1.22598000e+08
1955.000000 1.20499000e+08
1967.000000 1.31214000e+08
1976.000000 1.32367000e+08
1984.000000 1.24372000e+08
1995.000000 1.18944000e+08
2005.000000 1.17741000e+08
2015.000000 1.08281000e+08
2025.000000 1.12662000e+08
2035.000000 1.13649000e+08
2045.000000 1.21711000e+08
2055.000000 1.12296000e+08
2065.000000 1.10186000e+08
2074.000000 1.21686000e+08
2078.000000 1.24062000e+08
2085.000000 1.21003000e+08
2095.000000 1.14615000e+08
2105.000000 1.09362000e+08
2115.000000 1.09030000e+08
2125.000000 1.12511000e+08
2135.000000 9.03759000e+07
2145.000000 1.03840000e+08
2155.000000 1.08289000e+08
2165.000000 1.00853000e+08
2175.000000 9.85977000e+07
2185.000000 9.81944000e+07
2195.000000 1.05645000e+08
2205.000000 9.94973000e+07
2215.000000 8.86802000e+07
2225.000000 8.45974000e+07
2235.000000 9.73117000e+07
2245.000000 8.62288000e+07
2255.000000 8.10353000e+07
2265.000000 8.47053000e+07
2275.000000 9.03823000e+07
2285.000000 9.41675000e+07
2295.000000 8.82774000e+07
2305.000000 8.38260000e+07
2315.000000 7.84287000e+07
2325.000000 7.72607000e+07
2335.000000 6.89196000e+07
2345.000000 6.24297000e+07
2355.000000 7.69758000e+07
2365.000000 6.20767000e+07
2375.000000 6.87722000e+07
2385.000000 5.69602000e+07
2395.000000 6.65119000e+07
2405.000000 6.19048000e+07
2415.000000 6.58541000e+07
2425.000000 7.42360000e+07
2435.000000 7.03363000e+07
2445.000000 7.65996000e+07
2455.000000 7.33266000e+07
2465.000000 7.27143000e+07
2475.000000 6.95264000e+07
2485.000000 7.44524000e+07
2495.000000 7.09035000e+07
2505.000000 8.19316000e+07
2513.000000 6.91815000e+07
2518.000000 7.22701000e+07
2525.000000 6.48207000e+07
2535.000000 6.49786000e+07
2545.000000 6.38698000e+07
2555.000000 7.03479000e+07
2565.000000 6.80770000e+07
2575.000000 7.53104000e+07
2585.000000 7.41538000e+07
2595.000000 7.07750000e+07
2605.000000 6.67463000e+07
2615.000000 6.57079000e+07
2625.000000 7.29389000e+07
2635.000000 7.35583000e+07
2645.000000 8.61639000e+07
2655.000000 8.46609000e+07
2665.000000 7.37204000e+07
2675.000000 7.91563000e+07
2685.000000 7.61535000e+07
2695.000000 7.41215000e+07
2705.000000 7.71271000e+07
2715.000000 7.21084000e+07
2725.000000 7.34827000e+07
2735.000000 8.04102000e+07
2745.000000 6.28764000e+07
2755.000000 6.42076000e+07
2765.000000 6.67203000e+07
2775.000000 7.48848000e+07
2785.000000 7.22109000e+07
2795.000000 4.75617000e+07
2805.000000 5.66241000e+07
2815.000000 7.61234000e+07
2825.000000 7.98764000e+07
2835.000000 7.48469000e+07
2845.000000 7.16780000e+07
2855.000000 6.86255000e+07
2865.000000 7.57064000e+07
2875.000000 7.23685000e+07
2885.000000 7.37868000e+07
2895.000000 6.92774000e+07
2910.000000 7.96915000e+07
2930.000000 7.55311000e+07
2950.000000 7.53026000e+07
2970.000000 7.73839000e+07
2990.000000 7.79872000e+07
3010.000000 7.97235000e+07
3030.000000 7.80057000e+07
3050.000000 7.66216000e+07
3070.000000 7.57304000e+07
3090.000000 7.72350000e+07
3110.000000 7.43285000e+07
3130.000000 7.37277000e+07
3150.000000 7.53421000e+07
3170.000000 7.44919000e+07
3190.000000 7.10285000e+07
3210.000000 7.27786000e+07
3230.000000 7.08798000e+07
3250.000000 7.16508000e+07
3270.000000 7.14852000e+07
3290.000000 7.20144000e+07
3310.000000 7.22918000e+07
3330.000000 7.02743000e+07
3350.000000 6.90819000e+07
3370.000000 6.87619000e+07
3390.000000 6.82349000e+07
3410.000000 6.95038000e+07
3430.000000 6.91472000e+07
3450.000000 6.84206000e+07
3470.000000 6.72274000e+07
3490.000000 6.66107000e+07
3510.000000 6.74683000e+07
3530.000000 6.75706000e+07
3550.000000 6.75049000e+07
3570.000000 6.58639000e+07
3590.000000 6.54273000e+07
3610.000000 6.50888000e+07
3630.000000 6.47252000e+07
3640.000000 6.41540000e+07
3650.000000 6.58785000e+07
3670.000000 6.52268000e+07
3690.000000 6.23663000e+07
3710.000000 6.63569000e+07
3730.000000 7.11142000e+07
3750.000000 9.69651000e+07
3770.000000 1.04169000e+08
3790.000000 1.30472000e+08
3810.000000 1.48923000e+08
3830.000000 1.16119000e+08
3850.000000 1.58080000e+08
3870.000000 1.74073000e+08
3890.000000 1.03373000e+08
3910.000000 1.69764000e+08
3930.000000 1.67987000e+08
3950.000000 1.69081000e+08
3970.000000 9.69306000e+07
3990.000000 1.63358000e+08
4010.000000 1.69213000e+08
4030.000000 1.66313000e+08
4050.000000 1.65529000e+08
4070.000000 1.59969000e+08
4090.000000 1.35183000e+08
4110.000000 1.02819000e+08
4130.000000 1.50964000e+08
4150.000000 1.54940000e+08
4170.000000 1.51700000e+08
4190.000000 1.50069000e+08
4210.000000 1.48483000e+08
4230.000000 1.45682000e+08
4250.000000 1.42920000e+08
4270.000000 1.39473000e+08
4290.000000 1.39838000e+08
4310.000000 1.33292000e+08
4330.000000 1.07552000e+08
4350.000000 9.13607000e+07
4370.000000 1.29981000e+08
4390.000000 1.28332000e+08
4410.000000 1.27709000e+08
4430.000000 1.26127000e+08
4450.000000 1.26211000e+08
4470.000000 1.24113000e+08
4490.000000 1.20960000e+08
4510.000000 1.21370000e+08
4530.000000 1.18896000e+08
4550.000000 1.15758000e+08
4570.000000 1.17132000e+08
4590.000000 1.13732000e+08
4610.000000 1.15163000e+08
4630.000000 1.10900000e+08
4650.000000 1.12006000e+08
4670.000000 1.09943000e+08
4690.000000 1.07733000e+08
4710.000000 1.04259000e+08
4730.000000 1.06030000e+08
4750.000000 1.04681000e+08
4770.000000 1.03656000e+08
4790.000000 1.02200000e+08
4810.000000 9.99771000e+07
4830.000000 9.70015000e+07
4850.000000 7.93931000e+07
4870.000000 6.38014000e+07
4890.000000 9.24222000e+07
4910.000000 9.37366000e+07
4930.000000 9.20677000e+07
4950.000000 9.19341000e+07
4970.000000 9.14458000e+07
4990.000000 8.96522000e+07
5010.000000 8.67315000e+07
5030.000000 8.65643000e+07
5050.000000 8.49730000e+07
5070.000000 8.51012000e+07
5090.000000 8.40891000e+07
5110.000000 8.28233000e+07
5130.000000 8.20328000e+07
5150.000000 8.02023000e+07
5170.000000 7.86767000e+07
5190.000000 7.80491000e+07
5210.000000 7.74816000e+07
5230.000000 7.58158000e+07
5250.000000 7.61919000e+07
5270.000000 7.37496000e+07
5290.000000 7.46954000e+07
5310.000000 7.26507000e+07
5330.000000 7.20070000e+07
5350.000000 7.23568000e+07
5370.000000 7.12283000e+07
5390.000000 7.03817000e+07
5410.000000 6.91183000e+07
5430.000000 6.86050000e+07
5450.000000 6.83218000e+07
5470.000000 6.74252000e+07
5490.000000 6.67861000e+07
5510.000000 6.58865000e+07
5530.000000 6.52075000e+07
5550.000000 6.46858000e+07
5570.000000 6.39027000e+07
5590.000000 6.33233000e+07
5610.000000 6.28487000e+07
5630.000000 6.21296000e+07
5650.000000 6.11217000e+07
5670.000000 6.05553000e+07
5690.000000 6.00757000e+07
5710.000000 5.94684000e+07
5730.000000 5.88692000e+07
5750.000000 5.81254000e+07
5770.000000 5.75399000e+07
5790.000000 5.67722000e+07
5810.000000 5.62481000e+07
5830.000000 5.56511000e+07
5850.000000 5.51293000e+07
5870.000000 5.43967000e+07
5890.000000 5.34643000e+07
5910.000000 5.33220000e+07
5930.000000 5.28280000e+07
5950.000000 5.19552000e+07
5970.000000 5.15960000e+07
5990.000000 5.08846000e+07
6010.000000 5.04985000e+07
6030.000000 5.00884000e+07
6050.000000 4.94563000e+07
6070.000000 4.90174000e+07
6090.000000 4.85020000e+07
6110.000000 4.80104000e+07
6130.000000 4.74590000e+07
6150.000000 4.61906000e+07
6170.000000 4.64706000e+07
6190.000000 4.60960000e+07
6210.000000 4.56345000e+07
6230.000000 4.50867000e+07
6250.000000 4.41254000e+07
6270.000000 4.42756000e+07
6290.000000 4.38193000e+07
6310.000000 4.32061000e+07
6330.000000 4.29062000e+07
6350.000000 4.18880000e+07
6370.000000 4.16737000e+07
6390.000000 4.15885000e+07
6410.000000 4.10736000e+07
6430.000000 4.07756000e+07
6450.000000 3.99191000e+07
6470.000000 4.00039000e+07
6490.000000 3.92819000e+07
6510.000000 3.88702000e+07
6530.000000 3.80441000e+07
6550.000000 3.37175000e+07
6570.000000 2.70061000e+07
6590.000000 3.62302000e+07
6610.000000 3.70012000e+07
6630.000000 3.68331000e+07
6650.000000 3.65881000e+07
6670.000000 3.62428000e+07
6690.000000 3.59321000e+07
6710.000000 3.56296000e+07
6730.000000 3.51910000e+07
6750.000000 3.49208000e+07
6770.000000 3.46416000e+07
6790.000000 3.42875000e+07
6810.000000 3.39808000e+07
6830.000000 3.36044000e+07
6850.000000 3.33177000e+07
6870.000000 3.30219000e+07
6890.000000 3.27344000e+07
6910.000000 3.24071000e+07
6930.000000 3.20752000e+07
6950.000000 3.18199000e+07
6970.000000 3.15166000e+07
6990.000000 3.12632000e+07
7010.000000 3.08183000e+07
7030.000000 3.06729000e+07
7050.000000 3.03385000e+07
7070.000000 3.01120000e+07
7090.000000 2.98652000e+07
7110.000000 2.93226000e+07
7130.000000 2.92450000e+07
7150.000000 2.89954000e+07
7170.000000 2.87657000e+07
7190.000000 2.85068000e+07
7210.000000 2.82655000e+07
7230.000000 2.79659000e+07
7250.000000 2.76828000e+07
7270.000000 2.75186000e+07
7290.000000 2.72424000e+07
7310.000000 2.69849000e+07
7330.000000 2.67839000e+07
7350.000000 2.65749000e+07
7370.000000 2.63511000e+07
7390.000000 2.60976000e+07
7410.000000 2.58402000e+07
7430.000000 2.54754000e+07
7450.000000 2.53246000e+07
7470.000000 2.49988000e+07
7490.000000 2.48903000e+07
7510.000000 2.46851000e+07
7530.000000 2.45468000e+07
7550.000000 2.43548000e+07
7570.000000 2.41382000e+07
7590.000000 2.39288000e+07
7610.000000 2.37498000e+07
7630.000000 2.35310000e+07
7650.000000 2.32955000e+07
7670.000000 2.30998000e+07
7690.000000 2.29136000e+07
7710.000000 2.26973000e+07
7730.000000 2.25478000e+07
7750.000000 2.23570000e+07
7770.000000 2.16692000e+07
7790.000000 2.19876000e+07
7810.000000 2.18159000e+07
7830.000000 2.16044000e+07
7850.000000 2.13557000e+07
7870.000000 2.11256000e+07
7890.000000 2.08874000e+07
7910.000000 2.08523000e+07
7930.000000 2.07275000e+07
7950.000000 2.03801000e+07
7970.000000 2.04108000e+07
7990.000000 1.99069000e+07
8010.000000 2.00701000e+07
8030.000000 1.98960000e+07
8050.000000 1.97438000e+07
8070.000000 1.95732000e+07
8090.000000 1.94213000e+07
8110.000000 1.92540000e+07
8130.000000 1.91223000e+07
8150.000000 1.89713000e+07
8170.000000 1.88227000e+07
8190.000000 1.85197000e+07
8210.000000 1.84106000e+07
8230.000000 1.82122000e+07
8250.000000 1.82236000e+07
8270.000000 1.82292000e+07
8290.000000 1.80383000e+07
8310.000000 1.79461000e+07
8330.000000 1.77140000e+07
8350.000000 1.76514000e+07
8370.000000 1.75085000e+07
8390.000000 1.73304000e+07
8410.000000 1.71171000e+07
8430.000000 1.69691000e+07
8450.000000 1.66088000e+07
8470.000000 1.63015000e+07
8490.000000 1.68190000e+07
8510.000000 1.56773000e+07
8530.000000 1.69107000e+07
8550.000000 1.47667000e+07
8570.000000 1.71225000e+07
8590.000000 1.56368000e+07
8610.000000 1.51734000e+07
8630.000000 1.73152000e+07
8650.000000 1.65379000e+07
8670.000000 1.33433000e+07
8690.000000 1.68444000e+07
8710.000000 1.75816000e+07
8730.000000 1.68387000e+07
8750.000000 1.28879000e+07
8770.000000 1.59664000e+07
8790.000000 1.74112000e+07
8810.000000 1.73954000e+07
8830.000000 1.68615000e+07
8850.000000 1.50331000e+07
8870.000000 1.24654000e+07
8890.000000 1.61632000e+07
8910.000000 1.66801000e+07
8930.000000 1.66475000e+07
8950.000000 1.66696000e+07
8970.000000 1.64170000e+07
8990.000000 1.57180000e+07
9010.000000 1.22657000e+07
9030.000000 1.35555000e+07
9050.000000 1.55908000e+07
9070.000000 1.55313000e+07
9090.000000 1.54429000e+07
9110.000000 1.55831000e+07
9130.000000 1.55371000e+07
9150.000000 1.54832000e+07
9170.000000 1.52607000e+07
9190.000000 1.48687000e+07
9210.000000 1.38880000e+07
9230.000000 1.05913000e+07
9250.000000 1.33093000e+07
9270.000000 1.40503000e+07
9290.000000 1.45774000e+07
9310.000000 1.45683000e+07
9330.000000 1.44366000e+07
9350.000000 1.43939000e+07
9370.000000 1.43076000e+07
9390.000000 1.40767000e+07
9410.000000 1.37744000e+07
9430.000000 1.39236000e+07
9450.000000 1.38407000e+07
9470.000000 1.37021000e+07
9490.000000 1.35507000e+07
9510.000000 1.32522000e+07
9530.000000 1.21484000e+07
9550.000000 9.57618000e+06
9570.000000 1.22412000e+07
9590.000000 1.29312000e+07
9610.000000 1.29248000e+07
9630.000000 1.26908000e+07
9650.000000 1.28575000e+07
9670.000000 1.26875000e+07
9690.000000 1.26605000e+07
9710.000000 1.26348000e+07
9730.000000 1.25287000e+07
9750.000000 1.24243000e+07
9770.000000 1.23581000e+07
9790.000000 1.22609000e+07
9810.000000 1.21577000e+07
9830.000000 1.20268000e+07
9850.000000 1.19512000e+07
9870.000000 1.18653000e+07
9890.000000 1.17226000e+07
9910.000000 1.17106000e+07
9930.000000 1.16211000e+07
9950.000000 1.15272000e+07
9970.000000 1.14473000e+07
9990.000000 1.13238000e+07
10025.000000 1.03212000e+07
10075.000000 9.74989000e+06
10125.000000 1.06821000e+07
10175.000000 1.06512000e+07
10225.000000 1.05120000e+07
10275.000000 1.03296000e+07
10325.000000 1.01404000e+07
10375.000000 9.96976000e+06
10425.000000 9.80954000e+06
10475.000000 9.59045000e+06
10525.000000 9.42711000e+06
10575.000000 9.29674000e+06
10625.000000 9.15939000e+06
10675.000000 8.88700000e+06
10725.000000 8.81383000e+06
10775.000000 8.68972000e+06
10825.000000 8.54018000e+06
10875.000000 8.33888000e+06
10925.000000 7.07498000e+06
10975.000000 7.71658000e+06
11025.000000 7.99883000e+06
11075.000000 7.90896000e+06
11125.000000 7.78202000e+06
11175.000000 7.66125000e+06
11225.000000 7.54203000e+06
11275.000000 7.30903000e+06
11325.000000 7.21556000e+06
11375.000000 7.17730000e+06
11425.000000 7.05690000e+06
11475.000000 6.97093000e+06
11525.000000 6.86604000e+06
11575.000000 6.75652000e+06
11625.000000 6.60848000e+06
11675.000000 6.48954000e+06
11725.000000 6.45157000e+06
11775.000000 6.27979000e+06
11825.000000 6.22868000e+06
11875.000000 6.12024000e+06
11925.000000 6.07591000e+06
11975.000000 5.95855000e+06
12025.000000 5.88566000e+06
12075.000000 5.79076000e+06
12125.000000 5.70723000e+06
12175.000000 5.63173000e+06
12225.000000 5.54542000e+06
12275.000000 5.45608000e+06
12325.000000 5.38190000e+06
12375.000000 5.30725000e+06
12425.000000 5.23900000e+06
12475.000000 5.13827000e+06
12525.000000 5.08580000e+06
12575.000000 4.98730000e+06
12625.000000 4.93110000e+06
12675.000000 4.87116000e+06
12725.000000 4.78736000e+06
12775.000000 4.61746000e+06
12825.000000 3.98189000e+06
12875.000000 4.52328000e+06
12925.000000 4.52737000e+06
12975.000000 4.47889000e+06
13025.000000 4.41948000e+06
13075.000000 4.35908000e+06
13125.000000 4.29859000e+06
13175.000000 4.22240000e+06
13225.000000 4.18256000e+06
13275.000000 4.12589000e+06
13325.000000 4.07037000e+06
13375.000000 4.01536000e+06
13425.000000 3.95812000e+06
13475.000000 3.90432000e+06
13525.000000 3.84544000e+06
13575.000000 3.79733000e+06
13625.000000 3.74902000e+06
13675.000000 3.69446000e+06
13725.000000 3.63999000e+06
13775.000000 3.60488000e+06
13825.000000 3.55835000e+06
13875.000000 3.51475000e+06
13925.000000 3.46371000e+06
13975.000000 3.42219000e+06
14025.000000 3.37925000e+06
14075.000000 3.33646000e+06
14125.000000 3.29211000e+06
14175.000000 3.25074000e+06
14225.000000 3.20931000e+06
14275.000000 3.16875000e+06
14325.000000 3.12813000e+06
14375.000000 3.08927000e+06
14425.000000 3.02317000e+06
14475.000000 3.01113000e+06
14525.000000 2.96097000e+06
14570.000000 2.94058000e+06
14620.000000 2.90534000e+06
14675.000000 2.87189000e+06
14725.000000 2.83556000e+06
14775.000000 2.79293000e+06
14825.000000 2.76675000e+06
14875.000000 2.72588000e+06
14925.000000 2.70545000e+06
14975.000000 2.66776000e+06
15025.000000 2.63384000e+06
15075.000000 2.60016000e+06
15125.000000 2.57278000e+06
15175.000000 2.54048000e+06
15225.000000 2.51309000e+06
15275.000000 2.47406000e+06
15325.000000 2.44158000e+06
15375.000000 2.42398000e+06
15425.000000 2.36427000e+06
15475.000000 2.36727000e+06
15525.000000 2.34094000e+06
15575.000000 2.25310000e+06
15625.000000 2.32049000e+06
15675.000000 2.23472000e+06
15725.000000 2.16005000e+06
15775.000000 2.25038000e+06
15825.000000 2.22370000e+06
15875.000000 2.01448000e+06
15925.000000 2.14045000e+06
15975.000000 2.17357000e+06
16050.000000 2.10212000e+06
16150.000000 1.97130000e+06
16250.000000 2.06325000e+06
16350.000000 1.96354000e+06
16450.000000 1.83783000e+06
16550.000000 1.93259000e+06
16650.000000 1.89151000e+06
16750.000000 1.79286000e+06
16850.000000 1.67704000e+06
16950.000000 1.76798000e+06
17050.000000 1.73253000e+06
17150.000000 1.69688000e+06
17250.000000 1.64878000e+06
17350.000000 1.47427000e+06
17450.000000 1.56270000e+06
17550.000000 1.55155000e+06
17650.000000 1.52011000e+06
17750.000000 1.48988000e+06
17850.000000 1.45869000e+06
17950.000000 1.43114000e+06
18050.000000 1.39104000e+06
18150.000000 1.25934000e+06
18250.000000 1.31141000e+06
18350.000000 1.31516000e+06
18450.000000 1.29065000e+06
18550.000000 1.26134000e+06
18650.000000 1.23095000e+06
18750.000000 1.11070000e+06
18850.000000 1.17899000e+06
18950.000000 1.16470000e+06
19050.000000 1.14513000e+06
19150.000000 1.12272000e+06
19250.000000 1.10021000e+06
19350.000000 1.07066000e+06
19450.000000 9.64831000e+05
19550.000000 1.02994000e+06
19650.000000 1.01880000e+06
19750.000000 9.99235000e+05
19850.000000 9.80970000e+05
19950.000000 9.62547000e+05
20050.000000 9.44723000e+05
20150.000000 9.27176000e+05
20250.000000 9.09929000e+05
20350.000000 8.93067000e+05
20450.000000 8.76940000e+05
20550.000000 8.60942000e+05
20650.000000 8.44893000e+05
20750.000000 8.29804000e+05
20850.000000 8.15044000e+05
20950.000000 8.00406000e+05
21050.000000 7.85967000e+05
21150.000000 7.70905000e+05
21250.000000 7.57443000e+05
21350.000000 7.43826000e+05
21450.000000 7.31446000e+05
21550.000000 7.14306000e+05
21650.000000 6.47563000e+05
21750.000000 6.85740000e+05
21850.000000 6.81892000e+05
21950.000000 6.71127000e+05
22050.000000 6.59420000e+05
22150.000000 6.47774000e+05
22250.000000 6.37559000e+05
22350.000000 6.26776000e+05
22450.000000 6.16323000e+05
22550.000000 6.05713000e+05
22650.000000 5.95911000e+05
22750.000000 5.86033000e+05
22850.000000 5.76881000e+05
22950.000000 5.67359000e+05
23050.000000 5.58362000e+05
23150.000000 5.49296000e+05
23250.000000 5.40553000e+05
23350.000000 5.31849000e+05
23450.000000 5.23397000e+05
23550.000000 5.15070000e+05
23650.000000 5.06911000e+05
23750.000000 4.98871000e+05
23850.000000 4.90941000e+05
23950.000000 4.83191000e+05
24050.000000 4.75222000e+05
24150.000000 4.67696000e+05
24250.000000 4.60810000e+05
24350.000000 4.53265000e+05
24450.000000 4.45790000e+05
24550.000000 4.39678000e+05
24650.000000 4.31902000e+05
24750.000000 4.25375000e+05
24850.000000 4.20732000e+05
24950.000000 4.08633000e+05
25050.000000 4.08583000e+05
25150.000000 4.02666000e+05
25250.000000 3.87665000e+05
25350.000000 3.90036000e+05
25450.000000 3.86238000e+05
25550.000000 3.78188000e+05
25650.000000 3.60787000e+05
25750.000000 3.68063000e+05
25850.000000 3.64426000e+05
25950.000000 3.59184000e+05
26050.000000 3.48976000e+05
26150.000000 3.30242000e+05
26250.000000 3.15303000e+05
26350.000000 3.34667000e+05
26450.000000 3.34387000e+05
26550.000000 3.29906000e+05
26650.000000 3.22390000e+05
26750.000000 2.99062000e+05
26850.000000 3.13362000e+05
26950.000000 3.12249000e+05
27050.000000 3.08585000e+05
27150.000000 3.04333000e+05
27250.000000 3.00034000e+05
27350.000000 2.95618000e+05
27450.000000 2.89778000e+05
27550.000000 2.68564000e+05
27650.000000 2.74770000e+05
27750.000000 2.78821000e+05
27850.000000 2.75977000e+05
27950.000000 2.72260000e+05
28050.000000 2.68551000e+05
28150.000000 2.64873000e+05
28250.000000 2.61264000e+05
28350.000000 2.57797000e+05
28450.000000 2.54219000e+05
28550.000000 2.50163000e+05
28650.000000 2.42118000e+05
28750.000000 2.25811000e+05
28850.000000 2.38904000e+05
28950.000000 2.37266000e+05
29050.000000 2.34720000e+05
29150.000000 2.31396000e+05
29250.000000 2.28579000e+05
29350.000000 2.25603000e+05
29450.000000 2.22688000e+05
29550.000000 2.19833000e+05
29650.000000 2.16977000e+05
29750.000000 2.14184000e+05
29850.000000 2.11454000e+05
29950.000000 2.08729000e+05
30050.000000 2.06037000e+05
30150.000000 2.03263000e+05
30250.000000 1.99653000e+05
30350.000000 1.86262000e+05
30450.000000 1.88238000e+05
30550.000000 1.92437000e+05
30650.000000 1.90899000e+05
30750.000000 1.88540000e+05
30850.000000 1.85950000e+05
30950.000000 1.83904000e+05
31050.000000 1.81624000e+05
31150.000000 1.79330000e+05
31250.000000 1.77150000e+05
31350.000000 1.75010000e+05
31450.000000 1.72824000e+05
31550.000000 1.70815000e+05
31650.000000 1.68740000e+05
31750.000000 1.66651000e+05
31850.000000 1.64704000e+05
31950.000000 1.62708000e+05
32100.000000 1.59794000e+05
32300.000000 1.56034000e+05
32500.000000 1.52357000e+05
32700.000000 1.48607000e+05
32900.000000 1.38317000e+05
33100.000000 1.39821000e+05
33300.000000 1.38255000e+05
33500.000000 1.35223000e+05
33700.000000 1.32074000e+05
33900.000000 1.29166000e+05
34100.000000 1.26288000e+05
34300.000000 1.23520000e+05
34500.000000 1.20826000e+05
34700.000000 1.18157000e+05
34900.000000 1.15576000e+05
35100.000000 1.13058000e+05
35300.000000 1.10610000e+05
35500.000000 1.08208000e+05
35700.000000 1.05852000e+05
35900.000000 1.03673000e+05
36100.000000 1.01339000e+05
36300.000000 9.93507000e+04
36500.000000 9.70377000e+04
36700.000000 9.52725000e+04
36900.000000 9.28010000e+04
37100.000000 9.12585000e+04
37300.000000 8.74637000e+04
37500.000000 8.44276000e+04
37700.000000 8.58270000e+04
37900.000000 8.42573000e+04
38100.000000 8.18491000e+04
38300.000000 8.03467000e+04
38500.000000 7.93642000e+04
38700.000000 7.77738000e+04
38900.000000 7.59877000e+04
39100.000000 7.31818000e+04
39300.000000 7.32536000e+04
39500.000000 7.19124000e+04
39700.000000 7.05706000e+04
39900.000000 6.91218000e+04
40100.000000 6.68409000e+04
40300.000000 6.51028000e+04
40500.000000 6.25919000e+04
40700.000000 6.38841000e+04
40900.000000 6.29590000e+04
41100.000000 6.18147000e+04
41300.000000 6.06499000e+04
41500.000000 5.92508000e+04
41700.000000 5.60277000e+04
41900.000000 5.70220000e+04
42100.000000 5.62625000e+04
42300.000000 5.52686000e+04
42500.000000 5.42616000e+04
42700.000000 5.32792000e+04
42900.000000 5.23169000e+04
43100.000000 5.13762000e+04
43300.000000 5.04566000e+04
43500.000000 4.94601000e+04
43700.000000 4.67852000e+04
43900.000000 4.71613000e+04
44100.000000 4.69476000e+04
44300.000000 4.61580000e+04
44500.000000 4.53521000e+04
44700.000000 4.46417000e+04
44900.000000 4.37946000e+04
45100.000000 4.30477000e+04
45300.000000 4.22994000e+04
45500.000000 4.15881000e+04
45700.000000 4.08749000e+04
45900.000000 4.01762000e+04
46100.000000 3.94844000e+04
46300.000000 3.87047000e+04
46500.000000 3.63619000e+04
46700.000000 3.57194000e+04
46900.000000 3.66417000e+04
47100.000000 3.63006000e+04
47300.000000 3.57400000e+04
47500.000000 3.51508000e+04
47700.000000 3.45901000e+04
47900.000000 3.40392000e+04
48100.000000 3.34913000e+04
48300.000000 3.29529000e+04
48500.000000 3.24254000e+04
48700.000000 3.19102000e+04
48900.000000 3.14008000e+04
49100.000000 3.09033000e+04
49300.000000 3.04128000e+04
49500.000000 2.99431000e+04
49700.000000 2.94601000e+04
49900.000000 2.90141000e+04
50100.000000 2.85593000e+04
50300.000000 2.80959000e+04
50500.000000 2.76906000e+04
50700.000000 2.72571000e+04
50900.000000 2.67801000e+04
51100.000000 2.62492000e+04
51300.000000 2.47866000e+04
51500.000000 2.55121000e+04
51700.000000 2.51727000e+04
51900.000000 2.48728000e+04
52100.000000 2.45226000e+04
52300.000000 2.41563000e+04
52500.000000 2.37512000e+04
52700.000000 2.33461000e+04
52900.000000 2.30972000e+04
53100.000000 2.27953000e+04
53300.000000 2.24760000e+04
53500.000000 2.21030000e+04
53700.000000 2.16734000e+04
53900.000000 2.13637000e+04
54100.000000 2.11688000e+04
54300.000000 2.09007000e+04
54500.000000 2.06030000e+04
54700.000000 2.03090000e+04
54900.000000 2.00001000e+04
55100.000000 1.96206000e+04
55300.000000 1.91919000e+04
55500.000000 1.91297000e+04
55700.000000 1.89136000e+04
55900.000000 1.86471000e+04
56100.000000 1.83887000e+04
56300.000000 1.81371000e+04
56500.000000 1.78873000e+04
56700.000000 1.76372000e+04
56900.000000 1.73261000e+04
57100.000000 1.67935000e+04
57300.000000 1.68337000e+04
57500.000000 1.66895000e+04
57700.000000 1.64699000e+04
57900.000000 1.62462000e+04
58100.000000 1.60296000e+04
58300.000000 1.58023000e+04
58500.000000 1.55855000e+04
58700.000000 1.53635000e+04
58900.000000 1.50520000e+04
59100.000000 1.42309000e+04
59300.000000 1.46718000e+04
59500.000000 1.42083000e+04
59700.000000 1.42200000e+04
59900.000000 1.41872000e+04
60100.000000 1.40220000e+04
60300.000000 1.38452000e+04
60500.000000 1.36673000e+04
60700.000000 1.34926000e+04
60900.000000 1.33198000e+04
61100.000000 1.31490000e+04
61300.000000 1.29831000e+04
61500.000000 1.28181000e+04
61700.000000 1.26560000e+04
61900.000000 1.24947000e+04
62100.000000 1.23372000e+04
62300.000000 1.21785000e+04
62500.000000 1.20168000e+04
62700.000000 1.18099000e+04
62900.000000 1.12779000e+04
63100.000000 1.14837000e+04
63300.000000 1.14263000e+04
63500.000000 1.12974000e+04
63700.000000 1.11626000e+04
63900.000000 1.10337000e+04
64200.000000 1.08449000e+04
64600.000000 1.05829000e+04
65000.000000 1.03291000e+04
65400.000000 1.00833000e+04
65800.000000 9.84277000e+03
66200.000000 9.60469000e+03
66600.000000 9.38095000e+03
67000.000000 9.15346000e+03
67400.000000 8.90250000e+03
67800.000000 8.50109000e+03
68200.000000 8.51910000e+03
68600.000000 8.34720000e+03
69000.000000 8.16208000e+03
69400.000000 7.95953000e+03
69800.000000 7.79743000e+03
70200.000000 7.62573000e+03
70600.000000 7.45257000e+03
71000.000000 7.27093000e+03
71400.000000 7.13124000e+03
71800.000000 6.97651000e+03
72200.000000 6.82427000e+03
72600.000000 6.65307000e+03
73000.000000 6.52677000e+03
73400.000000 6.39604000e+03
73800.000000 6.25316000e+03
74200.000000 6.10162000e+03
74600.000000 5.79815000e+03
75000.000000 5.59341000e+03
75400.000000 5.70598000e+03
75800.000000 5.61818000e+03
76200.000000 5.50648000e+03
76600.000000 5.40321000e+03
77000.000000 5.29245000e+03
77400.000000 5.17387000e+03
77800.000000 5.03249000e+03
78200.000000 4.96838000e+03
78600.000000 4.88264000e+03
79000.000000 4.78575000e+03
79400.000000 4.69128000e+03
79800.000000 4.59882000e+03
80200.000000 4.50889000e+03
80600.000000 4.42116000e+03
81000.000000 4.33087000e+03
81400.000000 4.20034000e+03
81800.000000 4.14483000e+03
82200.000000 4.08876000e+03
82600.000000 4.01342000e+03
83000.000000 3.93748000e+03
83400.000000 3.86297000e+03
83800.000000 3.79007000e+03
84200.000000 3.71987000e+03
84600.000000 3.65104000e+03
85000.000000 3.58380000e+03
85400.000000 3.51767000e+03
85800.000000 3.45316000e+03
86200.000000 3.38139000e+03
86600.000000 3.25835000e+03
87000.000000 3.25259000e+03
87400.000000 3.14689000e+03
87800.000000 3.09111000e+03
88200.000000 3.09355000e+03
88600.000000 3.04116000e+03
89000.000000 2.98753000e+03
89400.000000 2.93517000e+03
89800.000000 2.88371000e+03
90200.000000 2.83342000e+03
90600.000000 2.78404000e+03
91000.000000 2.73610000e+03
91400.000000 2.68884000e+03
91800.000000 2.64289000e+03
92200.000000 2.59625000e+03
92600.000000 2.54663000e+03
93000.000000 2.50722000e+03
93400.000000 2.46087000e+03
93800.000000 2.36542000e+03
94200.000000 2.36554000e+03
94600.000000 2.34120000e+03
95000.000000 2.30124000e+03
95400.000000 2.26336000e+03
95800.000000 2.23210000e+03
96200.000000 2.19554000e+03
96600.000000 2.15976000e+03
97000.000000 2.12464000e+03
97400.000000 2.09027000e+03
97800.000000 2.05659000e+03
98200.000000 2.01904000e+03
98600.000000 1.98348000e+03
99000.000000 1.95937000e+03
99400.000000 1.92846000e+03
99800.000000 1.89797000e+03
100200.000000 1.86811000e+03
200000.000000 1.18839000e+02
400000.000000 7.34575000e+00
600000.000000 1.43377000e+00
800000.000000 4.49067000e-01
1000000.000000 1.82378000e-01
1200000.000000 8.73201000e-02
1400000.000000 4.68413000e-02
1600000.000000 2.73085000e-02
