# Kurucz ODFNEW /NOVER, alpha: 0.0 (2003)
# teff = 12000 K (value for the effective temperature for the model. Temperatures are given in K)
# logg = 4.5 log(cm/s2) (value for Log(G) for the model.)
# lh = 1.25  (l/Hp where l is the  mixing length of the convective element and Hp is the pressure scale height)
# meta = -1  (value for the Metallicity for the model.)
# vtur = 2 km/s (Microturbulence velocity)
# alpha = 0  (Alpha)
#
# column 1: WAVELENGTH (ANGSTROM), Wavelength in Angstrom
# column 2: FLUX (ERG/CM2/S/A), Flux in erg/cm2/s/A
210.500000 1.08946000e-22
216.200000 9.04539000e-22
219.800000 3.17200000e-21
223.000000 9.27790000e-21
226.800000 3.20363000e-20
230.000000 8.84709000e-20
234.000000 3.01708000e-19
240.000000 1.76513000e-18
246.500000 1.08991000e-17
252.400000 5.25942000e-17
256.800000 1.62480000e-16
260.000000 3.60479000e-16
264.000000 9.50310000e-16
268.500000 2.72643000e-15
273.500000 8.44493000e-15
278.500000 2.51920000e-14
284.000000 8.01045000e-14
290.000000 2.69019000e-13
296.000000 8.58451000e-13
301.000000 2.18409000e-12
308.000000 7.66254000e-12
318.000000 4.17806000e-11
328.000000 2.05306000e-10
338.000000 9.16003000e-10
348.000000 3.74757000e-09
357.000000 1.24279000e-08
366.000000 3.88299000e-08
375.000000 1.14595000e-07
385.000000 3.59002000e-07
395.000000 1.05890000e-06
405.000000 2.95665000e-06
414.000000 7.13077000e-06
422.000000 1.50889000e-05
430.000000 3.10063000e-05
441.000000 7.99345000e-05
451.000000 1.81190000e-04
460.000000 3.66599000e-04
470.000000 7.75988000e-04
480.000000 1.58918000e-03
490.000000 3.15678000e-03
500.000000 6.08870000e-03
506.000000 1.73624000e-02
512.000000 3.08777000e-02
520.000000 4.86488000e-02
530.000000 8.50987000e-02
540.000000 1.42346000e-01
550.000000 2.39737000e-01
560.000000 3.90568000e-01
570.000000 6.25239000e-01
580.000000 9.67189000e-01
590.000000 1.51969000e+00
600.000000 2.31615000e+00
610.000000 3.47905000e+00
620.000000 5.14877000e+00
630.000000 7.52177000e+00
640.000000 1.08383000e+01
650.000000 1.54597000e+01
658.000000 2.03538000e+01
665.000000 2.57358000e+01
675.000000 3.56509000e+01
685.000000 4.88943000e+01
695.000000 6.64273000e+01
705.000000 8.93494000e+01
716.000000 1.22523000e+02
726.000000 1.61799000e+02
735.000000 2.06299000e+02
745.000000 2.68260000e+02
755.000000 3.46166000e+02
765.000000 4.43333000e+02
775.000000 5.63960000e+02
785.000000 7.12468000e+02
795.000000 8.93803000e+02
805.000000 1.11509000e+03
815.000000 1.38231000e+03
825.000000 1.70369000e+03
835.000000 2.08328000e+03
845.000000 2.54531000e+03
855.000000 3.08598000e+03
865.000000 3.72442000e+03
875.000000 4.47101000e+03
885.000000 5.34485000e+03
895.000000 6.35905000e+03
905.000000 7.51320000e+03
915.000000 2.15367000e+04
925.000000 8.80375000e+04
935.000000 1.37324000e+05
945.000000 2.60948000e+05
955.000000 7.95447000e+05
965.000000 1.30436000e+06
975.000000 4.20114000e+05
985.000000 2.19776000e+07
995.000000 9.20757000e+07
1005.000000 8.18229000e+07
1015.000000 9.41069000e+06
1025.000000 5.09322000e+05
1035.000000 6.10799000e+06
1045.000000 9.64053000e+07
1055.000000 2.50968000e+08
1065.000000 2.93605000e+08
1075.000000 3.67691000e+08
1085.000000 3.91570000e+08
1095.000000 3.95133000e+08
1105.000000 4.04891000e+08
1115.000000 4.67963000e+08
1125.000000 4.77838000e+08
1135.000000 5.05104000e+08
1145.000000 4.66147000e+08
1155.000000 4.53789000e+08
1165.000000 4.58107000e+08
1175.000000 3.86464000e+08
1185.000000 2.56908000e+08
1195.000000 4.04133000e+07
1205.000000 6.21333000e+06
1215.000000 1.52858000e+06
1225.000000 4.87435000e+06
1235.000000 5.06423000e+07
1245.000000 2.20138000e+08
1255.000000 3.66367000e+08
1265.000000 3.67660000e+08
1275.000000 4.77973000e+08
1285.000000 5.45122000e+08
1295.000000 5.20045000e+08
1305.000000 4.26873000e+08
1315.000000 5.44825000e+08
1325.000000 5.55816000e+08
1335.000000 5.43081000e+08
1345.000000 5.83475000e+08
1355.000000 5.49410000e+08
1365.000000 5.19512000e+08
1375.000000 5.34799000e+08
1385.000000 5.38161000e+08
1395.000000 5.35235000e+08
1405.000000 5.46556000e+08
1415.000000 5.29037000e+08
1425.000000 5.34105000e+08
1435.000000 5.07752000e+08
1442.000000 5.37583000e+08
1447.000000 5.43753000e+08
1455.000000 5.39676000e+08
1465.000000 5.22170000e+08
1475.000000 5.09469000e+08
1485.000000 5.06713000e+08
1495.000000 5.11335000e+08
1505.000000 5.11282000e+08
1512.000000 5.00495000e+08
1517.000000 5.13457000e+08
1525.000000 4.91820000e+08
1535.000000 4.82091000e+08
1545.000000 4.99370000e+08
1555.000000 4.69832000e+08
1565.000000 4.37867000e+08
1575.000000 4.50853000e+08
1585.000000 4.66341000e+08
1595.000000 4.74787000e+08
1605.000000 4.51369000e+08
1615.000000 4.51632000e+08
1625.000000 4.24148000e+08
1635.000000 4.30264000e+08
1645.000000 4.30242000e+08
1655.000000 3.95335000e+08
1665.000000 4.26518000e+08
1672.000000 3.96245000e+08
1677.000000 4.07937000e+08
1685.000000 4.20938000e+08
1695.000000 4.04066000e+08
1705.000000 3.95686000e+08
1715.000000 3.92122000e+08
1725.000000 3.85373000e+08
1735.000000 3.95086000e+08
1745.000000 3.85275000e+08
1755.000000 3.94817000e+08
1765.000000 3.67548000e+08
1775.000000 3.90310000e+08
1785.000000 3.81822000e+08
1795.000000 3.89132000e+08
1805.000000 3.80161000e+08
1815.000000 3.75754000e+08
1825.000000 3.67915000e+08
1835.000000 3.61097000e+08
1845.000000 3.52113000e+08
1855.000000 3.51480000e+08
1865.000000 3.48988000e+08
1875.000000 3.55820000e+08
1885.000000 3.52118000e+08
1895.000000 3.46859000e+08
1905.000000 3.45854000e+08
1915.000000 3.39806000e+08
1925.000000 3.39436000e+08
1935.000000 3.34025000e+08
1945.000000 3.39931000e+08
1955.000000 3.34471000e+08
1967.000000 3.35475000e+08
1976.000000 3.31095000e+08
1984.000000 3.27990000e+08
1995.000000 3.20067000e+08
2005.000000 3.17781000e+08
2015.000000 3.06368000e+08
2025.000000 3.10506000e+08
2035.000000 3.09918000e+08
2045.000000 3.08931000e+08
2055.000000 2.98206000e+08
2065.000000 2.97489000e+08
2074.000000 2.99187000e+08
2078.000000 3.00592000e+08
2085.000000 3.01290000e+08
2095.000000 2.94764000e+08
2105.000000 2.93747000e+08
2115.000000 2.90622000e+08
2125.000000 2.89111000e+08
2135.000000 2.77004000e+08
2145.000000 2.85031000e+08
2155.000000 2.81629000e+08
2165.000000 2.72652000e+08
2175.000000 2.70254000e+08
2185.000000 2.68362000e+08
2195.000000 2.74578000e+08
2205.000000 2.66088000e+08
2215.000000 2.56964000e+08
2225.000000 2.51951000e+08
2235.000000 2.62982000e+08
2245.000000 2.52789000e+08
2255.000000 2.47129000e+08
2265.000000 2.46148000e+08
2275.000000 2.52062000e+08
2285.000000 2.52624000e+08
2295.000000 2.44834000e+08
2305.000000 2.42125000e+08
2315.000000 2.38435000e+08
2325.000000 2.38668000e+08
2335.000000 2.33069000e+08
2345.000000 2.21652000e+08
2355.000000 2.29053000e+08
2365.000000 2.19940000e+08
2375.000000 2.24136000e+08
2385.000000 2.11670000e+08
2395.000000 2.20763000e+08
2405.000000 2.14476000e+08
2415.000000 2.15894000e+08
2425.000000 2.17865000e+08
2435.000000 2.10354000e+08
2445.000000 2.15210000e+08
2455.000000 2.12085000e+08
2465.000000 2.08700000e+08
2475.000000 2.04619000e+08
2485.000000 2.10863000e+08
2495.000000 2.05358000e+08
2505.000000 2.11052000e+08
2513.000000 2.06000000e+08
2518.000000 2.06418000e+08
2525.000000 1.97960000e+08
2535.000000 1.96237000e+08
2545.000000 1.95035000e+08
2555.000000 2.00039000e+08
2565.000000 1.97766000e+08
2575.000000 2.01881000e+08
2585.000000 2.01821000e+08
2595.000000 2.00207000e+08
2605.000000 1.95431000e+08
2615.000000 1.94011000e+08
2625.000000 1.93684000e+08
2635.000000 1.94088000e+08
2645.000000 2.00792000e+08
2655.000000 1.98754000e+08
2665.000000 1.93366000e+08
2675.000000 1.94971000e+08
2685.000000 1.94494000e+08
2695.000000 1.91056000e+08
2705.000000 1.90243000e+08
2715.000000 1.86529000e+08
2725.000000 1.85624000e+08
2735.000000 1.88596000e+08
2745.000000 1.78490000e+08
2755.000000 1.77425000e+08
2765.000000 1.80214000e+08
2775.000000 1.83291000e+08
2785.000000 1.81919000e+08
2795.000000 1.70241000e+08
2805.000000 1.76202000e+08
2815.000000 1.81100000e+08
2825.000000 1.79353000e+08
2835.000000 1.75872000e+08
2845.000000 1.72614000e+08
2855.000000 1.71226000e+08
2865.000000 1.72993000e+08
2875.000000 1.71049000e+08
2885.000000 1.71898000e+08
2895.000000 1.71121000e+08
2910.000000 1.72507000e+08
2930.000000 1.67979000e+08
2950.000000 1.66350000e+08
2970.000000 1.65116000e+08
2990.000000 1.63218000e+08
3010.000000 1.62911000e+08
3030.000000 1.61321000e+08
3050.000000 1.59095000e+08
3070.000000 1.57189000e+08
3090.000000 1.55934000e+08
3110.000000 1.53767000e+08
3130.000000 1.51732000e+08
3150.000000 1.50354000e+08
3170.000000 1.48890000e+08
3190.000000 1.45911000e+08
3210.000000 1.45338000e+08
3230.000000 1.43565000e+08
3250.000000 1.42488000e+08
3270.000000 1.41307000e+08
3290.000000 1.39904000e+08
3310.000000 1.38573000e+08
3330.000000 1.36876000e+08
3350.000000 1.34991000e+08
3370.000000 1.33636000e+08
3390.000000 1.32329000e+08
3410.000000 1.31294000e+08
3430.000000 1.29863000e+08
3450.000000 1.28691000e+08
3470.000000 1.27259000e+08
3490.000000 1.25971000e+08
3510.000000 1.24827000e+08
3530.000000 1.23622000e+08
3550.000000 1.22368000e+08
3570.000000 1.21081000e+08
3590.000000 1.19855000e+08
3610.000000 1.18652000e+08
3630.000000 1.17437000e+08
3640.000000 1.16866000e+08
3650.000000 1.18580000e+08
3670.000000 1.17721000e+08
3690.000000 1.14794000e+08
3710.000000 1.12635000e+08
3730.000000 1.09884000e+08
3750.000000 1.29756000e+08
3770.000000 1.36671000e+08
3790.000000 1.62587000e+08
3810.000000 1.86747000e+08
3830.000000 1.51992000e+08
3850.000000 2.02980000e+08
3870.000000 2.26313000e+08
3890.000000 1.31478000e+08
3910.000000 2.23491000e+08
3930.000000 2.35320000e+08
3950.000000 2.19634000e+08
3970.000000 1.25363000e+08
3990.000000 2.08068000e+08
4010.000000 2.26725000e+08
4030.000000 2.23627000e+08
4050.000000 2.22611000e+08
4070.000000 2.14226000e+08
4090.000000 1.68331000e+08
4110.000000 1.31386000e+08
4130.000000 2.00279000e+08
4150.000000 2.06419000e+08
4170.000000 2.05186000e+08
4190.000000 2.02818000e+08
4210.000000 2.00086000e+08
4230.000000 1.97110000e+08
4250.000000 1.94164000e+08
4270.000000 1.90889000e+08
4290.000000 1.87076000e+08
4310.000000 1.79012000e+08
4330.000000 1.36245000e+08
4350.000000 1.17334000e+08
4370.000000 1.69771000e+08
4390.000000 1.73175000e+08
4410.000000 1.72979000e+08
4430.000000 1.70935000e+08
4450.000000 1.69090000e+08
4470.000000 1.65348000e+08
4490.000000 1.63159000e+08
4510.000000 1.62265000e+08
4530.000000 1.60055000e+08
4550.000000 1.57616000e+08
4570.000000 1.55869000e+08
4590.000000 1.53586000e+08
4610.000000 1.51772000e+08
4630.000000 1.49517000e+08
4650.000000 1.47746000e+08
4670.000000 1.45747000e+08
4690.000000 1.43784000e+08
4710.000000 1.41375000e+08
4730.000000 1.40054000e+08
4750.000000 1.38012000e+08
4770.000000 1.36014000e+08
4790.000000 1.33871000e+08
4810.000000 1.31119000e+08
4830.000000 1.25614000e+08
4850.000000 9.98611000e+07
4870.000000 8.26975000e+07
4890.000000 1.18411000e+08
4910.000000 1.22496000e+08
4930.000000 1.21713000e+08
4950.000000 1.21055000e+08
4970.000000 1.19773000e+08
4990.000000 1.18424000e+08
5010.000000 1.16538000e+08
5030.000000 1.15446000e+08
5050.000000 1.13630000e+08
5070.000000 1.12656000e+08
5090.000000 1.11268000e+08
5110.000000 1.09863000e+08
5130.000000 1.08564000e+08
5150.000000 1.07189000e+08
5170.000000 1.05704000e+08
5190.000000 1.04543000e+08
5210.000000 1.03321000e+08
5230.000000 1.02023000e+08
5250.000000 1.00877000e+08
5270.000000 9.95563000e+07
5290.000000 9.84940000e+07
5310.000000 9.72417000e+07
5330.000000 9.61473000e+07
5350.000000 9.50310000e+07
5370.000000 9.39051000e+07
5390.000000 9.28010000e+07
5410.000000 9.16952000e+07
5430.000000 9.06326000e+07
5450.000000 8.95906000e+07
5470.000000 8.85401000e+07
5490.000000 8.75187000e+07
5510.000000 8.65060000e+07
5530.000000 8.55229000e+07
5550.000000 8.45481000e+07
5570.000000 8.35814000e+07
5590.000000 8.26275000e+07
5610.000000 8.16947000e+07
5630.000000 8.07706000e+07
5650.000000 7.98422000e+07
5670.000000 7.89471000e+07
5690.000000 7.80685000e+07
5710.000000 7.71979000e+07
5730.000000 7.63363000e+07
5750.000000 7.54860000e+07
5770.000000 7.46479000e+07
5790.000000 7.38129000e+07
5810.000000 7.30031000e+07
5830.000000 7.22027000e+07
5850.000000 7.14093000e+07
5870.000000 7.03375000e+07
5890.000000 6.98324000e+07
5910.000000 6.90974000e+07
5930.000000 6.83514000e+07
5950.000000 6.75873000e+07
5970.000000 6.68762000e+07
5990.000000 6.61385000e+07
6010.000000 6.54550000e+07
6030.000000 6.47552000e+07
6050.000000 6.40654000e+07
6070.000000 6.33852000e+07
6090.000000 6.27146000e+07
6110.000000 6.20524000e+07
6130.000000 6.13995000e+07
6150.000000 6.07040000e+07
6170.000000 6.01162000e+07
6190.000000 5.94914000e+07
6210.000000 5.88724000e+07
6230.000000 5.82572000e+07
6250.000000 5.76313000e+07
6270.000000 5.70630000e+07
6290.000000 5.64750000e+07
6310.000000 5.58895000e+07
6330.000000 5.53207000e+07
6350.000000 5.46037000e+07
6370.000000 5.41128000e+07
6390.000000 5.36454000e+07
6410.000000 5.30985000e+07
6430.000000 5.25646000e+07
6450.000000 5.19756000e+07
6470.000000 5.13668000e+07
6490.000000 5.07322000e+07
6510.000000 4.99472000e+07
6530.000000 4.84817000e+07
6550.000000 4.25600000e+07
6570.000000 3.53122000e+07
6590.000000 4.57846000e+07
6610.000000 4.72704000e+07
6630.000000 4.72411000e+07
6650.000000 4.69292000e+07
6670.000000 4.65203000e+07
6690.000000 4.61365000e+07
6710.000000 4.57297000e+07
6730.000000 4.52812000e+07
6750.000000 4.48470000e+07
6770.000000 4.44139000e+07
6790.000000 4.39860000e+07
6810.000000 4.35631000e+07
6830.000000 4.31428000e+07
6850.000000 4.27307000e+07
6870.000000 4.23234000e+07
6890.000000 4.19217000e+07
6910.000000 4.15224000e+07
6930.000000 4.11277000e+07
6950.000000 4.07416000e+07
6970.000000 4.03592000e+07
6990.000000 3.99806000e+07
7010.000000 3.96002000e+07
7030.000000 3.92349000e+07
7050.000000 3.88626000e+07
7070.000000 3.84832000e+07
7090.000000 3.81510000e+07
7110.000000 3.77899000e+07
7130.000000 3.74477000e+07
7150.000000 3.71007000e+07
7170.000000 3.67629000e+07
7190.000000 3.64260000e+07
7210.000000 3.60930000e+07
7230.000000 3.57617000e+07
7250.000000 3.54357000e+07
7270.000000 3.51162000e+07
7290.000000 3.47927000e+07
7310.000000 3.44827000e+07
7330.000000 3.41728000e+07
7350.000000 3.38657000e+07
7370.000000 3.35615000e+07
7390.000000 3.32614000e+07
7410.000000 3.29641000e+07
7430.000000 3.26634000e+07
7450.000000 3.23769000e+07
7470.000000 3.20849000e+07
7490.000000 3.18057000e+07
7510.000000 3.15257000e+07
7530.000000 3.12508000e+07
7550.000000 3.09764000e+07
7570.000000 3.07044000e+07
7590.000000 3.04362000e+07
7610.000000 3.01711000e+07
7630.000000 2.99076000e+07
7650.000000 2.96478000e+07
7670.000000 2.93910000e+07
7690.000000 2.91370000e+07
7710.000000 2.88846000e+07
7730.000000 2.86370000e+07
7750.000000 2.83915000e+07
7770.000000 2.79623000e+07
7790.000000 2.79076000e+07
7810.000000 2.76698000e+07
7830.000000 2.74346000e+07
7850.000000 2.71978000e+07
7870.000000 2.69472000e+07
7890.000000 2.66982000e+07
7910.000000 2.65176000e+07
7930.000000 2.62947000e+07
7950.000000 2.60624000e+07
7970.000000 2.58559000e+07
7990.000000 2.56050000e+07
8010.000000 2.54257000e+07
8030.000000 2.52145000e+07
8050.000000 2.50050000e+07
8070.000000 2.47979000e+07
8090.000000 2.45926000e+07
8110.000000 2.43895000e+07
8130.000000 2.41893000e+07
8150.000000 2.39902000e+07
8170.000000 2.37939000e+07
8190.000000 2.35941000e+07
8210.000000 2.35531000e+07
8230.000000 2.33631000e+07
8250.000000 2.32035000e+07
8270.000000 2.30347000e+07
8290.000000 2.28557000e+07
8310.000000 2.26874000e+07
8330.000000 2.25102000e+07
8350.000000 2.23409000e+07
8370.000000 2.21649000e+07
8390.000000 2.19860000e+07
8410.000000 2.17830000e+07
8430.000000 2.15812000e+07
8450.000000 2.13473000e+07
8470.000000 2.10801000e+07
8490.000000 2.10447000e+07
8510.000000 2.05349000e+07
8530.000000 2.07934000e+07
8550.000000 1.96676000e+07
8570.000000 2.07572000e+07
8590.000000 1.95900000e+07
8610.000000 1.92277000e+07
8630.000000 2.07078000e+07
8650.000000 1.97990000e+07
8670.000000 1.73387000e+07
8690.000000 2.01390000e+07
8710.000000 2.07647000e+07
8730.000000 1.98283000e+07
8750.000000 1.62196000e+07
8770.000000 1.87853000e+07
8790.000000 2.04840000e+07
8810.000000 2.06833000e+07
8830.000000 2.01104000e+07
8850.000000 1.77214000e+07
8870.000000 1.54069000e+07
8890.000000 1.88951000e+07
8910.000000 1.99274000e+07
8930.000000 2.00603000e+07
8950.000000 1.99312000e+07
8970.000000 1.95297000e+07
8990.000000 1.83955000e+07
9010.000000 1.48905000e+07
9030.000000 1.59741000e+07
9050.000000 1.83828000e+07
9070.000000 1.89008000e+07
9090.000000 1.89377000e+07
9110.000000 1.88896000e+07
9130.000000 1.87558000e+07
9150.000000 1.85790000e+07
9170.000000 1.83081000e+07
9190.000000 1.77833000e+07
9210.000000 1.63085000e+07
9230.000000 1.30885000e+07
9250.000000 1.56552000e+07
9270.000000 1.70590000e+07
9290.000000 1.74693000e+07
9310.000000 1.74843000e+07
9330.000000 1.74090000e+07
9350.000000 1.73048000e+07
9370.000000 1.71856000e+07
9390.000000 1.70522000e+07
9410.000000 1.68913000e+07
9430.000000 1.67845000e+07
9450.000000 1.66326000e+07
9470.000000 1.64477000e+07
9490.000000 1.61848000e+07
9510.000000 1.56569000e+07
9530.000000 1.41357000e+07
9550.000000 1.17122000e+07
9570.000000 1.42510000e+07
9590.000000 1.52960000e+07
9610.000000 1.55127000e+07
9630.000000 1.54861000e+07
9650.000000 1.54503000e+07
9670.000000 1.53530000e+07
9690.000000 1.52672000e+07
9710.000000 1.51808000e+07
9730.000000 1.50699000e+07
9750.000000 1.49606000e+07
9770.000000 1.48516000e+07
9790.000000 1.47435000e+07
9810.000000 1.46364000e+07
9830.000000 1.45270000e+07
9850.000000 1.44234000e+07
9870.000000 1.43179000e+07
9890.000000 1.42065000e+07
9910.000000 1.40828000e+07
9930.000000 1.39677000e+07
9950.000000 1.38446000e+07
9970.000000 1.36997000e+07
9990.000000 1.34981000e+07
10025.000000 1.21655000e+07
10075.000000 1.15985000e+07
10125.000000 1.29075000e+07
10175.000000 1.28021000e+07
10225.000000 1.26181000e+07
10275.000000 1.24000000e+07
10325.000000 1.21851000e+07
10375.000000 1.19762000e+07
10425.000000 1.17715000e+07
10475.000000 1.15701000e+07
10525.000000 1.13731000e+07
10575.000000 1.11819000e+07
10625.000000 1.09941000e+07
10675.000000 1.07945000e+07
10725.000000 1.06257000e+07
10775.000000 1.04413000e+07
10825.000000 1.02226000e+07
10875.000000 9.92077000e+06
10925.000000 8.42780000e+06
10975.000000 9.07180000e+06
11025.000000 9.52496000e+06
11075.000000 9.43884000e+06
11125.000000 9.31462000e+06
11175.000000 9.16599000e+06
11225.000000 9.01934000e+06
11275.000000 8.86336000e+06
11325.000000 8.72740000e+06
11375.000000 8.59640000e+06
11425.000000 8.46100000e+06
11475.000000 8.32878000e+06
11525.000000 8.19909000e+06
11575.000000 8.07133000e+06
11625.000000 7.94462000e+06
11675.000000 7.82089000e+06
11725.000000 7.70363000e+06
11775.000000 7.57884000e+06
11825.000000 7.46882000e+06
11875.000000 7.35503000e+06
11925.000000 7.24526000e+06
11975.000000 7.13523000e+06
12025.000000 7.02887000e+06
12075.000000 6.92349000e+06
12125.000000 6.82038000e+06
12175.000000 6.71949000e+06
12225.000000 6.62002000e+06
12275.000000 6.52220000e+06
12325.000000 6.42648000e+06
12375.000000 6.33259000e+06
12425.000000 6.24073000e+06
12475.000000 6.14844000e+06
12525.000000 6.06103000e+06
12575.000000 5.97218000e+06
12625.000000 5.88668000e+06
12675.000000 5.78687000e+06
12725.000000 5.67494000e+06
12775.000000 5.41662000e+06
12825.000000 4.72170000e+06
12875.000000 5.31803000e+06
12925.000000 5.36897000e+06
12975.000000 5.31649000e+06
13025.000000 5.25465000e+06
13075.000000 5.18170000e+06
13125.000000 5.10993000e+06
13175.000000 5.03823000e+06
13225.000000 4.97005000e+06
13275.000000 4.90211000e+06
13325.000000 4.83505000e+06
13375.000000 4.76928000e+06
13425.000000 4.70456000e+06
13475.000000 4.64087000e+06
13525.000000 4.57820000e+06
13575.000000 4.51694000e+06
13625.000000 4.45665000e+06
13675.000000 4.39692000e+06
13725.000000 4.33855000e+06
13775.000000 4.28130000e+06
13825.000000 4.22496000e+06
13875.000000 4.16932000e+06
13925.000000 4.11457000e+06
13975.000000 4.06087000e+06
14025.000000 4.00803000e+06
14075.000000 3.95602000e+06
14125.000000 3.90484000e+06
14175.000000 3.85447000e+06
14225.000000 3.80489000e+06
14275.000000 3.75628000e+06
14325.000000 3.70826000e+06
14375.000000 3.66100000e+06
14425.000000 3.61339000e+06
14475.000000 3.56887000e+06
14525.000000 3.52345000e+06
14570.000000 3.48397000e+06
14620.000000 3.44890000e+06
14675.000000 3.40263000e+06
14725.000000 3.36097000e+06
14775.000000 3.31980000e+06
14825.000000 3.27979000e+06
14875.000000 3.23990000e+06
14925.000000 3.20115000e+06
14975.000000 3.16233000e+06
15025.000000 3.12430000e+06
15075.000000 3.08637000e+06
15125.000000 3.04920000e+06
15175.000000 3.01245000e+06
15225.000000 2.97563000e+06
15275.000000 2.93794000e+06
15325.000000 2.90051000e+06
15375.000000 2.86845000e+06
15425.000000 2.82471000e+06
15475.000000 2.79846000e+06
15525.000000 2.76140000e+06
15575.000000 2.70875000e+06
15625.000000 2.71413000e+06
15675.000000 2.64640000e+06
15725.000000 2.59638000e+06
15775.000000 2.62900000e+06
15825.000000 2.59030000e+06
15875.000000 2.44919000e+06
15925.000000 2.50157000e+06
15975.000000 2.52638000e+06
16050.000000 2.44623000e+06
16150.000000 2.32677000e+06
16250.000000 2.39309000e+06
16350.000000 2.27414000e+06
16450.000000 2.15357000e+06
16550.000000 2.24633000e+06
16650.000000 2.20026000e+06
16750.000000 2.07202000e+06
16850.000000 1.95900000e+06
16950.000000 2.05593000e+06
17050.000000 2.02100000e+06
17150.000000 1.97547000e+06
17250.000000 1.91743000e+06
17350.000000 1.71831000e+06
17450.000000 1.81299000e+06
17550.000000 1.81024000e+06
17650.000000 1.77637000e+06
17750.000000 1.73907000e+06
17850.000000 1.70273000e+06
17950.000000 1.66580000e+06
18050.000000 1.61965000e+06
18150.000000 1.46279000e+06
18250.000000 1.51636000e+06
18350.000000 1.52852000e+06
18450.000000 1.50303000e+06
18550.000000 1.46990000e+06
18650.000000 1.42840000e+06
18750.000000 1.29051000e+06
18850.000000 1.36772000e+06
18950.000000 1.35636000e+06
19050.000000 1.33230000e+06
19150.000000 1.30620000e+06
19250.000000 1.27772000e+06
19350.000000 1.23748000e+06
19450.000000 1.11763000e+06
19550.000000 1.18991000e+06
19650.000000 1.18261000e+06
19750.000000 1.16246000e+06
19850.000000 1.14045000e+06
19950.000000 1.11901000e+06
20050.000000 1.09804000e+06
20150.000000 1.07752000e+06
20250.000000 1.05753000e+06
20350.000000 1.03797000e+06
20450.000000 1.01884000e+06
20550.000000 1.00020000e+06
20650.000000 9.81972000e+05
20750.000000 9.64130000e+05
20850.000000 9.46758000e+05
20950.000000 9.29758000e+05
21050.000000 9.13039000e+05
21150.000000 8.96761000e+05
21250.000000 8.80832000e+05
21350.000000 8.65245000e+05
21450.000000 8.48189000e+05
21550.000000 8.24760000e+05
21650.000000 7.50481000e+05
21750.000000 7.90135000e+05
21850.000000 7.89879000e+05
21950.000000 7.78898000e+05
22050.000000 7.65566000e+05
22150.000000 7.52511000e+05
22250.000000 7.39750000e+05
22350.000000 7.27240000e+05
22450.000000 7.14997000e+05
22550.000000 7.03010000e+05
22650.000000 6.91279000e+05
22750.000000 6.79793000e+05
22850.000000 6.69173000e+05
22950.000000 6.58218000e+05
23050.000000 6.47499000e+05
23150.000000 6.36983000e+05
23250.000000 6.26685000e+05
23350.000000 6.16589000e+05
23450.000000 6.06697000e+05
23550.000000 5.97004000e+05
23650.000000 5.87494000e+05
23750.000000 5.78169000e+05
23850.000000 5.69026000e+05
23950.000000 5.60048000e+05
24050.000000 5.51212000e+05
24150.000000 5.42542000e+05
24250.000000 5.34117000e+05
24350.000000 5.25724000e+05
24450.000000 5.17399000e+05
24550.000000 5.09542000e+05
24650.000000 5.01324000e+05
24750.000000 4.93677000e+05
24850.000000 4.86607000e+05
24950.000000 4.77382000e+05
25050.000000 4.72024000e+05
25150.000000 4.64900000e+05
25250.000000 4.54383000e+05
25350.000000 4.50588000e+05
25450.000000 4.45268000e+05
25550.000000 4.36809000e+05
25650.000000 4.24861000e+05
25750.000000 4.24533000e+05
25850.000000 4.19947000e+05
25950.000000 4.13299000e+05
26050.000000 4.02354000e+05
26150.000000 3.87245000e+05
26250.000000 3.64755000e+05
26350.000000 3.82897000e+05
26450.000000 3.84170000e+05
26550.000000 3.79299000e+05
26650.000000 3.70517000e+05
26750.000000 3.52378000e+05
26850.000000 3.59907000e+05
26950.000000 3.58906000e+05
27050.000000 3.54661000e+05
27150.000000 3.49891000e+05
27250.000000 3.44954000e+05
27350.000000 3.39666000e+05
27450.000000 3.32366000e+05
27550.000000 3.13166000e+05
27650.000000 3.16153000e+05
27750.000000 3.20189000e+05
27850.000000 3.17374000e+05
27950.000000 3.13574000e+05
28050.000000 3.09297000e+05
28150.000000 3.05088000e+05
28250.000000 3.00949000e+05
28350.000000 2.96880000e+05
28450.000000 2.92455000e+05
28550.000000 2.87189000e+05
28650.000000 2.77041000e+05
28750.000000 2.62888000e+05
28850.000000 2.73575000e+05
28950.000000 2.72866000e+05
29050.000000 2.70214000e+05
29150.000000 2.66705000e+05
29250.000000 2.63211000e+05
29350.000000 2.59772000e+05
29450.000000 2.56391000e+05
29550.000000 2.53062000e+05
29650.000000 2.49790000e+05
29750.000000 2.46568000e+05
29850.000000 2.43397000e+05
29950.000000 2.40275000e+05
30050.000000 2.37201000e+05
30150.000000 2.33463000e+05
30250.000000 2.28752000e+05
30350.000000 2.15304000e+05
30450.000000 2.15875000e+05
30550.000000 2.20725000e+05
30650.000000 2.19303000e+05
30750.000000 2.17038000e+05
30850.000000 2.14323000e+05
30950.000000 2.11678000e+05
31050.000000 2.09059000e+05
31150.000000 2.06480000e+05
31250.000000 2.03938000e+05
31350.000000 2.01439000e+05
31450.000000 1.98976000e+05
31550.000000 1.96554000e+05
31650.000000 1.94163000e+05
31750.000000 1.91814000e+05
31850.000000 1.89497000e+05
31950.000000 1.87216000e+05
32100.000000 1.83859000e+05
32300.000000 1.79498000e+05
32500.000000 1.75263000e+05
32700.000000 1.70641000e+05
32900.000000 1.59412000e+05
33100.000000 1.60280000e+05
33300.000000 1.59047000e+05
33500.000000 1.55603000e+05
33700.000000 1.52113000e+05
33900.000000 1.48697000e+05
34100.000000 1.45371000e+05
34300.000000 1.42131000e+05
34500.000000 1.38984000e+05
34700.000000 1.35919000e+05
34900.000000 1.32937000e+05
35100.000000 1.30038000e+05
35300.000000 1.27214000e+05
35500.000000 1.24463000e+05
35700.000000 1.21781000e+05
35900.000000 1.19191000e+05
36100.000000 1.16631000e+05
36300.000000 1.14183000e+05
36500.000000 1.11722000e+05
36700.000000 1.09442000e+05
36900.000000 1.06986000e+05
37100.000000 1.04722000e+05
37300.000000 1.00209000e+05
37500.000000 9.73643000e+04
37700.000000 9.84227000e+04
37900.000000 9.66497000e+04
38100.000000 9.43945000e+04
38300.000000 9.25432000e+04
38500.000000 9.10327000e+04
38700.000000 8.92490000e+04
38900.000000 8.72581000e+04
39100.000000 8.49163000e+04
39300.000000 8.39762000e+04
39500.000000 8.24833000e+04
39700.000000 8.08966000e+04
39900.000000 7.92523000e+04
40100.000000 7.69971000e+04
40300.000000 7.51979000e+04
40500.000000 7.18846000e+04
40700.000000 7.30653000e+04
40900.000000 7.20777000e+04
41100.000000 7.08739000e+04
41300.000000 6.94514000e+04
41500.000000 6.78168000e+04
41700.000000 6.50966000e+04
41900.000000 6.52663000e+04
42100.000000 6.44777000e+04
42300.000000 6.33557000e+04
42500.000000 6.22018000e+04
42700.000000 6.10729000e+04
42900.000000 5.99706000e+04
43100.000000 5.88920000e+04
43300.000000 5.78369000e+04
43500.000000 5.65557000e+04
43700.000000 5.40842000e+04
43900.000000 5.39659000e+04
44100.000000 5.37410000e+04
44300.000000 5.29094000e+04
44500.000000 5.19878000e+04
44700.000000 5.11409000e+04
44900.000000 5.01967000e+04
45100.000000 4.93339000e+04
45300.000000 4.84880000e+04
45500.000000 4.76587000e+04
45700.000000 4.68438000e+04
45900.000000 4.60359000e+04
46100.000000 4.52137000e+04
46300.000000 4.42440000e+04
46500.000000 4.18118000e+04
46700.000000 4.12748000e+04
46900.000000 4.18501000e+04
47100.000000 4.15481000e+04
47300.000000 4.09348000e+04
47500.000000 4.02869000e+04
47700.000000 3.96401000e+04
47900.000000 3.90028000e+04
48100.000000 3.83746000e+04
48300.000000 3.77603000e+04
48500.000000 3.71564000e+04
48700.000000 3.65628000e+04
48900.000000 3.59823000e+04
49100.000000 3.54147000e+04
49300.000000 3.48552000e+04
49500.000000 3.43081000e+04
49700.000000 3.37687000e+04
49900.000000 3.32428000e+04
50100.000000 3.27243000e+04
50300.000000 3.22129000e+04
50500.000000 3.17175000e+04
50700.000000 3.12157000e+04
50900.000000 3.06888000e+04
51100.000000 2.99787000e+04
51300.000000 2.86030000e+04
51500.000000 2.91469000e+04
51700.000000 2.88725000e+04
51900.000000 2.84854000e+04
52100.000000 2.80770000e+04
52300.000000 2.76602000e+04
52500.000000 2.72325000e+04
52700.000000 2.68187000e+04
52900.000000 2.64668000e+04
53100.000000 2.61168000e+04
53300.000000 2.57356000e+04
53500.000000 2.53276000e+04
53700.000000 2.49016000e+04
53900.000000 2.45421000e+04
54100.000000 2.42489000e+04
54300.000000 2.39250000e+04
54500.000000 2.35836000e+04
54700.000000 2.32465000e+04
54900.000000 2.28974000e+04
55100.000000 2.25069000e+04
55300.000000 2.21436000e+04
55500.000000 2.19085000e+04
55700.000000 2.16518000e+04
55900.000000 2.13489000e+04
56100.000000 2.10521000e+04
56300.000000 2.07602000e+04
56500.000000 2.04730000e+04
56700.000000 2.01835000e+04
56900.000000 1.98406000e+04
57100.000000 1.94557000e+04
57300.000000 1.92892000e+04
57500.000000 1.90937000e+04
57700.000000 1.88518000e+04
57900.000000 1.85971000e+04
58100.000000 1.83465000e+04
58300.000000 1.80889000e+04
58500.000000 1.78311000e+04
58700.000000 1.75666000e+04
58900.000000 1.71782000e+04
59100.000000 1.64161000e+04
59300.000000 1.67523000e+04
59500.000000 1.64632000e+04
59700.000000 1.63362000e+04
59900.000000 1.62293000e+04
60100.000000 1.60433000e+04
60300.000000 1.58438000e+04
60500.000000 1.56517000e+04
60700.000000 1.54710000e+04
60900.000000 1.52721000e+04
61100.000000 1.50764000e+04
61300.000000 1.48839000e+04
61500.000000 1.46947000e+04
61700.000000 1.45085000e+04
61900.000000 1.43245000e+04
62100.000000 1.41444000e+04
62300.000000 1.39363000e+04
62500.000000 1.37460000e+04
62700.000000 1.35109000e+04
62900.000000 1.31185000e+04
63100.000000 1.31490000e+04
63300.000000 1.30698000e+04
63500.000000 1.29306000e+04
63700.000000 1.27975000e+04
63900.000000 1.26400000e+04
64200.000000 1.24098000e+04
64600.000000 1.21094000e+04
65000.000000 1.18190000e+04
65400.000000 1.15366000e+04
65800.000000 1.12637000e+04
66200.000000 1.09973000e+04
66600.000000 1.07399000e+04
67000.000000 1.04803000e+04
67400.000000 1.01804000e+04
67800.000000 9.79678000e+03
68200.000000 9.75024000e+03
68600.000000 9.55841000e+03
69000.000000 9.34188000e+03
69400.000000 9.13125000e+03
69800.000000 8.92715000e+03
70200.000000 8.72785000e+03
70600.000000 8.53475000e+03
71000.000000 8.34694000e+03
71400.000000 8.16426000e+03
71800.000000 7.98658000e+03
72200.000000 7.81306000e+03
72600.000000 7.63643000e+03
73000.000000 7.47945000e+03
73400.000000 7.32123000e+03
73800.000000 7.15770000e+03
74200.000000 6.98083000e+03
74600.000000 6.66078000e+03
75000.000000 6.46970000e+03
75400.000000 6.52449000e+03
75800.000000 6.43123000e+03
76200.000000 6.31438000e+03
76600.000000 6.18767000e+03
77000.000000 6.06192000e+03
77400.000000 5.93094000e+03
77800.000000 5.79350000e+03
78200.000000 5.69520000e+03
78600.000000 5.58963000e+03
79000.000000 5.47878000e+03
79400.000000 5.37072000e+03
79800.000000 5.26530000e+03
80200.000000 5.16243000e+03
80600.000000 5.06202000e+03
81000.000000 4.96099000e+03
81400.000000 4.84014000e+03
81800.000000 4.75633000e+03
82200.000000 4.68406000e+03
82600.000000 4.59523000e+03
83000.000000 4.50845000e+03
83400.000000 4.42366000e+03
83800.000000 4.34086000e+03
84200.000000 4.25997000e+03
84600.000000 4.18099000e+03
85000.000000 4.10382000e+03
85400.000000 4.02838000e+03
85800.000000 3.95468000e+03
86200.000000 3.87339000e+03
86600.000000 3.76968000e+03
87000.000000 3.72529000e+03
87400.000000 3.61226000e+03
87800.000000 3.54814000e+03
88200.000000 3.54073000e+03
88600.000000 3.48330000e+03
89000.000000 3.42186000e+03
89400.000000 3.36175000e+03
89800.000000 3.30295000e+03
90200.000000 3.24539000e+03
90600.000000 3.18912000e+03
91000.000000 3.13403000e+03
91400.000000 3.08014000e+03
91800.000000 3.02738000e+03
92200.000000 2.97574000e+03
92600.000000 2.92522000e+03
93000.000000 2.87576000e+03
93400.000000 2.81896000e+03
93800.000000 2.73623000e+03
94200.000000 2.71316000e+03
94600.000000 2.68438000e+03
95000.000000 2.64312000e+03
95400.000000 2.59997000e+03
95800.000000 2.55733000e+03
96200.000000 2.51551000e+03
96600.000000 2.47453000e+03
97000.000000 2.43439000e+03
97400.000000 2.39505000e+03
97800.000000 2.35648000e+03
98200.000000 2.31869000e+03
98600.000000 2.28085000e+03
99000.000000 2.24542000e+03
99400.000000 2.20985000e+03
99800.000000 2.17500000e+03
100200.000000 2.14082000e+03
200000.000000 1.36941000e+02
400000.000000 8.53292000e+00
600000.000000 1.67362000e+00
800000.000000 5.25914000e-01
1000000.000000 2.14118000e-01
1200000.000000 1.02727000e-01
1400000.000000 5.52024000e-02
1600000.000000 3.22354000e-02
