# Kurucz ODFNEW /NOVER, alpha: 0.0 (2003)
# teff = 8000 K (value for the effective temperature for the model. Temperatures are given in K)
# logg = 2.5 log(cm/s2) (value for Log(G) for the model.)
# lh = 1.25  (l/Hp where l is the  mixing length of the convective element and Hp is the pressure scale height)
# meta = 0.5  (value for the Metallicity for the model.)
# vtur = 2 km/s (Microturbulence velocity)
# alpha = 0  (Alpha)
#
# column 1: WAVELENGTH (ANGSTROM), Wavelength in Angstrom
# column 2: FLUX (ERG/CM2/S/A), Flux in erg/cm2/s/A
357.000000 1.41816000e-23
366.000000 1.45344000e-22
375.000000 9.88833000e-22
385.000000 7.35185000e-21
395.000000 4.91239000e-20
405.000000 2.97869000e-19
414.000000 1.39648000e-18
422.000000 5.20741000e-18
430.000000 1.20845000e-18
441.000000 5.81770000e-18
451.000000 2.26037000e-17
460.000000 7.26628000e-17
470.000000 2.51466000e-16
480.000000 8.23376000e-16
490.000000 2.56022000e-15
500.000000 7.57482000e-15
506.000000 2.39219000e-13
512.000000 3.91900000e-14
520.000000 8.64053000e-14
530.000000 2.25340000e-13
540.000000 5.54901000e-13
550.000000 1.34190000e-12
560.000000 3.11631000e-12
570.000000 6.99692000e-12
580.000000 1.50457000e-11
590.000000 3.21979000e-11
600.000000 6.62081000e-11
610.000000 1.33065000e-10
620.000000 2.60192000e-10
630.000000 4.97114000e-10
640.000000 9.28027000e-10
650.000000 1.69987000e-09
658.000000 2.71607000e-09
665.000000 4.03662000e-09
675.000000 7.04138000e-09
685.000000 1.20560000e-08
695.000000 2.02979000e-08
705.000000 3.32809000e-08
716.000000 5.73153000e-08
726.000000 9.17886000e-08
735.000000 1.38467000e-07
745.000000 2.15520000e-07
755.000000 3.31448000e-07
765.000000 5.03696000e-07
775.000000 7.55999000e-07
785.000000 1.12385000e-06
795.000000 1.62518000e-06
805.000000 2.36819000e-06
815.000000 3.42611000e-06
825.000000 4.87223000e-06
835.000000 6.85837000e-06
845.000000 9.57408000e-06
855.000000 1.32392000e-05
865.000000 1.81491000e-05
875.000000 2.44871000e-05
885.000000 3.32408000e-05
895.000000 4.44865000e-05
905.000000 5.84580000e-05
915.000000 1.93205000e-02
925.000000 5.65342000e-02
935.000000 7.50162000e-02
945.000000 9.93981000e-02
955.000000 1.38936000e-01
965.000000 1.83634000e-01
975.000000 2.34659000e-01
985.000000 3.00914000e-01
995.000000 3.72477000e-01
1005.000000 5.04283000e-01
1015.000000 6.43043000e-01
1025.000000 7.86143000e-01
1035.000000 1.00852000e+00
1045.000000 1.27185000e+00
1055.000000 1.58687000e+00
1065.000000 1.93100000e+00
1075.000000 2.41655000e+00
1085.000000 2.98315000e+00
1095.000000 3.58592000e+00
1105.000000 1.05130000e+01
1115.000000 3.40086000e+01
1125.000000 5.00431000e+01
1135.000000 6.98904000e+01
1145.000000 8.82237000e+01
1155.000000 9.84561000e+01
1165.000000 1.35583000e+02
1175.000000 1.62300000e+02
1185.000000 1.71924000e+02
1195.000000 9.44313000e+01
1205.000000 1.16968000e+02
1215.000000 2.95468000e+01
1225.000000 1.40223000e+02
1235.000000 2.94818000e+02
1245.000000 7.49558000e+02
1255.000000 2.05275000e+03
1265.000000 1.68871000e+03
1275.000000 3.20827000e+03
1285.000000 4.69627000e+03
1295.000000 5.68073000e+03
1305.000000 3.71282000e+03
1315.000000 6.96194000e+03
1325.000000 8.44603000e+03
1335.000000 8.73450000e+03
1345.000000 1.16839000e+04
1355.000000 1.17716000e+04
1365.000000 1.25622000e+04
1375.000000 1.36957000e+04
1385.000000 1.51193000e+04
1395.000000 1.75522000e+04
1405.000000 1.97046000e+04
1415.000000 1.95192000e+04
1425.000000 2.25708000e+04
1435.000000 2.24586000e+04
1442.000000 2.61563000e+04
1447.000000 2.87665000e+04
1455.000000 3.27165000e+04
1465.000000 3.26681000e+04
1475.000000 3.58751000e+04
1485.000000 4.01718000e+04
1495.000000 4.60397000e+04
1505.000000 5.06392000e+04
1512.000000 5.03115000e+04
1517.000000 5.51354000e+04
1525.000000 6.28507000e+04
1535.000000 1.38029000e+05
1545.000000 5.87957000e+05
1555.000000 4.89619000e+05
1565.000000 3.98537000e+05
1575.000000 8.73974000e+05
1585.000000 1.24028000e+06
1595.000000 1.78456000e+06
1605.000000 1.43270000e+06
1615.000000 1.20630000e+06
1625.000000 9.03537000e+05
1635.000000 1.03308000e+06
1645.000000 1.67397000e+06
1655.000000 7.66161000e+05
1665.000000 1.29889000e+06
1672.000000 3.10794000e+05
1677.000000 2.14638000e+06
1685.000000 4.01180000e+06
1695.000000 4.19382000e+06
1705.000000 4.27112000e+06
1715.000000 6.81174000e+06
1725.000000 7.44084000e+06
1735.000000 9.98146000e+06
1745.000000 8.32918000e+06
1755.000000 1.17388000e+07
1765.000000 7.70819000e+06
1775.000000 1.12070000e+07
1785.000000 9.10566000e+06
1795.000000 1.45663000e+07
1805.000000 1.14377000e+07
1815.000000 1.32967000e+07
1825.000000 1.08739000e+07
1835.000000 9.28368000e+06
1845.000000 8.67423000e+06
1855.000000 1.06647000e+07
1865.000000 1.24092000e+07
1875.000000 1.11616000e+07
1885.000000 1.16288000e+07
1895.000000 1.34273000e+07
1905.000000 1.17004000e+07
1915.000000 1.22278000e+07
1925.000000 1.16538000e+07
1935.000000 7.04192000e+06
1945.000000 1.35723000e+07
1955.000000 1.39099000e+07
1967.000000 1.60338000e+07
1976.000000 1.56179000e+07
1984.000000 1.47715000e+07
1995.000000 1.44898000e+07
2005.000000 1.31395000e+07
2015.000000 1.15555000e+07
2025.000000 1.12303000e+07
2035.000000 1.33818000e+07
2045.000000 1.52907000e+07
2055.000000 1.30119000e+07
2065.000000 1.22793000e+07
2074.000000 1.61264000e+07
2078.000000 1.78712000e+07
2085.000000 1.68293000e+07
2095.000000 1.52845000e+07
2105.000000 1.39732000e+07
2115.000000 1.43366000e+07
2125.000000 1.49127000e+07
2135.000000 1.07914000e+07
2145.000000 1.38344000e+07
2155.000000 1.45442000e+07
2165.000000 1.22747000e+07
2175.000000 1.25985000e+07
2185.000000 1.33262000e+07
2195.000000 1.50237000e+07
2205.000000 1.38100000e+07
2215.000000 1.08368000e+07
2225.000000 1.02549000e+07
2235.000000 1.39538000e+07
2245.000000 1.24021000e+07
2255.000000 9.84455000e+06
2265.000000 1.01331000e+07
2275.000000 1.20328000e+07
2285.000000 1.29205000e+07
2295.000000 1.14127000e+07
2305.000000 1.20180000e+07
2315.000000 1.08199000e+07
2325.000000 1.01486000e+07
2335.000000 6.63989000e+06
2345.000000 4.86547000e+06
2355.000000 8.84149000e+06
2365.000000 4.81545000e+06
2375.000000 6.79574000e+06
2385.000000 3.67336000e+06
2395.000000 5.09200000e+06
2405.000000 4.82601000e+06
2415.000000 6.36255000e+06
2425.000000 1.04896000e+07
2435.000000 9.92523000e+06
2445.000000 1.10164000e+07
2455.000000 1.10543000e+07
2465.000000 1.03026000e+07
2475.000000 9.64329000e+06
2485.000000 9.93248000e+06
2495.000000 9.37311000e+06
2505.000000 1.29066000e+07
2513.000000 9.27332000e+06
2518.000000 1.02074000e+07
2525.000000 7.92029000e+06
2535.000000 7.55133000e+06
2545.000000 7.71894000e+06
2555.000000 9.97798000e+06
2565.000000 8.18767000e+06
2575.000000 9.83495000e+06
2585.000000 9.05203000e+06
2595.000000 7.95526000e+06
2605.000000 6.88558000e+06
2615.000000 6.37521000e+06
2625.000000 8.62189000e+06
2635.000000 1.08078000e+07
2645.000000 1.59043000e+07
2655.000000 1.66174000e+07
2665.000000 1.24531000e+07
2675.000000 1.42697000e+07
2685.000000 1.36593000e+07
2695.000000 1.29056000e+07
2705.000000 1.40476000e+07
2715.000000 1.18663000e+07
2725.000000 1.20026000e+07
2735.000000 1.31423000e+07
2745.000000 7.09059000e+06
2755.000000 8.53619000e+06
2765.000000 1.01130000e+07
2775.000000 1.27398000e+07
2785.000000 9.74630000e+06
2795.000000 3.46183000e+06
2805.000000 4.61296000e+06
2815.000000 1.22153000e+07
2825.000000 1.58459000e+07
2835.000000 1.48395000e+07
2845.000000 1.41867000e+07
2855.000000 1.23700000e+07
2865.000000 1.54667000e+07
2875.000000 1.48484000e+07
2885.000000 1.53295000e+07
2895.000000 1.41602000e+07
2910.000000 1.77334000e+07
2930.000000 1.63520000e+07
2950.000000 1.61458000e+07
2970.000000 1.77374000e+07
2990.000000 1.79079000e+07
3010.000000 1.89011000e+07
3030.000000 1.85302000e+07
3050.000000 1.83936000e+07
3070.000000 1.86456000e+07
3090.000000 1.95394000e+07
3110.000000 1.86205000e+07
3130.000000 1.83683000e+07
3150.000000 1.94635000e+07
3170.000000 1.91969000e+07
3190.000000 1.75961000e+07
3210.000000 1.87683000e+07
3230.000000 1.75472000e+07
3250.000000 1.88684000e+07
3270.000000 1.94402000e+07
3290.000000 1.95226000e+07
3310.000000 2.01797000e+07
3330.000000 1.95715000e+07
3350.000000 1.93090000e+07
3370.000000 1.88257000e+07
3390.000000 1.93300000e+07
3410.000000 1.97703000e+07
3430.000000 2.00080000e+07
3450.000000 1.99197000e+07
3470.000000 1.95437000e+07
3490.000000 1.93170000e+07
3510.000000 2.01347000e+07
3530.000000 2.01629000e+07
3550.000000 2.10451000e+07
3570.000000 1.96835000e+07
3590.000000 1.97068000e+07
3610.000000 1.98426000e+07
3630.000000 2.01500000e+07
3640.000000 1.97017000e+07
3650.000000 2.09040000e+07
3670.000000 2.04852000e+07
3690.000000 2.02640000e+07
3710.000000 2.40622000e+07
3730.000000 2.76870000e+07
3750.000000 3.86789000e+07
3770.000000 4.26855000e+07
3790.000000 5.51662000e+07
3810.000000 6.44168000e+07
3830.000000 4.96231000e+07
3850.000000 6.90376000e+07
3870.000000 7.72807000e+07
3890.000000 4.50668000e+07
3910.000000 7.32508000e+07
3930.000000 5.17863000e+07
3950.000000 7.01715000e+07
3970.000000 3.69824000e+07
3990.000000 7.29980000e+07
4010.000000 7.75055000e+07
4030.000000 7.58381000e+07
4050.000000 7.49853000e+07
4070.000000 7.30857000e+07
4090.000000 6.37450000e+07
4110.000000 4.85272000e+07
4130.000000 7.06087000e+07
4150.000000 7.34363000e+07
4170.000000 7.14250000e+07
4190.000000 7.09786000e+07
4210.000000 7.02973000e+07
4230.000000 6.83709000e+07
4250.000000 6.86529000e+07
4270.000000 6.52591000e+07
4290.000000 6.70388000e+07
4310.000000 6.20335000e+07
4330.000000 5.20721000e+07
4350.000000 4.40488000e+07
4370.000000 6.35987000e+07
4390.000000 6.30088000e+07
4410.000000 6.13964000e+07
4430.000000 6.06821000e+07
4450.000000 6.16541000e+07
4470.000000 6.13016000e+07
4490.000000 6.05922000e+07
4510.000000 6.22971000e+07
4530.000000 5.91615000e+07
4550.000000 5.80093000e+07
4570.000000 6.03618000e+07
4590.000000 5.71332000e+07
4610.000000 5.91114000e+07
4630.000000 5.67162000e+07
4650.000000 5.74681000e+07
4670.000000 5.71238000e+07
4690.000000 5.47639000e+07
4710.000000 5.27239000e+07
4730.000000 5.50034000e+07
4750.000000 5.50321000e+07
4770.000000 5.36676000e+07
4790.000000 5.33862000e+07
4810.000000 5.22772000e+07
4830.000000 5.10700000e+07
4850.000000 4.12308000e+07
4870.000000 3.24503000e+07
4890.000000 4.81166000e+07
4910.000000 4.90865000e+07
4930.000000 4.78210000e+07
4950.000000 4.88391000e+07
4970.000000 4.91027000e+07
4990.000000 4.65675000e+07
5010.000000 4.42498000e+07
5030.000000 4.56020000e+07
5050.000000 4.48574000e+07
5070.000000 4.57280000e+07
5090.000000 4.49666000e+07
5110.000000 4.48071000e+07
5130.000000 4.35065000e+07
5150.000000 4.22744000e+07
5170.000000 4.16463000e+07
5190.000000 4.12029000e+07
5210.000000 4.10690000e+07
5230.000000 4.06425000e+07
5250.000000 4.12301000e+07
5270.000000 3.82930000e+07
5290.000000 4.02683000e+07
5310.000000 3.91479000e+07
5330.000000 3.79635000e+07
5350.000000 3.92675000e+07
5370.000000 3.88711000e+07
5390.000000 3.81591000e+07
5410.000000 3.72416000e+07
5430.000000 3.72949000e+07
5450.000000 3.77649000e+07
5470.000000 3.71065000e+07
5490.000000 3.68516000e+07
5510.000000 3.63389000e+07
5530.000000 3.61061000e+07
5550.000000 3.59894000e+07
5570.000000 3.54266000e+07
5590.000000 3.50916000e+07
5610.000000 3.50609000e+07
5630.000000 3.48741000e+07
5650.000000 3.42441000e+07
5670.000000 3.36443000e+07
5690.000000 3.37701000e+07
5710.000000 3.34796000e+07
5730.000000 3.36812000e+07
5750.000000 3.29779000e+07
5770.000000 3.28062000e+07
5790.000000 3.23170000e+07
5810.000000 3.21284000e+07
5830.000000 3.18983000e+07
5850.000000 3.15705000e+07
5870.000000 3.13273000e+07
5890.000000 3.04525000e+07
5910.000000 3.06836000e+07
5930.000000 3.03977000e+07
5950.000000 3.00234000e+07
5970.000000 2.98712000e+07
5990.000000 2.93571000e+07
6010.000000 2.88554000e+07
6030.000000 2.89212000e+07
6050.000000 2.85955000e+07
6070.000000 2.85516000e+07
6090.000000 2.81358000e+07
6110.000000 2.77228000e+07
6130.000000 2.72074000e+07
6150.000000 2.64918000e+07
6170.000000 2.66459000e+07
6190.000000 2.69253000e+07
6210.000000 2.67141000e+07
6230.000000 2.62254000e+07
6250.000000 2.52371000e+07
6270.000000 2.60634000e+07
6290.000000 2.58313000e+07
6310.000000 2.51834000e+07
6330.000000 2.51674000e+07
6350.000000 2.46905000e+07
6370.000000 2.45663000e+07
6390.000000 2.45143000e+07
6410.000000 2.40572000e+07
6430.000000 2.40380000e+07
6450.000000 2.33812000e+07
6470.000000 2.36490000e+07
6490.000000 2.29812000e+07
6510.000000 2.30126000e+07
6530.000000 2.26651000e+07
6550.000000 2.00761000e+07
6570.000000 1.57604000e+07
6590.000000 2.15230000e+07
6610.000000 2.20672000e+07
6630.000000 2.20963000e+07
6650.000000 2.19303000e+07
6670.000000 2.16652000e+07
6690.000000 2.15982000e+07
6710.000000 2.14211000e+07
6730.000000 2.11991000e+07
6750.000000 2.09092000e+07
6770.000000 2.09625000e+07
6790.000000 2.07289000e+07
6810.000000 2.05854000e+07
6830.000000 2.03035000e+07
6850.000000 2.01570000e+07
6870.000000 2.00749000e+07
6890.000000 1.99197000e+07
6910.000000 1.97288000e+07
6930.000000 1.95319000e+07
6950.000000 1.93994000e+07
6970.000000 1.92029000e+07
6990.000000 1.91001000e+07
7010.000000 1.86647000e+07
7030.000000 1.87035000e+07
7050.000000 1.85793000e+07
7070.000000 1.84691000e+07
7090.000000 1.83253000e+07
7110.000000 1.76724000e+07
7130.000000 1.78283000e+07
7150.000000 1.77479000e+07
7170.000000 1.76123000e+07
7190.000000 1.74169000e+07
7210.000000 1.73341000e+07
7230.000000 1.71548000e+07
7250.000000 1.69642000e+07
7270.000000 1.69843000e+07
7290.000000 1.67119000e+07
7310.000000 1.65952000e+07
7330.000000 1.65153000e+07
7350.000000 1.64353000e+07
7370.000000 1.63656000e+07
7390.000000 1.61192000e+07
7410.000000 1.58923000e+07
7430.000000 1.56568000e+07
7450.000000 1.56434000e+07
7470.000000 1.54078000e+07
7490.000000 1.54083000e+07
7510.000000 1.53383000e+07
7530.000000 1.52802000e+07
7550.000000 1.52615000e+07
7570.000000 1.50712000e+07
7590.000000 1.50043000e+07
7610.000000 1.48917000e+07
7630.000000 1.47801000e+07
7650.000000 1.45922000e+07
7670.000000 1.43913000e+07
7690.000000 1.43516000e+07
7710.000000 1.42265000e+07
7730.000000 1.42009000e+07
7750.000000 1.40618000e+07
7770.000000 1.36307000e+07
7790.000000 1.39228000e+07
7810.000000 1.37916000e+07
7830.000000 1.35849000e+07
7850.000000 1.33996000e+07
7870.000000 1.33674000e+07
7890.000000 1.32102000e+07
7910.000000 1.30995000e+07
7930.000000 1.30323000e+07
7950.000000 1.28524000e+07
7970.000000 1.29985000e+07
7990.000000 1.26692000e+07
8010.000000 1.27545000e+07
8030.000000 1.26087000e+07
8050.000000 1.25723000e+07
8070.000000 1.24528000e+07
8090.000000 1.23602000e+07
8110.000000 1.23285000e+07
8130.000000 1.22668000e+07
8150.000000 1.21726000e+07
8170.000000 1.20866000e+07
8190.000000 1.17389000e+07
8210.000000 1.16734000e+07
8230.000000 1.15945000e+07
8250.000000 1.15815000e+07
8270.000000 1.17002000e+07
8290.000000 1.15863000e+07
8310.000000 1.14798000e+07
8330.000000 1.12472000e+07
8350.000000 1.13085000e+07
8370.000000 1.11878000e+07
8390.000000 1.10431000e+07
8410.000000 1.09464000e+07
8430.000000 1.09327000e+07
8450.000000 1.06720000e+07
8470.000000 1.03770000e+07
8490.000000 1.10118000e+07
8510.000000 9.81409000e+06
8530.000000 1.11319000e+07
8550.000000 8.89948000e+06
8570.000000 1.14114000e+07
8590.000000 1.04261000e+07
8610.000000 1.00611000e+07
8630.000000 1.15775000e+07
8650.000000 1.11333000e+07
8670.000000 8.49395000e+06
8690.000000 1.11029000e+07
8710.000000 1.17641000e+07
8730.000000 1.13272000e+07
8750.000000 8.73988000e+06
8770.000000 1.08827000e+07
8790.000000 1.16621000e+07
8810.000000 1.16233000e+07
8830.000000 1.11402000e+07
8850.000000 1.01765000e+07
8870.000000 8.46573000e+06
8890.000000 1.08792000e+07
8910.000000 1.11883000e+07
8930.000000 1.11207000e+07
8950.000000 1.11971000e+07
8970.000000 1.09984000e+07
8990.000000 1.06227000e+07
9010.000000 8.38196000e+06
9030.000000 9.34329000e+06
9050.000000 1.05693000e+07
9070.000000 1.03560000e+07
9090.000000 1.02061000e+07
9110.000000 1.04396000e+07
9130.000000 1.04739000e+07
9150.000000 1.04983000e+07
9170.000000 1.03348000e+07
9190.000000 1.00739000e+07
9210.000000 9.47596000e+06
9230.000000 7.30438000e+06
9250.000000 9.06396000e+06
9270.000000 9.52116000e+06
9290.000000 9.92895000e+06
9310.000000 9.92110000e+06
9330.000000 9.81240000e+06
9350.000000 9.80925000e+06
9370.000000 9.77343000e+06
9390.000000 9.57290000e+06
9410.000000 9.17657000e+06
9430.000000 9.41094000e+06
9450.000000 9.37199000e+06
9470.000000 9.35933000e+06
9490.000000 9.30068000e+06
9510.000000 9.09873000e+06
9530.000000 8.46534000e+06
9550.000000 6.69792000e+06
9570.000000 8.48686000e+06
9590.000000 8.88693000e+06
9610.000000 8.81041000e+06
9630.000000 8.61542000e+06
9650.000000 8.76423000e+06
9670.000000 8.58700000e+06
9690.000000 8.53394000e+06
9710.000000 8.69541000e+06
9730.000000 8.60478000e+06
9750.000000 8.45340000e+06
9770.000000 8.51750000e+06
9790.000000 8.44932000e+06
9810.000000 8.38006000e+06
9830.000000 8.29376000e+06
9850.000000 8.17430000e+06
9870.000000 8.13618000e+06
9890.000000 8.03513000e+06
9910.000000 8.01347000e+06
9930.000000 8.01943000e+06
9950.000000 7.93852000e+06
9970.000000 7.92754000e+06
9990.000000 7.85280000e+06
10025.000000 7.23691000e+06
10075.000000 6.83642000e+06
10125.000000 7.38571000e+06
10175.000000 7.37989000e+06
10225.000000 7.31618000e+06
10275.000000 7.21803000e+06
10325.000000 7.05253000e+06
10375.000000 6.95811000e+06
10425.000000 6.85201000e+06
10475.000000 6.62333000e+06
10525.000000 6.55681000e+06
10575.000000 6.49394000e+06
10625.000000 6.41227000e+06
10675.000000 6.17416000e+06
10725.000000 6.16323000e+06
10775.000000 6.07728000e+06
10825.000000 5.98752000e+06
10875.000000 5.87079000e+06
10925.000000 5.05617000e+06
10975.000000 5.48436000e+06
11025.000000 5.67772000e+06
11075.000000 5.62258000e+06
11125.000000 5.51462000e+06
11175.000000 5.43974000e+06
11225.000000 5.37405000e+06
11275.000000 5.15254000e+06
11325.000000 5.09657000e+06
11375.000000 5.09699000e+06
11425.000000 4.97743000e+06
11475.000000 4.99195000e+06
11525.000000 4.92717000e+06
11575.000000 4.83886000e+06
11625.000000 4.69028000e+06
11675.000000 4.59713000e+06
11725.000000 4.64460000e+06
11775.000000 4.47291000e+06
11825.000000 4.45133000e+06
11875.000000 4.35729000e+06
11925.000000 4.40083000e+06
11975.000000 4.27405000e+06
12025.000000 4.24692000e+06
12075.000000 4.17048000e+06
12125.000000 4.11898000e+06
12175.000000 4.07963000e+06
12225.000000 4.00952000e+06
12275.000000 3.95217000e+06
12325.000000 3.90232000e+06
12375.000000 3.85707000e+06
12425.000000 3.82096000e+06
12475.000000 3.74682000e+06
12525.000000 3.69656000e+06
12575.000000 3.61624000e+06
12625.000000 3.59568000e+06
12675.000000 3.56174000e+06
12725.000000 3.51473000e+06
12775.000000 3.40694000e+06
12825.000000 2.94685000e+06
12875.000000 3.33172000e+06
12925.000000 3.32178000e+06
12975.000000 3.28952000e+06
13025.000000 3.25165000e+06
13075.000000 3.21449000e+06
13125.000000 3.16446000e+06
13175.000000 3.10446000e+06
13225.000000 3.08771000e+06
13275.000000 3.04589000e+06
13325.000000 3.01098000e+06
13375.000000 2.97103000e+06
13425.000000 2.92971000e+06
13475.000000 2.89307000e+06
13525.000000 2.84474000e+06
13575.000000 2.80440000e+06
13625.000000 2.78203000e+06
13675.000000 2.73836000e+06
13725.000000 2.67624000e+06
13775.000000 2.66857000e+06
13825.000000 2.63944000e+06
13875.000000 2.62026000e+06
13925.000000 2.56786000e+06
13975.000000 2.54528000e+06
14025.000000 2.51701000e+06
14075.000000 2.49193000e+06
14125.000000 2.45280000e+06
14175.000000 2.42653000e+06
14225.000000 2.39349000e+06
14275.000000 2.36140000e+06
14325.000000 2.33797000e+06
14375.000000 2.31645000e+06
14425.000000 2.22854000e+06
14475.000000 2.25363000e+06
14525.000000 2.19564000e+06
14570.000000 2.20197000e+06
14620.000000 2.16843000e+06
14675.000000 2.15116000e+06
14725.000000 2.11712000e+06
14775.000000 2.08176000e+06
14825.000000 2.06774000e+06
14875.000000 2.03360000e+06
14925.000000 2.03623000e+06
14975.000000 2.00082000e+06
15025.000000 1.97100000e+06
15075.000000 1.94071000e+06
15125.000000 1.93202000e+06
15175.000000 1.91080000e+06
15225.000000 1.89486000e+06
15275.000000 1.85599000e+06
15325.000000 1.83315000e+06
15375.000000 1.83432000e+06
15425.000000 1.76117000e+06
15475.000000 1.79323000e+06
15525.000000 1.78341000e+06
15575.000000 1.68299000e+06
15625.000000 1.77516000e+06
15675.000000 1.70283000e+06
15725.000000 1.62133000e+06
15775.000000 1.71068000e+06
15825.000000 1.70425000e+06
15875.000000 1.50981000e+06
15925.000000 1.64771000e+06
15975.000000 1.66900000e+06
16050.000000 1.61717000e+06
16150.000000 1.51069000e+06
16250.000000 1.59016000e+06
16350.000000 1.51609000e+06
16450.000000 1.41084000e+06
16550.000000 1.48792000e+06
16650.000000 1.45855000e+06
16750.000000 1.38949000e+06
16850.000000 1.29431000e+06
16950.000000 1.36607000e+06
17050.000000 1.33079000e+06
17150.000000 1.31083000e+06
17250.000000 1.26782000e+06
17350.000000 1.13929000e+06
17450.000000 1.20248000e+06
17550.000000 1.19401000e+06
17650.000000 1.16887000e+06
17750.000000 1.14916000e+06
17850.000000 1.12359000e+06
17950.000000 1.10896000e+06
18050.000000 1.07475000e+06
18150.000000 9.79898000e+05
18250.000000 1.01958000e+06
18350.000000 1.01926000e+06
18450.000000 9.99964000e+05
18550.000000 9.75318000e+05
18650.000000 9.55789000e+05
18750.000000 8.62541000e+05
18850.000000 9.14706000e+05
18950.000000 8.97126000e+05
19050.000000 8.91272000e+05
19150.000000 8.73277000e+05
19250.000000 8.55626000e+05
19350.000000 8.34319000e+05
19450.000000 7.55316000e+05
19550.000000 8.04088000e+05
19650.000000 7.93603000e+05
19750.000000 7.76286000e+05
19850.000000 7.64421000e+05
19950.000000 7.50444000e+05
20050.000000 7.37335000e+05
20150.000000 7.24459000e+05
20250.000000 7.09962000e+05
20350.000000 6.96025000e+05
20450.000000 6.85856000e+05
20550.000000 6.73078000e+05
20650.000000 6.59233000e+05
20750.000000 6.47837000e+05
20850.000000 6.36975000e+05
20950.000000 6.25450000e+05
21050.000000 6.14327000e+05
21150.000000 6.01330000e+05
21250.000000 5.91688000e+05
21350.000000 5.80860000e+05
21450.000000 5.73189000e+05
21550.000000 5.61067000e+05
21650.000000 5.09955000e+05
21750.000000 5.38660000e+05
21850.000000 5.34285000e+05
21950.000000 5.26824000e+05
22050.000000 5.15819000e+05
22150.000000 5.06780000e+05
22250.000000 5.00644000e+05
22350.000000 4.92162000e+05
22450.000000 4.84147000e+05
22550.000000 4.73677000e+05
22650.000000 4.67572000e+05
22750.000000 4.60246000e+05
22850.000000 4.52770000e+05
22950.000000 4.44699000e+05
23050.000000 4.38799000e+05
23150.000000 4.31460000e+05
23250.000000 4.25199000e+05
23350.000000 4.18213000e+05
23450.000000 4.11783000e+05
23550.000000 4.05359000e+05
23650.000000 3.99063000e+05
23750.000000 3.92323000e+05
23850.000000 3.86165000e+05
23950.000000 3.80209000e+05
24050.000000 3.73647000e+05
24150.000000 3.67562000e+05
24250.000000 3.63223000e+05
24350.000000 3.56072000e+05
24450.000000 3.50361000e+05
24550.000000 3.46287000e+05
24650.000000 3.39875000e+05
24750.000000 3.34668000e+05
24850.000000 3.31900000e+05
24950.000000 3.18987000e+05
25050.000000 3.23416000e+05
25150.000000 3.18574000e+05
25250.000000 3.03227000e+05
25350.000000 3.09023000e+05
25450.000000 3.05739000e+05
25550.000000 2.99443000e+05
25650.000000 2.81859000e+05
25750.000000 2.91594000e+05
25850.000000 2.87933000e+05
25950.000000 2.85114000e+05
26050.000000 2.77638000e+05
26150.000000 2.59956000e+05
26250.000000 2.51210000e+05
26350.000000 2.66518000e+05
26450.000000 2.65508000e+05
26550.000000 2.61679000e+05
26650.000000 2.55915000e+05
26750.000000 2.36616000e+05
26850.000000 2.49541000e+05
26950.000000 2.48382000e+05
27050.000000 2.44763000e+05
27150.000000 2.41762000e+05
27250.000000 2.38372000e+05
27350.000000 2.34965000e+05
27450.000000 2.30987000e+05
27550.000000 2.13529000e+05
27650.000000 2.19586000e+05
27750.000000 2.22013000e+05
27850.000000 2.19445000e+05
27950.000000 2.16628000e+05
28050.000000 2.13660000e+05
28150.000000 2.10709000e+05
28250.000000 2.07855000e+05
28350.000000 2.05220000e+05
28450.000000 2.02053000e+05
28550.000000 1.99475000e+05
28650.000000 1.94009000e+05
28750.000000 1.80233000e+05
28850.000000 1.90704000e+05
28950.000000 1.88971000e+05
29050.000000 1.86971000e+05
29150.000000 1.83975000e+05
29250.000000 1.81909000e+05
29350.000000 1.79757000e+05
29450.000000 1.77405000e+05
29550.000000 1.75205000e+05
29650.000000 1.72963000e+05
29750.000000 1.70721000e+05
29850.000000 1.68590000e+05
29950.000000 1.66294000e+05
30050.000000 1.64142000e+05
30150.000000 1.62019000e+05
30250.000000 1.59603000e+05
30350.000000 1.49142000e+05
30450.000000 1.51289000e+05
30550.000000 1.53767000e+05
30650.000000 1.52224000e+05
30750.000000 1.50347000e+05
30850.000000 1.48072000e+05
30950.000000 1.46542000e+05
31050.000000 1.44721000e+05
31150.000000 1.42519000e+05
31250.000000 1.41142000e+05
31350.000000 1.39388000e+05
31450.000000 1.37741000e+05
31550.000000 1.36275000e+05
31650.000000 1.34758000e+05
31750.000000 1.32879000e+05
31850.000000 1.31559000e+05
31950.000000 1.29932000e+05
32100.000000 1.27602000e+05
32300.000000 1.24698000e+05
32500.000000 1.21763000e+05
32700.000000 1.18823000e+05
32900.000000 1.10909000e+05
33100.000000 1.11904000e+05
33300.000000 1.10251000e+05
33500.000000 1.07941000e+05
33700.000000 1.05264000e+05
33900.000000 1.02954000e+05
34100.000000 1.00694000e+05
34300.000000 9.86453000e+04
34500.000000 9.66820000e+04
34700.000000 9.44944000e+04
34900.000000 9.24928000e+04
35100.000000 9.04908000e+04
35300.000000 8.85341000e+04
35500.000000 8.66067000e+04
35700.000000 8.46369000e+04
35900.000000 8.30535000e+04
36100.000000 8.10112000e+04
36300.000000 7.96807000e+04
36500.000000 7.75487000e+04
36700.000000 7.63897000e+04
36900.000000 7.39592000e+04
37100.000000 7.31338000e+04
37300.000000 7.03560000e+04
37500.000000 6.75287000e+04
37700.000000 6.88285000e+04
37900.000000 6.75847000e+04
38100.000000 6.54289000e+04
38300.000000 6.44340000e+04
38500.000000 6.37511000e+04
38700.000000 6.23770000e+04
38900.000000 6.10177000e+04
39100.000000 5.84582000e+04
39300.000000 5.89112000e+04
39500.000000 5.77897000e+04
39700.000000 5.67619000e+04
39900.000000 5.54489000e+04
40100.000000 5.37024000e+04
40300.000000 5.22614000e+04
40500.000000 5.05475000e+04
40700.000000 5.14643000e+04
40900.000000 5.05456000e+04
41100.000000 4.97426000e+04
41300.000000 4.88137000e+04
41500.000000 4.77471000e+04
41700.000000 4.51302000e+04
41900.000000 4.59643000e+04
42100.000000 4.51949000e+04
42300.000000 4.45117000e+04
42500.000000 4.36933000e+04
42700.000000 4.29213000e+04
42900.000000 4.21515000e+04
43100.000000 4.13901000e+04
43300.000000 4.06349000e+04
43500.000000 3.98978000e+04
43700.000000 3.77777000e+04
43900.000000 3.81810000e+04
44100.000000 3.78083000e+04
44300.000000 3.71875000e+04
44500.000000 3.65343000e+04
44700.000000 3.59894000e+04
44900.000000 3.52958000e+04
45100.000000 3.47130000e+04
45300.000000 3.41079000e+04
45500.000000 3.35412000e+04
45700.000000 3.29453000e+04
45900.000000 3.23870000e+04
46100.000000 3.18673000e+04
46300.000000 3.12797000e+04
46500.000000 2.95303000e+04
46700.000000 2.89860000e+04
46900.000000 2.96659000e+04
47100.000000 2.93041000e+04
47300.000000 2.88530000e+04
47500.000000 2.83501000e+04
47700.000000 2.79026000e+04
47900.000000 2.74779000e+04
48100.000000 2.70333000e+04
48300.000000 2.66016000e+04
48500.000000 2.61745000e+04
48700.000000 2.57661000e+04
48900.000000 2.53510000e+04
49100.000000 2.49417000e+04
49300.000000 2.45491000e+04
49500.000000 2.41866000e+04
49700.000000 2.37743000e+04
49900.000000 2.34373000e+04
50100.000000 2.30735000e+04
50300.000000 2.26685000e+04
50500.000000 2.23829000e+04
50700.000000 2.20411000e+04
50900.000000 2.16123000e+04
51100.000000 2.12876000e+04
51300.000000 2.01786000e+04
51500.000000 2.06812000e+04
51700.000000 2.03045000e+04
51900.000000 2.01245000e+04
52100.000000 1.98343000e+04
52300.000000 1.95410000e+04
52500.000000 1.92052000e+04
52700.000000 1.88223000e+04
52900.000000 1.86937000e+04
53100.000000 1.84556000e+04
53300.000000 1.81861000e+04
53500.000000 1.79043000e+04
53700.000000 1.74851000e+04
53900.000000 1.72531000e+04
54100.000000 1.71464000e+04
54300.000000 1.69066000e+04
54500.000000 1.66698000e+04
54700.000000 1.64235000e+04
54900.000000 1.61991000e+04
55100.000000 1.58955000e+04
55300.000000 1.54482000e+04
55500.000000 1.55058000e+04
55700.000000 1.53036000e+04
55900.000000 1.50701000e+04
56100.000000 1.48850000e+04
56300.000000 1.46832000e+04
56500.000000 1.44838000e+04
56700.000000 1.42811000e+04
56900.000000 1.40563000e+04
57100.000000 1.35247000e+04
57300.000000 1.36611000e+04
57500.000000 1.35241000e+04
57700.000000 1.33411000e+04
57900.000000 1.31558000e+04
58100.000000 1.29862000e+04
58300.000000 1.28052000e+04
58500.000000 1.26331000e+04
58700.000000 1.24586000e+04
58900.000000 1.22383000e+04
59100.000000 1.16272000e+04
59300.000000 1.19302000e+04
59500.000000 1.14607000e+04
59700.000000 1.15542000e+04
59900.000000 1.15076000e+04
60100.000000 1.13665000e+04
60300.000000 1.12249000e+04
60500.000000 1.10819000e+04
60700.000000 1.09374000e+04
60900.000000 1.07956000e+04
61100.000000 1.06493000e+04
61300.000000 1.05268000e+04
61500.000000 1.03927000e+04
61700.000000 1.02621000e+04
61900.000000 1.01301000e+04
62100.000000 1.00063000e+04
62300.000000 9.87033000e+03
62500.000000 9.75132000e+03
62700.000000 9.60009000e+03
62900.000000 9.15264000e+03
63100.000000 9.34223000e+03
63300.000000 9.27201000e+03
63500.000000 9.16278000e+03
63700.000000 9.05612000e+03
63900.000000 8.94370000e+03
64200.000000 8.78920000e+03
64600.000000 8.57552000e+03
65000.000000 8.36446000e+03
65400.000000 8.17640000e+03
65800.000000 7.97741000e+03
66200.000000 7.78880000e+03
66600.000000 7.61042000e+03
67000.000000 7.43187000e+03
67400.000000 7.23777000e+03
67800.000000 6.93019000e+03
68200.000000 6.91645000e+03
68600.000000 6.77686000e+03
69000.000000 6.62169000e+03
69400.000000 6.45328000e+03
69800.000000 6.32795000e+03
70200.000000 6.19015000e+03
70600.000000 6.05044000e+03
71000.000000 5.90003000e+03
71400.000000 5.79139000e+03
71800.000000 5.66581000e+03
72200.000000 5.53642000e+03
72600.000000 5.39539000e+03
73000.000000 5.30482000e+03
73400.000000 5.19619000e+03
73800.000000 5.08274000e+03
74200.000000 4.96342000e+03
74600.000000 4.74564000e+03
75000.000000 4.57185000e+03
75400.000000 4.65190000e+03
75800.000000 4.56851000e+03
76200.000000 4.48284000e+03
76600.000000 4.39300000e+03
77000.000000 4.30364000e+03
77400.000000 4.21135000e+03
77800.000000 4.08320000e+03
78200.000000 4.04560000e+03
78600.000000 3.97123000e+03
79000.000000 3.89309000e+03
79400.000000 3.81590000e+03
79800.000000 3.74071000e+03
80200.000000 3.66688000e+03
80600.000000 3.59584000e+03
81000.000000 3.52676000e+03
81400.000000 3.41088000e+03
81800.000000 3.37665000e+03
82200.000000 3.32887000e+03
82600.000000 3.26589000e+03
83000.000000 3.20398000e+03
83400.000000 3.14136000e+03
83800.000000 3.08156000e+03
84200.000000 3.02600000e+03
84600.000000 2.97161000e+03
85000.000000 2.91748000e+03
85400.000000 2.86319000e+03
85800.000000 2.81092000e+03
86200.000000 2.75676000e+03
86600.000000 2.65349000e+03
87000.000000 2.65338000e+03
87400.000000 2.57525000e+03
87800.000000 2.53033000e+03
88200.000000 2.52022000e+03
88600.000000 2.47357000e+03
89000.000000 2.43255000e+03
89400.000000 2.39051000e+03
89800.000000 2.34796000e+03
90200.000000 2.30685000e+03
90600.000000 2.26510000e+03
91000.000000 2.22803000e+03
91400.000000 2.18999000e+03
91800.000000 2.15284000e+03
92200.000000 2.11568000e+03
92600.000000 2.07323000e+03
93000.000000 2.04433000e+03
93400.000000 2.00881000e+03
93800.000000 1.93301000e+03
94200.000000 1.93391000e+03
94600.000000 1.91136000e+03
95000.000000 1.87542000e+03
95400.000000 1.84301000e+03
95800.000000 1.81915000e+03
96200.000000 1.78899000e+03
96600.000000 1.76032000e+03
97000.000000 1.73178000e+03
97400.000000 1.70325000e+03
97800.000000 1.67611000e+03
98200.000000 1.64611000e+03
98600.000000 1.61480000e+03
99000.000000 1.59748000e+03
99400.000000 1.57210000e+03
99800.000000 1.54693000e+03
100200.000000 1.52263000e+03
200000.000000 9.73657000e+01
400000.000000 6.04321000e+00
600000.000000 1.18178000e+00
800000.000000 3.70631000e-01
1000000.000000 1.50665000e-01
1200000.000000 7.21882000e-02
1400000.000000 3.87455000e-02
1600000.000000 2.25979000e-02
