# Kurucz ODFNEW /NOVER, alpha: 0.0 (2003)
# teff = 10000 K (value for the effective temperature for the model. Temperatures are given in K)
# logg = 5 log(cm/s2) (value for Log(G) for the model.)
# lh = 1.25  (l/Hp where l is the  mixing length of the convective element and Hp is the pressure scale height)
# meta = -0.5  (value for the Metallicity for the model.)
# vtur = 2 km/s (Microturbulence velocity)
# alpha = 0  (Alpha)
#
# column 1: WAVELENGTH (ANGSTROM), Wavelength in Angstrom
# column 2: FLUX (ERG/CM2/S/A), Flux in erg/cm2/s/A
260.000000 3.63087000e-23
264.000000 1.41279000e-22
268.500000 5.33331000e-22
273.500000 2.15037000e-21
278.500000 8.25371000e-21
284.000000 3.43356000e-20
290.000000 1.53227000e-19
296.000000 6.43978000e-19
301.000000 2.04529000e-18
308.000000 9.69622000e-18
318.000000 7.96905000e-17
328.000000 5.77994000e-16
338.000000 3.72957000e-15
348.000000 2.16390000e-14
357.000000 9.67799000e-14
366.000000 4.02277000e-13
375.000000 1.55993000e-12
385.000000 6.52557000e-12
395.000000 2.53648000e-11
405.000000 9.20664000e-11
414.000000 2.78004000e-10
422.000000 7.13502000e-10
430.000000 1.76688000e-09
441.000000 5.81770000e-09
451.000000 1.63008000e-08
460.000000 3.96082000e-08
470.000000 1.02012000e-07
480.000000 2.52150000e-07
490.000000 5.99409000e-07
500.000000 1.37416000e-06
506.000000 2.34937000e-06
512.000000 3.83579000e-06
520.000000 7.00725000e-06
530.000000 1.45260000e-05
540.000000 2.92004000e-05
550.000000 5.73189000e-05
560.000000 1.09506000e-04
570.000000 2.04331000e-04
580.000000 3.72552000e-04
590.000000 6.66327000e-04
600.000000 1.16587000e-03
610.000000 2.00069000e-03
620.000000 3.37185000e-03
630.000000 5.58440000e-03
640.000000 9.09338000e-03
650.000000 1.45716000e-02
658.000000 2.10142000e-02
665.000000 2.87353000e-02
675.000000 4.43939000e-02
685.000000 6.76447000e-02
695.000000 1.01735000e-01
705.000000 1.51101000e-01
716.000000 2.30371000e-01
726.000000 3.33933000e-01
735.000000 4.62061000e-01
745.000000 6.56260000e-01
755.000000 9.22814000e-01
765.000000 1.28502000e+00
775.000000 1.77286000e+00
785.000000 2.42407000e+00
795.000000 3.28570000e+00
805.000000 4.41756000e+00
815.000000 5.89234000e+00
825.000000 7.79833000e+00
835.000000 1.02457000e+01
845.000000 1.33645000e+01
855.000000 1.73145000e+01
865.000000 2.22838000e+01
875.000000 2.84954000e+01
885.000000 3.62134000e+01
895.000000 4.57489000e+01
905.000000 5.74644000e+01
915.000000 2.78237000e+02
925.000000 1.90367000e+03
935.000000 3.40577000e+03
945.000000 6.25235000e+03
955.000000 9.27795000e+03
965.000000 1.24663000e+04
975.000000 9.57690000e+03
985.000000 1.84679000e+04
995.000000 2.07987000e+04
1005.000000 2.53372000e+04
1015.000000 2.70700000e+04
1025.000000 1.67570000e+04
1035.000000 3.38795000e+04
1045.000000 4.28054000e+04
1055.000000 4.90076000e+04
1065.000000 5.41067000e+04
1075.000000 6.28619000e+04
1085.000000 7.07041000e+04
1095.000000 7.71447000e+04
1105.000000 1.22504000e+05
1115.000000 3.69722000e+06
1125.000000 6.43666000e+06
1135.000000 8.85569000e+06
1145.000000 6.83761000e+06
1155.000000 5.60396000e+06
1165.000000 3.46384000e+06
1175.000000 1.24736000e+06
1185.000000 6.04548000e+05
1195.000000 2.59179000e+05
1205.000000 2.02247000e+05
1215.000000 5.85220000e+04
1225.000000 2.13655000e+05
1235.000000 4.26074000e+05
1245.000000 7.32399000e+05
1255.000000 2.39955000e+06
1265.000000 6.53086000e+06
1275.000000 1.79660000e+07
1285.000000 3.97075000e+07
1295.000000 5.32400000e+07
1305.000000 4.14308000e+07
1315.000000 6.95650000e+07
1325.000000 8.33509000e+07
1335.000000 8.92685000e+07
1345.000000 1.07386000e+08
1355.000000 9.91097000e+07
1365.000000 9.51314000e+07
1375.000000 9.70684000e+07
1385.000000 8.22246000e+07
1395.000000 8.37970000e+07
1405.000000 1.06723000e+08
1415.000000 1.22604000e+08
1425.000000 1.34334000e+08
1435.000000 1.20002000e+08
1442.000000 1.39489000e+08
1447.000000 1.44894000e+08
1455.000000 1.47640000e+08
1465.000000 1.35508000e+08
1475.000000 1.33461000e+08
1485.000000 1.35751000e+08
1495.000000 1.45133000e+08
1505.000000 1.47430000e+08
1512.000000 1.37725000e+08
1517.000000 1.47808000e+08
1525.000000 1.38523000e+08
1535.000000 1.37902000e+08
1545.000000 1.49057000e+08
1555.000000 1.19131000e+08
1565.000000 9.94988000e+07
1575.000000 1.27295000e+08
1585.000000 1.40643000e+08
1595.000000 1.47347000e+08
1605.000000 1.43235000e+08
1615.000000 1.45060000e+08
1625.000000 1.30650000e+08
1635.000000 1.36691000e+08
1645.000000 1.54171000e+08
1655.000000 1.22621000e+08
1665.000000 1.51848000e+08
1672.000000 1.22073000e+08
1677.000000 1.43173000e+08
1685.000000 1.55775000e+08
1695.000000 1.37565000e+08
1705.000000 1.38949000e+08
1715.000000 1.43482000e+08
1725.000000 1.40646000e+08
1735.000000 1.47352000e+08
1745.000000 1.42575000e+08
1755.000000 1.51449000e+08
1765.000000 1.32771000e+08
1775.000000 1.47182000e+08
1785.000000 1.45396000e+08
1795.000000 1.53953000e+08
1805.000000 1.46042000e+08
1815.000000 1.44861000e+08
1825.000000 1.39013000e+08
1835.000000 1.37200000e+08
1845.000000 1.28036000e+08
1855.000000 1.33327000e+08
1865.000000 1.34782000e+08
1875.000000 1.37988000e+08
1885.000000 1.37440000e+08
1895.000000 1.36192000e+08
1905.000000 1.30583000e+08
1915.000000 1.34174000e+08
1925.000000 1.35010000e+08
1935.000000 1.29402000e+08
1945.000000 1.36958000e+08
1955.000000 1.35245000e+08
1967.000000 1.36745000e+08
1976.000000 1.33071000e+08
1984.000000 1.30679000e+08
1995.000000 1.28182000e+08
2005.000000 1.25313000e+08
2015.000000 1.21855000e+08
2025.000000 1.20232000e+08
2035.000000 1.24193000e+08
2045.000000 1.26278000e+08
2055.000000 1.21439000e+08
2065.000000 1.20257000e+08
2074.000000 1.23411000e+08
2078.000000 1.25850000e+08
2085.000000 1.24747000e+08
2095.000000 1.20709000e+08
2105.000000 1.18689000e+08
2115.000000 1.18504000e+08
2125.000000 1.18893000e+08
2135.000000 1.07410000e+08
2145.000000 1.16171000e+08
2155.000000 1.15168000e+08
2165.000000 1.10232000e+08
2175.000000 1.08998000e+08
2185.000000 1.09415000e+08
2195.000000 1.13941000e+08
2205.000000 1.09547000e+08
2215.000000 1.02494000e+08
2225.000000 1.02336000e+08
2235.000000 1.10404000e+08
2245.000000 1.02247000e+08
2255.000000 1.00046000e+08
2265.000000 9.93039000e+07
2275.000000 1.04256000e+08
2285.000000 1.06268000e+08
2295.000000 1.00516000e+08
2305.000000 9.99005000e+07
2315.000000 9.79357000e+07
2325.000000 9.78547000e+07
2335.000000 9.57262000e+07
2345.000000 8.89239000e+07
2355.000000 9.64915000e+07
2365.000000 8.94132000e+07
2375.000000 9.28629000e+07
2385.000000 8.43435000e+07
2395.000000 9.03595000e+07
2405.000000 8.70695000e+07
2415.000000 8.82360000e+07
2425.000000 9.11294000e+07
2435.000000 8.69387000e+07
2445.000000 9.13524000e+07
2455.000000 8.85845000e+07
2465.000000 8.78238000e+07
2475.000000 8.46186000e+07
2485.000000 8.80874000e+07
2495.000000 8.54098000e+07
2505.000000 9.13993000e+07
2513.000000 8.56999000e+07
2518.000000 8.56867000e+07
2525.000000 8.10879000e+07
2535.000000 8.02911000e+07
2545.000000 8.00511000e+07
2555.000000 8.43771000e+07
2565.000000 8.40870000e+07
2575.000000 8.79918000e+07
2585.000000 8.82877000e+07
2595.000000 8.78100000e+07
2605.000000 8.45889000e+07
2615.000000 8.39597000e+07
2625.000000 8.60768000e+07
2635.000000 8.63091000e+07
2645.000000 9.20281000e+07
2655.000000 9.09674000e+07
2665.000000 8.64138000e+07
2675.000000 8.83434000e+07
2685.000000 8.88101000e+07
2695.000000 8.54913000e+07
2705.000000 8.60652000e+07
2715.000000 8.30354000e+07
2725.000000 8.30714000e+07
2735.000000 8.67711000e+07
2745.000000 7.85854000e+07
2755.000000 7.88647000e+07
2765.000000 8.12568000e+07
2775.000000 8.40381000e+07
2785.000000 8.24594000e+07
2795.000000 6.88305000e+07
2805.000000 7.49865000e+07
2815.000000 8.47997000e+07
2825.000000 8.45262000e+07
2835.000000 8.21966000e+07
2845.000000 7.98791000e+07
2855.000000 7.80633000e+07
2865.000000 8.10166000e+07
2875.000000 7.95060000e+07
2885.000000 8.07844000e+07
2895.000000 7.95485000e+07
2910.000000 8.34285000e+07
2930.000000 8.04767000e+07
2950.000000 8.00472000e+07
2970.000000 7.99977000e+07
2990.000000 7.97233000e+07
3010.000000 8.01477000e+07
3030.000000 7.94542000e+07
3050.000000 7.86545000e+07
3070.000000 7.77450000e+07
3090.000000 7.77125000e+07
3110.000000 7.65759000e+07
3130.000000 7.59619000e+07
3150.000000 7.59496000e+07
3170.000000 7.53016000e+07
3190.000000 7.31387000e+07
3210.000000 7.37109000e+07
3230.000000 7.24687000e+07
3250.000000 7.26174000e+07
3270.000000 7.26514000e+07
3290.000000 7.24773000e+07
3310.000000 7.22093000e+07
3330.000000 7.09912000e+07
3350.000000 6.98741000e+07
3370.000000 6.96808000e+07
3390.000000 6.89266000e+07
3410.000000 6.91928000e+07
3430.000000 6.86829000e+07
3450.000000 6.81642000e+07
3470.000000 6.74840000e+07
3490.000000 6.70777000e+07
3510.000000 6.69515000e+07
3530.000000 6.65910000e+07
3550.000000 6.61896000e+07
3570.000000 6.52756000e+07
3590.000000 6.48310000e+07
3610.000000 6.43661000e+07
3630.000000 6.39762000e+07
3640.000000 6.37303000e+07
3650.000000 6.40998000e+07
3670.000000 6.39178000e+07
3690.000000 6.27038000e+07
3710.000000 6.11100000e+07
3730.000000 5.79842000e+07
3750.000000 6.49756000e+07
3770.000000 6.71056000e+07
3790.000000 8.02184000e+07
3810.000000 9.46463000e+07
3830.000000 7.60989000e+07
3850.000000 1.06735000e+08
3870.000000 1.24334000e+08
3890.000000 6.61936000e+07
3910.000000 1.25869000e+08
3930.000000 1.41317000e+08
3950.000000 1.25916000e+08
3970.000000 6.37941000e+07
3990.000000 1.18340000e+08
4010.000000 1.46146000e+08
4030.000000 1.49584000e+08
4050.000000 1.46666000e+08
4070.000000 1.33829000e+08
4090.000000 9.20784000e+07
4110.000000 6.99617000e+07
4130.000000 1.22989000e+08
4150.000000 1.36845000e+08
4170.000000 1.38766000e+08
4190.000000 1.38028000e+08
4210.000000 1.36584000e+08
4230.000000 1.33870000e+08
4250.000000 1.32235000e+08
4270.000000 1.28807000e+08
4290.000000 1.24907000e+08
4310.000000 1.12154000e+08
4330.000000 7.57281000e+07
4350.000000 6.45751000e+07
4370.000000 1.05971000e+08
4390.000000 1.15626000e+08
4410.000000 1.17629000e+08
4430.000000 1.17271000e+08
4450.000000 1.16994000e+08
4470.000000 1.15536000e+08
4490.000000 1.13009000e+08
4510.000000 1.12876000e+08
4530.000000 1.11329000e+08
4550.000000 1.09391000e+08
4570.000000 1.08964000e+08
4590.000000 1.07221000e+08
4610.000000 1.06543000e+08
4630.000000 1.04598000e+08
4650.000000 1.03721000e+08
4670.000000 1.02368000e+08
4690.000000 1.00355000e+08
4710.000000 9.74679000e+07
4730.000000 9.82384000e+07
4750.000000 9.68134000e+07
4770.000000 9.51191000e+07
4790.000000 9.29850000e+07
4810.000000 8.93784000e+07
4830.000000 8.12227000e+07
4850.000000 5.86831000e+07
4870.000000 4.80853000e+07
4890.000000 7.49139000e+07
4910.000000 8.31527000e+07
4930.000000 8.45130000e+07
4950.000000 8.50322000e+07
4970.000000 8.46680000e+07
4990.000000 8.37728000e+07
5010.000000 8.24089000e+07
5030.000000 8.19901000e+07
5050.000000 8.07614000e+07
5070.000000 8.03468000e+07
5090.000000 7.94287000e+07
5110.000000 7.85254000e+07
5130.000000 7.75951000e+07
5150.000000 7.66129000e+07
5170.000000 7.49783000e+07
5190.000000 7.43554000e+07
5210.000000 7.40132000e+07
5230.000000 7.28987000e+07
5250.000000 7.24359000e+07
5270.000000 7.11723000e+07
5290.000000 7.07873000e+07
5310.000000 6.98048000e+07
5330.000000 6.89835000e+07
5350.000000 6.84464000e+07
5370.000000 6.76004000e+07
5390.000000 6.68779000e+07
5410.000000 6.60188000e+07
5430.000000 6.53979000e+07
5450.000000 6.47261000e+07
5470.000000 6.40131000e+07
5490.000000 6.33338000e+07
5510.000000 6.26540000e+07
5530.000000 6.19084000e+07
5550.000000 6.13065000e+07
5570.000000 6.06181000e+07
5590.000000 5.99549000e+07
5610.000000 5.93414000e+07
5630.000000 5.87256000e+07
5650.000000 5.80805000e+07
5670.000000 5.74476000e+07
5690.000000 5.68525000e+07
5710.000000 5.62539000e+07
5730.000000 5.56829000e+07
5750.000000 5.50706000e+07
5770.000000 5.45028000e+07
5790.000000 5.39269000e+07
5810.000000 5.33698000e+07
5830.000000 5.28181000e+07
5850.000000 5.22638000e+07
5870.000000 5.16721000e+07
5890.000000 5.09396000e+07
5910.000000 5.06579000e+07
5930.000000 5.01422000e+07
5950.000000 4.96035000e+07
5970.000000 4.91099000e+07
5990.000000 4.85852000e+07
6010.000000 4.80881000e+07
6030.000000 4.76277000e+07
6050.000000 4.71446000e+07
6070.000000 4.66810000e+07
6090.000000 4.62073000e+07
6110.000000 4.57408000e+07
6130.000000 4.52644000e+07
6150.000000 4.46687000e+07
6170.000000 4.43509000e+07
6190.000000 4.39536000e+07
6210.000000 4.35166000e+07
6230.000000 4.30775000e+07
6250.000000 4.25795000e+07
6270.000000 4.22498000e+07
6290.000000 4.18368000e+07
6310.000000 4.14008000e+07
6330.000000 4.10070000e+07
6350.000000 4.04165000e+07
6370.000000 4.00693000e+07
6390.000000 3.97349000e+07
6410.000000 3.93003000e+07
6430.000000 3.88895000e+07
6450.000000 3.83526000e+07
6470.000000 3.79187000e+07
6490.000000 3.72453000e+07
6510.000000 3.62523000e+07
6530.000000 3.41399000e+07
6550.000000 2.84454000e+07
6570.000000 2.33256000e+07
6590.000000 3.15285000e+07
6610.000000 3.40678000e+07
6630.000000 3.46974000e+07
6650.000000 3.47463000e+07
6670.000000 3.45915000e+07
6690.000000 3.43690000e+07
6710.000000 3.41076000e+07
6730.000000 3.38136000e+07
6750.000000 3.35416000e+07
6770.000000 3.32895000e+07
6790.000000 3.29842000e+07
6810.000000 3.26835000e+07
6830.000000 3.23777000e+07
6850.000000 3.20869000e+07
6870.000000 3.17998000e+07
6890.000000 3.15123000e+07
6910.000000 3.12276000e+07
6930.000000 3.09417000e+07
6950.000000 3.06664000e+07
6970.000000 3.03906000e+07
6990.000000 3.01213000e+07
7010.000000 2.98286000e+07
7030.000000 2.95768000e+07
7050.000000 2.93160000e+07
7070.000000 2.90614000e+07
7090.000000 2.88077000e+07
7110.000000 2.84499000e+07
7130.000000 2.82846000e+07
7150.000000 2.80367000e+07
7170.000000 2.78006000e+07
7190.000000 2.75558000e+07
7210.000000 2.73176000e+07
7230.000000 2.70788000e+07
7250.000000 2.68321000e+07
7270.000000 2.66148000e+07
7290.000000 2.63761000e+07
7310.000000 2.61516000e+07
7330.000000 2.59292000e+07
7350.000000 2.57101000e+07
7370.000000 2.54917000e+07
7390.000000 2.52684000e+07
7410.000000 2.50450000e+07
7430.000000 2.48121000e+07
7450.000000 2.46166000e+07
7470.000000 2.43790000e+07
7490.000000 2.41906000e+07
7510.000000 2.40024000e+07
7530.000000 2.38060000e+07
7550.000000 2.36106000e+07
7570.000000 2.34124000e+07
7590.000000 2.32173000e+07
7610.000000 2.30238000e+07
7630.000000 2.28308000e+07
7650.000000 2.26395000e+07
7670.000000 2.24441000e+07
7690.000000 2.22638000e+07
7710.000000 2.20787000e+07
7730.000000 2.19028000e+07
7750.000000 2.17209000e+07
7770.000000 2.12405000e+07
7790.000000 2.13687000e+07
7810.000000 2.11952000e+07
7830.000000 2.10151000e+07
7850.000000 2.08348000e+07
7870.000000 2.06299000e+07
7890.000000 2.04395000e+07
7910.000000 2.03315000e+07
7930.000000 2.01751000e+07
7950.000000 1.99849000e+07
7970.000000 1.98616000e+07
7990.000000 1.96172000e+07
8010.000000 1.95422000e+07
8030.000000 1.93836000e+07
8050.000000 1.92328000e+07
8070.000000 1.90774000e+07
8090.000000 1.89268000e+07
8110.000000 1.87797000e+07
8130.000000 1.86339000e+07
8150.000000 1.84870000e+07
8170.000000 1.83418000e+07
8190.000000 1.81524000e+07
8210.000000 1.80685000e+07
8230.000000 1.79263000e+07
8250.000000 1.78013000e+07
8270.000000 1.77257000e+07
8290.000000 1.75932000e+07
8310.000000 1.74704000e+07
8330.000000 1.72932000e+07
8350.000000 1.72213000e+07
8370.000000 1.70988000e+07
8390.000000 1.69676000e+07
8410.000000 1.68401000e+07
8430.000000 1.67020000e+07
8450.000000 1.64468000e+07
8470.000000 1.63955000e+07
8490.000000 1.63011000e+07
8510.000000 1.59525000e+07
8530.000000 1.60569000e+07
8550.000000 1.53763000e+07
8570.000000 1.59197000e+07
8590.000000 1.52814000e+07
8610.000000 1.50708000e+07
8630.000000 1.57345000e+07
8650.000000 1.51246000e+07
8670.000000 1.36340000e+07
8690.000000 1.52256000e+07
8710.000000 1.56365000e+07
8730.000000 1.49084000e+07
8750.000000 1.25248000e+07
8770.000000 1.41654000e+07
8790.000000 1.54014000e+07
8810.000000 1.55762000e+07
8830.000000 1.50341000e+07
8850.000000 1.31789000e+07
8870.000000 1.15791000e+07
8890.000000 1.40720000e+07
8910.000000 1.50605000e+07
8930.000000 1.53380000e+07
8950.000000 1.53114000e+07
8970.000000 1.48251000e+07
8990.000000 1.36638000e+07
9010.000000 1.10513000e+07
9030.000000 1.18308000e+07
9050.000000 1.37569000e+07
9070.000000 1.43804000e+07
9090.000000 1.45306000e+07
9110.000000 1.47274000e+07
9130.000000 1.47000000e+07
9150.000000 1.45162000e+07
9170.000000 1.41545000e+07
9190.000000 1.34658000e+07
9210.000000 1.20626000e+07
9230.000000 9.69363000e+06
9250.000000 1.15750000e+07
9270.000000 1.28311000e+07
9290.000000 1.35210000e+07
9310.000000 1.37164000e+07
9330.000000 1.37520000e+07
9350.000000 1.37225000e+07
9370.000000 1.36546000e+07
9390.000000 1.35349000e+07
9410.000000 1.33115000e+07
9430.000000 1.33077000e+07
9450.000000 1.31527000e+07
9470.000000 1.29241000e+07
9490.000000 1.25547000e+07
9510.000000 1.18767000e+07
9530.000000 1.05041000e+07
9550.000000 8.69056000e+06
9570.000000 1.06143000e+07
9590.000000 1.16675000e+07
9610.000000 1.20718000e+07
9630.000000 1.21619000e+07
9650.000000 1.22701000e+07
9670.000000 1.21859000e+07
9690.000000 1.21874000e+07
9710.000000 1.21389000e+07
9730.000000 1.20636000e+07
9750.000000 1.19824000e+07
9770.000000 1.19086000e+07
9790.000000 1.18261000e+07
9810.000000 1.17416000e+07
9830.000000 1.16513000e+07
9850.000000 1.15590000e+07
9870.000000 1.14693000e+07
9890.000000 1.13417000e+07
9910.000000 1.12772000e+07
9930.000000 1.11600000e+07
9950.000000 1.10303000e+07
9970.000000 1.08515000e+07
9990.000000 1.05696000e+07
10025.000000 9.22063000e+06
10075.000000 8.76339000e+06
10125.000000 1.01683000e+07
10175.000000 1.02695000e+07
10225.000000 1.01610000e+07
10275.000000 1.00110000e+07
10325.000000 9.86124000e+06
10375.000000 9.69992000e+06
10425.000000 9.54089000e+06
10475.000000 9.36213000e+06
10525.000000 9.21728000e+06
10575.000000 9.07036000e+06
10625.000000 8.92346000e+06
10675.000000 8.69162000e+06
10725.000000 8.57867000e+06
10775.000000 8.43824000e+06
10825.000000 8.22930000e+06
10875.000000 7.82857000e+06
10925.000000 6.41657000e+06
10975.000000 6.99471000e+06
11025.000000 7.61234000e+06
11075.000000 7.64543000e+06
11125.000000 7.56682000e+06
11175.000000 7.46577000e+06
11225.000000 7.36742000e+06
11275.000000 7.21183000e+06
11325.000000 7.10218000e+06
11375.000000 7.02736000e+06
11425.000000 6.91634000e+06
11475.000000 6.82015000e+06
11525.000000 6.71799000e+06
11575.000000 6.61565000e+06
11625.000000 6.50060000e+06
11675.000000 6.38341000e+06
11725.000000 6.32223000e+06
11775.000000 6.17926000e+06
11825.000000 6.11688000e+06
11875.000000 6.02139000e+06
11925.000000 5.95590000e+06
11975.000000 5.85399000e+06
12025.000000 5.77884000e+06
12075.000000 5.69051000e+06
12125.000000 5.60985000e+06
12175.000000 5.53236000e+06
12225.000000 5.45165000e+06
12275.000000 5.36983000e+06
12325.000000 5.29435000e+06
12375.000000 5.22041000e+06
12425.000000 5.14847000e+06
12475.000000 5.06927000e+06
12525.000000 4.99838000e+06
12575.000000 4.90964000e+06
12625.000000 4.83348000e+06
12675.000000 4.74923000e+06
12725.000000 4.61682000e+06
12775.000000 4.29867000e+06
12825.000000 3.66856000e+06
12875.000000 4.24329000e+06
12925.000000 4.38304000e+06
12975.000000 4.37506000e+06
13025.000000 4.33376000e+06
13075.000000 4.28283000e+06
13125.000000 4.23408000e+06
13175.000000 4.17248000e+06
13225.000000 4.12161000e+06
13275.000000 4.06646000e+06
13325.000000 4.01224000e+06
13375.000000 3.95871000e+06
13425.000000 3.90587000e+06
13475.000000 3.85390000e+06
13525.000000 3.80075000e+06
13575.000000 3.75174000e+06
13625.000000 3.70356000e+06
13675.000000 3.65457000e+06
13725.000000 3.60159000e+06
13775.000000 3.56021000e+06
13825.000000 3.51440000e+06
13875.000000 3.47013000e+06
13925.000000 3.42369000e+06
13975.000000 3.38110000e+06
14025.000000 3.33808000e+06
14075.000000 3.29577000e+06
14125.000000 3.25359000e+06
14175.000000 3.21249000e+06
14225.000000 3.17189000e+06
14275.000000 3.13196000e+06
14325.000000 3.09269000e+06
14375.000000 3.05426000e+06
14425.000000 3.00108000e+06
14475.000000 2.97841000e+06
14525.000000 2.93490000e+06
14570.000000 2.90881000e+06
14620.000000 2.87362000e+06
14675.000000 2.83830000e+06
14725.000000 2.80394000e+06
14775.000000 2.76722000e+06
14825.000000 2.73676000e+06
14875.000000 2.70051000e+06
14925.000000 2.67433000e+06
14975.000000 2.64172000e+06
15025.000000 2.60781000e+06
15075.000000 2.57894000e+06
15125.000000 2.55022000e+06
15175.000000 2.52003000e+06
15225.000000 2.49067000e+06
15275.000000 2.46082000e+06
15325.000000 2.43116000e+06
15375.000000 2.40358000e+06
15425.000000 2.37060000e+06
15475.000000 2.34571000e+06
15525.000000 2.31594000e+06
15575.000000 2.28106000e+06
15625.000000 2.26972000e+06
15675.000000 2.22429000e+06
15725.000000 2.19006000e+06
15775.000000 2.19406000e+06
15825.000000 2.16292000e+06
15875.000000 2.07622000e+06
15925.000000 2.09499000e+06
15975.000000 2.10714000e+06
16050.000000 2.03996000e+06
16150.000000 1.95195000e+06
16250.000000 1.99719000e+06
16350.000000 1.88814000e+06
16450.000000 1.79035000e+06
16550.000000 1.87964000e+06
16650.000000 1.84395000e+06
16750.000000 1.71028000e+06
16850.000000 1.61228000e+06
16950.000000 1.72339000e+06
17050.000000 1.70350000e+06
17150.000000 1.66576000e+06
17250.000000 1.59915000e+06
17350.000000 1.40331000e+06
17450.000000 1.50047000e+06
17550.000000 1.52427000e+06
17650.000000 1.50100000e+06
17750.000000 1.47242000e+06
17850.000000 1.44084000e+06
17950.000000 1.40752000e+06
18050.000000 1.35566000e+06
18150.000000 1.19530000e+06
18250.000000 1.25214000e+06
18350.000000 1.28820000e+06
18450.000000 1.27007000e+06
18550.000000 1.24141000e+06
18650.000000 1.19304000e+06
18750.000000 1.04699000e+06
18850.000000 1.13881000e+06
18950.000000 1.14550000e+06
19050.000000 1.12873000e+06
19150.000000 1.10670000e+06
19250.000000 1.08039000e+06
19350.000000 1.03252000e+06
19450.000000 9.12201000e+05
19550.000000 9.93171000e+05
19650.000000 1.00085000e+06
19750.000000 9.86680000e+05
19850.000000 9.71122000e+05
19950.000000 9.53082000e+05
20050.000000 9.35370000e+05
20150.000000 9.18028000e+05
20250.000000 9.01027000e+05
20350.000000 8.84434000e+05
20450.000000 8.68364000e+05
20550.000000 8.52556000e+05
20650.000000 8.36960000e+05
20750.000000 8.21938000e+05
20850.000000 8.07236000e+05
20950.000000 7.92750000e+05
21050.000000 7.78578000e+05
21150.000000 7.64353000e+05
21250.000000 7.50385000e+05
21350.000000 7.35520000e+05
21450.000000 7.19467000e+05
21550.000000 6.91981000e+05
21650.000000 6.15743000e+05
21750.000000 6.59970000e+05
21850.000000 6.69661000e+05
21950.000000 6.62471000e+05
22050.000000 6.52919000e+05
22150.000000 6.42100000e+05
22250.000000 6.31623000e+05
22350.000000 6.21006000e+05
22450.000000 6.10605000e+05
22550.000000 6.00282000e+05
22650.000000 5.90441000e+05
22750.000000 5.80668000e+05
22850.000000 5.71282000e+05
22950.000000 5.61959000e+05
23050.000000 5.52959000e+05
23150.000000 5.44031000e+05
23250.000000 5.35333000e+05
23350.000000 5.26757000e+05
23450.000000 5.18383000e+05
23550.000000 5.10165000e+05
23650.000000 5.02102000e+05
23750.000000 4.94189000e+05
23850.000000 4.86424000e+05
23950.000000 4.78817000e+05
24050.000000 4.71314000e+05
24150.000000 4.64008000e+05
24250.000000 4.56819000e+05
24350.000000 4.49745000e+05
24450.000000 4.42772000e+05
24550.000000 4.35984000e+05
24650.000000 4.29162000e+05
24750.000000 4.22644000e+05
24850.000000 4.16291000e+05
24950.000000 4.09232000e+05
25050.000000 4.03876000e+05
25150.000000 3.97693000e+05
25250.000000 3.90112000e+05
25350.000000 3.85592000e+05
25450.000000 3.80642000e+05
25550.000000 3.73594000e+05
25650.000000 3.65282000e+05
25750.000000 3.62819000e+05
25850.000000 3.58524000e+05
25950.000000 3.52443000e+05
26050.000000 3.42525000e+05
26150.000000 3.28391000e+05
26250.000000 3.01799000e+05
26350.000000 3.21607000e+05
26450.000000 3.26498000e+05
26550.000000 3.23359000e+05
26650.000000 3.15781000e+05
26750.000000 3.02731000e+05
26850.000000 3.07013000e+05
26950.000000 3.06767000e+05
27050.000000 3.03581000e+05
27150.000000 2.99718000e+05
27250.000000 2.95448000e+05
27350.000000 2.90516000e+05
27450.000000 2.83169000e+05
27550.000000 2.66886000e+05
27650.000000 2.68680000e+05
27750.000000 2.73268000e+05
27850.000000 2.71693000e+05
27950.000000 2.68706000e+05
28050.000000 2.65323000e+05
28150.000000 2.61816000e+05
28250.000000 2.58233000e+05
28350.000000 2.54516000e+05
28450.000000 2.50384000e+05
28550.000000 2.45019000e+05
28650.000000 2.34532000e+05
28750.000000 2.22379000e+05
28850.000000 2.32377000e+05
28950.000000 2.33359000e+05
29050.000000 2.31555000e+05
29150.000000 2.28984000e+05
29250.000000 2.26448000e+05
29350.000000 2.23539000e+05
29450.000000 2.20638000e+05
29550.000000 2.17784000e+05
29650.000000 2.14976000e+05
29750.000000 2.12214000e+05
29850.000000 2.09492000e+05
29950.000000 2.06440000e+05
30050.000000 2.03379000e+05
30150.000000 1.99898000e+05
30250.000000 1.94601000e+05
30350.000000 1.81456000e+05
30450.000000 1.82144000e+05
30550.000000 1.88094000e+05
30650.000000 1.87911000e+05
30750.000000 1.86261000e+05
30850.000000 1.84366000e+05
30950.000000 1.82260000e+05
31050.000000 1.80010000e+05
31150.000000 1.77773000e+05
31250.000000 1.75603000e+05
31350.000000 1.73476000e+05
31450.000000 1.71339000e+05
31550.000000 1.69293000e+05
31650.000000 1.67251000e+05
31750.000000 1.65209000e+05
31850.000000 1.63241000e+05
31950.000000 1.61280000e+05
32100.000000 1.58390000e+05
32300.000000 1.54651000e+05
32500.000000 1.50831000e+05
32700.000000 1.46205000e+05
32900.000000 1.34489000e+05
33100.000000 1.36231000e+05
33300.000000 1.36591000e+05
33500.000000 1.33911000e+05
33700.000000 1.30936000e+05
33900.000000 1.28058000e+05
34100.000000 1.25219000e+05
34300.000000 1.22460000e+05
34500.000000 1.19772000e+05
34700.000000 1.17140000e+05
34900.000000 1.14583000e+05
35100.000000 1.12094000e+05
35300.000000 1.09670000e+05
35500.000000 1.07308000e+05
35700.000000 1.05006000e+05
35900.000000 1.02770000e+05
36100.000000 1.00579000e+05
36300.000000 9.84616000e+04
36500.000000 9.63619000e+04
36700.000000 9.43411000e+04
36900.000000 9.22172000e+04
37100.000000 8.99967000e+04
37300.000000 8.50565000e+04
37500.000000 8.26112000e+04
37700.000000 8.45732000e+04
37900.000000 8.32686000e+04
38100.000000 8.14728000e+04
38300.000000 7.98896000e+04
38500.000000 7.85178000e+04
38700.000000 7.69688000e+04
38900.000000 7.52657000e+04
39100.000000 7.34356000e+04
39300.000000 7.24413000e+04
39500.000000 7.11687000e+04
39700.000000 6.98033000e+04
39900.000000 6.83244000e+04
40100.000000 6.64145000e+04
40300.000000 6.47155000e+04
40500.000000 6.07590000e+04
40700.000000 6.26514000e+04
40900.000000 6.21348000e+04
41100.000000 6.10676000e+04
41300.000000 5.98901000e+04
41500.000000 5.84349000e+04
41700.000000 5.62335000e+04
41900.000000 5.62323000e+04
42100.000000 5.56057000e+04
42300.000000 5.47232000e+04
42500.000000 5.38090000e+04
42700.000000 5.28370000e+04
42900.000000 5.18850000e+04
43100.000000 5.09503000e+04
43300.000000 4.98980000e+04
43500.000000 4.87294000e+04
43700.000000 4.64952000e+04
43900.000000 4.63677000e+04
44100.000000 4.63413000e+04
44300.000000 4.57222000e+04
44500.000000 4.49868000e+04
44700.000000 4.42515000e+04
44900.000000 4.34171000e+04
45100.000000 4.26773000e+04
45300.000000 4.19451000e+04
45500.000000 4.12241000e+04
45700.000000 4.05088000e+04
45900.000000 3.97864000e+04
46100.000000 3.90218000e+04
46300.000000 3.80035000e+04
46500.000000 3.53879000e+04
46700.000000 3.52202000e+04
46900.000000 3.59018000e+04
47100.000000 3.58370000e+04
47300.000000 3.53814000e+04
47500.000000 3.48486000e+04
47700.000000 3.43020000e+04
47900.000000 3.37584000e+04
48100.000000 3.32210000e+04
48300.000000 3.26913000e+04
48500.000000 3.21707000e+04
48700.000000 3.16593000e+04
48900.000000 3.11582000e+04
49100.000000 3.06658000e+04
49300.000000 3.01850000e+04
49500.000000 2.97109000e+04
49700.000000 2.92450000e+04
49900.000000 2.87887000e+04
50100.000000 2.83401000e+04
50300.000000 2.78963000e+04
50500.000000 2.74572000e+04
50700.000000 2.70080000e+04
50900.000000 2.65082000e+04
51100.000000 2.57442000e+04
51300.000000 2.43901000e+04
51500.000000 2.50618000e+04
51700.000000 2.49571000e+04
51900.000000 2.46546000e+04
52100.000000 2.43116000e+04
52300.000000 2.39580000e+04
52500.000000 2.35968000e+04
52700.000000 2.32471000e+04
52900.000000 2.29182000e+04
53100.000000 2.25909000e+04
53300.000000 2.22612000e+04
53500.000000 2.19292000e+04
53700.000000 2.15911000e+04
53900.000000 2.12795000e+04
54100.000000 2.09950000e+04
54300.000000 2.07026000e+04
54500.000000 2.04102000e+04
54700.000000 2.01164000e+04
54900.000000 1.98214000e+04
55100.000000 1.95127000e+04
55300.000000 1.92153000e+04
55500.000000 1.89842000e+04
55700.000000 1.87364000e+04
55900.000000 1.85121000e+04
56100.000000 1.82582000e+04
56300.000000 1.80063000e+04
56500.000000 1.77434000e+04
56700.000000 1.74684000e+04
56900.000000 1.71946000e+04
57100.000000 1.68941000e+04
57300.000000 1.67167000e+04
57500.000000 1.65299000e+04
57700.000000 1.63296000e+04
57900.000000 1.61315000e+04
58100.000000 1.59102000e+04
58300.000000 1.56604000e+04
58500.000000 1.54391000e+04
58700.000000 1.51788000e+04
58900.000000 1.47512000e+04
59100.000000 1.39752000e+04
59300.000000 1.44050000e+04
59500.000000 1.42572000e+04
59700.000000 1.41450000e+04
59900.000000 1.40517000e+04
60100.000000 1.39010000e+04
60300.000000 1.37333000e+04
60500.000000 1.35624000e+04
60700.000000 1.33913000e+04
60900.000000 1.32212000e+04
61100.000000 1.30531000e+04
61300.000000 1.28879000e+04
61500.000000 1.27245000e+04
61700.000000 1.25630000e+04
61900.000000 1.24023000e+04
62100.000000 1.22434000e+04
62300.000000 1.20805000e+04
62500.000000 1.19068000e+04
62700.000000 1.16892000e+04
62900.000000 1.13769000e+04
63100.000000 1.13740000e+04
63300.000000 1.13191000e+04
63500.000000 1.12068000e+04
63700.000000 1.10790000e+04
63900.000000 1.09489000e+04
64200.000000 1.07563000e+04
64600.000000 1.05134000e+04
65000.000000 1.02604000e+04
65400.000000 1.00173000e+04
65800.000000 9.77838000e+03
66200.000000 9.54795000e+03
66600.000000 9.31215000e+03
67000.000000 9.07961000e+03
67400.000000 8.80132000e+03
67800.000000 8.45519000e+03
68200.000000 8.44459000e+03
68600.000000 8.27995000e+03
69000.000000 8.11064000e+03
69400.000000 7.92903000e+03
69800.000000 7.75181000e+03
70200.000000 7.57948000e+03
70600.000000 7.41160000e+03
71000.000000 7.24896000e+03
71400.000000 7.08986000e+03
71800.000000 6.93552000e+03
72200.000000 6.78437000e+03
72600.000000 6.62934000e+03
73000.000000 6.48895000e+03
73400.000000 6.34800000e+03
73800.000000 6.20184000e+03
74200.000000 6.03388000e+03
74600.000000 5.68625000e+03
75000.000000 5.52664000e+03
75400.000000 5.62434000e+03
75800.000000 5.57143000e+03
76200.000000 5.46969000e+03
76600.000000 5.36173000e+03
77000.000000 5.25356000e+03
77400.000000 5.14438000e+03
77800.000000 5.03286000e+03
78200.000000 4.94066000e+03
78600.000000 4.85111000e+03
79000.000000 4.75979000e+03
79400.000000 4.66594000e+03
79800.000000 4.57444000e+03
80200.000000 4.48511000e+03
80600.000000 4.39768000e+03
81000.000000 4.30210000e+03
81400.000000 4.20528000e+03
81800.000000 4.12980000e+03
82200.000000 4.06255000e+03
82600.000000 3.99266000e+03
83000.000000 3.91730000e+03
83400.000000 3.84341000e+03
83800.000000 3.77146000e+03
84200.000000 3.70133000e+03
84600.000000 3.63293000e+03
85000.000000 3.56592000e+03
85400.000000 3.50041000e+03
85800.000000 3.43106000e+03
86200.000000 3.35939000e+03
86600.000000 3.27382000e+03
87000.000000 3.22641000e+03
87400.000000 3.10892000e+03
87800.000000 3.05407000e+03
88200.000000 3.06725000e+03
88600.000000 3.02235000e+03
89000.000000 2.97369000e+03
89400.000000 2.92150000e+03
89800.000000 2.87045000e+03
90200.000000 2.82046000e+03
90600.000000 2.77156000e+03
91000.000000 2.72373000e+03
91400.000000 2.67689000e+03
91800.000000 2.63109000e+03
92200.000000 2.58624000e+03
92600.000000 2.53868000e+03
93000.000000 2.49297000e+03
93400.000000 2.44498000e+03
93800.000000 2.37317000e+03
94200.000000 2.35094000e+03
94600.000000 2.32790000e+03
95000.000000 2.29231000e+03
95400.000000 2.25752000e+03
95800.000000 2.22274000e+03
96200.000000 2.18638000e+03
96600.000000 2.15079000e+03
97000.000000 2.11591000e+03
97400.000000 2.08173000e+03
97800.000000 2.04824000e+03
98200.000000 2.01529000e+03
98600.000000 1.98313000e+03
99000.000000 1.95172000e+03
99400.000000 1.92083000e+03
99800.000000 1.89052000e+03
100200.000000 1.86083000e+03
200000.000000 1.19028000e+02
400000.000000 7.40391000e+00
600000.000000 1.45072000e+00
800000.000000 4.55654000e-01
1000000.000000 1.85445000e-01
1200000.000000 8.89291000e-02
1400000.000000 4.77620000e-02
1600000.000000 2.78706000e-02
