# Kurucz ODFNEW /NOVER, alpha: 0.0 (2003)
# teff = 4250 K (value for the effective temperature for the model. Temperatures are given in K)
# logg = 3 log(cm/s2) (value for Log(G) for the model.)
# lh = 1.25  (l/Hp where l is the  mixing length of the convective element and Hp is the pressure scale height)
# meta = -2  (value for the Metallicity for the model.)
# vtur = 2 km/s (Microturbulence velocity)
# alpha = 0  (Alpha)
#
# column 1: WAVELENGTH (ANGSTROM), Wavelength in Angstrom
# column 2: FLUX (ERG/CM2/S/A), Flux in erg/cm2/s/A
147.200000 5.36063000e-151
151.000000 6.16719000e-147
155.200000 1.10849000e-142
158.800000 3.23659000e-139
162.000000 2.88246000e-136
166.000000 9.66555000e-133
170.300000 3.87536000e-129
173.400000 1.18454000e-126
176.800000 4.98791000e-124
180.200000 1.66751000e-121
181.700000 2.01950000e-120
186.100000 2.40332000e-117
191.000000 4.33248000e-114
193.900000 3.04993000e-112
198.400000 1.74982000e-109
201.800000 1.75972000e-107
205.000000 1.17263000e-105
210.500000 1.17618000e-102
216.200000 1.04131000e-99
219.800000 6.29597000e-98
223.000000 2.15133000e-96
226.800000 1.25129000e-94
230.000000 3.45088000e-93
234.000000 1.91117000e-91
240.000000 6.10583000e-89
246.500000 2.28733000e-86
252.400000 3.79084000e-84
256.800000 1.46679000e-82
260.000000 1.93492000e-81
264.000000 4.44777000e-80
268.500000 1.34822000e-78
273.500000 5.21916000e-77
278.500000 1.76984000e-75
284.000000 7.36962000e-74
290.000000 3.65172000e-72
296.000000 1.53704000e-70
301.000000 3.09260000e-69
308.000000 1.74799000e-67
318.000000 4.06108000e-65
328.000000 6.71596000e-63
338.000000 8.14174000e-61
348.000000 7.44382000e-59
357.000000 3.46671000e-57
366.000000 1.33201000e-55
375.000000 4.27054000e-54
385.000000 1.65563000e-52
395.000000 5.30089000e-51
405.000000 1.42315000e-49
414.000000 2.39099000e-48
422.000000 2.64432000e-47
430.000000 2.66665000e-46
441.000000 5.55406000e-45
451.000000 7.68124000e-44
460.000000 7.38521000e-43
470.000000 8.22154000e-42
480.000000 8.24406000e-41
490.000000 7.50211000e-40
500.000000 6.22282000e-39
506.000000 2.86789000e-38
512.000000 1.06419000e-37
520.000000 5.00797000e-37
530.000000 3.26101000e-36
540.000000 1.94837000e-35
550.000000 1.09963000e-34
560.000000 5.78813000e-34
570.000000 2.86646000e-33
580.000000 1.32583000e-32
590.000000 5.92800000e-32
600.000000 2.48997000e-31
610.000000 9.95392000e-31
620.000000 3.79650000e-30
630.000000 1.38466000e-29
640.000000 4.84211000e-29
650.000000 1.62604000e-28
658.000000 4.16734000e-28
665.000000 9.31036000e-28
675.000000 2.84723000e-27
685.000000 8.41173000e-27
695.000000 2.40447000e-26
705.000000 6.65929000e-26
716.000000 1.97221000e-25
726.000000 5.13386000e-25
735.000000 1.18641000e-24
745.000000 2.93456000e-24
755.000000 7.07559000e-24
765.000000 1.66476000e-23
775.000000 3.82572000e-23
785.000000 8.59498000e-23
795.000000 1.88918000e-22
805.000000 4.06736000e-22
815.000000 8.58130000e-22
825.000000 1.77603000e-21
835.000000 3.60825000e-21
845.000000 7.19454000e-21
855.000000 1.40684000e-20
865.000000 2.70413000e-20
875.000000 5.11393000e-20
885.000000 9.50740000e-20
895.000000 1.74583000e-19
905.000000 3.14387000e-19
915.000000 1.29300000e-14
925.000000 1.55350000e-13
935.000000 1.52415000e-13
945.000000 2.95203000e-13
955.000000 1.60176000e-13
965.000000 5.11678000e-13
975.000000 2.17234000e-13
985.000000 9.31238000e-13
995.000000 1.88113000e-12
1005.000000 1.59785000e-12
1015.000000 1.75028000e-12
1025.000000 2.78392000e-12
1035.000000 6.99247000e-12
1045.000000 1.29465000e-11
1055.000000 1.55217000e-11
1065.000000 4.68693000e-11
1075.000000 6.36051000e-11
1085.000000 2.03209000e-10
1095.000000 3.73862000e-10
1105.000000 3.57932000e-10
1115.000000 6.11203000e-10
1125.000000 1.59202000e-09
1135.000000 2.98290000e-09
1145.000000 4.35774000e-09
1155.000000 5.56273000e-09
1165.000000 5.36299000e-09
1175.000000 7.57375000e-09
1185.000000 9.45133000e-09
1195.000000 5.10950000e-09
1205.000000 6.22397000e-09
1215.000000 1.31077000e-09
1225.000000 1.22296000e-08
1235.000000 2.17137000e-08
1245.000000 5.01941000e-08
1255.000000 1.05561000e-07
1265.000000 2.06930000e-07
1275.000000 3.30259000e-07
1285.000000 5.28878000e-07
1295.000000 6.70577000e-07
1305.000000 1.19649000e-06
1315.000000 1.50897000e-06
1325.000000 1.97467000e-06
1335.000000 2.41461000e-06
1345.000000 3.15957000e-06
1355.000000 4.33972000e-06
1365.000000 5.27196000e-06
1375.000000 6.20063000e-06
1385.000000 7.71851000e-06
1395.000000 9.46012000e-06
1405.000000 1.27092000e-05
1415.000000 1.70439000e-05
1425.000000 1.95987000e-05
1435.000000 2.59163000e-05
1442.000000 3.68348000e-05
1447.000000 3.23452000e-05
1455.000000 4.14931000e-05
1465.000000 5.25909000e-05
1475.000000 5.85572000e-05
1485.000000 7.28560000e-05
1495.000000 1.06056000e-04
1505.000000 1.42552000e-04
1512.000000 1.10635000e-04
1517.000000 1.58603000e-04
1525.000000 3.87077000e-04
1535.000000 4.40520000e-03
1545.000000 3.42225000e-03
1555.000000 6.71609000e-03
1565.000000 6.26292000e-03
1575.000000 1.33370000e-02
1585.000000 1.59676000e-02
1595.000000 1.79833000e-02
1605.000000 2.02914000e-02
1615.000000 3.06240000e-02
1625.000000 4.16587000e-02
1635.000000 6.65217000e-02
1645.000000 1.29251000e-01
1655.000000 1.03580000e-01
1665.000000 2.15284000e-01
1672.000000 1.60215000e-01
1677.000000 2.86787000e-01
1685.000000 4.61022000e-01
1695.000000 7.10207000e-01
1705.000000 8.81879000e-01
1715.000000 8.65899000e-01
1725.000000 1.31885000e+00
1735.000000 1.56613000e+00
1745.000000 2.32680000e+00
1755.000000 2.79878000e+00
1765.000000 3.07807000e+00
1775.000000 3.14010000e+00
1785.000000 4.82679000e+00
1795.000000 5.03822000e+00
1805.000000 6.65539000e+00
1815.000000 6.44959000e+00
1825.000000 8.31534000e+00
1835.000000 9.25258000e+00
1845.000000 8.38881000e+00
1855.000000 1.02836000e+01
1865.000000 1.33396000e+01
1875.000000 1.44653000e+01
1885.000000 1.68696000e+01
1895.000000 2.22469000e+01
1905.000000 2.21666000e+01
1915.000000 2.85339000e+01
1925.000000 3.06396000e+01
1935.000000 2.56219000e+01
1945.000000 3.76259000e+01
1955.000000 4.46119000e+01
1967.000000 5.48723000e+01
1976.000000 5.87308000e+01
1984.000000 6.38982000e+01
1995.000000 6.76386000e+01
2005.000000 7.14432000e+01
2015.000000 8.42704000e+01
2025.000000 6.93701000e+01
2035.000000 9.87758000e+01
2045.000000 1.14423000e+02
2055.000000 1.26301000e+02
2065.000000 1.29048000e+02
2074.000000 1.41102000e+02
2078.000000 1.60068000e+02
2085.000000 1.68051000e+02
2095.000000 2.08380000e+02
2105.000000 2.33816000e+02
2115.000000 2.99768000e+02
2125.000000 2.80193000e+02
2135.000000 3.70901000e+02
2145.000000 4.10011000e+02
2155.000000 4.31103000e+02
2165.000000 3.88591000e+02
2175.000000 4.37769000e+02
2185.000000 5.50895000e+02
2195.000000 6.83817000e+02
2205.000000 7.32426000e+02
2215.000000 6.15179000e+02
2225.000000 9.12407000e+02
2235.000000 1.50406000e+03
2245.000000 1.59691000e+03
2255.000000 1.22449000e+03
2265.000000 9.16081000e+02
2275.000000 1.09126000e+03
2285.000000 1.72230000e+03
2295.000000 1.55419000e+03
2305.000000 1.57193000e+03
2315.000000 2.07864000e+03
2325.000000 2.00860000e+03
2335.000000 2.52713000e+03
2345.000000 1.73271000e+03
2355.000000 2.68030000e+03
2365.000000 1.91994000e+03
2375.000000 2.43304000e+03
2385.000000 1.79840000e+03
2395.000000 2.29669000e+03
2405.000000 2.82422000e+03
2415.000000 2.84616000e+03
2425.000000 5.89096000e+03
2435.000000 6.60157000e+03
2445.000000 8.92539000e+03
2455.000000 8.96284000e+03
2465.000000 5.73468000e+03
2475.000000 4.66943000e+03
2485.000000 1.30127000e+03
2495.000000 2.82446000e+03
2505.000000 4.47835000e+03
2513.000000 2.21808000e+03
2518.000000 1.59430000e+03
2525.000000 1.74059000e+03
2535.000000 4.63831000e+03
2545.000000 5.62626000e+03
2555.000000 1.48192000e+04
2565.000000 1.26145000e+04
2575.000000 1.74603000e+04
2585.000000 1.59668000e+04
2595.000000 1.38736000e+04
2605.000000 1.11159000e+04
2615.000000 9.86747000e+03
2625.000000 1.43057000e+04
2635.000000 3.03853000e+04
2645.000000 3.85882000e+04
2655.000000 5.75808000e+04
2665.000000 4.32843000e+04
2675.000000 4.42401000e+04
2685.000000 4.98784000e+04
2695.000000 3.50985000e+04
2705.000000 4.78667000e+04
2715.000000 2.89696000e+04
2725.000000 1.79958000e+04
2735.000000 2.95406000e+04
2745.000000 2.00353000e+04
2755.000000 2.82427000e+04
2765.000000 4.25487000e+04
2775.000000 4.06380000e+04
2785.000000 1.98501000e+04
2795.000000 7.84079000e+03
2805.000000 9.77540000e+03
2815.000000 2.67326000e+04
2825.000000 3.24122000e+04
2835.000000 1.99093000e+04
2845.000000 9.84455000e+03
2855.000000 5.38863000e+03
2865.000000 1.46387000e+04
2875.000000 3.05695000e+04
2885.000000 4.35999000e+04
2895.000000 6.54431000e+04
2910.000000 9.32425000e+04
2930.000000 9.42471000e+04
2950.000000 7.91943000e+04
2970.000000 7.40996000e+04
2990.000000 8.32546000e+04
3010.000000 7.65176000e+04
3030.000000 9.17234000e+04
3050.000000 1.01390000e+05
3070.000000 1.04734000e+05
3090.000000 8.93046000e+04
3110.000000 1.19565000e+05
3130.000000 1.05041000e+05
3150.000000 1.08594000e+05
3170.000000 1.37373000e+05
3190.000000 1.26967000e+05
3210.000000 1.45550000e+05
3230.000000 1.46786000e+05
3250.000000 2.16162000e+05
3270.000000 2.63762000e+05
3290.000000 2.61474000e+05
3310.000000 2.20551000e+05
3330.000000 2.14852000e+05
3350.000000 1.93731000e+05
3370.000000 1.03300000e+05
3390.000000 1.45377000e+05
3410.000000 1.66592000e+05
3430.000000 2.21685000e+05
3450.000000 2.15678000e+05
3470.000000 2.41195000e+05
3490.000000 2.96853000e+05
3510.000000 3.51010000e+05
3530.000000 3.33046000e+05
3550.000000 4.27772000e+05
3570.000000 2.96922000e+05
3590.000000 2.93886000e+05
3610.000000 3.64181000e+05
3630.000000 3.76446000e+05
3640.000000 4.14017000e+05
3650.000000 4.25551000e+05
3670.000000 4.84921000e+05
3690.000000 4.47529000e+05
3710.000000 4.40801000e+05
3730.000000 2.49451000e+05
3750.000000 3.11912000e+05
3770.000000 4.79815000e+05
3790.000000 5.08335000e+05
3810.000000 4.91567000e+05
3830.000000 2.77650000e+05
3850.000000 4.06682000e+05
3870.000000 3.69462000e+05
3890.000000 3.97291000e+05
3910.000000 4.95452000e+05
3930.000000 2.42826000e+05
3950.000000 5.15240000e+05
3970.000000 3.51419000e+05
3990.000000 7.06221000e+05
4010.000000 7.78476000e+05
4030.000000 7.21592000e+05
4050.000000 7.30606000e+05
4070.000000 7.07341000e+05
4090.000000 8.12031000e+05
4110.000000 7.03854000e+05
4130.000000 7.42884000e+05
4150.000000 6.70993000e+05
4170.000000 7.15095000e+05
4190.000000 7.10237000e+05
4210.000000 7.01209000e+05
4230.000000 7.01690000e+05
4250.000000 7.02714000e+05
4270.000000 6.46392000e+05
4290.000000 5.85745000e+05
4310.000000 5.00478000e+05
4330.000000 8.13482000e+05
4350.000000 7.85791000e+05
4370.000000 8.05957000e+05
4390.000000 7.63444000e+05
4410.000000 8.74524000e+05
4430.000000 1.01933000e+06
4450.000000 1.02239000e+06
4470.000000 1.08151000e+06
4490.000000 1.12706000e+06
4510.000000 1.19499000e+06
4530.000000 1.11872000e+06
4550.000000 1.17351000e+06
4570.000000 1.21966000e+06
4590.000000 1.20900000e+06
4610.000000 1.22928000e+06
4630.000000 1.25384000e+06
4650.000000 1.24540000e+06
4670.000000 1.29297000e+06
4690.000000 1.28974000e+06
4710.000000 1.28061000e+06
4730.000000 1.29848000e+06
4750.000000 1.30139000e+06
4770.000000 1.28671000e+06
4790.000000 1.29344000e+06
4810.000000 1.33266000e+06
4830.000000 1.31253000e+06
4850.000000 1.32165000e+06
4870.000000 1.28921000e+06
4890.000000 1.32739000e+06
4910.000000 1.34761000e+06
4930.000000 1.31960000e+06
4950.000000 1.34057000e+06
4970.000000 1.38030000e+06
4990.000000 1.31815000e+06
5010.000000 1.26894000e+06
5030.000000 1.32153000e+06
5050.000000 1.28313000e+06
5070.000000 1.30803000e+06
5090.000000 1.27716000e+06
5110.000000 1.26332000e+06
5130.000000 1.24919000e+06
5150.000000 1.19853000e+06
5170.000000 1.12330000e+06
5190.000000 1.20469000e+06
5210.000000 1.25471000e+06
5230.000000 1.40993000e+06
5250.000000 1.45334000e+06
5270.000000 1.35594000e+06
5290.000000 1.46685000e+06
5310.000000 1.50753000e+06
5330.000000 1.42409000e+06
5350.000000 1.48744000e+06
5370.000000 1.47912000e+06
5390.000000 1.47556000e+06
5410.000000 1.46660000e+06
5430.000000 1.46335000e+06
5450.000000 1.48117000e+06
5470.000000 1.51304000e+06
5490.000000 1.52791000e+06
5510.000000 1.51076000e+06
5530.000000 1.54494000e+06
5550.000000 1.56085000e+06
5570.000000 1.53291000e+06
5590.000000 1.52256000e+06
5610.000000 1.53974000e+06
5630.000000 1.56982000e+06
5650.000000 1.58079000e+06
5670.000000 1.56404000e+06
5690.000000 1.58413000e+06
5710.000000 1.55318000e+06
5730.000000 1.59514000e+06
5750.000000 1.59283000e+06
5770.000000 1.59822000e+06
5790.000000 1.58888000e+06
5810.000000 1.60162000e+06
5830.000000 1.60905000e+06
5850.000000 1.59741000e+06
5870.000000 1.60217000e+06
5890.000000 1.49314000e+06
5910.000000 1.60138000e+06
5930.000000 1.60559000e+06
5950.000000 1.60535000e+06
5970.000000 1.61131000e+06
5990.000000 1.61370000e+06
6010.000000 1.60360000e+06
6030.000000 1.61142000e+06
6050.000000 1.62147000e+06
6070.000000 1.61193000e+06
6090.000000 1.61253000e+06
6110.000000 1.60865000e+06
6130.000000 1.57261000e+06
6150.000000 1.60762000e+06
6170.000000 1.57406000e+06
6190.000000 1.60500000e+06
6210.000000 1.60855000e+06
6230.000000 1.59513000e+06
6250.000000 1.57703000e+06
6270.000000 1.60321000e+06
6290.000000 1.60855000e+06
6310.000000 1.59724000e+06
6330.000000 1.60333000e+06
6350.000000 1.61604000e+06
6370.000000 1.61826000e+06
6390.000000 1.61091000e+06
6410.000000 1.59611000e+06
6430.000000 1.60260000e+06
6450.000000 1.60227000e+06
6470.000000 1.59805000e+06
6490.000000 1.58339000e+06
6510.000000 1.61190000e+06
6530.000000 1.62033000e+06
6550.000000 1.60570000e+06
6570.000000 1.56365000e+06
6590.000000 1.60301000e+06
6610.000000 1.61195000e+06
6630.000000 1.61510000e+06
6650.000000 1.61008000e+06
6670.000000 1.59959000e+06
6690.000000 1.61589000e+06
6710.000000 1.60501000e+06
6730.000000 1.61387000e+06
6750.000000 1.60283000e+06
6770.000000 1.60628000e+06
6790.000000 1.60843000e+06
6810.000000 1.60379000e+06
6830.000000 1.60806000e+06
6850.000000 1.60101000e+06
6870.000000 1.59841000e+06
6890.000000 1.60343000e+06
6910.000000 1.59953000e+06
6930.000000 1.59831000e+06
6950.000000 1.59185000e+06
6970.000000 1.59591000e+06
6990.000000 1.59034000e+06
7010.000000 1.58695000e+06
7030.000000 1.58914000e+06
7050.000000 1.58885000e+06
7070.000000 1.58440000e+06
7090.000000 1.58252000e+06
7110.000000 1.58250000e+06
7130.000000 1.57482000e+06
7150.000000 1.56668000e+06
7170.000000 1.57554000e+06
7190.000000 1.55892000e+06
7210.000000 1.56079000e+06
7230.000000 1.57033000e+06
7250.000000 1.56612000e+06
7270.000000 1.56707000e+06
7290.000000 1.56110000e+06
7310.000000 1.56181000e+06
7330.000000 1.55645000e+06
7350.000000 1.55552000e+06
7370.000000 1.55868000e+06
7390.000000 1.55087000e+06
7410.000000 1.54196000e+06
7430.000000 1.54718000e+06
7450.000000 1.54534000e+06
7470.000000 1.54457000e+06
7490.000000 1.53962000e+06
7510.000000 1.53831000e+06
7530.000000 1.53952000e+06
7550.000000 1.53924000e+06
7570.000000 1.53578000e+06
7590.000000 1.52992000e+06
7610.000000 1.53093000e+06
7630.000000 1.52919000e+06
7650.000000 1.52771000e+06
7670.000000 1.50797000e+06
7690.000000 1.52339000e+06
7710.000000 1.50827000e+06
7730.000000 1.51397000e+06
7750.000000 1.50629000e+06
7770.000000 1.51440000e+06
7790.000000 1.50800000e+06
7810.000000 1.50905000e+06
7830.000000 1.50160000e+06
7850.000000 1.50093000e+06
7870.000000 1.50091000e+06
7890.000000 1.49622000e+06
7910.000000 1.48830000e+06
7930.000000 1.48272000e+06
7950.000000 1.47777000e+06
7970.000000 1.48513000e+06
7990.000000 1.48154000e+06
8010.000000 1.47574000e+06
8030.000000 1.47581000e+06
8050.000000 1.46553000e+06
8070.000000 1.46874000e+06
8090.000000 1.46241000e+06
8110.000000 1.46345000e+06
8130.000000 1.46230000e+06
8150.000000 1.45956000e+06
8170.000000 1.45682000e+06
8190.000000 1.43910000e+06
8210.000000 1.44473000e+06
8230.000000 1.44094000e+06
8250.000000 1.44376000e+06
8270.000000 1.44417000e+06
8290.000000 1.44055000e+06
8310.000000 1.43417000e+06
8330.000000 1.41633000e+06
8350.000000 1.42960000e+06
8370.000000 1.42476000e+06
8390.000000 1.39566000e+06
8410.000000 1.41960000e+06
8430.000000 1.40212000e+06
8450.000000 1.41680000e+06
8470.000000 1.40329000e+06
8490.000000 1.40270000e+06
8510.000000 1.35923000e+06
8530.000000 1.39812000e+06
8550.000000 1.28465000e+06
8570.000000 1.40048000e+06
8590.000000 1.39438000e+06
8610.000000 1.38933000e+06
8630.000000 1.38973000e+06
8650.000000 1.38578000e+06
8670.000000 1.28086000e+06
8690.000000 1.35868000e+06
8710.000000 1.37907000e+06
8730.000000 1.37696000e+06
8750.000000 1.36865000e+06
8770.000000 1.37133000e+06
8790.000000 1.36705000e+06
8810.000000 1.34910000e+06
8830.000000 1.34754000e+06
8850.000000 1.35449000e+06
8870.000000 1.35050000e+06
8890.000000 1.35458000e+06
8910.000000 1.35211000e+06
8930.000000 1.34734000e+06
8950.000000 1.34024000e+06
8970.000000 1.34073000e+06
8990.000000 1.33929000e+06
9010.000000 1.31813000e+06
9030.000000 1.33166000e+06
9050.000000 1.33102000e+06
9070.000000 1.32772000e+06
9090.000000 1.31186000e+06
9110.000000 1.31763000e+06
9130.000000 1.31548000e+06
9150.000000 1.31046000e+06
9170.000000 1.30547000e+06
9190.000000 1.30318000e+06
9210.000000 1.29690000e+06
9230.000000 1.29562000e+06
9250.000000 1.29003000e+06
9270.000000 1.29100000e+06
9290.000000 1.28662000e+06
9310.000000 1.28693000e+06
9330.000000 1.28440000e+06
9350.000000 1.28021000e+06
9370.000000 1.27260000e+06
9390.000000 1.27445000e+06
9410.000000 1.26717000e+06
9430.000000 1.26815000e+06
9450.000000 1.26275000e+06
9470.000000 1.26305000e+06
9490.000000 1.26032000e+06
9510.000000 1.25840000e+06
9530.000000 1.25433000e+06
9550.000000 1.24966000e+06
9570.000000 1.24794000e+06
9590.000000 1.24704000e+06
9610.000000 1.24218000e+06
9630.000000 1.24056000e+06
9650.000000 1.22672000e+06
9670.000000 1.22750000e+06
9690.000000 1.23134000e+06
9710.000000 1.22548000e+06
9730.000000 1.22192000e+06
9750.000000 1.21913000e+06
9770.000000 1.21943000e+06
9790.000000 1.20985000e+06
9810.000000 1.21596000e+06
9830.000000 1.21297000e+06
9850.000000 1.21073000e+06
9870.000000 1.20691000e+06
9890.000000 1.20438000e+06
9910.000000 1.20160000e+06
9930.000000 1.19932000e+06
9950.000000 1.19649000e+06
9970.000000 1.19385000e+06
9990.000000 1.19123000e+06
10025.000000 1.18558000e+06
10075.000000 1.17808000e+06
10125.000000 1.17136000e+06
10175.000000 1.16337000e+06
10225.000000 1.15717000e+06
10275.000000 1.15107000e+06
10325.000000 1.14031000e+06
10375.000000 1.13417000e+06
10425.000000 1.13042000e+06
10475.000000 1.12244000e+06
10525.000000 1.11707000e+06
10575.000000 1.10839000e+06
10625.000000 1.10205000e+06
10675.000000 1.09443000e+06
10725.000000 1.08949000e+06
10775.000000 1.08041000e+06
10825.000000 1.07022000e+06
10875.000000 1.06719000e+06
10925.000000 1.06117000e+06
10975.000000 1.05008000e+06
11025.000000 1.04414000e+06
11075.000000 1.03950000e+06
11125.000000 1.03273000e+06
11175.000000 1.02777000e+06
11225.000000 1.02323000e+06
11275.000000 1.01436000e+06
11325.000000 1.01176000e+06
11375.000000 1.00344000e+06
11425.000000 9.94246000e+05
11475.000000 9.95414000e+05
11525.000000 9.90539000e+05
11575.000000 9.82647000e+05
11625.000000 9.70811000e+05
11675.000000 9.70252000e+05
11725.000000 9.69092000e+05
11775.000000 9.59902000e+05
11825.000000 9.52771000e+05
11875.000000 9.43643000e+05
11925.000000 9.47720000e+05
11975.000000 9.30707000e+05
12025.000000 9.34264000e+05
12075.000000 9.28119000e+05
12125.000000 9.26323000e+05
12175.000000 9.22136000e+05
12225.000000 9.17179000e+05
12275.000000 9.11648000e+05
12325.000000 9.07540000e+05
12375.000000 9.02582000e+05
12425.000000 8.97968000e+05
12475.000000 8.93423000e+05
12525.000000 8.88586000e+05
12575.000000 8.84154000e+05
12625.000000 8.79457000e+05
12675.000000 8.75018000e+05
12725.000000 8.70947000e+05
12775.000000 8.66705000e+05
12825.000000 8.58930000e+05
12875.000000 8.57521000e+05
12925.000000 8.52117000e+05
12975.000000 8.49904000e+05
13025.000000 8.45967000e+05
13075.000000 8.42088000e+05
13125.000000 8.35421000e+05
13175.000000 8.32261000e+05
13225.000000 8.30353000e+05
13275.000000 8.24601000e+05
13325.000000 8.21989000e+05
13375.000000 8.18971000e+05
13425.000000 8.15725000e+05
13475.000000 8.12401000e+05
13525.000000 8.08980000e+05
13575.000000 8.04626000e+05
13625.000000 7.99441000e+05
13675.000000 7.98804000e+05
13725.000000 7.95974000e+05
13775.000000 7.92588000e+05
13825.000000 7.89684000e+05
13875.000000 7.84590000e+05
13925.000000 7.77431000e+05
13975.000000 7.77318000e+05
14025.000000 7.74141000e+05
14075.000000 7.72834000e+05
14125.000000 7.68997000e+05
14175.000000 7.67031000e+05
14225.000000 7.63417000e+05
14275.000000 7.60131000e+05
14325.000000 7.58946000e+05
14375.000000 7.57048000e+05
14425.000000 7.52787000e+05
14475.000000 7.52863000e+05
14525.000000 7.48635000e+05
14570.000000 7.45917000e+05
14620.000000 7.41053000e+05
14675.000000 7.39235000e+05
14725.000000 7.38323000e+05
14775.000000 7.36475000e+05
14825.000000 7.35047000e+05
14875.000000 7.27032000e+05
14925.000000 7.32519000e+05
14975.000000 7.31433000e+05
15025.000000 7.16260000e+05
15075.000000 7.21098000e+05
15125.000000 7.23732000e+05
15175.000000 7.23208000e+05
15225.000000 7.21033000e+05
15275.000000 7.15788000e+05
15325.000000 7.17670000e+05
15375.000000 7.13248000e+05
15425.000000 7.09455000e+05
15475.000000 7.12760000e+05
15525.000000 7.08082000e+05
15575.000000 7.05189000e+05
15625.000000 7.05961000e+05
15675.000000 7.03856000e+05
15725.000000 6.98580000e+05
15775.000000 6.91312000e+05
15825.000000 6.96894000e+05
15875.000000 6.87638000e+05
15925.000000 6.91824000e+05
15975.000000 6.90098000e+05
16050.000000 6.83927000e+05
16150.000000 6.79066000e+05
16250.000000 6.70206000e+05
16350.000000 6.62427000e+05
16450.000000 6.49943000e+05
16550.000000 6.40723000e+05
16650.000000 6.28266000e+05
16750.000000 6.14933000e+05
16850.000000 6.03489000e+05
16950.000000 5.94068000e+05
17050.000000 5.82455000e+05
17150.000000 5.69022000e+05
17250.000000 5.60772000e+05
17350.000000 5.48182000e+05
17450.000000 5.40667000e+05
17550.000000 5.30218000e+05
17650.000000 5.20732000e+05
17750.000000 5.11605000e+05
17850.000000 5.01691000e+05
17950.000000 4.93802000e+05
18050.000000 4.83292000e+05
18150.000000 4.74573000e+05
18250.000000 4.65858000e+05
18350.000000 4.59060000e+05
18450.000000 4.49626000e+05
18550.000000 4.41781000e+05
18650.000000 4.34521000e+05
18750.000000 4.22280000e+05
18850.000000 4.18776000e+05
18950.000000 4.11263000e+05
19050.000000 4.04911000e+05
19150.000000 3.97889000e+05
19250.000000 3.91641000e+05
19350.000000 3.83498000e+05
19450.000000 3.75622000e+05
19550.000000 3.71030000e+05
19650.000000 3.64970000e+05
19750.000000 3.57024000e+05
19850.000000 3.52040000e+05
19950.000000 3.46456000e+05
20050.000000 3.41378000e+05
20150.000000 3.35614000e+05
20250.000000 3.29726000e+05
20350.000000 3.24401000e+05
20450.000000 3.19425000e+05
20550.000000 3.13755000e+05
20650.000000 3.08427000e+05
20750.000000 3.03868000e+05
20850.000000 2.98725000e+05
20950.000000 2.93777000e+05
21050.000000 2.89275000e+05
21150.000000 2.84693000e+05
21250.000000 2.80143000e+05
21350.000000 2.75673000e+05
21450.000000 2.71430000e+05
21550.000000 2.67068000e+05
21650.000000 2.62050000e+05
21750.000000 2.58627000e+05
21850.000000 2.54505000e+05
21950.000000 2.50698000e+05
22050.000000 2.46353000e+05
22150.000000 2.43128000e+05
22250.000000 2.38984000e+05
22350.000000 2.35455000e+05
22450.000000 2.31927000e+05
22550.000000 2.28444000e+05
22650.000000 2.24787000e+05
22750.000000 2.21490000e+05
22850.000000 2.18048000e+05
22950.000000 2.07919000e+05
23050.000000 2.08282000e+05
23150.000000 2.06064000e+05
23250.000000 1.95675000e+05
23350.000000 1.97457000e+05
23450.000000 1.96359000e+05
23550.000000 1.86598000e+05
23650.000000 1.88600000e+05
23750.000000 1.87349000e+05
23850.000000 1.79052000e+05
23950.000000 1.80088000e+05
24050.000000 1.78614000e+05
24150.000000 1.72532000e+05
24250.000000 1.72233000e+05
24350.000000 1.70688000e+05
24450.000000 1.66484000e+05
24550.000000 1.64305000e+05
24650.000000 1.63601000e+05
24750.000000 1.60338000e+05
24850.000000 1.57348000e+05
24950.000000 1.56561000e+05
25050.000000 1.54798000e+05
25150.000000 1.51324000e+05
25250.000000 1.48709000e+05
25350.000000 1.47820000e+05
25450.000000 1.45992000e+05
25550.000000 1.44309000e+05
25650.000000 1.42395000e+05
25750.000000 1.40911000e+05
25850.000000 1.38396000e+05
25950.000000 1.37231000e+05
26050.000000 1.35286000e+05
26150.000000 1.33966000e+05
26250.000000 1.31236000e+05
26350.000000 1.30155000e+05
26450.000000 1.28726000e+05
26550.000000 1.25546000e+05
26650.000000 1.24462000e+05
26750.000000 1.23486000e+05
26850.000000 1.22077000e+05
26950.000000 1.20275000e+05
27050.000000 1.18867000e+05
27150.000000 1.17288000e+05
27250.000000 1.15957000e+05
27350.000000 1.14451000e+05
27450.000000 1.12968000e+05
27550.000000 1.11485000e+05
27650.000000 1.10162000e+05
27750.000000 1.08876000e+05
27850.000000 1.07328000e+05
27950.000000 1.05433000e+05
28050.000000 1.03471000e+05
28150.000000 1.02904000e+05
28250.000000 1.01841000e+05
28350.000000 1.00594000e+05
28450.000000 9.94648000e+04
28550.000000 9.79466000e+04
28650.000000 9.68372000e+04
28750.000000 9.56588000e+04
28850.000000 9.44627000e+04
28950.000000 9.34112000e+04
29050.000000 9.18853000e+04
29150.000000 9.13003000e+04
29250.000000 8.95058000e+04
29350.000000 8.85077000e+04
29450.000000 8.71562000e+04
29550.000000 8.66492000e+04
29650.000000 8.48144000e+04
29750.000000 8.44495000e+04
29850.000000 8.34111000e+04
29950.000000 8.25401000e+04
30050.000000 8.08276000e+04
30150.000000 8.06322000e+04
30250.000000 7.95483000e+04
30350.000000 7.86978000e+04
30450.000000 7.67190000e+04
30550.000000 7.68755000e+04
30650.000000 7.58774000e+04
30750.000000 7.48867000e+04
30850.000000 7.37410000e+04
30950.000000 7.27775000e+04
31050.000000 7.23564000e+04
31150.000000 7.11898000e+04
31250.000000 7.07465000e+04
31350.000000 6.90080000e+04
31450.000000 6.89202000e+04
31550.000000 6.80715000e+04
31650.000000 6.76120000e+04
31750.000000 6.63982000e+04
31850.000000 6.56217000e+04
31950.000000 6.49274000e+04
32100.000000 6.42086000e+04
32300.000000 6.22027000e+04
32500.000000 6.13110000e+04
32700.000000 5.98693000e+04
32900.000000 5.81273000e+04
33100.000000 5.73479000e+04
33300.000000 5.57234000e+04
33500.000000 5.46841000e+04
33700.000000 5.37384000e+04
33900.000000 5.20146000e+04
34100.000000 5.13706000e+04
34300.000000 5.04018000e+04
34500.000000 4.88094000e+04
34700.000000 4.81608000e+04
34900.000000 4.72516000e+04
35100.000000 4.59594000e+04
35300.000000 4.50350000e+04
35500.000000 4.43287000e+04
35700.000000 4.31358000e+04
35900.000000 4.22823000e+04
36100.000000 4.16764000e+04
36300.000000 4.06037000e+04
36500.000000 3.98744000e+04
36700.000000 3.90633000e+04
36900.000000 3.83173000e+04
37100.000000 3.74126000e+04
37300.000000 3.67147000e+04
37500.000000 3.61232000e+04
37700.000000 3.52240000e+04
37900.000000 3.47274000e+04
38100.000000 3.39070000e+04
38300.000000 3.33072000e+04
38500.000000 3.26342000e+04
38700.000000 3.21167000e+04
38900.000000 3.13864000e+04
39100.000000 3.08173000e+04
39300.000000 3.02166000e+04
39500.000000 2.97448000e+04
39700.000000 2.91566000e+04
39900.000000 2.84722000e+04
40100.000000 2.80929000e+04
40300.000000 2.75201000e+04
40500.000000 2.70055000e+04
40700.000000 2.64360000e+04
40900.000000 2.60813000e+04
41100.000000 2.55426000e+04
41300.000000 2.51213000e+04
41500.000000 2.46479000e+04
41700.000000 2.41672000e+04
41900.000000 2.37997000e+04
42100.000000 2.32936000e+04
42300.000000 2.29517000e+04
42500.000000 2.25214000e+04
42700.000000 2.21167000e+04
42900.000000 2.12928000e+04
43100.000000 2.05318000e+04
43300.000000 2.04350000e+04
43500.000000 1.95828000e+04
43700.000000 1.91019000e+04
43900.000000 1.88299000e+04
44100.000000 1.80668000e+04
44300.000000 1.78460000e+04
44500.000000 1.75146000e+04
44700.000000 1.68983000e+04
44900.000000 1.68103000e+04
45100.000000 1.63989000e+04
45300.000000 1.59767000e+04
45500.000000 1.58484000e+04
45700.000000 1.56952000e+04
45900.000000 1.51755000e+04
46100.000000 1.51129000e+04
46300.000000 1.48438000e+04
46500.000000 1.47664000e+04
46700.000000 1.45585000e+04
46900.000000 1.43117000e+04
47100.000000 1.41112000e+04
47300.000000 1.40423000e+04
47500.000000 1.37202000e+04
47700.000000 1.35380000e+04
47900.000000 1.33915000e+04
48100.000000 1.30612000e+04
48300.000000 1.30363000e+04
48500.000000 1.28332000e+04
48700.000000 1.25536000e+04
48900.000000 1.23840000e+04
49100.000000 1.22501000e+04
49300.000000 1.20193000e+04
49500.000000 1.18444000e+04
49700.000000 1.16860000e+04
49900.000000 1.15489000e+04
50100.000000 1.12852000e+04
50300.000000 1.12248000e+04
50500.000000 1.09807000e+04
50700.000000 1.08633000e+04
50900.000000 1.07580000e+04
51100.000000 1.05564000e+04
51300.000000 1.04507000e+04
51500.000000 1.02731000e+04
51700.000000 1.01988000e+04
51900.000000 9.99261000e+03
52100.000000 9.87357000e+03
52300.000000 9.72534000e+03
52500.000000 9.62582000e+03
52700.000000 9.52862000e+03
52900.000000 9.31979000e+03
53100.000000 9.23101000e+03
53300.000000 9.09371000e+03
53500.000000 9.00268000e+03
53700.000000 8.88675000e+03
53900.000000 8.77632000e+03
54100.000000 8.65787000e+03
54300.000000 8.49494000e+03
54500.000000 8.43055000e+03
54700.000000 8.32242000e+03
54900.000000 8.19428000e+03
55100.000000 8.10263000e+03
55300.000000 8.04438000e+03
55500.000000 7.86750000e+03
55700.000000 7.82410000e+03
55900.000000 7.70383000e+03
56100.000000 7.59789000e+03
56300.000000 7.49087000e+03
56500.000000 7.42755000e+03
56700.000000 7.33107000e+03
56900.000000 7.20783000e+03
57100.000000 7.15083000e+03
57300.000000 7.04971000e+03
57500.000000 6.96521000e+03
57700.000000 6.87412000e+03
57900.000000 6.80210000e+03
58100.000000 6.70413000e+03
58300.000000 6.61952000e+03
58500.000000 6.54924000e+03
58700.000000 6.45450000e+03
58900.000000 6.37904000e+03
59100.000000 6.30412000e+03
59300.000000 6.22406000e+03
59500.000000 6.14483000e+03
59700.000000 6.07709000e+03
59900.000000 6.00329000e+03
60100.000000 5.93118000e+03
60300.000000 5.85346000e+03
60500.000000 5.77509000e+03
60700.000000 5.70673000e+03
60900.000000 5.64006000e+03
61100.000000 5.56606000e+03
61300.000000 5.50493000e+03
61500.000000 5.43642000e+03
61700.000000 5.37243000e+03
61900.000000 5.30946000e+03
62100.000000 5.24395000e+03
62300.000000 5.18103000e+03
62500.000000 5.11417000e+03
62700.000000 5.05380000e+03
62900.000000 4.99391000e+03
63100.000000 4.93269000e+03
63300.000000 4.87721000e+03
63500.000000 4.81412000e+03
63700.000000 4.76175000e+03
63900.000000 4.70016000e+03
64200.000000 4.61803000e+03
64600.000000 4.50415000e+03
65000.000000 4.39770000e+03
65400.000000 4.29422000e+03
65800.000000 4.19179000e+03
66200.000000 4.09323000e+03
66600.000000 4.00064000e+03
67000.000000 3.90812000e+03
67400.000000 3.81982000e+03
67800.000000 3.73120000e+03
68200.000000 3.64658000e+03
68600.000000 3.56839000e+03
69000.000000 3.48742000e+03
69400.000000 3.40916000e+03
69800.000000 3.33649000e+03
70200.000000 3.26096000e+03
70600.000000 3.19101000e+03
71000.000000 3.12197000e+03
71400.000000 3.05502000e+03
71800.000000 2.98987000e+03
72200.000000 2.92453000e+03
72600.000000 2.86259000e+03
73000.000000 2.80366000e+03
73400.000000 2.74298000e+03
73800.000000 2.68697000e+03
74200.000000 2.62982000e+03
74600.000000 2.57570000e+03
75000.000000 2.52318000e+03
75400.000000 2.47143000e+03
75800.000000 2.41998000e+03
76200.000000 2.37076000e+03
76600.000000 2.32302000e+03
77000.000000 2.27677000e+03
77400.000000 2.22972000e+03
77800.000000 2.18631000e+03
78200.000000 2.14225000e+03
78600.000000 2.10020000e+03
79000.000000 2.05822000e+03
79400.000000 2.01919000e+03
79800.000000 1.97870000e+03
80200.000000 1.94121000e+03
80600.000000 1.90372000e+03
81000.000000 1.86677000e+03
81400.000000 1.83146000e+03
81800.000000 1.79727000e+03
82200.000000 1.76265000e+03
82600.000000 1.73065000e+03
83000.000000 1.69766000e+03
83400.000000 1.66576000e+03
83800.000000 1.63439000e+03
84200.000000 1.60567000e+03
84600.000000 1.57584000e+03
85000.000000 1.54634000e+03
85400.000000 1.51892000e+03
85800.000000 1.49149000e+03
86200.000000 1.46480000e+03
86600.000000 1.43849000e+03
87000.000000 1.41315000e+03
87400.000000 1.38757000e+03
87800.000000 1.36308000e+03
88200.000000 1.33931000e+03
88600.000000 1.31573000e+03
89000.000000 1.29294000e+03
89400.000000 1.27056000e+03
89800.000000 1.24842000e+03
90200.000000 1.22705000e+03
90600.000000 1.20623000e+03
91000.000000 1.18524000e+03
91400.000000 1.16447000e+03
91800.000000 1.14504000e+03
92200.000000 1.12564000e+03
92600.000000 1.10654000e+03
93000.000000 1.08885000e+03
93400.000000 1.06966000e+03
93800.000000 1.05165000e+03
94200.000000 1.03547000e+03
94600.000000 1.01676000e+03
95000.000000 1.00162000e+03
95400.000000 9.85622000e+02
95800.000000 9.67475000e+02
96200.000000 9.53543000e+02
96600.000000 9.35974000e+02
97000.000000 9.22625000e+02
97400.000000 9.08033000e+02
97800.000000 8.91404000e+02
98200.000000 8.79196000e+02
98600.000000 8.65295000e+02
99000.000000 8.50053000e+02
99400.000000 8.36705000e+02
99800.000000 8.25170000e+02
100200.000000 8.12329000e+02
200000.000000 5.31961000e+01
400000.000000 3.38774000e+00
600000.000000 6.71771000e-01
800000.000000 2.12511000e-01
1000000.000000 8.68889000e-02
1200000.000000 4.17987000e-02
1400000.000000 2.24981000e-02
1600000.000000 1.31499000e-02
