# Kurucz ODFNEW /NOVER, alpha: 0.0 (2003)
# teff = 11000 K (value for the effective temperature for the model. Temperatures are given in K)
# logg = 2.5 log(cm/s2) (value for Log(G) for the model.)
# lh = 1.25  (l/Hp where l is the  mixing length of the convective element and Hp is the pressure scale height)
# meta = -0.5  (value for the Metallicity for the model.)
# vtur = 2 km/s (Microturbulence velocity)
# alpha = 0  (Alpha)
#
# column 1: WAVELENGTH (ANGSTROM), Wavelength in Angstrom
# column 2: FLUX (ERG/CM2/S/A), Flux in erg/cm2/s/A
252.400000 1.40690000e-22
256.800000 5.49639000e-22
260.000000 1.40543000e-21
264.000000 4.37880000e-21
268.500000 1.50332000e-20
273.500000 5.65077000e-20
278.500000 2.03853000e-19
284.000000 7.93478000e-19
290.000000 3.29900000e-18
296.000000 1.29269000e-17
301.000000 3.88859000e-17
308.000000 1.71157000e-16
318.000000 1.27141000e-15
328.000000 8.37892000e-15
338.000000 4.93879000e-14
348.000000 2.63360000e-13
357.000000 1.09810000e-12
366.000000 4.26463000e-12
375.000000 1.54839000e-11
385.000000 6.04673000e-11
395.000000 2.19963000e-10
405.000000 7.50886000e-10
414.000000 2.15273000e-09
422.000000 5.28040000e-09
430.000000 1.24995000e-08
441.000000 3.89396000e-08
451.000000 1.03963000e-07
460.000000 2.42310000e-07
470.000000 5.96474000e-07
480.000000 1.41224000e-06
490.000000 3.22566000e-06
500.000000 7.11220000e-06
506.000000 4.64210000e-05
512.000000 9.81790000e-05
520.000000 1.65488000e-04
530.000000 3.14607000e-04
540.000000 5.66851000e-04
550.000000 1.04513000e-03
560.000000 1.84160000e-03
570.000000 3.18730000e-03
580.000000 5.22550000e-03
590.000000 8.93707000e-03
600.000000 1.46202000e-02
610.000000 2.36010000e-02
620.000000 3.73113000e-02
630.000000 5.82227000e-02
640.000000 8.90410000e-02
650.000000 1.35739000e-01
658.000000 1.87736000e-01
665.000000 2.47280000e-01
675.000000 3.62818000e-01
685.000000 5.27257000e-01
695.000000 7.59464000e-01
705.000000 1.07844000e+00
716.000000 1.56907000e+00
726.000000 2.18472000e+00
735.000000 2.91495000e+00
745.000000 3.98826000e+00
755.000000 5.40656000e+00
765.000000 7.26068000e+00
775.000000 9.69320000e+00
785.000000 1.28286000e+01
795.000000 1.68103000e+01
805.000000 2.19396000e+01
815.000000 2.84039000e+01
825.000000 3.65136000e+01
835.000000 4.63676000e+01
845.000000 5.92405000e+01
855.000000 7.46888000e+01
865.000000 9.38469000e+01
875.000000 1.16927000e+02
885.000000 1.45338000e+02
895.000000 1.79385000e+02
905.000000 2.18818000e+02
915.000000 6.01615000e+03
925.000000 3.94225000e+04
935.000000 6.61175000e+04
945.000000 2.88593000e+05
955.000000 3.24850000e+06
965.000000 5.06095000e+06
975.000000 8.05711000e+05
985.000000 1.32275000e+07
995.000000 1.54177000e+07
1005.000000 1.74250000e+07
1015.000000 1.08899000e+07
1025.000000 4.05048000e+05
1035.000000 5.12716000e+06
1045.000000 2.48884000e+07
1055.000000 3.26160000e+07
1065.000000 2.95963000e+07
1075.000000 3.75319000e+07
1085.000000 3.62865000e+07
1095.000000 4.09712000e+07
1105.000000 5.79954000e+07
1115.000000 9.97622000e+07
1125.000000 1.09983000e+08
1135.000000 1.27373000e+08
1145.000000 1.19568000e+08
1155.000000 1.32392000e+08
1165.000000 1.45121000e+08
1175.000000 1.34074000e+08
1185.000000 1.04327000e+08
1195.000000 6.06397000e+06
1205.000000 4.06456000e+06
1215.000000 4.15666000e+05
1225.000000 2.86120000e+06
1235.000000 3.96310000e+07
1245.000000 1.46735000e+08
1255.000000 1.85025000e+08
1265.000000 1.28110000e+08
1275.000000 2.13828000e+08
1285.000000 2.51218000e+08
1295.000000 2.00023000e+08
1305.000000 1.27179000e+08
1315.000000 2.28056000e+08
1325.000000 2.49540000e+08
1335.000000 2.08469000e+08
1345.000000 2.76827000e+08
1355.000000 2.63994000e+08
1365.000000 2.24514000e+08
1375.000000 2.54298000e+08
1385.000000 2.63444000e+08
1395.000000 2.67327000e+08
1405.000000 2.70043000e+08
1415.000000 2.45279000e+08
1425.000000 2.58286000e+08
1435.000000 2.42423000e+08
1442.000000 2.66310000e+08
1447.000000 2.83580000e+08
1455.000000 2.79777000e+08
1465.000000 2.60453000e+08
1475.000000 2.47618000e+08
1485.000000 2.61241000e+08
1495.000000 2.71849000e+08
1505.000000 2.71109000e+08
1512.000000 2.54169000e+08
1517.000000 2.71388000e+08
1525.000000 2.52981000e+08
1535.000000 2.36808000e+08
1545.000000 2.66217000e+08
1555.000000 2.40478000e+08
1565.000000 2.28924000e+08
1575.000000 2.32557000e+08
1585.000000 2.54659000e+08
1595.000000 2.63886000e+08
1605.000000 2.46948000e+08
1615.000000 2.48522000e+08
1625.000000 2.28966000e+08
1635.000000 2.38068000e+08
1645.000000 2.43299000e+08
1655.000000 2.16133000e+08
1665.000000 2.39663000e+08
1672.000000 1.84512000e+08
1677.000000 2.28905000e+08
1685.000000 2.48669000e+08
1695.000000 2.35936000e+08
1705.000000 2.22718000e+08
1715.000000 2.13737000e+08
1725.000000 2.12178000e+08
1735.000000 2.22992000e+08
1745.000000 2.19998000e+08
1755.000000 2.38671000e+08
1765.000000 2.10433000e+08
1775.000000 2.28253000e+08
1785.000000 2.27476000e+08
1795.000000 2.42966000e+08
1805.000000 2.35286000e+08
1815.000000 2.30631000e+08
1825.000000 2.24355000e+08
1835.000000 2.16065000e+08
1845.000000 2.04433000e+08
1855.000000 2.02848000e+08
1865.000000 2.04361000e+08
1875.000000 2.21936000e+08
1885.000000 2.14350000e+08
1895.000000 2.07205000e+08
1905.000000 2.08731000e+08
1915.000000 2.07543000e+08
1925.000000 2.07405000e+08
1935.000000 2.09724000e+08
1945.000000 2.14962000e+08
1955.000000 2.07584000e+08
1967.000000 2.18194000e+08
1976.000000 2.19260000e+08
1984.000000 2.11437000e+08
1995.000000 2.02193000e+08
2005.000000 2.06394000e+08
2015.000000 1.94367000e+08
2025.000000 2.02842000e+08
2035.000000 1.97661000e+08
2045.000000 2.03678000e+08
2055.000000 1.92949000e+08
2065.000000 1.92375000e+08
2074.000000 1.99983000e+08
2078.000000 2.00157000e+08
2085.000000 2.01701000e+08
2095.000000 1.93402000e+08
2105.000000 1.91611000e+08
2115.000000 1.90789000e+08
2125.000000 1.92527000e+08
2135.000000 1.70677000e+08
2145.000000 1.84507000e+08
2155.000000 1.88696000e+08
2165.000000 1.79828000e+08
2175.000000 1.76203000e+08
2185.000000 1.73505000e+08
2195.000000 1.83766000e+08
2205.000000 1.76819000e+08
2215.000000 1.64537000e+08
2225.000000 1.57780000e+08
2235.000000 1.73627000e+08
2245.000000 1.57710000e+08
2255.000000 1.55136000e+08
2265.000000 1.58051000e+08
2275.000000 1.65726000e+08
2285.000000 1.69424000e+08
2295.000000 1.60912000e+08
2305.000000 1.55130000e+08
2315.000000 1.49273000e+08
2325.000000 1.49490000e+08
2335.000000 1.41074000e+08
2345.000000 1.33352000e+08
2355.000000 1.46493000e+08
2365.000000 1.32918000e+08
2375.000000 1.38780000e+08
2385.000000 1.24446000e+08
2395.000000 1.36400000e+08
2405.000000 1.28846000e+08
2415.000000 1.32251000e+08
2425.000000 1.39004000e+08
2435.000000 1.32660000e+08
2445.000000 1.41868000e+08
2455.000000 1.36346000e+08
2465.000000 1.36438000e+08
2475.000000 1.30775000e+08
2485.000000 1.39565000e+08
2495.000000 1.34902000e+08
2505.000000 1.44621000e+08
2513.000000 1.32594000e+08
2518.000000 1.37398000e+08
2525.000000 1.27940000e+08
2535.000000 1.27987000e+08
2545.000000 1.26041000e+08
2555.000000 1.32241000e+08
2565.000000 1.30325000e+08
2575.000000 1.39206000e+08
2585.000000 1.37184000e+08
2595.000000 1.36107000e+08
2605.000000 1.29995000e+08
2615.000000 1.29157000e+08
2625.000000 1.33549000e+08
2635.000000 1.34317000e+08
2645.000000 1.44649000e+08
2655.000000 1.41974000e+08
2665.000000 1.32785000e+08
2675.000000 1.37827000e+08
2685.000000 1.36390000e+08
2695.000000 1.31832000e+08
2705.000000 1.34715000e+08
2715.000000 1.28920000e+08
2725.000000 1.29919000e+08
2735.000000 1.37406000e+08
2745.000000 1.20723000e+08
2755.000000 1.20459000e+08
2765.000000 1.24113000e+08
2775.000000 1.30578000e+08
2785.000000 1.30229000e+08
2795.000000 1.14513000e+08
2805.000000 1.22398000e+08
2815.000000 1.31771000e+08
2825.000000 1.31519000e+08
2835.000000 1.26126000e+08
2845.000000 1.21843000e+08
2855.000000 1.20963000e+08
2865.000000 1.25504000e+08
2875.000000 1.22089000e+08
2885.000000 1.24712000e+08
2895.000000 1.21181000e+08
2910.000000 1.29256000e+08
2930.000000 1.24592000e+08
2950.000000 1.23895000e+08
2970.000000 1.23804000e+08
2990.000000 1.23329000e+08
3010.000000 1.25097000e+08
3030.000000 1.23574000e+08
3050.000000 1.21631000e+08
3070.000000 1.19943000e+08
3090.000000 1.20313000e+08
3110.000000 1.17466000e+08
3130.000000 1.16135000e+08
3150.000000 1.16366000e+08
3170.000000 1.14756000e+08
3190.000000 1.11307000e+08
3210.000000 1.12506000e+08
3230.000000 1.10857000e+08
3250.000000 1.10271000e+08
3270.000000 1.09860000e+08
3290.000000 1.09252000e+08
3310.000000 1.08840000e+08
3330.000000 1.06996000e+08
3350.000000 1.05229000e+08
3370.000000 1.04604000e+08
3390.000000 1.03200000e+08
3410.000000 1.03499000e+08
3430.000000 1.02501000e+08
3450.000000 1.01781000e+08
3470.000000 1.00298000e+08
3490.000000 9.94397000e+07
3510.000000 9.92546000e+07
3530.000000 9.87710000e+07
3550.000000 9.79422000e+07
3570.000000 9.67917000e+07
3590.000000 9.59121000e+07
3610.000000 9.50373000e+07
3630.000000 9.40358000e+07
3640.000000 9.37758000e+07
3650.000000 9.43202000e+07
3670.000000 9.25873000e+07
3690.000000 9.09224000e+07
3710.000000 1.06764000e+08
3730.000000 1.25297000e+08
3750.000000 1.65214000e+08
3770.000000 1.66191000e+08
3790.000000 1.81547000e+08
3810.000000 1.96295000e+08
3830.000000 1.66346000e+08
3850.000000 1.99991000e+08
3870.000000 2.04294000e+08
3890.000000 1.56305000e+08
3910.000000 1.99642000e+08
3930.000000 1.96547000e+08
3950.000000 1.95706000e+08
3970.000000 1.46801000e+08
3990.000000 1.89665000e+08
4010.000000 1.88677000e+08
4030.000000 1.84654000e+08
4050.000000 1.84436000e+08
4070.000000 1.80818000e+08
4090.000000 1.69511000e+08
4110.000000 1.41032000e+08
4130.000000 1.71712000e+08
4150.000000 1.71884000e+08
4170.000000 1.69298000e+08
4190.000000 1.67504000e+08
4210.000000 1.65555000e+08
4230.000000 1.62974000e+08
4250.000000 1.60707000e+08
4270.000000 1.58342000e+08
4290.000000 1.56713000e+08
4310.000000 1.53544000e+08
4330.000000 1.40107000e+08
4350.000000 1.23169000e+08
4370.000000 1.48093000e+08
4390.000000 1.45382000e+08
4410.000000 1.44750000e+08
4430.000000 1.42753000e+08
4450.000000 1.41216000e+08
4470.000000 1.38365000e+08
4490.000000 1.35990000e+08
4510.000000 1.35181000e+08
4530.000000 1.33379000e+08
4550.000000 1.30744000e+08
4570.000000 1.30621000e+08
4590.000000 1.28021000e+08
4610.000000 1.27703000e+08
4630.000000 1.24871000e+08
4650.000000 1.24488000e+08
4670.000000 1.22693000e+08
4690.000000 1.21318000e+08
4710.000000 1.18982000e+08
4730.000000 1.18238000e+08
4750.000000 1.16731000e+08
4770.000000 1.15579000e+08
4790.000000 1.14140000e+08
4810.000000 1.12554000e+08
4830.000000 1.10668000e+08
4850.000000 1.02296000e+08
4870.000000 8.72579000e+07
4890.000000 1.06568000e+08
4910.000000 1.05852000e+08
4930.000000 1.03924000e+08
4950.000000 1.03406000e+08
4970.000000 1.02262000e+08
4990.000000 1.00904000e+08
5010.000000 9.86472000e+07
5030.000000 9.82395000e+07
5050.000000 9.63742000e+07
5070.000000 9.61063000e+07
5090.000000 9.49817000e+07
5110.000000 9.37145000e+07
5130.000000 9.28278000e+07
5150.000000 9.15045000e+07
5170.000000 9.00791000e+07
5190.000000 8.93512000e+07
5210.000000 8.82863000e+07
5230.000000 8.70311000e+07
5250.000000 8.64376000e+07
5270.000000 8.49459000e+07
5290.000000 8.46009000e+07
5310.000000 8.31498000e+07
5330.000000 8.26397000e+07
5350.000000 8.17795000e+07
5370.000000 8.08396000e+07
5390.000000 7.99439000e+07
5410.000000 7.89639000e+07
5430.000000 7.80587000e+07
5450.000000 7.73017000e+07
5470.000000 7.63887000e+07
5490.000000 7.55869000e+07
5510.000000 7.46967000e+07
5530.000000 7.39454000e+07
5550.000000 7.31725000e+07
5570.000000 7.23566000e+07
5590.000000 7.15781000e+07
5610.000000 7.08448000e+07
5630.000000 7.00833000e+07
5650.000000 6.91761000e+07
5670.000000 6.84862000e+07
5690.000000 6.78230000e+07
5710.000000 6.71060000e+07
5730.000000 6.63837000e+07
5750.000000 6.56686000e+07
5770.000000 6.49731000e+07
5790.000000 6.42272000e+07
5810.000000 6.35693000e+07
5830.000000 6.28989000e+07
5850.000000 6.22494000e+07
5870.000000 6.12169000e+07
5890.000000 6.08649000e+07
5910.000000 6.02994000e+07
5930.000000 5.96909000e+07
5950.000000 5.89136000e+07
5970.000000 5.84074000e+07
5990.000000 5.77010000e+07
6010.000000 5.72425000e+07
6030.000000 5.66531000e+07
6050.000000 5.60578000e+07
6070.000000 5.54804000e+07
6090.000000 5.49125000e+07
6110.000000 5.43628000e+07
6130.000000 5.38052000e+07
6150.000000 5.30594000e+07
6170.000000 5.27130000e+07
6190.000000 5.21910000e+07
6210.000000 5.16717000e+07
6230.000000 5.11221000e+07
6250.000000 5.04260000e+07
6270.000000 5.01336000e+07
6290.000000 4.96220000e+07
6310.000000 4.90790000e+07
6330.000000 4.86358000e+07
6350.000000 4.78058000e+07
6370.000000 4.74272000e+07
6390.000000 4.71962000e+07
6410.000000 4.67069000e+07
6430.000000 4.62847000e+07
6450.000000 4.57255000e+07
6470.000000 4.53973000e+07
6490.000000 4.48980000e+07
6510.000000 4.44287000e+07
6530.000000 4.38327000e+07
6550.000000 4.15801000e+07
6570.000000 3.50757000e+07
6590.000000 4.23425000e+07
6610.000000 4.23065000e+07
6630.000000 4.19848000e+07
6650.000000 4.16100000e+07
6670.000000 4.11508000e+07
6690.000000 4.07721000e+07
6710.000000 4.04366000e+07
6730.000000 4.00460000e+07
6750.000000 3.96768000e+07
6770.000000 3.93054000e+07
6790.000000 3.89329000e+07
6810.000000 3.85672000e+07
6830.000000 3.81931000e+07
6850.000000 3.78436000e+07
6870.000000 3.74958000e+07
6890.000000 3.71531000e+07
6910.000000 3.68034000e+07
6930.000000 3.64485000e+07
6950.000000 3.61314000e+07
6970.000000 3.58026000e+07
6990.000000 3.54816000e+07
7010.000000 3.51399000e+07
7030.000000 3.48365000e+07
7050.000000 3.44717000e+07
7070.000000 3.41443000e+07
7090.000000 3.38979000e+07
7110.000000 3.35696000e+07
7130.000000 3.32771000e+07
7150.000000 3.29821000e+07
7170.000000 3.26892000e+07
7190.000000 3.23975000e+07
7210.000000 3.21122000e+07
7230.000000 3.18008000e+07
7250.000000 3.15338000e+07
7270.000000 3.12601000e+07
7290.000000 3.09690000e+07
7310.000000 3.06989000e+07
7330.000000 3.04377000e+07
7350.000000 3.01774000e+07
7370.000000 2.99133000e+07
7390.000000 2.96509000e+07
7410.000000 2.93881000e+07
7430.000000 2.91134000e+07
7450.000000 2.88684000e+07
7470.000000 2.85965000e+07
7490.000000 2.83702000e+07
7510.000000 2.81137000e+07
7530.000000 2.78948000e+07
7550.000000 2.76573000e+07
7570.000000 2.74200000e+07
7590.000000 2.71822000e+07
7610.000000 2.69562000e+07
7630.000000 2.67238000e+07
7650.000000 2.64877000e+07
7670.000000 2.62697000e+07
7690.000000 2.60460000e+07
7710.000000 2.58166000e+07
7730.000000 2.56113000e+07
7750.000000 2.53946000e+07
7770.000000 2.48884000e+07
7790.000000 2.49706000e+07
7810.000000 2.47669000e+07
7830.000000 2.45588000e+07
7850.000000 2.43256000e+07
7870.000000 2.40872000e+07
7890.000000 2.38515000e+07
7910.000000 2.37521000e+07
7930.000000 2.35605000e+07
7950.000000 2.33342000e+07
7970.000000 2.31746000e+07
7990.000000 2.28958000e+07
8010.000000 2.27969000e+07
8030.000000 2.26110000e+07
8050.000000 2.24250000e+07
8070.000000 2.22423000e+07
8090.000000 2.20616000e+07
8110.000000 2.18802000e+07
8130.000000 2.17083000e+07
8150.000000 2.15327000e+07
8170.000000 2.13613000e+07
8190.000000 2.11740000e+07
8210.000000 2.10168000e+07
8230.000000 2.08396000e+07
8250.000000 2.07421000e+07
8270.000000 2.06022000e+07
8290.000000 2.04141000e+07
8310.000000 2.02669000e+07
8330.000000 2.00551000e+07
8350.000000 1.98765000e+07
8370.000000 1.95875000e+07
8390.000000 1.94182000e+07
8410.000000 1.91875000e+07
8430.000000 1.92969000e+07
8450.000000 1.90833000e+07
8470.000000 1.83746000e+07
8490.000000 1.96079000e+07
8510.000000 1.80197000e+07
8530.000000 1.97480000e+07
8550.000000 1.74238000e+07
8570.000000 1.98908000e+07
8590.000000 1.86098000e+07
8610.000000 1.80818000e+07
8630.000000 2.00336000e+07
8650.000000 1.96122000e+07
8670.000000 1.65183000e+07
8690.000000 1.97584000e+07
8710.000000 1.98952000e+07
8730.000000 1.94971000e+07
8750.000000 1.60572000e+07
8770.000000 1.88505000e+07
8790.000000 1.93114000e+07
8810.000000 1.91947000e+07
8830.000000 1.89604000e+07
8850.000000 1.80297000e+07
8870.000000 1.55160000e+07
8890.000000 1.84127000e+07
8910.000000 1.84454000e+07
8930.000000 1.83218000e+07
8950.000000 1.82311000e+07
8970.000000 1.80511000e+07
8990.000000 1.77583000e+07
9010.000000 1.51239000e+07
9030.000000 1.64047000e+07
9050.000000 1.74293000e+07
9070.000000 1.73104000e+07
9090.000000 1.71759000e+07
9110.000000 1.71174000e+07
9130.000000 1.69828000e+07
9150.000000 1.68871000e+07
9170.000000 1.67320000e+07
9190.000000 1.65223000e+07
9210.000000 1.61264000e+07
9230.000000 1.33016000e+07
9250.000000 1.56838000e+07
9270.000000 1.58481000e+07
9290.000000 1.59895000e+07
9310.000000 1.58944000e+07
9330.000000 1.57700000e+07
9350.000000 1.56647000e+07
9370.000000 1.55486000e+07
9390.000000 1.54175000e+07
9410.000000 1.52248000e+07
9430.000000 1.52014000e+07
9450.000000 1.50962000e+07
9470.000000 1.49779000e+07
9490.000000 1.48642000e+07
9510.000000 1.46897000e+07
9530.000000 1.42125000e+07
9550.000000 1.19389000e+07
9570.000000 1.41437000e+07
9590.000000 1.42879000e+07
9610.000000 1.42224000e+07
9630.000000 1.40464000e+07
9650.000000 1.40311000e+07
9670.000000 1.39115000e+07
9690.000000 1.38284000e+07
9710.000000 1.37320000e+07
9730.000000 1.36334000e+07
9750.000000 1.35347000e+07
9770.000000 1.34399000e+07
9790.000000 1.33430000e+07
9810.000000 1.32456000e+07
9830.000000 1.31477000e+07
9850.000000 1.30551000e+07
9870.000000 1.29644000e+07
9890.000000 1.28623000e+07
9910.000000 1.27832000e+07
9930.000000 1.26924000e+07
9950.000000 1.26026000e+07
9970.000000 1.25153000e+07
9990.000000 1.24215000e+07
10025.000000 1.18506000e+07
10075.000000 1.13091000e+07
10125.000000 1.18216000e+07
10175.000000 1.16460000e+07
10225.000000 1.14528000e+07
10275.000000 1.12574000e+07
10325.000000 1.10635000e+07
10375.000000 1.08783000e+07
10425.000000 1.06966000e+07
10475.000000 1.05140000e+07
10525.000000 1.03348000e+07
10575.000000 1.01682000e+07
10625.000000 1.00017000e+07
10675.000000 9.80671000e+06
10725.000000 9.66800000e+06
10775.000000 9.51488000e+06
10825.000000 9.34231000e+06
10875.000000 9.19608000e+06
10925.000000 8.31259000e+06
10975.000000 8.76372000e+06
11025.000000 8.76965000e+06
11075.000000 8.63351000e+06
11125.000000 8.49612000e+06
11175.000000 8.36173000e+06
11225.000000 8.23030000e+06
11275.000000 8.07271000e+06
11325.000000 7.95635000e+06
11375.000000 7.84958000e+06
11425.000000 7.72763000e+06
11475.000000 7.60923000e+06
11525.000000 7.49229000e+06
11575.000000 7.37737000e+06
11625.000000 7.25885000e+06
11675.000000 7.14761000e+06
11725.000000 7.04486000e+06
11775.000000 6.92429000e+06
11825.000000 6.83218000e+06
11875.000000 6.72855000e+06
11925.000000 6.63224000e+06
11975.000000 6.53047000e+06
12025.000000 6.43616000e+06
12075.000000 6.34111000e+06
12125.000000 6.24766000e+06
12175.000000 6.15655000e+06
12225.000000 6.06647000e+06
12275.000000 5.97764000e+06
12325.000000 5.89129000e+06
12375.000000 5.80639000e+06
12425.000000 5.72339000e+06
12475.000000 5.63694000e+06
12525.000000 5.56032000e+06
12575.000000 5.47879000e+06
12625.000000 5.40263000e+06
12675.000000 5.32726000e+06
12725.000000 5.25221000e+06
12775.000000 5.14700000e+06
12825.000000 4.68642000e+06
12875.000000 5.01668000e+06
12925.000000 4.96508000e+06
12975.000000 4.89623000e+06
13025.000000 4.82896000e+06
13075.000000 4.76257000e+06
13125.000000 4.69748000e+06
13175.000000 4.62999000e+06
13225.000000 4.57028000e+06
13275.000000 4.50834000e+06
13325.000000 4.44741000e+06
13375.000000 4.38769000e+06
13425.000000 4.32831000e+06
13475.000000 4.27031000e+06
13525.000000 4.21305000e+06
13575.000000 4.15754000e+06
13625.000000 4.10253000e+06
13675.000000 4.04760000e+06
13725.000000 3.99437000e+06
13775.000000 3.94319000e+06
13825.000000 3.89166000e+06
13875.000000 3.84115000e+06
13925.000000 3.79108000e+06
13975.000000 3.74221000e+06
14025.000000 3.69393000e+06
14075.000000 3.64643000e+06
14125.000000 3.59970000e+06
14175.000000 3.55392000e+06
14225.000000 3.50868000e+06
14275.000000 3.46418000e+06
14325.000000 3.42021000e+06
14375.000000 3.37714000e+06
14425.000000 3.33204000e+06
14475.000000 3.29288000e+06
14525.000000 3.25078000e+06
14570.000000 3.21547000e+06
14620.000000 3.17871000e+06
14675.000000 3.13673000e+06
14725.000000 3.09862000e+06
14775.000000 3.06042000e+06
14825.000000 3.02439000e+06
14875.000000 2.98706000e+06
14925.000000 2.95068000e+06
14975.000000 2.91337000e+06
15025.000000 2.87482000e+06
15075.000000 2.83804000e+06
15125.000000 2.80103000e+06
15175.000000 2.76722000e+06
15225.000000 2.74940000e+06
15275.000000 2.68735000e+06
15325.000000 2.65717000e+06
15375.000000 2.65697000e+06
15425.000000 2.57391000e+06
15475.000000 2.60387000e+06
15525.000000 2.58228000e+06
15575.000000 2.45981000e+06
15625.000000 2.54933000e+06
15675.000000 2.47590000e+06
15725.000000 2.38111000e+06
15775.000000 2.47398000e+06
15825.000000 2.44649000e+06
15875.000000 2.25411000e+06
15925.000000 2.37857000e+06
15975.000000 2.37862000e+06
16050.000000 2.32573000e+06
16150.000000 2.19894000e+06
16250.000000 2.24372000e+06
16350.000000 2.17197000e+06
16450.000000 2.05612000e+06
16550.000000 2.09641000e+06
16650.000000 2.04996000e+06
16750.000000 1.98407000e+06
16850.000000 1.88084000e+06
16950.000000 1.91772000e+06
17050.000000 1.87637000e+06
17150.000000 1.83611000e+06
17250.000000 1.79589000e+06
17350.000000 1.67401000e+06
17450.000000 1.71599000e+06
17550.000000 1.68451000e+06
17650.000000 1.64927000e+06
17750.000000 1.61471000e+06
17850.000000 1.58142000e+06
17950.000000 1.54888000e+06
18050.000000 1.51523000e+06
18150.000000 1.42024000e+06
18250.000000 1.44691000e+06
18350.000000 1.42626000e+06
18450.000000 1.39767000e+06
18550.000000 1.36929000e+06
18650.000000 1.34089000e+06
18750.000000 1.25611000e+06
18850.000000 1.28799000e+06
18950.000000 1.26436000e+06
19050.000000 1.23970000e+06
19150.000000 1.21559000e+06
19250.000000 1.19201000e+06
19350.000000 1.16775000e+06
19450.000000 1.09383000e+06
19550.000000 1.12348000e+06
19650.000000 1.10358000e+06
19750.000000 1.08268000e+06
19850.000000 1.06234000e+06
19950.000000 1.04244000e+06
20050.000000 1.02307000e+06
20150.000000 1.00412000e+06
20250.000000 9.85594000e+05
20350.000000 9.67472000e+05
20450.000000 9.49745000e+05
20550.000000 9.32406000e+05
20650.000000 9.15623000e+05
20750.000000 8.99032000e+05
20850.000000 8.82890000e+05
20950.000000 8.67099000e+05
21050.000000 8.51739000e+05
21150.000000 8.36520000e+05
21250.000000 8.21791000e+05
21350.000000 8.07300000e+05
21450.000000 7.93240000e+05
21550.000000 7.78732000e+05
21650.000000 7.31690000e+05
21750.000000 7.50851000e+05
21850.000000 7.39843000e+05
21950.000000 7.27190000e+05
22050.000000 7.14814000e+05
22150.000000 7.02669000e+05
22250.000000 6.90835000e+05
22350.000000 6.79214000e+05
22450.000000 6.67847000e+05
22550.000000 6.56706000e+05
22650.000000 6.45802000e+05
22750.000000 6.35122000e+05
22850.000000 6.24986000e+05
22950.000000 6.14802000e+05
23050.000000 6.04842000e+05
23150.000000 5.95080000e+05
23250.000000 5.85504000e+05
23350.000000 5.76112000e+05
23450.000000 5.66880000e+05
23550.000000 5.57810000e+05
23650.000000 5.48859000e+05
23750.000000 5.40133000e+05
23850.000000 5.31500000e+05
23950.000000 5.23025000e+05
24050.000000 5.14418000e+05
24150.000000 5.05859000e+05
24250.000000 4.99568000e+05
24350.000000 4.90251000e+05
24450.000000 4.81976000e+05
24550.000000 4.76907000e+05
24650.000000 4.67714000e+05
24750.000000 4.60725000e+05
24850.000000 4.57299000e+05
24950.000000 4.41561000e+05
25050.000000 4.43867000e+05
25150.000000 4.37503000e+05
25250.000000 4.19745000e+05
25350.000000 4.24325000e+05
25450.000000 4.18984000e+05
25550.000000 4.12075000e+05
25650.000000 3.93036000e+05
25750.000000 4.00625000e+05
25850.000000 3.95412000e+05
25950.000000 3.89696000e+05
26050.000000 3.81980000e+05
26150.000000 3.63583000e+05
26250.000000 3.55384000e+05
26350.000000 3.66744000e+05
26450.000000 3.63309000e+05
26550.000000 3.58103000e+05
26650.000000 3.52068000e+05
26750.000000 3.31909000e+05
26850.000000 3.42098000e+05
26950.000000 3.38189000e+05
27050.000000 3.33428000e+05
27150.000000 3.28753000e+05
27250.000000 3.24158000e+05
27350.000000 3.19641000e+05
27450.000000 3.14977000e+05
27550.000000 2.98275000e+05
27650.000000 3.03070000e+05
27750.000000 3.02338000e+05
27850.000000 2.98203000e+05
27950.000000 2.94134000e+05
28050.000000 2.90135000e+05
28150.000000 2.86200000e+05
28250.000000 2.82331000e+05
28350.000000 2.78534000e+05
28450.000000 2.74792000e+05
28550.000000 2.71119000e+05
28650.000000 2.65796000e+05
28750.000000 2.52214000e+05
28850.000000 2.60101000e+05
28950.000000 2.56972000e+05
29050.000000 2.53648000e+05
29150.000000 2.50310000e+05
29250.000000 2.47051000e+05
29350.000000 2.43831000e+05
29450.000000 2.40667000e+05
29550.000000 2.37556000e+05
29650.000000 2.34491000e+05
29750.000000 2.31479000e+05
29850.000000 2.28514000e+05
29950.000000 2.25596000e+05
30050.000000 2.22720000e+05
30150.000000 2.19894000e+05
30250.000000 2.16977000e+05
30350.000000 2.07055000e+05
30450.000000 2.08151000e+05
30550.000000 2.08979000e+05
30650.000000 2.06418000e+05
30750.000000 2.03847000e+05
30850.000000 2.01273000e+05
30950.000000 1.98830000e+05
31050.000000 1.96375000e+05
31150.000000 1.93959000e+05
31250.000000 1.91582000e+05
31350.000000 1.89242000e+05
31450.000000 1.86932000e+05
31550.000000 1.84663000e+05
31650.000000 1.82426000e+05
31750.000000 1.80225000e+05
31850.000000 1.78055000e+05
31950.000000 1.75916000e+05
32100.000000 1.72773000e+05
32300.000000 1.68687000e+05
32500.000000 1.64719000e+05
32700.000000 1.60868000e+05
32900.000000 1.52946000e+05
33100.000000 1.52657000e+05
33300.000000 1.49698000e+05
33500.000000 1.46314000e+05
33700.000000 1.43004000e+05
33900.000000 1.39794000e+05
34100.000000 1.36669000e+05
34300.000000 1.33626000e+05
34500.000000 1.30672000e+05
34700.000000 1.27794000e+05
34900.000000 1.24985000e+05
35100.000000 1.22268000e+05
35300.000000 1.19623000e+05
35500.000000 1.16993000e+05
35700.000000 1.14424000e+05
35900.000000 1.12226000e+05
36100.000000 1.09520000e+05
36300.000000 1.07573000e+05
36500.000000 1.04842000e+05
36700.000000 1.03188000e+05
36900.000000 1.00316000e+05
37100.000000 9.89414000e+04
37300.000000 9.60013000e+04
37500.000000 9.25984000e+04
37700.000000 9.30552000e+04
37900.000000 9.12259000e+04
38100.000000 8.86201000e+04
38300.000000 8.70909000e+04
38500.000000 8.58935000e+04
38700.000000 8.43163000e+04
38900.000000 8.24557000e+04
39100.000000 7.94606000e+04
39300.000000 7.94076000e+04
39500.000000 7.79150000e+04
39700.000000 7.64124000e+04
39900.000000 7.49289000e+04
40100.000000 7.28245000e+04
40300.000000 7.09228000e+04
40500.000000 6.90895000e+04
40700.000000 6.93241000e+04
40900.000000 6.80622000e+04
41100.000000 6.67837000e+04
41300.000000 6.55332000e+04
41500.000000 6.42841000e+04
41700.000000 6.15371000e+04
41900.000000 6.19081000e+04
42100.000000 6.08218000e+04
42300.000000 5.97111000e+04
42500.000000 5.86248000e+04
42700.000000 5.75625000e+04
42900.000000 5.65255000e+04
43100.000000 5.55113000e+04
43300.000000 5.45195000e+04
43500.000000 5.35494000e+04
43700.000000 5.13974000e+04
43900.000000 5.14579000e+04
44100.000000 5.07676000e+04
44300.000000 4.98802000e+04
44500.000000 4.90124000e+04
44700.000000 4.82260000e+04
44900.000000 4.73320000e+04
45100.000000 4.65205000e+04
45300.000000 4.57251000e+04
45500.000000 4.49491000e+04
45700.000000 4.41868000e+04
45900.000000 4.34413000e+04
46100.000000 4.27071000e+04
46300.000000 4.19629000e+04
46500.000000 4.02420000e+04
46700.000000 3.95128000e+04
46900.000000 3.98582000e+04
47100.000000 3.92776000e+04
47300.000000 3.86413000e+04
47500.000000 3.80111000e+04
47700.000000 3.73949000e+04
47900.000000 3.67894000e+04
48100.000000 3.61943000e+04
48300.000000 3.56174000e+04
48500.000000 3.50392000e+04
48700.000000 3.44899000e+04
48900.000000 3.39326000e+04
49100.000000 3.34067000e+04
49300.000000 3.28619000e+04
49500.000000 3.23739000e+04
49700.000000 3.18226000e+04
49900.000000 3.13743000e+04
50100.000000 3.08812000e+04
50300.000000 3.03502000e+04
50500.000000 2.99773000e+04
50700.000000 2.95083000e+04
50900.000000 2.89395000e+04
51100.000000 2.85417000e+04
51300.000000 2.74263000e+04
51500.000000 2.77023000e+04
51700.000000 2.71910000e+04
51900.000000 2.69385000e+04
52100.000000 2.65600000e+04
52300.000000 2.61644000e+04
52500.000000 2.57085000e+04
52700.000000 2.52031000e+04
52900.000000 2.50210000e+04
53100.000000 2.46538000e+04
53300.000000 2.42941000e+04
53500.000000 2.39404000e+04
53700.000000 2.34318000e+04
53900.000000 2.31066000e+04
54100.000000 2.29167000e+04
54300.000000 2.25872000e+04
54500.000000 2.22645000e+04
54700.000000 2.19471000e+04
54900.000000 2.16350000e+04
55100.000000 2.12760000e+04
55300.000000 2.07380000e+04
55500.000000 2.07294000e+04
55700.000000 2.04424000e+04
55900.000000 2.01578000e+04
56100.000000 1.98778000e+04
56300.000000 1.96014000e+04
56500.000000 1.93307000e+04
56700.000000 1.90656000e+04
56900.000000 1.87899000e+04
57100.000000 1.81986000e+04
57300.000000 1.82657000e+04
57500.000000 1.80454000e+04
57700.000000 1.78017000e+04
57900.000000 1.75610000e+04
58100.000000 1.73253000e+04
58300.000000 1.70858000e+04
58500.000000 1.68591000e+04
58700.000000 1.66318000e+04
58900.000000 1.63790000e+04
59100.000000 1.57614000e+04
59300.000000 1.59563000e+04
59500.000000 1.54661000e+04
59700.000000 1.54800000e+04
59900.000000 1.53631000e+04
60100.000000 1.51964000e+04
60300.000000 1.49994000e+04
60500.000000 1.48057000e+04
60700.000000 1.46142000e+04
60900.000000 1.44270000e+04
61100.000000 1.42419000e+04
61300.000000 1.40608000e+04
61500.000000 1.38819000e+04
61700.000000 1.37059000e+04
61900.000000 1.35330000e+04
62100.000000 1.33619000e+04
62300.000000 1.31938000e+04
62500.000000 1.30284000e+04
62700.000000 1.28266000e+04
62900.000000 1.23662000e+04
63100.000000 1.24961000e+04
63300.000000 1.23891000e+04
63500.000000 1.22401000e+04
63700.000000 1.20901000e+04
63900.000000 1.19416000e+04
64200.000000 1.17242000e+04
64600.000000 1.14405000e+04
65000.000000 1.11663000e+04
65400.000000 1.08998000e+04
65800.000000 1.06372000e+04
66200.000000 1.03844000e+04
66600.000000 1.01437000e+04
67000.000000 9.90709000e+03
67400.000000 9.66130000e+03
67800.000000 9.30997000e+03
68200.000000 9.22539000e+03
68600.000000 9.03166000e+03
69000.000000 8.82675000e+03
69400.000000 8.60875000e+03
69800.000000 8.43536000e+03
70200.000000 8.24777000e+03
70600.000000 8.06463000e+03
71000.000000 7.86416000e+03
71400.000000 7.71422000e+03
71800.000000 7.54666000e+03
72200.000000 7.38305000e+03
72600.000000 7.19542000e+03
73000.000000 7.06582000e+03
73400.000000 6.91860000e+03
73800.000000 6.77180000e+03
74200.000000 6.62187000e+03
74600.000000 6.37721000e+03
75000.000000 6.16832000e+03
75400.000000 6.20675000e+03
75800.000000 6.09467000e+03
76200.000000 5.96953000e+03
76600.000000 5.84758000e+03
77000.000000 5.72878000e+03
77400.000000 5.61086000e+03
77800.000000 5.44993000e+03
78200.000000 5.38785000e+03
78600.000000 5.28254000e+03
79000.000000 5.17781000e+03
79400.000000 5.07570000e+03
79800.000000 4.97607000e+03
80200.000000 4.87889000e+03
80600.000000 4.78401000e+03
81000.000000 4.69146000e+03
81400.000000 4.55569000e+03
81800.000000 4.50077000e+03
82200.000000 4.42691000e+03
82600.000000 4.34289000e+03
83000.000000 4.26083000e+03
83400.000000 4.18074000e+03
83800.000000 4.10246000e+03
84200.000000 4.02606000e+03
84600.000000 3.95139000e+03
85000.000000 3.87846000e+03
85400.000000 3.80724000e+03
85800.000000 3.73754000e+03
86200.000000 3.66922000e+03
86600.000000 3.55000000e+03
87000.000000 3.53426000e+03
87400.000000 3.44122000e+03
87800.000000 3.38111000e+03
88200.000000 3.35157000e+03
88600.000000 3.29081000e+03
89000.000000 3.23404000e+03
89400.000000 3.17726000e+03
89800.000000 3.12164000e+03
90200.000000 3.06721000e+03
90600.000000 3.01118000e+03
91000.000000 2.96202000e+03
91400.000000 2.91108000e+03
91800.000000 2.86122000e+03
92200.000000 2.81243000e+03
92600.000000 2.75782000e+03
93000.000000 2.71791000e+03
93400.000000 2.67213000e+03
93800.000000 2.58602000e+03
94200.000000 2.57654000e+03
94600.000000 2.54053000e+03
95000.000000 2.49464000e+03
95400.000000 2.45228000e+03
95800.000000 2.41690000e+03
96200.000000 2.37739000e+03
96600.000000 2.33864000e+03
97000.000000 2.30070000e+03
97400.000000 2.26349000e+03
97800.000000 2.22705000e+03
98200.000000 2.18898000e+03
98600.000000 2.14801000e+03
99000.000000 2.12204000e+03
99400.000000 2.08845000e+03
99800.000000 2.05547000e+03
100200.000000 2.02319000e+03
200000.000000 1.29133000e+02
400000.000000 8.00974000e+00
600000.000000 1.56594000e+00
800000.000000 4.90979000e-01
1000000.000000 1.99561000e-01
1200000.000000 9.56082000e-02
1400000.000000 5.13121000e-02
1600000.000000 2.99279000e-02
