# Kurucz ODFNEW /NOVER, alpha: 0.0 (2003)
# teff = 18000 K (value for the effective temperature for the model. Temperatures are given in K)
# logg = 4 log(cm/s2) (value for Log(G) for the model.)
# lh = 1.25  (l/Hp where l is the  mixing length of the convective element and Hp is the pressure scale height)
# meta = 0.2  (value for the Metallicity for the model.)
# vtur = 2 km/s (Microturbulence velocity)
# alpha = 0  (Alpha)
#
# column 1: WAVELENGTH (ANGSTROM), Wavelength in Angstrom
# column 2: FLUX (ERG/CM2/S/A), Flux in erg/cm2/s/A
147.200000 2.35171000e-23
151.000000 4.76525000e-22
155.200000 3.96295000e-21
158.800000 2.17575000e-20
162.000000 9.26536000e-20
166.000000 5.24189000e-19
170.300000 3.08103000e-18
173.400000 1.04859000e-17
176.800000 3.81993000e-17
180.200000 1.32607000e-16
181.700000 2.26175000e-16
186.100000 1.03274000e-15
191.000000 5.16398000e-15
193.900000 1.28478000e-14
198.400000 5.02111000e-14
201.800000 1.35527000e-13
205.000000 3.35547000e-13
210.500000 1.48786000e-12
216.200000 6.44114000e-12
219.800000 1.56393000e-11
223.000000 3.35298000e-11
226.800000 8.07975000e-11
230.000000 2.49581000e-10
234.000000 6.62717000e-10
240.000000 2.33356000e-09
246.500000 8.42774000e-09
252.400000 2.55745000e-08
256.800000 5.59025000e-08
260.000000 9.91645000e-08
264.000000 1.96008000e-07
268.500000 4.10904000e-07
273.500000 9.07850000e-07
278.500000 1.95553000e-06
284.000000 4.41238000e-06
290.000000 1.03047000e-05
296.000000 2.31973000e-05
301.000000 4.45542000e-05
308.000000 1.06418000e-04
318.000000 3.51158000e-04
328.000000 1.05885000e-03
338.000000 3.01891000e-03
348.000000 8.04451000e-03
357.000000 1.87394000e-02
366.000000 4.15410000e-02
375.000000 8.75673000e-02
385.000000 1.93091000e-01
395.000000 4.07285000e-01
405.000000 8.27760000e-01
414.000000 1.52100000e+00
422.000000 2.54278000e+00
430.000000 4.16277000e+00
441.000000 8.00623000e+00
451.000000 1.40563000e+01
460.000000 2.27604000e+01
470.000000 3.80822000e+01
480.000000 6.21587000e+01
490.000000 9.94654000e+01
500.000000 1.55785000e+02
506.000000 1.31264000e+03
512.000000 8.26596000e+03
520.000000 1.08450000e+04
530.000000 1.59208000e+04
540.000000 1.91840000e+04
550.000000 2.98307000e+04
560.000000 3.83036000e+04
570.000000 5.15919000e+04
580.000000 5.66617000e+04
590.000000 8.16370000e+04
600.000000 1.06656000e+05
610.000000 1.38461000e+05
620.000000 1.66951000e+05
630.000000 2.04586000e+05
640.000000 2.34288000e+05
650.000000 2.56693000e+05
658.000000 3.41469000e+05
665.000000 3.78582000e+05
675.000000 4.39780000e+05
685.000000 5.12419000e+05
695.000000 6.29129000e+05
705.000000 7.21624000e+05
716.000000 8.51039000e+05
726.000000 9.72851000e+05
735.000000 1.08969000e+06
745.000000 1.28150000e+06
755.000000 1.47136000e+06
765.000000 1.68124000e+06
775.000000 1.91725000e+06
785.000000 2.17243000e+06
795.000000 2.40465000e+06
805.000000 2.68142000e+06
815.000000 2.95769000e+06
825.000000 3.34345000e+06
835.000000 3.55162000e+06
845.000000 3.98111000e+06
855.000000 4.39583000e+06
865.000000 4.87280000e+06
875.000000 5.41309000e+06
885.000000 6.04037000e+06
895.000000 6.59985000e+06
905.000000 6.87890000e+06
915.000000 1.41719000e+07
925.000000 7.02010000e+07
935.000000 2.01912000e+08
945.000000 7.16230000e+08
955.000000 1.54219000e+09
965.000000 2.12669000e+09
975.000000 3.68171000e+08
985.000000 2.49415000e+09
995.000000 2.58502000e+09
1005.000000 3.32842000e+09
1015.000000 3.09761000e+09
1025.000000 6.40202000e+08
1035.000000 1.76783000e+09
1045.000000 4.46649000e+09
1055.000000 4.49324000e+09
1065.000000 3.44005000e+09
1075.000000 4.43909000e+09
1085.000000 3.80434000e+09
1095.000000 4.61178000e+09
1105.000000 3.94956000e+09
1115.000000 3.75510000e+09
1125.000000 3.58803000e+09
1135.000000 4.81240000e+09
1145.000000 4.15314000e+09
1155.000000 4.53338000e+09
1165.000000 4.81395000e+09
1175.000000 3.50254000e+09
1185.000000 4.89482000e+09
1195.000000 2.84732000e+09
1205.000000 1.53795000e+09
1215.000000 6.30109000e+08
1225.000000 2.58203000e+09
1235.000000 4.84267000e+09
1245.000000 5.22965000e+09
1255.000000 5.12081000e+09
1265.000000 4.49187000e+09
1275.000000 4.98482000e+09
1285.000000 5.30224000e+09
1295.000000 3.13734000e+09
1305.000000 2.74701000e+09
1315.000000 4.89793000e+09
1325.000000 4.63888000e+09
1335.000000 3.92726000e+09
1345.000000 4.86014000e+09
1355.000000 4.64791000e+09
1365.000000 4.01068000e+09
1375.000000 4.15561000e+09
1385.000000 4.23015000e+09
1395.000000 3.65264000e+09
1405.000000 3.85618000e+09
1415.000000 3.73921000e+09
1425.000000 3.90398000e+09
1435.000000 3.90464000e+09
1442.000000 4.12319000e+09
1447.000000 4.07837000e+09
1455.000000 3.97207000e+09
1465.000000 3.66527000e+09
1475.000000 3.65747000e+09
1485.000000 3.61777000e+09
1495.000000 3.62432000e+09
1505.000000 3.33448000e+09
1512.000000 2.96009000e+09
1517.000000 3.15653000e+09
1525.000000 3.21227000e+09
1535.000000 2.83304000e+09
1545.000000 2.93379000e+09
1555.000000 2.77855000e+09
1565.000000 2.83821000e+09
1575.000000 3.00427000e+09
1585.000000 3.07355000e+09
1595.000000 3.09999000e+09
1605.000000 3.04656000e+09
1615.000000 3.06846000e+09
1625.000000 2.89514000e+09
1635.000000 3.07714000e+09
1645.000000 3.06476000e+09
1655.000000 2.82991000e+09
1665.000000 3.09621000e+09
1672.000000 2.94044000e+09
1677.000000 3.02259000e+09
1685.000000 3.11006000e+09
1695.000000 2.91232000e+09
1705.000000 2.76227000e+09
1715.000000 2.56518000e+09
1725.000000 2.54046000e+09
1735.000000 2.69911000e+09
1745.000000 2.59118000e+09
1755.000000 2.71219000e+09
1765.000000 2.49893000e+09
1775.000000 2.49453000e+09
1785.000000 2.55191000e+09
1795.000000 2.68315000e+09
1805.000000 2.68565000e+09
1815.000000 2.38202000e+09
1825.000000 2.49115000e+09
1835.000000 2.35398000e+09
1845.000000 2.16275000e+09
1855.000000 2.05672000e+09
1865.000000 2.12148000e+09
1875.000000 2.37078000e+09
1885.000000 2.11201000e+09
1895.000000 1.96997000e+09
1905.000000 2.16070000e+09
1915.000000 2.00054000e+09
1925.000000 1.94646000e+09
1935.000000 2.05066000e+09
1945.000000 2.07354000e+09
1955.000000 1.90010000e+09
1967.000000 2.09713000e+09
1976.000000 2.17514000e+09
1984.000000 2.01005000e+09
1995.000000 1.95018000e+09
2005.000000 2.02973000e+09
2015.000000 1.92845000e+09
2025.000000 2.07390000e+09
2035.000000 1.88618000e+09
2045.000000 1.93715000e+09
2055.000000 1.84911000e+09
2065.000000 1.87436000e+09
2074.000000 1.97803000e+09
2078.000000 1.80038000e+09
2085.000000 1.90010000e+09
2095.000000 1.77437000e+09
2105.000000 1.81638000e+09
2115.000000 1.82106000e+09
2125.000000 1.84559000e+09
2135.000000 1.75785000e+09
2145.000000 1.72438000e+09
2155.000000 1.79594000e+09
2165.000000 1.75480000e+09
2175.000000 1.73392000e+09
2185.000000 1.66687000e+09
2195.000000 1.71599000e+09
2205.000000 1.67482000e+09
2215.000000 1.62080000e+09
2225.000000 1.55162000e+09
2235.000000 1.61636000e+09
2245.000000 1.57859000e+09
2255.000000 1.50684000e+09
2265.000000 1.54864000e+09
2275.000000 1.56162000e+09
2285.000000 1.57150000e+09
2295.000000 1.49632000e+09
2305.000000 1.47564000e+09
2315.000000 1.41491000e+09
2325.000000 1.39391000e+09
2335.000000 1.32997000e+09
2345.000000 1.31516000e+09
2355.000000 1.33947000e+09
2365.000000 1.28775000e+09
2375.000000 1.29590000e+09
2385.000000 1.24326000e+09
2395.000000 1.30246000e+09
2405.000000 1.23739000e+09
2415.000000 1.25371000e+09
2425.000000 1.26992000e+09
2435.000000 1.20925000e+09
2445.000000 1.25187000e+09
2455.000000 1.23088000e+09
2465.000000 1.21633000e+09
2475.000000 1.18038000e+09
2485.000000 1.21977000e+09
2495.000000 1.17267000e+09
2505.000000 1.20907000e+09
2513.000000 1.13553000e+09
2518.000000 1.18123000e+09
2525.000000 1.12635000e+09
2535.000000 1.12300000e+09
2545.000000 1.08598000e+09
2555.000000 1.12257000e+09
2565.000000 1.10587000e+09
2575.000000 1.13838000e+09
2585.000000 1.13162000e+09
2595.000000 1.12811000e+09
2605.000000 1.10082000e+09
2615.000000 1.09093000e+09
2625.000000 1.08640000e+09
2635.000000 1.08561000e+09
2645.000000 1.10488000e+09
2655.000000 1.09561000e+09
2665.000000 1.05197000e+09
2675.000000 1.06949000e+09
2685.000000 1.05658000e+09
2695.000000 1.03039000e+09
2705.000000 1.03025000e+09
2715.000000 1.00857000e+09
2725.000000 9.95953000e+08
2735.000000 1.01432000e+09
2745.000000 9.55395000e+08
2755.000000 9.51648000e+08
2765.000000 9.56751000e+08
2775.000000 9.72128000e+08
2785.000000 9.64479000e+08
2795.000000 9.15731000e+08
2805.000000 9.39953000e+08
2815.000000 9.46123000e+08
2825.000000 9.30515000e+08
2835.000000 8.89229000e+08
2845.000000 8.83827000e+08
2855.000000 8.87352000e+08
2865.000000 9.00215000e+08
2875.000000 8.83390000e+08
2885.000000 8.80309000e+08
2895.000000 8.72845000e+08
2910.000000 8.71076000e+08
2930.000000 8.48693000e+08
2950.000000 8.28610000e+08
2970.000000 8.20606000e+08
2990.000000 8.03554000e+08
3010.000000 7.94949000e+08
3030.000000 7.87443000e+08
3050.000000 7.70549000e+08
3070.000000 7.56305000e+08
3090.000000 7.43390000e+08
3110.000000 7.28757000e+08
3130.000000 7.18012000e+08
3150.000000 7.05924000e+08
3170.000000 6.91496000e+08
3190.000000 6.70969000e+08
3210.000000 6.67533000e+08
3230.000000 6.57342000e+08
3250.000000 6.46994000e+08
3270.000000 6.37060000e+08
3290.000000 6.26415000e+08
3310.000000 6.17664000e+08
3330.000000 6.06530000e+08
3350.000000 5.94710000e+08
3370.000000 5.85715000e+08
3390.000000 5.76432000e+08
3410.000000 5.67778000e+08
3430.000000 5.56661000e+08
3450.000000 5.46396000e+08
3470.000000 5.38176000e+08
3490.000000 5.29768000e+08
3510.000000 5.22800000e+08
3530.000000 5.15532000e+08
3550.000000 5.07557000e+08
3570.000000 5.01088000e+08
3590.000000 4.89733000e+08
3610.000000 4.82789000e+08
3630.000000 4.75740000e+08
3640.000000 4.74580000e+08
3650.000000 4.68533000e+08
3670.000000 4.63133000e+08
3690.000000 4.51707000e+08
3710.000000 4.39022000e+08
3730.000000 4.26014000e+08
3750.000000 4.72328000e+08
3770.000000 4.81537000e+08
3790.000000 5.23074000e+08
3810.000000 5.55695000e+08
3830.000000 4.72681000e+08
3850.000000 5.76284000e+08
3870.000000 5.89510000e+08
3890.000000 4.43548000e+08
3910.000000 5.87046000e+08
3930.000000 5.72184000e+08
3950.000000 5.67973000e+08
3970.000000 4.13781000e+08
3990.000000 5.42586000e+08
4010.000000 5.46817000e+08
4030.000000 5.12268000e+08
4050.000000 5.35402000e+08
4070.000000 5.17463000e+08
4090.000000 4.69107000e+08
4110.000000 3.98672000e+08
4130.000000 4.84956000e+08
4150.000000 4.84624000e+08
4170.000000 4.82045000e+08
4190.000000 4.78463000e+08
4210.000000 4.72652000e+08
4230.000000 4.63729000e+08
4250.000000 4.55079000e+08
4270.000000 4.40805000e+08
4290.000000 4.39979000e+08
4310.000000 4.29071000e+08
4330.000000 3.77194000e+08
4350.000000 3.38813000e+08
4370.000000 4.06618000e+08
4390.000000 3.95122000e+08
4410.000000 4.00573000e+08
4430.000000 3.92664000e+08
4450.000000 3.90722000e+08
4470.000000 3.67078000e+08
4490.000000 3.74728000e+08
4510.000000 3.73931000e+08
4530.000000 3.66451000e+08
4550.000000 3.61489000e+08
4570.000000 3.57087000e+08
4590.000000 3.51515000e+08
4610.000000 3.45635000e+08
4630.000000 3.39193000e+08
4650.000000 3.34365000e+08
4670.000000 3.30886000e+08
4690.000000 3.27059000e+08
4710.000000 3.14761000e+08
4730.000000 3.14479000e+08
4750.000000 3.09832000e+08
4770.000000 3.09210000e+08
4790.000000 3.03727000e+08
4810.000000 2.96908000e+08
4830.000000 2.91095000e+08
4850.000000 2.62593000e+08
4870.000000 2.29737000e+08
4890.000000 2.78560000e+08
4910.000000 2.77170000e+08
4930.000000 2.66912000e+08
4950.000000 2.71033000e+08
4970.000000 2.68063000e+08
4990.000000 2.63664000e+08
5010.000000 2.53143000e+08
5030.000000 2.55095000e+08
5050.000000 2.47923000e+08
5070.000000 2.49298000e+08
5090.000000 2.45655000e+08
5110.000000 2.41457000e+08
5130.000000 2.37488000e+08
5150.000000 2.33971000e+08
5170.000000 2.32587000e+08
5190.000000 2.29595000e+08
5210.000000 2.23755000e+08
5230.000000 2.23411000e+08
5250.000000 2.20755000e+08
5270.000000 2.17319000e+08
5290.000000 2.15544000e+08
5310.000000 2.12267000e+08
5330.000000 2.09324000e+08
5350.000000 2.05972000e+08
5370.000000 2.04506000e+08
5390.000000 2.01824000e+08
5410.000000 1.98932000e+08
5430.000000 1.95744000e+08
5450.000000 1.93625000e+08
5470.000000 1.90915000e+08
5490.000000 1.89252000e+08
5510.000000 1.86627000e+08
5530.000000 1.84368000e+08
5550.000000 1.82283000e+08
5570.000000 1.79859000e+08
5590.000000 1.77779000e+08
5610.000000 1.75340000e+08
5630.000000 1.73764000e+08
5650.000000 1.69621000e+08
5670.000000 1.67876000e+08
5690.000000 1.66547000e+08
5710.000000 1.65105000e+08
5730.000000 1.63185000e+08
5750.000000 1.61152000e+08
5770.000000 1.59380000e+08
5790.000000 1.57371000e+08
5810.000000 1.55430000e+08
5830.000000 1.53512000e+08
5850.000000 1.51760000e+08
5870.000000 1.45556000e+08
5890.000000 1.47045000e+08
5910.000000 1.46256000e+08
5930.000000 1.44661000e+08
5950.000000 1.42253000e+08
5970.000000 1.41302000e+08
5990.000000 1.39331000e+08
6010.000000 1.38155000e+08
6030.000000 1.36452000e+08
6050.000000 1.34924000e+08
6070.000000 1.33351000e+08
6090.000000 1.31705000e+08
6110.000000 1.30370000e+08
6130.000000 1.28899000e+08
6150.000000 1.26647000e+08
6170.000000 1.25847000e+08
6190.000000 1.24534000e+08
6210.000000 1.23098000e+08
6230.000000 1.21620000e+08
6250.000000 1.19849000e+08
6270.000000 1.18904000e+08
6290.000000 1.17530000e+08
6310.000000 1.16048000e+08
6330.000000 1.14996000e+08
6350.000000 1.12881000e+08
6370.000000 1.11941000e+08
6390.000000 1.11103000e+08
6410.000000 1.09824000e+08
6430.000000 1.08878000e+08
6450.000000 1.07533000e+08
6470.000000 1.06294000e+08
6490.000000 1.05157000e+08
6510.000000 1.03694000e+08
6530.000000 1.02114000e+08
6550.000000 9.60911000e+07
6570.000000 8.35335000e+07
6590.000000 9.75133000e+07
6610.000000 9.82605000e+07
6630.000000 9.75657000e+07
6650.000000 9.66305000e+07
6670.000000 9.47139000e+07
6690.000000 9.37697000e+07
6710.000000 9.35881000e+07
6730.000000 9.26001000e+07
6750.000000 9.16884000e+07
6770.000000 9.07529000e+07
6790.000000 8.94101000e+07
6810.000000 8.87720000e+07
6830.000000 8.78006000e+07
6850.000000 8.69996000e+07
6870.000000 8.61187000e+07
6890.000000 8.52306000e+07
6910.000000 8.43513000e+07
6930.000000 8.33317000e+07
6950.000000 8.26500000e+07
6970.000000 8.18352000e+07
6990.000000 8.09743000e+07
7010.000000 8.01296000e+07
7030.000000 7.93237000e+07
7050.000000 7.83740000e+07
7070.000000 7.66047000e+07
7090.000000 7.70050000e+07
7110.000000 7.60731000e+07
7130.000000 7.53505000e+07
7150.000000 7.46569000e+07
7170.000000 7.39478000e+07
7190.000000 7.32601000e+07
7210.000000 7.25353000e+07
7230.000000 7.10406000e+07
7250.000000 7.10355000e+07
7270.000000 7.04192000e+07
7290.000000 6.92876000e+07
7310.000000 6.90465000e+07
7330.000000 6.83778000e+07
7350.000000 6.77377000e+07
7370.000000 6.70786000e+07
7390.000000 6.64311000e+07
7410.000000 6.57924000e+07
7430.000000 6.50572000e+07
7450.000000 6.44945000e+07
7470.000000 6.37857000e+07
7490.000000 6.32374000e+07
7510.000000 6.26519000e+07
7530.000000 6.20783000e+07
7550.000000 6.15133000e+07
7570.000000 6.09447000e+07
7590.000000 6.03389000e+07
7610.000000 5.98153000e+07
7630.000000 5.92471000e+07
7650.000000 5.86899000e+07
7670.000000 5.81454000e+07
7690.000000 5.76006000e+07
7710.000000 5.70753000e+07
7730.000000 5.65287000e+07
7750.000000 5.60166000e+07
7770.000000 5.49773000e+07
7790.000000 5.49939000e+07
7810.000000 5.44816000e+07
7830.000000 5.40034000e+07
7850.000000 5.33434000e+07
7870.000000 5.28968000e+07
7890.000000 5.23046000e+07
7910.000000 5.20537000e+07
7930.000000 5.16159000e+07
7950.000000 5.09661000e+07
7970.000000 5.06514000e+07
7990.000000 4.99650000e+07
8010.000000 4.97686000e+07
8030.000000 4.93025000e+07
8050.000000 4.88532000e+07
8070.000000 4.84436000e+07
8090.000000 4.79603000e+07
8110.000000 4.75442000e+07
8130.000000 4.71481000e+07
8150.000000 4.67077000e+07
8170.000000 4.63512000e+07
8190.000000 4.58836000e+07
8210.000000 4.53132000e+07
8230.000000 4.48991000e+07
8250.000000 4.47210000e+07
8270.000000 4.42009000e+07
8290.000000 4.39046000e+07
8310.000000 4.35495000e+07
8330.000000 4.31907000e+07
8350.000000 4.26810000e+07
8370.000000 4.23718000e+07
8390.000000 4.21010000e+07
8410.000000 4.16986000e+07
8430.000000 4.12725000e+07
8450.000000 4.05376000e+07
8470.000000 4.03863000e+07
8490.000000 4.01806000e+07
8510.000000 3.94343000e+07
8530.000000 3.96990000e+07
8550.000000 3.80618000e+07
8570.000000 3.95796000e+07
8590.000000 3.76024000e+07
8610.000000 3.72511000e+07
8630.000000 3.91136000e+07
8650.000000 3.77658000e+07
8670.000000 3.44193000e+07
8690.000000 3.81254000e+07
8710.000000 3.86507000e+07
8730.000000 3.73028000e+07
8750.000000 3.25908000e+07
8770.000000 3.59131000e+07
8790.000000 3.76422000e+07
8810.000000 3.76074000e+07
8830.000000 3.69125000e+07
8850.000000 3.41258000e+07
8870.000000 3.09674000e+07
8890.000000 3.54773000e+07
8910.000000 3.60623000e+07
8930.000000 3.58447000e+07
8950.000000 3.57327000e+07
8970.000000 3.53038000e+07
8990.000000 3.41051000e+07
9010.000000 2.95657000e+07
9030.000000 3.12552000e+07
9050.000000 3.37639000e+07
9070.000000 3.35968000e+07
9090.000000 3.35499000e+07
9110.000000 3.34981000e+07
9130.000000 3.32575000e+07
9150.000000 3.30078000e+07
9170.000000 3.25804000e+07
9190.000000 3.21140000e+07
9210.000000 3.04718000e+07
9230.000000 2.61928000e+07
9250.000000 2.97619000e+07
9270.000000 3.07244000e+07
9290.000000 3.10785000e+07
9310.000000 3.08404000e+07
9330.000000 3.07204000e+07
9350.000000 3.05189000e+07
9370.000000 3.02999000e+07
9390.000000 3.00445000e+07
9410.000000 2.96076000e+07
9430.000000 2.95898000e+07
9450.000000 2.93588000e+07
9470.000000 2.89173000e+07
9490.000000 2.87508000e+07
9510.000000 2.81022000e+07
9530.000000 2.65521000e+07
9550.000000 2.32484000e+07
9570.000000 2.67078000e+07
9590.000000 2.74842000e+07
9610.000000 2.74005000e+07
9630.000000 2.70426000e+07
9650.000000 2.71750000e+07
9670.000000 2.69306000e+07
9690.000000 2.67353000e+07
9710.000000 2.65010000e+07
9730.000000 2.63587000e+07
9750.000000 2.61437000e+07
9770.000000 2.59630000e+07
9790.000000 2.57615000e+07
9810.000000 2.55645000e+07
9830.000000 2.53530000e+07
9850.000000 2.51795000e+07
9870.000000 2.49820000e+07
9890.000000 2.47686000e+07
9910.000000 2.45222000e+07
9930.000000 2.44300000e+07
9950.000000 2.42326000e+07
9970.000000 2.40013000e+07
9990.000000 2.37770000e+07
10025.000000 2.23127000e+07
10075.000000 2.14394000e+07
10125.000000 2.25301000e+07
10175.000000 2.22903000e+07
10225.000000 2.18988000e+07
10275.000000 2.15124000e+07
10325.000000 2.10576000e+07
10375.000000 2.07490000e+07
10425.000000 2.03834000e+07
10475.000000 2.00159000e+07
10525.000000 1.96561000e+07
10575.000000 1.93184000e+07
10625.000000 1.89869000e+07
10675.000000 1.85777000e+07
10725.000000 1.83233000e+07
10775.000000 1.80109000e+07
10825.000000 1.75115000e+07
10875.000000 1.73053000e+07
10925.000000 1.54968000e+07
10975.000000 1.62851000e+07
11025.000000 1.64102000e+07
11075.000000 1.62445000e+07
11125.000000 1.59856000e+07
11175.000000 1.57159000e+07
11225.000000 1.54530000e+07
11275.000000 1.51464000e+07
11325.000000 1.49143000e+07
11375.000000 1.47063000e+07
11425.000000 1.44630000e+07
11475.000000 1.42340000e+07
11525.000000 1.40030000e+07
11575.000000 1.37751000e+07
11625.000000 1.35395000e+07
11675.000000 1.33262000e+07
11725.000000 1.31237000e+07
11775.000000 1.28837000e+07
11825.000000 1.27136000e+07
11875.000000 1.25087000e+07
11925.000000 1.23208000e+07
11975.000000 1.20395000e+07
12025.000000 1.19407000e+07
12075.000000 1.17549000e+07
12125.000000 1.15728000e+07
12175.000000 1.13956000e+07
12225.000000 1.12204000e+07
12275.000000 1.10487000e+07
12325.000000 1.08811000e+07
12375.000000 1.07178000e+07
12425.000000 1.05578000e+07
12475.000000 1.03872000e+07
12525.000000 1.02290000e+07
12575.000000 1.00821000e+07
12625.000000 9.93759000e+06
12675.000000 9.79298000e+06
12725.000000 9.63218000e+06
12775.000000 9.32055000e+06
12825.000000 8.50822000e+06
12875.000000 9.13883000e+06
12925.000000 9.08811000e+06
12975.000000 8.92444000e+06
13025.000000 8.83895000e+06
13075.000000 8.71198000e+06
13125.000000 8.58756000e+06
13175.000000 8.45891000e+06
13225.000000 8.34488000e+06
13275.000000 8.22698000e+06
13325.000000 8.11104000e+06
13375.000000 7.99723000e+06
13425.000000 7.88008000e+06
13475.000000 7.77441000e+06
13525.000000 7.66513000e+06
13575.000000 7.56012000e+06
13625.000000 7.45562000e+06
13675.000000 7.35104000e+06
13725.000000 7.25058000e+06
13775.000000 7.15416000e+06
13825.000000 7.05698000e+06
13875.000000 6.96120000e+06
13925.000000 6.86506000e+06
13975.000000 6.77358000e+06
14025.000000 6.68362000e+06
14075.000000 6.59362000e+06
14125.000000 6.50567000e+06
14175.000000 6.41992000e+06
14225.000000 6.33503000e+06
14275.000000 6.25135000e+06
14325.000000 6.16905000e+06
14375.000000 6.08792000e+06
14425.000000 6.00289000e+06
14475.000000 5.92840000e+06
14525.000000 5.85087000e+06
14570.000000 5.78533000e+06
14620.000000 5.70969000e+06
14675.000000 5.63076000e+06
14725.000000 5.55871000e+06
14775.000000 5.48681000e+06
14825.000000 5.41952000e+06
14875.000000 5.35114000e+06
14925.000000 5.28473000e+06
14975.000000 5.21775000e+06
15025.000000 5.15321000e+06
15075.000000 5.08129000e+06
15125.000000 5.02453000e+06
15175.000000 4.96170000e+06
15225.000000 4.89974000e+06
15275.000000 4.83575000e+06
15325.000000 4.77361000e+06
15375.000000 4.71982000e+06
15425.000000 4.64731000e+06
15475.000000 4.60412000e+06
15525.000000 4.54575000e+06
15575.000000 4.45884000e+06
15625.000000 4.45781000e+06
15675.000000 4.36272000e+06
15725.000000 4.28124000e+06
15775.000000 4.30850000e+06
15825.000000 4.25138000e+06
15875.000000 4.06349000e+06
15925.000000 4.12284000e+06
15975.000000 4.12261000e+06
16050.000000 4.01836000e+06
16150.000000 3.84901000e+06
16250.000000 3.87982000e+06
16350.000000 3.73823000e+06
16450.000000 3.57180000e+06
16550.000000 3.62655000e+06
16650.000000 3.54643000e+06
16750.000000 3.40364000e+06
16850.000000 3.24845000e+06
16950.000000 3.30793000e+06
17050.000000 3.22621000e+06
17150.000000 3.16705000e+06
17250.000000 3.08980000e+06
17350.000000 2.86844000e+06
17450.000000 2.93970000e+06
17550.000000 2.89884000e+06
17650.000000 2.83682000e+06
17750.000000 2.77529000e+06
17850.000000 2.71578000e+06
17950.000000 2.65977000e+06
18050.000000 2.59569000e+06
18150.000000 2.42193000e+06
18250.000000 2.46186000e+06
18350.000000 2.44226000e+06
18450.000000 2.39272000e+06
18550.000000 2.34116000e+06
18650.000000 2.27843000e+06
18750.000000 2.13589000e+06
18850.000000 2.19672000e+06
18950.000000 2.15839000e+06
19050.000000 2.11056000e+06
19150.000000 2.07379000e+06
19250.000000 2.03267000e+06
19350.000000 1.98355000e+06
19450.000000 1.84510000e+06
19550.000000 1.90493000e+06
19650.000000 1.87807000e+06
19750.000000 1.84172000e+06
19850.000000 1.80619000e+06
19950.000000 1.77156000e+06
20050.000000 1.73782000e+06
20150.000000 1.70475000e+06
20250.000000 1.67252000e+06
20350.000000 1.64102000e+06
20450.000000 1.61005000e+06
20550.000000 1.57774000e+06
20650.000000 1.55101000e+06
20750.000000 1.52236000e+06
20850.000000 1.49436000e+06
20950.000000 1.46691000e+06
21050.000000 1.44025000e+06
21150.000000 1.41075000e+06
21250.000000 1.38841000e+06
21350.000000 1.36328000e+06
21450.000000 1.33881000e+06
21550.000000 1.31051000e+06
21650.000000 1.22200000e+06
21750.000000 1.26024000e+06
21850.000000 1.24653000e+06
21950.000000 1.22495000e+06
22050.000000 1.20387000e+06
22150.000000 1.18297000e+06
22250.000000 1.16246000e+06
22350.000000 1.14258000e+06
22450.000000 1.12301000e+06
22550.000000 1.10388000e+06
22650.000000 1.08512000e+06
22750.000000 1.06680000e+06
22850.000000 1.04882000e+06
22950.000000 1.03133000e+06
23050.000000 1.01404000e+06
23150.000000 9.97353000e+05
23250.000000 9.80916000e+05
23350.000000 9.64794000e+05
23450.000000 9.49047000e+05
23550.000000 9.33532000e+05
23650.000000 9.18313000e+05
23750.000000 9.03516000e+05
23850.000000 8.88935000e+05
23950.000000 8.74565000e+05
24050.000000 8.60469000e+05
24150.000000 8.46640000e+05
24250.000000 8.33457000e+05
24350.000000 8.20081000e+05
24450.000000 8.06896000e+05
24550.000000 7.94585000e+05
24650.000000 7.81579000e+05
24750.000000 7.68819000e+05
24850.000000 7.58434000e+05
24950.000000 7.43773000e+05
25050.000000 7.35325000e+05
25150.000000 7.24129000e+05
25250.000000 7.08123000e+05
25350.000000 7.01726000e+05
25450.000000 6.92500000e+05
25550.000000 6.80396000e+05
25650.000000 6.62847000e+05
25750.000000 6.60720000e+05
25850.000000 6.52235000e+05
25950.000000 6.42351000e+05
26050.000000 6.28824000e+05
26150.000000 6.08488000e+05
26250.000000 5.81718000e+05
26350.000000 6.01510000e+05
26450.000000 5.96755000e+05
26550.000000 5.88046000e+05
26650.000000 5.77223000e+05
26750.000000 5.53225000e+05
26850.000000 5.60452000e+05
26950.000000 5.55989000e+05
27050.000000 5.48333000e+05
27150.000000 5.40519000e+05
27250.000000 5.32856000e+05
27350.000000 5.25290000e+05
27450.000000 5.15970000e+05
27550.000000 4.92194000e+05
27650.000000 4.95179000e+05
27750.000000 4.95677000e+05
27850.000000 4.89452000e+05
27950.000000 4.82677000e+05
28050.000000 4.76000000e+05
28150.000000 4.69439000e+05
28250.000000 4.62977000e+05
28350.000000 4.56591000e+05
28450.000000 4.50422000e+05
28550.000000 4.43694000e+05
28650.000000 4.32846000e+05
28750.000000 4.13236000e+05
28850.000000 4.24421000e+05
28950.000000 4.20667000e+05
29050.000000 4.15205000e+05
29150.000000 4.09639000e+05
29250.000000 4.04231000e+05
29350.000000 3.98862000e+05
29450.000000 3.93608000e+05
29550.000000 3.88446000e+05
29650.000000 3.83353000e+05
29750.000000 3.78346000e+05
29850.000000 3.73418000e+05
29950.000000 3.68572000e+05
30050.000000 3.63795000e+05
30150.000000 3.59069000e+05
30250.000000 3.53319000e+05
30350.000000 3.36598000e+05
30450.000000 3.37410000e+05
30550.000000 3.40287000e+05
30650.000000 3.36746000e+05
30750.000000 3.32456000e+05
30850.000000 3.28131000e+05
30950.000000 3.24166000e+05
31050.000000 3.20104000e+05
31150.000000 3.16099000e+05
31250.000000 3.12143000e+05
31350.000000 3.08292000e+05
31450.000000 3.04468000e+05
31550.000000 3.00717000e+05
31650.000000 2.97007000e+05
31750.000000 2.93371000e+05
31850.000000 2.89790000e+05
31950.000000 2.86255000e+05
32100.000000 2.81056000e+05
32300.000000 2.74308000e+05
32500.000000 2.67761000e+05
32700.000000 2.61293000e+05
32900.000000 2.47165000e+05
33100.000000 2.47134000e+05
33300.000000 2.43067000e+05
33500.000000 2.37549000e+05
33700.000000 2.32087000e+05
33900.000000 2.26796000e+05
34100.000000 2.21643000e+05
34300.000000 2.16628000e+05
34500.000000 2.11766000e+05
34700.000000 2.07023000e+05
34900.000000 2.02412000e+05
35100.000000 1.97943000e+05
35300.000000 1.93581000e+05
35500.000000 1.89341000e+05
35700.000000 1.85203000e+05
35900.000000 1.81225000e+05
36100.000000 1.77260000e+05
36300.000000 1.73528000e+05
36500.000000 1.69717000e+05
36700.000000 1.66250000e+05
36900.000000 1.62488000e+05
37100.000000 1.59124000e+05
37300.000000 1.53669000e+05
37500.000000 1.49173000e+05
37700.000000 1.49542000e+05
37900.000000 1.46602000e+05
38100.000000 1.43172000e+05
38300.000000 1.40335000e+05
38500.000000 1.38063000e+05
38700.000000 1.35331000e+05
38900.000000 1.32248000e+05
39100.000000 1.28720000e+05
39300.000000 1.27223000e+05
39500.000000 1.24849000e+05
39700.000000 1.22430000e+05
39900.000000 1.20008000e+05
40100.000000 1.16757000e+05
40300.000000 1.14015000e+05
40500.000000 1.09896000e+05
40700.000000 1.10818000e+05
40900.000000 1.08888000e+05
41100.000000 1.06816000e+05
41300.000000 1.04755000e+05
41500.000000 1.02612000e+05
41700.000000 9.87639000e+04
41900.000000 9.87461000e+04
42100.000000 9.71639000e+04
42300.000000 9.53693000e+04
42500.000000 9.35958000e+04
42700.000000 9.18966000e+04
42900.000000 9.01452000e+04
43100.000000 8.85784000e+04
43300.000000 8.69764000e+04
43500.000000 8.53303000e+04
43700.000000 8.19589000e+04
43900.000000 8.17279000e+04
44100.000000 8.09166000e+04
44300.000000 7.94870000e+04
44500.000000 7.80873000e+04
44700.000000 7.68433000e+04
44900.000000 7.54969000e+04
45100.000000 7.41898000e+04
45300.000000 7.28881000e+04
45500.000000 7.16427000e+04
45700.000000 7.04128000e+04
45900.000000 6.92086000e+04
46100.000000 6.78950000e+04
46300.000000 6.66278000e+04
46500.000000 6.33083000e+04
46700.000000 6.24787000e+04
46900.000000 6.31168000e+04
47100.000000 6.23611000e+04
47300.000000 6.14695000e+04
47500.000000 6.04387000e+04
47700.000000 5.94527000e+04
47900.000000 5.84828000e+04
48100.000000 5.75269000e+04
48300.000000 5.65912000e+04
48500.000000 5.56754000e+04
48700.000000 5.47775000e+04
48900.000000 5.38970000e+04
49100.000000 5.30338000e+04
49300.000000 5.21890000e+04
49500.000000 5.13607000e+04
49700.000000 5.05470000e+04
49900.000000 4.97508000e+04
50100.000000 4.89671000e+04
50300.000000 4.82003000e+04
50500.000000 4.74544000e+04
50700.000000 4.67173000e+04
50900.000000 4.58841000e+04
51100.000000 4.50264000e+04
51300.000000 4.30241000e+04
51500.000000 4.37147000e+04
51700.000000 4.31290000e+04
51900.000000 4.25875000e+04
52100.000000 4.19447000e+04
52300.000000 4.13133000e+04
52500.000000 4.06574000e+04
52700.000000 3.99981000e+04
52900.000000 3.94889000e+04
53100.000000 3.89047000e+04
53300.000000 3.83295000e+04
53500.000000 3.77644000e+04
53700.000000 3.71165000e+04
53900.000000 3.65745000e+04
54100.000000 3.61334000e+04
54300.000000 3.56096000e+04
54500.000000 3.50938000e+04
54700.000000 3.45883000e+04
54900.000000 3.40918000e+04
55100.000000 3.35333000e+04
55300.000000 3.29475000e+04
55500.000000 3.26419000e+04
55700.000000 3.21930000e+04
55900.000000 3.17388000e+04
56100.000000 3.12927000e+04
56300.000000 3.08544000e+04
56500.000000 3.04239000e+04
56700.000000 3.00011000e+04
56900.000000 2.95439000e+04
57100.000000 2.89132000e+04
57300.000000 2.87106000e+04
57500.000000 2.83802000e+04
57700.000000 2.79926000e+04
57900.000000 2.76107000e+04
58100.000000 2.72357000e+04
58300.000000 2.68663000e+04
58500.000000 2.65299000e+04
58700.000000 2.61318000e+04
58900.000000 2.56473000e+04
59100.000000 2.44785000e+04
59300.000000 2.49897000e+04
59500.000000 2.44559000e+04
59700.000000 2.42912000e+04
59900.000000 2.41136000e+04
60100.000000 2.38365000e+04
60300.000000 2.35243000e+04
60500.000000 2.32177000e+04
60700.000000 2.29157000e+04
60900.000000 2.26181000e+04
61100.000000 2.23260000e+04
61300.000000 2.20382000e+04
61500.000000 2.17556000e+04
61700.000000 2.14763000e+04
61900.000000 2.12020000e+04
62100.000000 2.09328000e+04
62300.000000 2.06666000e+04
62500.000000 2.03976000e+04
62700.000000 2.00588000e+04
62900.000000 1.94335000e+04
63100.000000 1.95252000e+04
63300.000000 1.93832000e+04
63500.000000 1.91586000e+04
63700.000000 1.89215000e+04
63900.000000 1.86870000e+04
64200.000000 1.83427000e+04
64600.000000 1.78960000e+04
65000.000000 1.74624000e+04
65400.000000 1.70416000e+04
65800.000000 1.66332000e+04
66200.000000 1.62368000e+04
66600.000000 1.58538000e+04
67000.000000 1.54804000e+04
67400.000000 1.50733000e+04
67800.000000 1.44968000e+04
68200.000000 1.44123000e+04
68600.000000 1.40943000e+04
69000.000000 1.37723000e+04
69400.000000 1.34583000e+04
69800.000000 1.31545000e+04
70200.000000 1.28590000e+04
70600.000000 1.25716000e+04
71000.000000 1.22921000e+04
71400.000000 1.20203000e+04
71800.000000 1.17566000e+04
72200.000000 1.14995000e+04
72600.000000 1.12388000e+04
73000.000000 1.10057000e+04
73400.000000 1.07693000e+04
73800.000000 1.05387000e+04
74200.000000 1.02885000e+04
74600.000000 9.83192000e+03
75000.000000 9.51434000e+03
75400.000000 9.62505000e+03
75800.000000 9.47325000e+03
76200.000000 9.27868000e+03
76600.000000 9.08700000e+03
77000.000000 8.90070000e+03
77400.000000 8.71587000e+03
77800.000000 8.50324000e+03
78200.000000 8.36596000e+03
78600.000000 8.20114000e+03
79000.000000 8.03681000e+03
79400.000000 7.87716000e+03
79800.000000 7.72089000e+03
80200.000000 7.56851000e+03
80600.000000 7.41993000e+03
81000.000000 7.27505000e+03
81400.000000 7.09172000e+03
81800.000000 6.97637000e+03
82200.000000 6.86124000e+03
82600.000000 6.72980000e+03
83000.000000 6.60165000e+03
83400.000000 6.47619000e+03
83800.000000 6.35389000e+03
84200.000000 6.23415000e+03
84600.000000 6.11797000e+03
85000.000000 6.00369000e+03
85400.000000 5.89231000e+03
85800.000000 5.78376000e+03
86200.000000 5.67190000e+03
86600.000000 5.50861000e+03
87000.000000 5.45509000e+03
87400.000000 5.29085000e+03
87800.000000 5.19584000e+03
88200.000000 5.18126000e+03
88600.000000 5.08851000e+03
89000.000000 4.99769000e+03
89400.000000 4.90923000e+03
89800.000000 4.82262000e+03
90200.000000 4.73780000e+03
90600.000000 4.65475000e+03
91000.000000 4.57389000e+03
91400.000000 4.49453000e+03
91800.000000 4.41687000e+03
92200.000000 4.34087000e+03
92600.000000 4.26650000e+03
93000.000000 4.19377000e+03
93400.000000 4.11854000e+03
93800.000000 3.98680000e+03
94200.000000 3.96176000e+03
94600.000000 3.91768000e+03
95000.000000 3.85224000e+03
95400.000000 3.78788000e+03
95800.000000 3.72545000e+03
96200.000000 3.66400000e+03
96600.000000 3.60377000e+03
97000.000000 3.54480000e+03
97400.000000 3.48703000e+03
97800.000000 3.43040000e+03
98200.000000 3.37431000e+03
98600.000000 3.31691000e+03
99000.000000 3.26729000e+03
99400.000000 3.21512000e+03
99800.000000 3.16395000e+03
100200.000000 3.11378000e+03
200000.000000 1.94797000e+02
400000.000000 1.19411000e+01
600000.000000 2.32777000e+00
800000.000000 7.29913000e-01
1000000.000000 2.97044000e-01
1200000.000000 1.42550000e-01
1400000.000000 7.66414000e-02
1600000.000000 4.47793000e-02
