# Kurucz ODFNEW /NOVER, alpha: 0.0 (2003)
# teff = 11500 K (value for the effective temperature for the model. Temperatures are given in K)
# logg = 3.5 log(cm/s2) (value for Log(G) for the model.)
# lh = 1.25  (l/Hp where l is the  mixing length of the convective element and Hp is the pressure scale height)
# meta = -0.5  (value for the Metallicity for the model.)
# vtur = 2 km/s (Microturbulence velocity)
# alpha = 0  (Alpha)
#
# column 1: WAVELENGTH (ANGSTROM), Wavelength in Angstrom
# column 2: FLUX (ERG/CM2/S/A), Flux in erg/cm2/s/A
230.000000 2.38572000e-23
234.000000 1.28886000e-22
240.000000 9.02973000e-22
246.500000 6.38730000e-21
252.400000 3.47506000e-20
256.800000 1.17201000e-19
260.000000 2.77152000e-19
264.000000 7.90799000e-19
268.500000 2.47451000e-18
273.500000 8.42982000e-18
278.500000 2.76851000e-17
284.000000 9.76154000e-17
290.000000 3.66211000e-16
296.000000 1.30129000e-15
301.000000 3.61939000e-15
308.000000 1.43517000e-14
318.000000 9.26587000e-14
328.000000 5.35869000e-13
338.000000 2.79467000e-12
348.000000 1.32865000e-11
357.000000 5.02714000e-11
366.000000 1.77970000e-10
375.000000 5.91837000e-10
385.000000 2.10630000e-09
395.000000 7.02174000e-09
405.000000 2.20592000e-08
414.000000 5.88318000e-08
422.000000 1.35751000e-07
430.000000 3.03014000e-07
441.000000 8.73807000e-07
451.000000 2.18220000e-06
460.000000 4.79832000e-06
470.000000 1.10974000e-05
480.000000 2.47670000e-05
490.000000 5.34545000e-05
500.000000 1.11608000e-04
506.000000 4.77040000e-04
512.000000 9.30787000e-04
520.000000 1.52155000e-03
530.000000 2.78128000e-03
540.000000 4.85717000e-03
550.000000 8.59578000e-03
560.000000 1.46403000e-02
570.000000 2.45031000e-02
580.000000 3.92833000e-02
590.000000 6.46879000e-02
600.000000 1.02710000e-01
610.000000 1.60897000e-01
620.000000 2.47550000e-01
630.000000 3.76027000e-01
640.000000 5.61443000e-01
650.000000 8.33156000e-01
658.000000 1.12976000e+00
665.000000 1.46398000e+00
675.000000 2.09993000e+00
685.000000 2.98292000e+00
695.000000 4.19864000e+00
705.000000 5.83750000e+00
716.000000 8.30096000e+00
726.000000 1.13246000e+01
735.000000 1.48495000e+01
745.000000 1.99189000e+01
755.000000 2.64975000e+01
765.000000 3.49496000e+01
775.000000 4.58015000e+01
785.000000 5.95608000e+01
795.000000 7.67675000e+01
805.000000 9.85272000e+01
815.000000 1.25521000e+02
825.000000 1.58850000e+02
835.000000 1.98954000e+02
845.000000 2.49836000e+02
855.000000 3.10474000e+02
865.000000 3.84214000e+02
875.000000 4.72205000e+02
885.000000 5.78448000e+02
895.000000 7.04335000e+02
905.000000 8.49754000e+02
915.000000 9.95387000e+03
925.000000 5.92464000e+04
935.000000 9.58905000e+04
945.000000 2.08883000e+05
955.000000 1.69243000e+06
965.000000 2.87932000e+06
975.000000 4.90734000e+05
985.000000 1.77406000e+07
995.000000 3.26932000e+07
1005.000000 3.44897000e+07
1015.000000 1.12420000e+07
1025.000000 4.25774000e+05
1035.000000 6.41958000e+06
1045.000000 4.48891000e+07
1055.000000 7.19662000e+07
1065.000000 6.90035000e+07
1075.000000 8.58544000e+07
1085.000000 8.79881000e+07
1095.000000 9.34295000e+07
1105.000000 1.19462000e+08
1115.000000 1.99324000e+08
1125.000000 2.22122000e+08
1135.000000 2.45410000e+08
1145.000000 2.26775000e+08
1155.000000 2.43463000e+08
1165.000000 2.61313000e+08
1175.000000 2.37172000e+08
1185.000000 1.83495000e+08
1195.000000 1.82455000e+07
1205.000000 7.08509000e+06
1215.000000 8.44450000e+05
1225.000000 4.32807000e+06
1235.000000 6.18289000e+07
1245.000000 2.10489000e+08
1255.000000 2.88630000e+08
1265.000000 2.27376000e+08
1275.000000 3.35218000e+08
1285.000000 3.94383000e+08
1295.000000 3.34267000e+08
1305.000000 2.26609000e+08
1315.000000 3.62650000e+08
1325.000000 3.87088000e+08
1335.000000 3.51781000e+08
1345.000000 4.19540000e+08
1355.000000 3.94494000e+08
1365.000000 3.46355000e+08
1375.000000 3.82563000e+08
1385.000000 3.91297000e+08
1395.000000 3.95735000e+08
1405.000000 3.98519000e+08
1415.000000 3.68051000e+08
1425.000000 3.81029000e+08
1435.000000 3.56052000e+08
1442.000000 3.89328000e+08
1447.000000 4.08503000e+08
1455.000000 4.04005000e+08
1465.000000 3.79323000e+08
1475.000000 3.61123000e+08
1485.000000 3.71873000e+08
1495.000000 3.86097000e+08
1505.000000 3.84360000e+08
1512.000000 3.64808000e+08
1517.000000 3.86062000e+08
1525.000000 3.62486000e+08
1535.000000 3.45787000e+08
1545.000000 3.75747000e+08
1555.000000 3.42185000e+08
1565.000000 3.20260000e+08
1575.000000 3.29312000e+08
1585.000000 3.53827000e+08
1595.000000 3.64346000e+08
1605.000000 3.42110000e+08
1615.000000 3.43765000e+08
1625.000000 3.17790000e+08
1635.000000 3.26979000e+08
1645.000000 3.32301000e+08
1655.000000 2.95673000e+08
1665.000000 3.27247000e+08
1672.000000 2.75905000e+08
1677.000000 3.11636000e+08
1685.000000 3.33417000e+08
1695.000000 3.15962000e+08
1705.000000 3.01822000e+08
1715.000000 2.92241000e+08
1725.000000 2.88331000e+08
1735.000000 3.00360000e+08
1745.000000 2.94985000e+08
1755.000000 3.13979000e+08
1765.000000 2.80670000e+08
1775.000000 3.03488000e+08
1785.000000 3.01410000e+08
1795.000000 3.15704000e+08
1805.000000 3.05636000e+08
1815.000000 3.00734000e+08
1825.000000 2.92052000e+08
1835.000000 2.82903000e+08
1845.000000 2.69497000e+08
1855.000000 2.71351000e+08
1865.000000 2.71514000e+08
1875.000000 2.86510000e+08
1885.000000 2.79545000e+08
1895.000000 2.72154000e+08
1905.000000 2.71785000e+08
1915.000000 2.70074000e+08
1925.000000 2.69481000e+08
1935.000000 2.69359000e+08
1945.000000 2.75599000e+08
1955.000000 2.67839000e+08
1967.000000 2.76333000e+08
1976.000000 2.75607000e+08
1984.000000 2.68192000e+08
1995.000000 2.58096000e+08
2005.000000 2.60401000e+08
2015.000000 2.46568000e+08
2025.000000 2.54630000e+08
2035.000000 2.50997000e+08
2045.000000 2.55142000e+08
2055.000000 2.43816000e+08
2065.000000 2.42653000e+08
2074.000000 2.48031000e+08
2078.000000 2.49982000e+08
2085.000000 2.51461000e+08
2095.000000 2.42087000e+08
2105.000000 2.40566000e+08
2115.000000 2.38912000e+08
2125.000000 2.39346000e+08
2135.000000 2.17340000e+08
2145.000000 2.32308000e+08
2155.000000 2.33784000e+08
2165.000000 2.23792000e+08
2175.000000 2.20075000e+08
2185.000000 2.17371000e+08
2195.000000 2.27374000e+08
2205.000000 2.19063000e+08
2215.000000 2.06470000e+08
2225.000000 1.99596000e+08
2235.000000 2.15869000e+08
2245.000000 1.98985000e+08
2255.000000 1.96076000e+08
2265.000000 1.97749000e+08
2275.000000 2.06168000e+08
2285.000000 2.09158000e+08
2295.000000 1.99615000e+08
2305.000000 1.93951000e+08
2315.000000 1.88160000e+08
2325.000000 1.88622000e+08
2335.000000 1.80722000e+08
2345.000000 1.71072000e+08
2355.000000 1.83079000e+08
2365.000000 1.70050000e+08
2375.000000 1.75674000e+08
2385.000000 1.60647000e+08
2395.000000 1.72969000e+08
2405.000000 1.64877000e+08
2415.000000 1.67784000e+08
2425.000000 1.73149000e+08
2435.000000 1.65370000e+08
2445.000000 1.74821000e+08
2455.000000 1.68624000e+08
2465.000000 1.68263000e+08
2475.000000 1.62091000e+08
2485.000000 1.71410000e+08
2495.000000 1.65936000e+08
2505.000000 1.75336000e+08
2513.000000 1.64665000e+08
2518.000000 1.68111000e+08
2525.000000 1.57980000e+08
2535.000000 1.57598000e+08
2545.000000 1.55815000e+08
2555.000000 1.62181000e+08
2565.000000 1.60209000e+08
2575.000000 1.68393000e+08
2585.000000 1.67262000e+08
2595.000000 1.66333000e+08
2605.000000 1.59885000e+08
2615.000000 1.58989000e+08
2625.000000 1.61859000e+08
2635.000000 1.62586000e+08
2645.000000 1.72107000e+08
2655.000000 1.69327000e+08
2665.000000 1.60734000e+08
2675.000000 1.65009000e+08
2685.000000 1.64033000e+08
2695.000000 1.59130000e+08
2705.000000 1.60942000e+08
2715.000000 1.55379000e+08
2725.000000 1.55773000e+08
2735.000000 1.62583000e+08
2745.000000 1.47151000e+08
2755.000000 1.46328000e+08
2765.000000 1.50042000e+08
2775.000000 1.55650000e+08
2785.000000 1.54845000e+08
2795.000000 1.39291000e+08
2805.000000 1.47220000e+08
2815.000000 1.55774000e+08
2825.000000 1.54815000e+08
2835.000000 1.49774000e+08
2845.000000 1.45190000e+08
2855.000000 1.44073000e+08
2865.000000 1.48122000e+08
2875.000000 1.44865000e+08
2885.000000 1.47307000e+08
2895.000000 1.44484000e+08
2910.000000 1.51077000e+08
2930.000000 1.45866000e+08
2950.000000 1.44895000e+08
2970.000000 1.44317000e+08
2990.000000 1.43316000e+08
3010.000000 1.44445000e+08
3030.000000 1.42926000e+08
3050.000000 1.40665000e+08
3070.000000 1.38766000e+08
3090.000000 1.38573000e+08
3110.000000 1.35784000e+08
3130.000000 1.34173000e+08
3150.000000 1.33793000e+08
3170.000000 1.32140000e+08
3190.000000 1.28541000e+08
3210.000000 1.29255000e+08
3230.000000 1.27406000e+08
3250.000000 1.26635000e+08
3270.000000 1.26013000e+08
3290.000000 1.25092000e+08
3310.000000 1.24341000e+08
3330.000000 1.22380000e+08
3350.000000 1.20386000e+08
3370.000000 1.19522000e+08
3390.000000 1.18033000e+08
3410.000000 1.17887000e+08
3430.000000 1.16651000e+08
3450.000000 1.15787000e+08
3470.000000 1.14249000e+08
3490.000000 1.13197000e+08
3510.000000 1.12642000e+08
3530.000000 1.11826000e+08
3550.000000 1.10787000e+08
3570.000000 1.09538000e+08
3590.000000 1.08470000e+08
3610.000000 1.07442000e+08
3630.000000 1.06315000e+08
3640.000000 1.05911000e+08
3650.000000 1.07008000e+08
3670.000000 1.05865000e+08
3690.000000 1.01486000e+08
3710.000000 1.07407000e+08
3730.000000 1.14365000e+08
3750.000000 1.49668000e+08
3770.000000 1.56529000e+08
3790.000000 1.81746000e+08
3810.000000 2.02378000e+08
3830.000000 1.65694000e+08
3850.000000 2.12638000e+08
3870.000000 2.26754000e+08
3890.000000 1.48933000e+08
3910.000000 2.22098000e+08
3930.000000 2.23188000e+08
3950.000000 2.17664000e+08
3970.000000 1.40622000e+08
3990.000000 2.08916000e+08
4010.000000 2.14067000e+08
4030.000000 2.09475000e+08
4050.000000 2.09168000e+08
4070.000000 2.04047000e+08
4090.000000 1.77295000e+08
4110.000000 1.41469000e+08
4130.000000 1.92507000e+08
4150.000000 1.94217000e+08
4170.000000 1.91895000e+08
4190.000000 1.89666000e+08
4210.000000 1.87188000e+08
4230.000000 1.84241000e+08
4250.000000 1.81571000e+08
4270.000000 1.78692000e+08
4290.000000 1.76182000e+08
4310.000000 1.71539000e+08
4330.000000 1.44082000e+08
4350.000000 1.24706000e+08
4370.000000 1.64375000e+08
4390.000000 1.62862000e+08
4410.000000 1.62441000e+08
4430.000000 1.60160000e+08
4450.000000 1.58402000e+08
4470.000000 1.54978000e+08
4490.000000 1.52382000e+08
4510.000000 1.51586000e+08
4530.000000 1.49507000e+08
4550.000000 1.46679000e+08
4570.000000 1.46031000e+08
4590.000000 1.43349000e+08
4610.000000 1.42468000e+08
4630.000000 1.39653000e+08
4650.000000 1.38734000e+08
4670.000000 1.36745000e+08
4690.000000 1.34984000e+08
4710.000000 1.32352000e+08
4730.000000 1.31532000e+08
4750.000000 1.29777000e+08
4770.000000 1.28308000e+08
4790.000000 1.26518000e+08
4810.000000 1.24415000e+08
4830.000000 1.21486000e+08
4850.000000 1.04764000e+08
4870.000000 8.72849000e+07
4890.000000 1.16080000e+08
4910.000000 1.16619000e+08
4930.000000 1.14886000e+08
4950.000000 1.14311000e+08
4970.000000 1.12995000e+08
4990.000000 1.11501000e+08
5010.000000 1.09196000e+08
5030.000000 1.08539000e+08
5050.000000 1.06514000e+08
5070.000000 1.06047000e+08
5090.000000 1.04759000e+08
5110.000000 1.03368000e+08
5130.000000 1.02294000e+08
5150.000000 1.00854000e+08
5170.000000 9.92673000e+07
5190.000000 9.83582000e+07
5210.000000 9.72159000e+07
5230.000000 9.58747000e+07
5250.000000 9.50499000e+07
5270.000000 9.35079000e+07
5290.000000 9.29166000e+07
5310.000000 9.14711000e+07
5330.000000 9.06891000e+07
5350.000000 8.97083000e+07
5370.000000 8.86481000e+07
5390.000000 8.76115000e+07
5410.000000 8.65234000e+07
5430.000000 8.55486000e+07
5450.000000 8.46378000e+07
5470.000000 8.36196000e+07
5490.000000 8.26915000e+07
5510.000000 8.17237000e+07
5530.000000 8.08454000e+07
5550.000000 7.99519000e+07
5570.000000 7.90448000e+07
5590.000000 7.81607000e+07
5610.000000 7.73243000e+07
5630.000000 7.64586000e+07
5650.000000 7.55135000e+07
5670.000000 7.47004000e+07
5690.000000 7.39249000e+07
5710.000000 7.31191000e+07
5730.000000 7.23078000e+07
5750.000000 7.15071000e+07
5770.000000 7.07259000e+07
5790.000000 6.99157000e+07
5810.000000 6.91729000e+07
5830.000000 6.84242000e+07
5850.000000 6.76864000e+07
5870.000000 6.66082000e+07
5890.000000 6.61544000e+07
5910.000000 6.55122000e+07
5930.000000 6.48279000e+07
5950.000000 6.40203000e+07
5970.000000 6.34124000e+07
5990.000000 6.26663000e+07
6010.000000 6.20986000e+07
6030.000000 6.14481000e+07
6050.000000 6.07882000e+07
6070.000000 6.01480000e+07
6090.000000 5.95180000e+07
6110.000000 5.89039000e+07
6130.000000 5.82846000e+07
6150.000000 5.75037000e+07
6170.000000 5.70751000e+07
6190.000000 5.64955000e+07
6210.000000 5.59143000e+07
6230.000000 5.53191000e+07
6250.000000 5.46319000e+07
6270.000000 5.42111000e+07
6290.000000 5.36536000e+07
6310.000000 5.30794000e+07
6330.000000 5.25659000e+07
6350.000000 5.17065000e+07
6370.000000 5.12904000e+07
6390.000000 5.09799000e+07
6410.000000 5.04533000e+07
6430.000000 4.99677000e+07
6450.000000 4.93839000e+07
6470.000000 4.89819000e+07
6490.000000 4.83951000e+07
6510.000000 4.77951000e+07
6530.000000 4.69479000e+07
6550.000000 4.30474000e+07
6570.000000 3.57041000e+07
6590.000000 4.49961000e+07
6610.000000 4.54192000e+07
6630.000000 4.51310000e+07
6650.000000 4.48029000e+07
6670.000000 4.43254000e+07
6690.000000 4.39076000e+07
6710.000000 4.35283000e+07
6730.000000 4.30969000e+07
6750.000000 4.26915000e+07
6770.000000 4.22867000e+07
6790.000000 4.18770000e+07
6810.000000 4.14770000e+07
6830.000000 4.10754000e+07
6850.000000 4.06873000e+07
6870.000000 4.03047000e+07
6890.000000 3.99290000e+07
6910.000000 3.95475000e+07
6930.000000 3.91650000e+07
6950.000000 3.88113000e+07
6970.000000 3.84500000e+07
6990.000000 3.80962000e+07
7010.000000 3.77235000e+07
7030.000000 3.73910000e+07
7050.000000 3.70131000e+07
7070.000000 3.66593000e+07
7090.000000 3.63658000e+07
7110.000000 3.60080000e+07
7130.000000 3.56922000e+07
7150.000000 3.53675000e+07
7170.000000 3.50488000e+07
7190.000000 3.47317000e+07
7210.000000 3.44182000e+07
7230.000000 3.40933000e+07
7250.000000 3.37894000e+07
7270.000000 3.34925000e+07
7290.000000 3.31814000e+07
7310.000000 3.28880000e+07
7330.000000 3.25987000e+07
7350.000000 3.23113000e+07
7370.000000 3.20238000e+07
7390.000000 3.17383000e+07
7410.000000 3.14547000e+07
7430.000000 3.11566000e+07
7450.000000 3.08904000e+07
7470.000000 3.06010000e+07
7490.000000 3.03492000e+07
7510.000000 3.00795000e+07
7530.000000 2.98316000e+07
7550.000000 2.95713000e+07
7570.000000 2.93140000e+07
7590.000000 2.90584000e+07
7610.000000 2.88096000e+07
7630.000000 2.85584000e+07
7650.000000 2.83069000e+07
7670.000000 2.80666000e+07
7690.000000 2.78259000e+07
7710.000000 2.75822000e+07
7730.000000 2.73527000e+07
7750.000000 2.71189000e+07
7770.000000 2.65832000e+07
7790.000000 2.66592000e+07
7810.000000 2.64370000e+07
7830.000000 2.62112000e+07
7850.000000 2.59714000e+07
7870.000000 2.57100000e+07
7890.000000 2.54570000e+07
7910.000000 2.53374000e+07
7930.000000 2.51301000e+07
7950.000000 2.48858000e+07
7970.000000 2.47130000e+07
7990.000000 2.44154000e+07
8010.000000 2.43042000e+07
8030.000000 2.41032000e+07
8050.000000 2.39040000e+07
8070.000000 2.37069000e+07
8090.000000 2.35116000e+07
8110.000000 2.33162000e+07
8130.000000 2.31292000e+07
8150.000000 2.29398000e+07
8170.000000 2.27548000e+07
8190.000000 2.25540000e+07
8210.000000 2.24403000e+07
8230.000000 2.22496000e+07
8250.000000 2.21347000e+07
8270.000000 2.19853000e+07
8290.000000 2.17993000e+07
8310.000000 2.16509000e+07
8330.000000 2.14651000e+07
8350.000000 2.12937000e+07
8370.000000 2.10862000e+07
8390.000000 2.08718000e+07
8410.000000 2.06277000e+07
8430.000000 2.04796000e+07
8450.000000 2.02403000e+07
8470.000000 1.96969000e+07
8490.000000 2.03197000e+07
8510.000000 1.91324000e+07
8530.000000 2.03647000e+07
8550.000000 1.81994000e+07
8570.000000 2.05289000e+07
8590.000000 1.89845000e+07
8610.000000 1.84731000e+07
8630.000000 2.06694000e+07
8650.000000 1.98897000e+07
8670.000000 1.66105000e+07
8690.000000 2.03141000e+07
8710.000000 2.08203000e+07
8730.000000 2.01081000e+07
8750.000000 1.59849000e+07
8770.000000 1.91443000e+07
8790.000000 2.03777000e+07
8810.000000 2.03605000e+07
8830.000000 1.99819000e+07
8850.000000 1.81841000e+07
8870.000000 1.54361000e+07
8890.000000 1.91205000e+07
8910.000000 1.95549000e+07
8930.000000 1.94825000e+07
8950.000000 1.93777000e+07
8970.000000 1.91406000e+07
8990.000000 1.85297000e+07
9010.000000 1.50938000e+07
9030.000000 1.64153000e+07
9050.000000 1.83157000e+07
9070.000000 1.83838000e+07
9090.000000 1.82779000e+07
9110.000000 1.82295000e+07
9130.000000 1.80942000e+07
9150.000000 1.79697000e+07
9170.000000 1.77772000e+07
9190.000000 1.74795000e+07
9210.000000 1.66043000e+07
9230.000000 1.31804000e+07
9250.000000 1.60013000e+07
9270.000000 1.67271000e+07
9290.000000 1.69738000e+07
9310.000000 1.69049000e+07
9330.000000 1.68065000e+07
9350.000000 1.66946000e+07
9370.000000 1.65698000e+07
9390.000000 1.64271000e+07
9410.000000 1.62306000e+07
9430.000000 1.61927000e+07
9450.000000 1.60724000e+07
9470.000000 1.59125000e+07
9490.000000 1.57497000e+07
9510.000000 1.54732000e+07
9530.000000 1.44742000e+07
9550.000000 1.18332000e+07
9570.000000 1.45180000e+07
9590.000000 1.50666000e+07
9610.000000 1.50713000e+07
9630.000000 1.49226000e+07
9650.000000 1.49280000e+07
9670.000000 1.47970000e+07
9690.000000 1.47107000e+07
9710.000000 1.46070000e+07
9730.000000 1.45001000e+07
9750.000000 1.43943000e+07
9770.000000 1.42916000e+07
9790.000000 1.41873000e+07
9810.000000 1.40829000e+07
9830.000000 1.39761000e+07
9850.000000 1.38779000e+07
9870.000000 1.37780000e+07
9890.000000 1.36677000e+07
9910.000000 1.35830000e+07
9930.000000 1.34852000e+07
9950.000000 1.33857000e+07
9970.000000 1.32612000e+07
9990.000000 1.31330000e+07
10025.000000 1.22067000e+07
10075.000000 1.16245000e+07
10125.000000 1.25114000e+07
10175.000000 1.23589000e+07
10225.000000 1.21515000e+07
10275.000000 1.19414000e+07
10325.000000 1.17338000e+07
10375.000000 1.15346000e+07
10425.000000 1.13393000e+07
10475.000000 1.11430000e+07
10525.000000 1.09520000e+07
10575.000000 1.07719000e+07
10625.000000 1.05933000e+07
10675.000000 1.03839000e+07
10725.000000 1.02353000e+07
10775.000000 1.00714000e+07
10825.000000 9.88564000e+06
10875.000000 9.68059000e+06
10925.000000 8.46441000e+06
10975.000000 9.06179000e+06
11025.000000 9.24819000e+06
11075.000000 9.12863000e+06
11125.000000 8.98223000e+06
11175.000000 8.83868000e+06
11225.000000 8.69792000e+06
11275.000000 8.53027000e+06
11325.000000 8.40576000e+06
11375.000000 8.29127000e+06
11425.000000 8.16113000e+06
11475.000000 8.03495000e+06
11525.000000 7.91008000e+06
11575.000000 7.78762000e+06
11625.000000 7.66167000e+06
11675.000000 7.54202000e+06
11725.000000 7.43344000e+06
11775.000000 7.30441000e+06
11825.000000 7.20613000e+06
11875.000000 7.09589000e+06
11925.000000 6.99333000e+06
11975.000000 6.88540000e+06
12025.000000 6.78449000e+06
12075.000000 6.68320000e+06
12125.000000 6.58386000e+06
12175.000000 6.48720000e+06
12225.000000 6.39139000e+06
12275.000000 6.29667000e+06
12325.000000 6.20502000e+06
12375.000000 6.11488000e+06
12425.000000 6.02672000e+06
12475.000000 5.93493000e+06
12525.000000 5.85354000e+06
12575.000000 5.76682000e+06
12625.000000 5.68602000e+06
12675.000000 5.60584000e+06
12725.000000 5.51371000e+06
12775.000000 5.35337000e+06
12825.000000 4.73933000e+06
12875.000000 5.23235000e+06
12925.000000 5.21382000e+06
12975.000000 5.14888000e+06
13025.000000 5.07767000e+06
13075.000000 5.00717000e+06
13125.000000 4.93804000e+06
13175.000000 4.86678000e+06
13225.000000 4.80355000e+06
13275.000000 4.73793000e+06
13325.000000 4.67338000e+06
13375.000000 4.61007000e+06
13425.000000 4.54737000e+06
13475.000000 4.48588000e+06
13525.000000 4.42518000e+06
13575.000000 4.36647000e+06
13625.000000 4.30810000e+06
13675.000000 4.25027000e+06
13725.000000 4.19376000e+06
13775.000000 4.13954000e+06
13825.000000 4.08502000e+06
13875.000000 4.03156000e+06
13925.000000 3.97876000e+06
13975.000000 3.92700000e+06
14025.000000 3.87607000e+06
14075.000000 3.82595000e+06
14125.000000 3.77644000e+06
14175.000000 3.72810000e+06
14225.000000 3.68034000e+06
14275.000000 3.63334000e+06
14325.000000 3.58691000e+06
14375.000000 3.54140000e+06
14425.000000 3.49372000e+06
14475.000000 3.45254000e+06
14525.000000 3.40810000e+06
14570.000000 3.37075000e+06
14620.000000 3.33434000e+06
14675.000000 3.29015000e+06
14725.000000 3.24995000e+06
14775.000000 3.20953000e+06
14825.000000 3.17180000e+06
14875.000000 3.13281000e+06
14925.000000 3.09578000e+06
14975.000000 3.05751000e+06
15025.000000 3.02034000e+06
15075.000000 2.98210000e+06
15125.000000 2.94446000e+06
15175.000000 2.90759000e+06
15225.000000 2.87536000e+06
15275.000000 2.83057000e+06
15325.000000 2.79400000e+06
15375.000000 2.77347000e+06
15425.000000 2.71055000e+06
15475.000000 2.70974000e+06
15525.000000 2.67950000e+06
15575.000000 2.58576000e+06
15625.000000 2.64978000e+06
15675.000000 2.56268000e+06
15725.000000 2.48395000e+06
15775.000000 2.57117000e+06
15825.000000 2.53780000e+06
15875.000000 2.33199000e+06
15925.000000 2.45062000e+06
15975.000000 2.47324000e+06
16050.000000 2.40265000e+06
16150.000000 2.26654000e+06
16250.000000 2.34045000e+06
16350.000000 2.24257000e+06
16450.000000 2.11515000e+06
16550.000000 2.19076000e+06
16650.000000 2.14360000e+06
16750.000000 2.04731000e+06
16850.000000 1.93233000e+06
16950.000000 2.00335000e+06
17050.000000 1.96203000e+06
17150.000000 1.91975000e+06
17250.000000 1.87287000e+06
17350.000000 1.70679000e+06
17450.000000 1.78193000e+06
17550.000000 1.76022000e+06
17650.000000 1.72328000e+06
17750.000000 1.68717000e+06
17850.000000 1.65212000e+06
17950.000000 1.61798000e+06
18050.000000 1.57964000e+06
18150.000000 1.45146000e+06
18250.000000 1.49612000e+06
18350.000000 1.48858000e+06
18450.000000 1.45910000e+06
18550.000000 1.42917000e+06
18650.000000 1.39569000e+06
18750.000000 1.28344000e+06
18850.000000 1.33888000e+06
18950.000000 1.31912000e+06
19050.000000 1.29347000e+06
19150.000000 1.26819000e+06
19250.000000 1.24345000e+06
19350.000000 1.21293000e+06
19450.000000 1.11315000e+06
19550.000000 1.16665000e+06
19650.000000 1.15061000e+06
19750.000000 1.12885000e+06
19850.000000 1.10756000e+06
19950.000000 1.08673000e+06
20050.000000 1.06636000e+06
20150.000000 1.04653000e+06
20250.000000 1.02712000e+06
20350.000000 1.00814000e+06
20450.000000 9.89652000e+05
20550.000000 9.71569000e+05
20650.000000 9.53877000e+05
20750.000000 9.36568000e+05
20850.000000 9.19720000e+05
20950.000000 9.03236000e+05
21050.000000 8.87022000e+05
21150.000000 8.71159000e+05
21250.000000 8.55721000e+05
21350.000000 8.40616000e+05
21450.000000 8.25918000e+05
21550.000000 8.07912000e+05
21650.000000 7.45434000e+05
21750.000000 7.76908000e+05
21850.000000 7.70057000e+05
21950.000000 7.56895000e+05
22050.000000 7.43963000e+05
22150.000000 7.31264000e+05
22250.000000 7.18907000e+05
22350.000000 7.06771000e+05
22450.000000 6.94898000e+05
22550.000000 6.83259000e+05
22650.000000 6.71878000e+05
22750.000000 6.60729000e+05
22850.000000 6.50312000e+05
22950.000000 6.39679000e+05
23050.000000 6.29283000e+05
23150.000000 6.19078000e+05
23250.000000 6.09088000e+05
23350.000000 5.99294000e+05
23450.000000 5.89693000e+05
23550.000000 5.80280000e+05
23650.000000 5.71026000e+05
23750.000000 5.61946000e+05
23850.000000 5.53031000e+05
23950.000000 5.44252000e+05
24050.000000 5.35502000e+05
24150.000000 5.26891000e+05
24250.000000 5.18999000e+05
24350.000000 5.10538000e+05
24450.000000 5.02142000e+05
24550.000000 4.95253000e+05
24650.000000 4.86580000e+05
24750.000000 4.79212000e+05
24850.000000 4.73985000e+05
24950.000000 4.61042000e+05
25050.000000 4.59938000e+05
25150.000000 4.53316000e+05
25250.000000 4.37785000e+05
25350.000000 4.39233000e+05
25450.000000 4.34415000e+05
25550.000000 4.26272000e+05
25650.000000 4.08485000e+05
25750.000000 4.14585000e+05
25850.000000 4.09901000e+05
25950.000000 4.03783000e+05
26050.000000 3.93744000e+05
26150.000000 3.75340000e+05
26250.000000 3.61562000e+05
26350.000000 3.77781000e+05
26450.000000 3.75840000e+05
26550.000000 3.70716000e+05
26650.000000 3.63266000e+05
26750.000000 3.40780000e+05
26850.000000 3.52920000e+05
26950.000000 3.50793000e+05
27050.000000 3.46150000e+05
27150.000000 3.41285000e+05
27250.000000 3.36501000e+05
27350.000000 3.31794000e+05
27450.000000 3.25721000e+05
27550.000000 3.05874000e+05
27650.000000 3.11082000e+05
27750.000000 3.13237000e+05
27850.000000 3.09481000e+05
27950.000000 3.05250000e+05
28050.000000 3.01091000e+05
28150.000000 2.96996000e+05
28250.000000 2.92972000e+05
28350.000000 2.89019000e+05
28450.000000 2.85125000e+05
28550.000000 2.80926000e+05
28650.000000 2.73172000e+05
28750.000000 2.57756000e+05
28850.000000 2.68646000e+05
28950.000000 2.66551000e+05
29050.000000 2.63129000e+05
29150.000000 2.59656000e+05
29250.000000 2.56272000e+05
29350.000000 2.52923000e+05
29450.000000 2.49636000e+05
29550.000000 2.46401000e+05
29650.000000 2.43216000e+05
29750.000000 2.40081000e+05
29850.000000 2.36995000e+05
29950.000000 2.33962000e+05
30050.000000 2.30972000e+05
30150.000000 2.28034000e+05
30250.000000 2.24297000e+05
30350.000000 2.11926000e+05
30450.000000 2.13125000e+05
30550.000000 2.16156000e+05
30650.000000 2.14026000e+05
30750.000000 2.11357000e+05
30850.000000 2.08687000e+05
30950.000000 2.06137000e+05
31050.000000 2.03588000e+05
31150.000000 2.01079000e+05
31250.000000 1.98606000e+05
31350.000000 1.96176000e+05
31450.000000 1.93777000e+05
31550.000000 1.91422000e+05
31650.000000 1.89094000e+05
31750.000000 1.86806000e+05
31850.000000 1.84554000e+05
31950.000000 1.82334000e+05
32100.000000 1.79065000e+05
32300.000000 1.74822000e+05
32500.000000 1.70704000e+05
32700.000000 1.66597000e+05
32900.000000 1.56865000e+05
33100.000000 1.57406000e+05
33300.000000 1.55069000e+05
33500.000000 1.51598000e+05
33700.000000 1.48169000e+05
33900.000000 1.44842000e+05
34100.000000 1.41600000e+05
34300.000000 1.38445000e+05
34500.000000 1.35382000e+05
34700.000000 1.32396000e+05
34900.000000 1.29488000e+05
35100.000000 1.26665000e+05
35300.000000 1.23916000e+05
35500.000000 1.21226000e+05
35700.000000 1.18592000e+05
35900.000000 1.16140000e+05
36100.000000 1.13544000e+05
36300.000000 1.11290000e+05
36500.000000 1.08728000e+05
36700.000000 1.06732000e+05
36900.000000 1.04062000e+05
37100.000000 1.02267000e+05
37300.000000 9.86143000e+04
37500.000000 9.54301000e+04
37700.000000 9.61670000e+04
37900.000000 9.43364000e+04
38100.000000 9.17967000e+04
38300.000000 9.00803000e+04
38500.000000 8.88240000e+04
38700.000000 8.70807000e+04
38900.000000 8.51719000e+04
39100.000000 8.22723000e+04
39300.000000 8.19883000e+04
39500.000000 8.05830000e+04
39700.000000 7.90680000e+04
39900.000000 7.74326000e+04
40100.000000 7.50596000e+04
40300.000000 7.32123000e+04
40500.000000 7.08006000e+04
40700.000000 7.15688000e+04
40900.000000 7.04156000e+04
41100.000000 6.90897000e+04
41300.000000 6.77971000e+04
41500.000000 6.63556000e+04
41700.000000 6.32659000e+04
41900.000000 6.38801000e+04
42100.000000 6.29154000e+04
42300.000000 6.17660000e+04
42500.000000 6.06396000e+04
42700.000000 5.95419000e+04
42900.000000 5.84660000e+04
43100.000000 5.74156000e+04
43300.000000 5.63881000e+04
43500.000000 5.53273000e+04
43700.000000 5.28138000e+04
43900.000000 5.29240000e+04
44100.000000 5.25013000e+04
44300.000000 5.15848000e+04
44500.000000 5.06865000e+04
44700.000000 4.98701000e+04
44900.000000 4.89466000e+04
45100.000000 4.81059000e+04
45300.000000 4.72819000e+04
45500.000000 4.64777000e+04
45700.000000 4.56858000e+04
45900.000000 4.49094000e+04
46100.000000 4.41377000e+04
46300.000000 4.33126000e+04
46500.000000 4.11741000e+04
46700.000000 4.04473000e+04
46900.000000 4.10605000e+04
47100.000000 4.05835000e+04
47300.000000 3.99413000e+04
47500.000000 3.92934000e+04
47700.000000 3.86599000e+04
47900.000000 3.80340000e+04
48100.000000 3.74204000e+04
48300.000000 3.68205000e+04
48500.000000 3.62291000e+04
48700.000000 3.56526000e+04
48900.000000 3.50843000e+04
49100.000000 3.45303000e+04
49300.000000 3.39825000e+04
49500.000000 3.34548000e+04
49700.000000 3.29176000e+04
49900.000000 3.24198000e+04
50100.000000 3.19108000e+04
50300.000000 3.13985000e+04
50500.000000 3.09390000e+04
50700.000000 3.04580000e+04
50900.000000 2.99399000e+04
51100.000000 2.94001000e+04
51300.000000 2.80605000e+04
51500.000000 2.85560000e+04
51700.000000 2.81466000e+04
51900.000000 2.77945000e+04
52100.000000 2.74441000e+04
52300.000000 2.70307000e+04
52500.000000 2.65450000e+04
52700.000000 2.61038000e+04
52900.000000 2.58314000e+04
53100.000000 2.54728000e+04
53300.000000 2.51004000e+04
53500.000000 2.47196000e+04
53700.000000 2.42392000e+04
53900.000000 2.38924000e+04
54100.000000 2.36671000e+04
54300.000000 2.33360000e+04
54500.000000 2.30027000e+04
54700.000000 2.26736000e+04
54900.000000 2.23512000e+04
55100.000000 2.19411000e+04
55300.000000 2.14944000e+04
55500.000000 2.13911000e+04
55700.000000 2.11188000e+04
55900.000000 2.08233000e+04
56100.000000 2.05338000e+04
56300.000000 2.02491000e+04
56500.000000 1.99691000e+04
56700.000000 1.96937000e+04
56900.000000 1.93775000e+04
57100.000000 1.88457000e+04
57300.000000 1.88279000e+04
57500.000000 1.86391000e+04
57700.000000 1.83879000e+04
57900.000000 1.81397000e+04
58100.000000 1.78956000e+04
58300.000000 1.76467000e+04
58500.000000 1.74073000e+04
58700.000000 1.71654000e+04
58900.000000 1.68579000e+04
59100.000000 1.61162000e+04
59300.000000 1.64277000e+04
59500.000000 1.59737000e+04
59700.000000 1.59377000e+04
59900.000000 1.58524000e+04
60100.000000 1.56595000e+04
60300.000000 1.54895000e+04
60500.000000 1.52894000e+04
60700.000000 1.50927000e+04
60900.000000 1.48983000e+04
61100.000000 1.47071000e+04
61300.000000 1.45200000e+04
61500.000000 1.43351000e+04
61700.000000 1.41532000e+04
61900.000000 1.39744000e+04
62100.000000 1.37976000e+04
62300.000000 1.36247000e+04
62500.000000 1.34297000e+04
62700.000000 1.32138000e+04
62900.000000 1.27243000e+04
63100.000000 1.28613000e+04
63300.000000 1.27670000e+04
63500.000000 1.26391000e+04
63700.000000 1.24837000e+04
63900.000000 1.23310000e+04
64200.000000 1.21054000e+04
64600.000000 1.18133000e+04
65000.000000 1.15293000e+04
65400.000000 1.12539000e+04
65800.000000 1.09870000e+04
66200.000000 1.07274000e+04
66600.000000 1.04766000e+04
67000.000000 1.02302000e+04
67400.000000 9.95570000e+03
67800.000000 9.56649000e+03
68200.000000 9.52345000e+03
68600.000000 9.32385000e+03
69000.000000 9.11240000e+03
69400.000000 8.89738000e+03
69800.000000 8.70754000e+03
70200.000000 8.51380000e+03
70600.000000 8.32464000e+03
71000.000000 8.12647000e+03
71400.000000 7.96326000e+03
71800.000000 7.79001000e+03
72200.000000 7.62082000e+03
72600.000000 7.43772000e+03
73000.000000 7.29211000e+03
73400.000000 7.14152000e+03
73800.000000 6.98961000e+03
74200.000000 6.82297000e+03
74600.000000 6.53764000e+03
75000.000000 6.32879000e+03
75400.000000 6.38871000e+03
75800.000000 6.28534000e+03
76200.000000 6.16132000e+03
76600.000000 6.03538000e+03
77000.000000 5.91266000e+03
77400.000000 5.78763000e+03
77800.000000 5.63385000e+03
78200.000000 5.55745000e+03
78600.000000 5.45188000e+03
79000.000000 5.34375000e+03
79400.000000 5.23830000e+03
79800.000000 5.13545000e+03
80200.000000 5.03509000e+03
80600.000000 4.93717000e+03
81000.000000 4.84150000e+03
81400.000000 4.70556000e+03
81800.000000 4.63888000e+03
82200.000000 4.56842000e+03
82600.000000 4.48171000e+03
83000.000000 4.39700000e+03
83400.000000 4.31430000e+03
83800.000000 4.23351000e+03
84200.000000 4.15460000e+03
84600.000000 4.07756000e+03
85000.000000 4.00225000e+03
85400.000000 3.92869000e+03
85800.000000 3.85678000e+03
86200.000000 3.78269000e+03
86600.000000 3.66037000e+03
87000.000000 3.63888000e+03
87400.000000 3.53562000e+03
87800.000000 3.47274000e+03
88200.000000 3.45826000e+03
88600.000000 3.39696000e+03
89000.000000 3.33701000e+03
89400.000000 3.27837000e+03
89800.000000 3.22101000e+03
90200.000000 3.16486000e+03
90600.000000 3.10990000e+03
91000.000000 3.05619000e+03
91400.000000 3.00361000e+03
91800.000000 2.95215000e+03
92200.000000 2.90177000e+03
92600.000000 2.84873000e+03
93000.000000 2.80424000e+03
93400.000000 2.75384000e+03
93800.000000 2.66134000e+03
94200.000000 2.65016000e+03
94600.000000 2.62115000e+03
95000.000000 2.57470000e+03
95400.000000 2.53192000e+03
95800.000000 2.49354000e+03
96200.000000 2.45278000e+03
96600.000000 2.41280000e+03
97000.000000 2.37361000e+03
97400.000000 2.33525000e+03
97800.000000 2.29763000e+03
98200.000000 2.25856000e+03
98600.000000 2.21892000e+03
99000.000000 2.18927000e+03
99400.000000 2.15460000e+03
99800.000000 2.12057000e+03
100200.000000 2.08724000e+03
200000.000000 1.33183000e+02
400000.000000 8.26921000e+00
600000.000000 1.61795000e+00
800000.000000 5.07490000e-01
1000000.000000 2.06301000e-01
1200000.000000 9.88365000e-02
1400000.000000 5.30420000e-02
1600000.000000 3.09345000e-02
