# Kurucz ODFNEW /NOVER, alpha: 0.0 (2003)
# teff = 11000 K (value for the effective temperature for the model. Temperatures are given in K)
# logg = 4 log(cm/s2) (value for Log(G) for the model.)
# lh = 1.25  (l/Hp where l is the  mixing length of the convective element and Hp is the pressure scale height)
# meta = 0.5  (value for the Metallicity for the model.)
# vtur = 2 km/s (Microturbulence velocity)
# alpha = 0  (Alpha)
#
# column 1: WAVELENGTH (ANGSTROM), Wavelength in Angstrom
# column 2: FLUX (ERG/CM2/S/A), Flux in erg/cm2/s/A
246.500000 6.39350000e-23
252.400000 3.77393000e-22
256.800000 1.29689000e-21
260.000000 3.08807000e-21
264.000000 8.88041000e-21
268.500000 2.79447000e-20
273.500000 9.56048000e-20
278.500000 3.15465000e-19
284.000000 1.11637000e-18
290.000000 4.19912000e-18
296.000000 1.49254000e-17
301.000000 4.15670000e-17
308.000000 1.65506000e-16
318.000000 1.07393000e-15
328.000000 6.25478000e-15
338.000000 3.28961000e-14
348.000000 1.58361000e-13
357.000000 6.27217000e-13
366.000000 2.25296000e-12
375.000000 7.58093000e-12
385.000000 2.76069000e-11
395.000000 9.37157000e-11
405.000000 3.02624000e-10
414.000000 8.28165000e-10
422.000000 1.95794000e-09
430.000000 4.44374000e-09
441.000000 1.33854000e-08
451.000000 3.45908000e-08
460.000000 7.86022000e-08
470.000000 1.88314000e-07
480.000000 4.37032000e-07
490.000000 9.81411000e-07
500.000000 2.13138000e-06
506.000000 7.44951000e-06
512.000000 1.42670000e-05
520.000000 2.43356000e-05
530.000000 4.64628000e-05
540.000000 8.58778000e-05
550.000000 1.58749000e-04
560.000000 2.84265000e-04
570.000000 4.99198000e-04
580.000000 8.42982000e-04
590.000000 1.44371000e-03
600.000000 2.39255000e-03
610.000000 3.92898000e-03
620.000000 6.30757000e-03
630.000000 9.99771000e-03
640.000000 1.55180000e-02
650.000000 2.40447000e-02
658.000000 3.36796000e-02
665.000000 4.47398000e-02
675.000000 6.67749000e-02
685.000000 9.86574000e-02
695.000000 1.44413000e-01
705.000000 2.07418000e-01
716.000000 3.08420000e-01
726.000000 4.36343000e-01
735.000000 5.90515000e-01
745.000000 8.19400000e-01
755.000000 1.12769000e+00
765.000000 1.53846000e+00
775.000000 2.08460000e+00
785.000000 2.80304000e+00
795.000000 3.71392000e+00
805.000000 4.92421000e+00
815.000000 6.49184000e+00
825.000000 8.46863000e+00
835.000000 1.09308000e+01
845.000000 1.41459000e+01
855.000000 1.80989000e+01
865.000000 2.30426000e+01
875.000000 2.90465000e+01
885.000000 3.66640000e+01
895.000000 4.58961000e+01
905.000000 5.68435000e+01
915.000000 1.83409000e+03
925.000000 1.35634000e+04
935.000000 2.06670000e+04
945.000000 3.24320000e+04
955.000000 4.94361000e+04
965.000000 6.39476000e+04
975.000000 5.57470000e+04
985.000000 8.30399000e+04
995.000000 8.64858000e+04
1005.000000 1.07514000e+05
1015.000000 1.24816000e+05
1025.000000 9.94942000e+04
1035.000000 1.52056000e+05
1045.000000 1.82334000e+05
1055.000000 2.10067000e+05
1065.000000 2.19327000e+05
1075.000000 2.56491000e+05
1085.000000 2.88762000e+05
1095.000000 3.01283000e+05
1105.000000 5.39690000e+05
1115.000000 7.53201000e+06
1125.000000 1.15481000e+07
1135.000000 1.76277000e+07
1145.000000 1.54301000e+07
1155.000000 2.17271000e+07
1165.000000 2.50943000e+07
1175.000000 2.29545000e+07
1185.000000 1.60449000e+07
1195.000000 9.99872000e+05
1205.000000 1.34608000e+06
1215.000000 2.88323000e+05
1225.000000 1.23614000e+06
1235.000000 6.75839000e+06
1245.000000 2.94865000e+07
1255.000000 8.93253000e+07
1265.000000 6.05272000e+07
1275.000000 1.30509000e+08
1285.000000 1.89268000e+08
1295.000000 1.46334000e+08
1305.000000 5.37324000e+07
1315.000000 1.56931000e+08
1325.000000 2.01201000e+08
1335.000000 1.59644000e+08
1345.000000 2.28471000e+08
1355.000000 2.16329000e+08
1365.000000 1.80535000e+08
1375.000000 2.11317000e+08
1385.000000 2.03877000e+08
1395.000000 2.12638000e+08
1405.000000 2.10023000e+08
1415.000000 1.99219000e+08
1425.000000 2.33185000e+08
1435.000000 2.04425000e+08
1442.000000 2.41905000e+08
1447.000000 2.66793000e+08
1455.000000 2.59686000e+08
1465.000000 2.31824000e+08
1475.000000 2.18163000e+08
1485.000000 2.44055000e+08
1495.000000 2.73568000e+08
1505.000000 2.67949000e+08
1512.000000 2.21805000e+08
1517.000000 2.61893000e+08
1525.000000 2.33283000e+08
1535.000000 2.09836000e+08
1545.000000 2.68395000e+08
1555.000000 2.12746000e+08
1565.000000 1.86532000e+08
1575.000000 2.18995000e+08
1585.000000 2.55004000e+08
1595.000000 2.71009000e+08
1605.000000 2.52111000e+08
1615.000000 2.53245000e+08
1625.000000 2.23088000e+08
1635.000000 2.34404000e+08
1645.000000 2.51067000e+08
1655.000000 2.10672000e+08
1665.000000 2.42816000e+08
1672.000000 1.51577000e+08
1677.000000 2.31986000e+08
1685.000000 2.66768000e+08
1695.000000 2.43672000e+08
1705.000000 2.22835000e+08
1715.000000 2.08357000e+08
1725.000000 2.04860000e+08
1735.000000 2.25846000e+08
1745.000000 2.24885000e+08
1755.000000 2.57581000e+08
1765.000000 2.04822000e+08
1775.000000 2.27643000e+08
1785.000000 2.32962000e+08
1795.000000 2.67614000e+08
1805.000000 2.51903000e+08
1815.000000 2.44057000e+08
1825.000000 2.34648000e+08
1835.000000 2.24512000e+08
1845.000000 2.02042000e+08
1855.000000 2.13325000e+08
1865.000000 2.16167000e+08
1875.000000 2.35117000e+08
1885.000000 2.23277000e+08
1895.000000 2.21546000e+08
1905.000000 2.12406000e+08
1915.000000 2.21576000e+08
1925.000000 2.25186000e+08
1935.000000 2.22291000e+08
1945.000000 2.29034000e+08
1955.000000 2.22695000e+08
1967.000000 2.42108000e+08
1976.000000 2.46555000e+08
1984.000000 2.31019000e+08
1995.000000 2.20224000e+08
2005.000000 2.21875000e+08
2015.000000 2.02513000e+08
2025.000000 2.16237000e+08
2035.000000 2.12052000e+08
2045.000000 2.23406000e+08
2055.000000 2.08596000e+08
2065.000000 2.06024000e+08
2074.000000 2.21064000e+08
2078.000000 2.23704000e+08
2085.000000 2.20913000e+08
2095.000000 2.08921000e+08
2105.000000 2.02528000e+08
2115.000000 2.01931000e+08
2125.000000 2.06434000e+08
2135.000000 1.72264000e+08
2145.000000 1.92973000e+08
2155.000000 2.00418000e+08
2165.000000 1.87930000e+08
2175.000000 1.83251000e+08
2185.000000 1.80915000e+08
2195.000000 1.93102000e+08
2205.000000 1.82204000e+08
2215.000000 1.65228000e+08
2225.000000 1.57628000e+08
2235.000000 1.77489000e+08
2245.000000 1.57859000e+08
2255.000000 1.50054000e+08
2265.000000 1.56912000e+08
2275.000000 1.65923000e+08
2285.000000 1.71610000e+08
2295.000000 1.62121000e+08
2305.000000 1.52379000e+08
2315.000000 1.43136000e+08
2325.000000 1.41837000e+08
2335.000000 1.29494000e+08
2345.000000 1.20835000e+08
2355.000000 1.40359000e+08
2365.000000 1.18962000e+08
2375.000000 1.27112000e+08
2385.000000 1.10418000e+08
2395.000000 1.26252000e+08
2405.000000 1.17708000e+08
2415.000000 1.23337000e+08
2425.000000 1.33680000e+08
2435.000000 1.26446000e+08
2445.000000 1.37886000e+08
2455.000000 1.31545000e+08
2465.000000 1.31683000e+08
2475.000000 1.25615000e+08
2485.000000 1.34733000e+08
2495.000000 1.28765000e+08
2505.000000 1.44772000e+08
2513.000000 1.25567000e+08
2518.000000 1.30024000e+08
2525.000000 1.18875000e+08
2535.000000 1.19856000e+08
2545.000000 1.17509000e+08
2555.000000 1.27151000e+08
2565.000000 1.24049000e+08
2575.000000 1.35394000e+08
2585.000000 1.33288000e+08
2595.000000 1.29253000e+08
2605.000000 1.22500000e+08
2615.000000 1.21571000e+08
2625.000000 1.30405000e+08
2635.000000 1.30915000e+08
2645.000000 1.47412000e+08
2655.000000 1.44401000e+08
2665.000000 1.28218000e+08
2675.000000 1.36806000e+08
2685.000000 1.32319000e+08
2695.000000 1.28667000e+08
2705.000000 1.33618000e+08
2715.000000 1.25910000e+08
2725.000000 1.27803000e+08
2735.000000 1.38545000e+08
2745.000000 1.13578000e+08
2755.000000 1.13892000e+08
2765.000000 1.17495000e+08
2775.000000 1.28513000e+08
2785.000000 1.25799000e+08
2795.000000 9.28559000e+07
2805.000000 1.07383000e+08
2815.000000 1.30325000e+08
2825.000000 1.34191000e+08
2835.000000 1.25943000e+08
2845.000000 1.20964000e+08
2855.000000 1.17525000e+08
2865.000000 1.26918000e+08
2875.000000 1.21766000e+08
2885.000000 1.23942000e+08
2895.000000 1.17464000e+08
2910.000000 1.32094000e+08
2930.000000 1.25553000e+08
2950.000000 1.25211000e+08
2970.000000 1.27024000e+08
2990.000000 1.27328000e+08
3010.000000 1.29933000e+08
3030.000000 1.27062000e+08
3050.000000 1.24696000e+08
3070.000000 1.22745000e+08
3090.000000 1.24290000e+08
3110.000000 1.19920000e+08
3130.000000 1.18827000e+08
3150.000000 1.20310000e+08
3170.000000 1.18523000e+08
3190.000000 1.13629000e+08
3210.000000 1.15661000e+08
3230.000000 1.12991000e+08
3250.000000 1.13270000e+08
3270.000000 1.12816000e+08
3290.000000 1.12979000e+08
3310.000000 1.12853000e+08
3330.000000 1.09847000e+08
3350.000000 1.07935000e+08
3370.000000 1.07314000e+08
3390.000000 1.05921000e+08
3410.000000 1.07293000e+08
3430.000000 1.06308000e+08
3450.000000 1.05155000e+08
3470.000000 1.03311000e+08
3490.000000 1.02307000e+08
3510.000000 1.02841000e+08
3530.000000 1.02635000e+08
3550.000000 1.02047000e+08
3570.000000 1.00031000e+08
3590.000000 9.90982000e+07
3610.000000 9.82721000e+07
3630.000000 9.73180000e+07
3640.000000 9.68124000e+07
3650.000000 9.89577000e+07
3670.000000 9.80220000e+07
3690.000000 9.42840000e+07
3710.000000 9.51807000e+07
3730.000000 9.66782000e+07
3750.000000 1.23045000e+08
3770.000000 1.30609000e+08
3790.000000 1.60534000e+08
3810.000000 1.83653000e+08
3830.000000 1.45158000e+08
3850.000000 1.95355000e+08
3870.000000 2.16637000e+08
3890.000000 1.28252000e+08
3910.000000 2.12283000e+08
3930.000000 2.16117000e+08
3950.000000 2.10473000e+08
3970.000000 1.20888000e+08
3990.000000 2.01634000e+08
4010.000000 2.12317000e+08
4030.000000 2.08227000e+08
4050.000000 2.08217000e+08
4070.000000 2.00397000e+08
4090.000000 1.65399000e+08
4110.000000 1.27053000e+08
4130.000000 1.87670000e+08
4150.000000 1.93666000e+08
4170.000000 1.90456000e+08
4190.000000 1.88357000e+08
4210.000000 1.86319000e+08
4230.000000 1.82873000e+08
4250.000000 1.79339000e+08
4270.000000 1.75417000e+08
4290.000000 1.74895000e+08
4310.000000 1.67019000e+08
4330.000000 1.32078000e+08
4350.000000 1.12520000e+08
4370.000000 1.60949000e+08
4390.000000 1.59802000e+08
4410.000000 1.60241000e+08
4430.000000 1.57336000e+08
4450.000000 1.57451000e+08
4470.000000 1.54264000e+08
4490.000000 1.50246000e+08
4510.000000 1.50671000e+08
4530.000000 1.47975000e+08
4550.000000 1.44341000e+08
4570.000000 1.45297000e+08
4590.000000 1.41543000e+08
4610.000000 1.42466000e+08
4630.000000 1.37581000e+08
4650.000000 1.38527000e+08
4670.000000 1.35940000e+08
4690.000000 1.33566000e+08
4710.000000 1.29418000e+08
4730.000000 1.30899000e+08
4750.000000 1.28922000e+08
4770.000000 1.27800000e+08
4790.000000 1.25880000e+08
4810.000000 1.23080000e+08
4830.000000 1.18855000e+08
4850.000000 9.64210000e+07
4870.000000 7.83897000e+07
4890.000000 1.12911000e+08
4910.000000 1.15084000e+08
4930.000000 1.13241000e+08
4950.000000 1.13035000e+08
4970.000000 1.12229000e+08
4990.000000 1.10292000e+08
5010.000000 1.06881000e+08
5030.000000 1.06444000e+08
5050.000000 1.04174000e+08
5070.000000 1.04415000e+08
5090.000000 1.03107000e+08
5110.000000 1.01456000e+08
5130.000000 1.00710000e+08
5150.000000 9.84319000e+07
5170.000000 9.68022000e+07
5190.000000 9.59792000e+07
5210.000000 9.48857000e+07
5230.000000 9.32028000e+07
5250.000000 9.32785000e+07
5270.000000 9.06837000e+07
5290.000000 9.14936000e+07
5310.000000 8.91583000e+07
5330.000000 8.85196000e+07
5350.000000 8.83815000e+07
5370.000000 8.71365000e+07
5390.000000 8.60619000e+07
5410.000000 8.45772000e+07
5430.000000 8.39195000e+07
5450.000000 8.33402000e+07
5470.000000 8.22044000e+07
5490.000000 8.13915000e+07
5510.000000 8.03302000e+07
5530.000000 7.95950000e+07
5550.000000 7.87716000e+07
5570.000000 7.78366000e+07
5590.000000 7.70660000e+07
5610.000000 7.64325000e+07
5630.000000 7.55648000e+07
5650.000000 7.42802000e+07
5670.000000 7.35813000e+07
5690.000000 7.29742000e+07
5710.000000 7.22097000e+07
5730.000000 7.14357000e+07
5750.000000 7.05591000e+07
5770.000000 6.98083000e+07
5790.000000 6.88616000e+07
5810.000000 6.82075000e+07
5830.000000 6.74854000e+07
5850.000000 6.67936000e+07
5870.000000 6.57805000e+07
5890.000000 6.48915000e+07
5910.000000 6.45706000e+07
5930.000000 6.39654000e+07
5950.000000 6.28647000e+07
5970.000000 6.24209000e+07
5990.000000 6.15858000e+07
6010.000000 6.11381000e+07
6030.000000 6.05695000e+07
6050.000000 5.98197000e+07
6070.000000 5.92360000e+07
6090.000000 5.86109000e+07
6110.000000 5.80219000e+07
6130.000000 5.73642000e+07
6150.000000 5.59180000e+07
6170.000000 5.61310000e+07
6190.000000 5.56322000e+07
6210.000000 5.50557000e+07
6230.000000 5.43873000e+07
6250.000000 5.33338000e+07
6270.000000 5.33573000e+07
6290.000000 5.27957000e+07
6310.000000 5.20954000e+07
6330.000000 5.16830000e+07
6350.000000 5.04069000e+07
6370.000000 5.01735000e+07
6390.000000 5.00693000e+07
6410.000000 4.94768000e+07
6430.000000 4.90711000e+07
6450.000000 4.81216000e+07
6470.000000 4.80693000e+07
6490.000000 4.72673000e+07
6510.000000 4.66884000e+07
6530.000000 4.55582000e+07
6550.000000 4.02366000e+07
6570.000000 3.26075000e+07
6590.000000 4.32828000e+07
6610.000000 4.43526000e+07
6630.000000 4.41728000e+07
6650.000000 4.38828000e+07
6670.000000 4.34558000e+07
6690.000000 4.30793000e+07
6710.000000 4.27150000e+07
6730.000000 4.22128000e+07
6750.000000 4.18630000e+07
6770.000000 4.15009000e+07
6790.000000 4.10664000e+07
6810.000000 4.06858000e+07
6830.000000 4.02363000e+07
6850.000000 3.98821000e+07
6870.000000 3.95153000e+07
6890.000000 3.91608000e+07
6910.000000 3.87640000e+07
6930.000000 3.83500000e+07
6950.000000 3.80461000e+07
6970.000000 3.76854000e+07
6990.000000 3.73668000e+07
7010.000000 3.68648000e+07
7030.000000 3.66531000e+07
7050.000000 3.62279000e+07
7070.000000 3.59433000e+07
7090.000000 3.56546000e+07
7110.000000 3.51063000e+07
7130.000000 3.49207000e+07
7150.000000 3.46100000e+07
7170.000000 3.43219000e+07
7190.000000 3.40161000e+07
7210.000000 3.37175000e+07
7230.000000 3.33560000e+07
7250.000000 3.30232000e+07
7270.000000 3.28004000e+07
7290.000000 3.24789000e+07
7310.000000 3.21766000e+07
7330.000000 3.19122000e+07
7350.000000 3.16516000e+07
7370.000000 3.13698000e+07
7390.000000 3.10754000e+07
7410.000000 3.07734000e+07
7430.000000 3.03506000e+07
7450.000000 3.01567000e+07
7470.000000 2.97868000e+07
7490.000000 2.96253000e+07
7510.000000 2.93695000e+07
7530.000000 2.91851000e+07
7550.000000 2.89382000e+07
7570.000000 2.86822000e+07
7590.000000 2.84201000e+07
7610.000000 2.82039000e+07
7630.000000 2.79398000e+07
7650.000000 2.76677000e+07
7670.000000 2.74352000e+07
7690.000000 2.71978000e+07
7710.000000 2.69485000e+07
7730.000000 2.67462000e+07
7750.000000 2.65149000e+07
7770.000000 2.57377000e+07
7790.000000 2.60632000e+07
7810.000000 2.58620000e+07
7830.000000 2.56176000e+07
7850.000000 2.53111000e+07
7870.000000 2.50294000e+07
7890.000000 2.47320000e+07
7910.000000 2.47167000e+07
7930.000000 2.45568000e+07
7950.000000 2.41497000e+07
7970.000000 2.41561000e+07
7990.000000 2.35874000e+07
8010.000000 2.37487000e+07
8030.000000 2.35412000e+07
8050.000000 2.33488000e+07
8070.000000 2.31522000e+07
8090.000000 2.29625000e+07
8110.000000 2.27583000e+07
8130.000000 2.25946000e+07
8150.000000 2.24118000e+07
8170.000000 2.22328000e+07
8190.000000 2.19238000e+07
8210.000000 2.17853000e+07
8230.000000 2.15293000e+07
8250.000000 2.15623000e+07
8270.000000 2.15188000e+07
8290.000000 2.12813000e+07
8310.000000 2.11768000e+07
8330.000000 2.09363000e+07
8350.000000 2.08388000e+07
8370.000000 2.06877000e+07
8390.000000 2.05078000e+07
8410.000000 2.02804000e+07
8430.000000 2.00704000e+07
8450.000000 1.96394000e+07
8470.000000 1.94648000e+07
8490.000000 1.96696000e+07
8510.000000 1.87745000e+07
8530.000000 1.96206000e+07
8550.000000 1.77953000e+07
8570.000000 1.97334000e+07
8590.000000 1.82529000e+07
8610.000000 1.78033000e+07
8630.000000 1.98130000e+07
8650.000000 1.89048000e+07
8670.000000 1.57595000e+07
8690.000000 1.92246000e+07
8710.000000 1.99955000e+07
8730.000000 1.91086000e+07
8750.000000 1.49973000e+07
8770.000000 1.81094000e+07
8790.000000 1.97975000e+07
8810.000000 1.98669000e+07
8830.000000 1.92354000e+07
8850.000000 1.70595000e+07
8870.000000 1.43941000e+07
8890.000000 1.83116000e+07
8910.000000 1.90595000e+07
8930.000000 1.90659000e+07
8950.000000 1.90692000e+07
8970.000000 1.87431000e+07
8990.000000 1.78198000e+07
9010.000000 1.40529000e+07
9030.000000 1.53693000e+07
9050.000000 1.77195000e+07
9070.000000 1.78178000e+07
9090.000000 1.77600000e+07
9110.000000 1.78682000e+07
9130.000000 1.77963000e+07
9150.000000 1.77164000e+07
9170.000000 1.74434000e+07
9190.000000 1.69518000e+07
9210.000000 1.57227000e+07
9230.000000 1.21762000e+07
9250.000000 1.50648000e+07
9270.000000 1.60301000e+07
9290.000000 1.66434000e+07
9310.000000 1.66580000e+07
9330.000000 1.65170000e+07
9350.000000 1.64533000e+07
9370.000000 1.63570000e+07
9390.000000 1.61314000e+07
9410.000000 1.58034000e+07
9430.000000 1.59326000e+07
9450.000000 1.58344000e+07
9470.000000 1.56630000e+07
9490.000000 1.54569000e+07
9510.000000 1.50562000e+07
9530.000000 1.37014000e+07
9550.000000 1.09645000e+07
9570.000000 1.38150000e+07
9590.000000 1.47000000e+07
9610.000000 1.47690000e+07
9630.000000 1.45180000e+07
9650.000000 1.46958000e+07
9670.000000 1.45235000e+07
9690.000000 1.44924000e+07
9710.000000 1.44384000e+07
9730.000000 1.43206000e+07
9750.000000 1.42053000e+07
9770.000000 1.41215000e+07
9790.000000 1.40092000e+07
9810.000000 1.38946000e+07
9830.000000 1.37477000e+07
9850.000000 1.36725000e+07
9870.000000 1.35692000e+07
9890.000000 1.34092000e+07
9910.000000 1.33797000e+07
9930.000000 1.32701000e+07
9950.000000 1.31605000e+07
9970.000000 1.30501000e+07
9990.000000 1.28937000e+07
10025.000000 1.16819000e+07
10075.000000 1.10437000e+07
10125.000000 1.21807000e+07
10175.000000 1.21457000e+07
10225.000000 1.19879000e+07
10275.000000 1.17780000e+07
10325.000000 1.15646000e+07
10375.000000 1.13676000e+07
10425.000000 1.11808000e+07
10475.000000 1.09514000e+07
10525.000000 1.07555000e+07
10575.000000 1.05978000e+07
10625.000000 1.04362000e+07
10675.000000 1.01482000e+07
10725.000000 1.00492000e+07
10775.000000 9.90037000e+06
10825.000000 9.71139000e+06
10875.000000 9.46525000e+06
10925.000000 8.00074000e+06
10975.000000 8.70868000e+06
11025.000000 9.07648000e+06
11075.000000 8.98058000e+06
11125.000000 8.84495000e+06
11175.000000 8.70383000e+06
11225.000000 8.56666000e+06
11275.000000 8.31986000e+06
11325.000000 8.21249000e+06
11375.000000 8.15472000e+06
11425.000000 8.02173000e+06
11475.000000 7.91135000e+06
11525.000000 7.78982000e+06
11575.000000 7.66587000e+06
11625.000000 7.50668000e+06
11675.000000 7.38033000e+06
11725.000000 7.31505000e+06
11775.000000 7.13704000e+06
11825.000000 7.07142000e+06
11875.000000 6.95243000e+06
11925.000000 6.88365000e+06
11975.000000 6.75982000e+06
12025.000000 6.67064000e+06
12075.000000 6.56512000e+06
12125.000000 6.46778000e+06
12175.000000 6.37766000e+06
12225.000000 6.28073000e+06
12275.000000 6.18116000e+06
12325.000000 6.09416000e+06
12375.000000 6.00713000e+06
12425.000000 5.92642000e+06
12475.000000 5.81462000e+06
12525.000000 5.75292000e+06
12575.000000 5.64770000e+06
12625.000000 5.57942000e+06
12675.000000 5.50289000e+06
12725.000000 5.40297000e+06
12775.000000 5.18832000e+06
12825.000000 4.47342000e+06
12875.000000 5.08713000e+06
12925.000000 5.10851000e+06
12975.000000 5.05579000e+06
13025.000000 4.98973000e+06
13075.000000 4.92057000e+06
13125.000000 4.85232000e+06
13175.000000 4.76824000e+06
13225.000000 4.71976000e+06
13275.000000 4.65520000e+06
13325.000000 4.59148000e+06
13375.000000 4.52899000e+06
13425.000000 4.46459000e+06
13475.000000 4.40351000e+06
13525.000000 4.33889000e+06
13575.000000 4.28347000e+06
13625.000000 4.22693000e+06
13675.000000 4.16606000e+06
13725.000000 4.10856000e+06
13775.000000 4.06330000e+06
13825.000000 4.00992000e+06
13875.000000 3.95876000e+06
13925.000000 3.90318000e+06
13975.000000 3.85447000e+06
14025.000000 3.80520000e+06
14075.000000 3.75597000e+06
14125.000000 3.70620000e+06
14175.000000 3.65929000e+06
14225.000000 3.61201000e+06
14275.000000 3.56605000e+06
14325.000000 3.51972000e+06
14375.000000 3.47504000e+06
14425.000000 3.41007000e+06
14475.000000 3.38691000e+06
14525.000000 3.33507000e+06
14570.000000 3.30687000e+06
14620.000000 3.26948000e+06
14675.000000 3.22927000e+06
14725.000000 3.18862000e+06
14775.000000 3.14257000e+06
14825.000000 3.11129000e+06
14875.000000 3.06760000e+06
14925.000000 3.03930000e+06
14975.000000 2.99837000e+06
15025.000000 2.96193000e+06
15075.000000 2.92441000e+06
15125.000000 2.89210000e+06
15175.000000 2.85638000e+06
15225.000000 2.82286000e+06
15275.000000 2.78455000e+06
15325.000000 2.74781000e+06
15375.000000 2.72072000e+06
15425.000000 2.66812000e+06
15475.000000 2.65499000e+06
15525.000000 2.62135000e+06
15575.000000 2.54988000e+06
15625.000000 2.58837000e+06
15675.000000 2.50580000e+06
15725.000000 2.44114000e+06
15775.000000 2.50850000e+06
15825.000000 2.47492000e+06
15875.000000 2.28430000e+06
15925.000000 2.38333000e+06
15975.000000 2.41700000e+06
16050.000000 2.33669000e+06
16150.000000 2.20284000e+06
16250.000000 2.29180000e+06
16350.000000 2.17760000e+06
16450.000000 2.04624000e+06
16550.000000 2.14840000e+06
16650.000000 2.10269000e+06
16750.000000 1.98581000e+06
16850.000000 1.86320000e+06
16950.000000 1.96388000e+06
17050.000000 1.92756000e+06
17150.000000 1.88632000e+06
17250.000000 1.83172000e+06
17350.000000 1.63446000e+06
17450.000000 1.73319000e+06
17550.000000 1.72487000e+06
17650.000000 1.69087000e+06
17750.000000 1.65585000e+06
17850.000000 1.62162000e+06
17950.000000 1.58957000e+06
18050.000000 1.54356000e+06
18150.000000 1.39337000e+06
18250.000000 1.45076000e+06
18350.000000 1.45904000e+06
18450.000000 1.43287000e+06
18550.000000 1.40027000e+06
18650.000000 1.36407000e+06
18750.000000 1.22889000e+06
18850.000000 1.30675000e+06
18950.000000 1.29289000e+06
19050.000000 1.27022000e+06
19150.000000 1.24528000e+06
19250.000000 1.21946000e+06
19350.000000 1.18435000e+06
19450.000000 1.06436000e+06
19550.000000 1.13895000e+06
19650.000000 1.12876000e+06
19750.000000 1.10789000e+06
19850.000000 1.08729000e+06
19950.000000 1.06676000e+06
20050.000000 1.04678000e+06
20150.000000 1.02723000e+06
20250.000000 1.00810000e+06
20350.000000 9.89304000e+05
20450.000000 9.71275000e+05
20550.000000 9.53460000e+05
20650.000000 9.35766000e+05
20750.000000 9.18894000e+05
20850.000000 9.02388000e+05
20950.000000 8.86069000e+05
21050.000000 8.70103000e+05
21150.000000 8.53725000e+05
21250.000000 8.38701000e+05
21350.000000 8.23483000e+05
21450.000000 8.08920000e+05
21550.000000 7.88629000e+05
21650.000000 7.13115000e+05
21750.000000 7.56226000e+05
21850.000000 7.53700000e+05
21950.000000 7.42219000e+05
22050.000000 7.29373000e+05
22150.000000 7.16651000e+05
22250.000000 7.04920000e+05
22350.000000 6.92955000e+05
22450.000000 6.81324000e+05
22550.000000 6.69716000e+05
22650.000000 6.58667000e+05
22750.000000 6.47693000e+05
22850.000000 6.37591000e+05
22950.000000 6.27069000e+05
23050.000000 6.16960000e+05
23150.000000 6.06910000e+05
23250.000000 5.97143000e+05
23350.000000 5.87486000e+05
23450.000000 5.78088000e+05
23550.000000 5.68841000e+05
23650.000000 5.59784000e+05
23750.000000 5.50892000e+05
23850.000000 5.42143000e+05
23950.000000 5.33560000e+05
24050.000000 5.24794000e+05
24150.000000 5.16588000e+05
24250.000000 5.08742000e+05
24350.000000 5.00633000e+05
24450.000000 4.92532000e+05
24550.000000 4.85289000e+05
24650.000000 4.77113000e+05
24750.000000 4.69846000e+05
24850.000000 4.63729000e+05
24950.000000 4.52933000e+05
25050.000000 4.50068000e+05
25150.000000 4.43381000e+05
25250.000000 4.30263000e+05
25350.000000 4.29495000e+05
25450.000000 4.25022000e+05
25550.000000 4.16247000e+05
25650.000000 4.01018000e+05
25750.000000 4.04886000e+05
25850.000000 4.00914000e+05
25950.000000 3.94848000e+05
26050.000000 3.83701000e+05
26150.000000 3.66040000e+05
26250.000000 3.45723000e+05
26350.000000 3.66880000e+05
26450.000000 3.67299000e+05
26550.000000 3.62458000e+05
26650.000000 3.53919000e+05
26750.000000 3.31293000e+05
26850.000000 3.43848000e+05
26950.000000 3.42909000e+05
27050.000000 3.39045000e+05
27150.000000 3.34564000e+05
27250.000000 3.29820000e+05
27350.000000 3.24562000e+05
27450.000000 3.17857000e+05
27550.000000 2.95878000e+05
27650.000000 3.01271000e+05
27750.000000 3.06031000e+05
27850.000000 3.03148000e+05
27950.000000 2.99179000e+05
28050.000000 2.95086000e+05
28150.000000 2.91035000e+05
28250.000000 2.87052000e+05
28350.000000 2.83212000e+05
28450.000000 2.79246000e+05
28550.000000 2.74446000e+05
28650.000000 2.64984000e+05
28750.000000 2.48217000e+05
28850.000000 2.61748000e+05
28950.000000 2.60366000e+05
29050.000000 2.57777000e+05
29150.000000 2.54216000e+05
29250.000000 2.51027000e+05
29350.000000 2.47728000e+05
29450.000000 2.44519000e+05
29550.000000 2.41366000e+05
29650.000000 2.38228000e+05
29750.000000 2.35148000e+05
29850.000000 2.32133000e+05
29950.000000 2.29141000e+05
30050.000000 2.26183000e+05
30150.000000 2.22969000e+05
30250.000000 2.18719000e+05
30350.000000 2.04057000e+05
30450.000000 2.05852000e+05
30550.000000 2.10860000e+05
30650.000000 2.09350000e+05
30750.000000 2.06923000e+05
30850.000000 2.04075000e+05
30950.000000 2.01815000e+05
31050.000000 1.99309000e+05
31150.000000 1.96816000e+05
31250.000000 1.94398000e+05
31350.000000 1.92036000e+05
31450.000000 1.89648000e+05
31550.000000 1.87388000e+05
31650.000000 1.85096000e+05
31750.000000 1.82826000e+05
31850.000000 1.80662000e+05
31950.000000 1.78466000e+05
32100.000000 1.75263000e+05
32300.000000 1.71113000e+05
32500.000000 1.67070000e+05
32700.000000 1.62816000e+05
32900.000000 1.51303000e+05
33100.000000 1.52987000e+05
33300.000000 1.51590000e+05
33500.000000 1.48271000e+05
33700.000000 1.44855000e+05
33900.000000 1.41639000e+05
34100.000000 1.38470000e+05
34300.000000 1.35400000e+05
34500.000000 1.32419000e+05
34700.000000 1.29489000e+05
34900.000000 1.26649000e+05
35100.000000 1.23882000e+05
35300.000000 1.21192000e+05
35500.000000 1.18563000e+05
35700.000000 1.15990000e+05
35900.000000 1.13547000e+05
36100.000000 1.11058000e+05
36300.000000 1.08780000e+05
36500.000000 1.06358000e+05
36700.000000 1.04271000e+05
36900.000000 1.01774000e+05
37100.000000 9.98309000e+04
37300.000000 9.54679000e+04
37500.000000 9.23600000e+04
37700.000000 9.38477000e+04
37900.000000 9.21386000e+04
38100.000000 8.97283000e+04
38300.000000 8.80129000e+04
38500.000000 8.67729000e+04
38700.000000 8.50483000e+04
38900.000000 8.30756000e+04
39100.000000 8.04192000e+04
39300.000000 8.00467000e+04
39500.000000 7.85934000e+04
39700.000000 7.71199000e+04
39900.000000 7.55371000e+04
40100.000000 7.31502000e+04
40300.000000 7.13357000e+04
40500.000000 6.82167000e+04
40700.000000 6.97266000e+04
40900.000000 6.87536000e+04
41100.000000 6.75352000e+04
41300.000000 6.62334000e+04
41500.000000 6.46647000e+04
41700.000000 6.14244000e+04
41900.000000 6.22214000e+04
42100.000000 6.14594000e+04
42300.000000 6.03659000e+04
42500.000000 5.92631000e+04
42700.000000 5.81864000e+04
42900.000000 5.71355000e+04
43100.000000 5.61055000e+04
43300.000000 5.50982000e+04
43500.000000 5.39476000e+04
43700.000000 5.11311000e+04
43900.000000 5.14012000e+04
44100.000000 5.12305000e+04
44300.000000 5.03927000e+04
44500.000000 4.95146000e+04
44700.000000 4.87237000e+04
44900.000000 4.78085000e+04
45100.000000 4.69891000e+04
45300.000000 4.61712000e+04
45500.000000 4.53913000e+04
45700.000000 4.46107000e+04
45900.000000 4.38455000e+04
46100.000000 4.30776000e+04
46300.000000 4.21878000e+04
46500.000000 3.95416000e+04
46700.000000 3.89445000e+04
46900.000000 3.99010000e+04
47100.000000 3.95883000e+04
47300.000000 3.89865000e+04
47500.000000 3.83500000e+04
47700.000000 3.77377000e+04
47900.000000 3.71342000e+04
48100.000000 3.65346000e+04
48300.000000 3.59468000e+04
48500.000000 3.53707000e+04
48700.000000 3.48060000e+04
48900.000000 3.42524000e+04
49100.000000 3.37083000e+04
49300.000000 3.31750000e+04
49500.000000 3.26553000e+04
49700.000000 3.21367000e+04
49900.000000 3.16406000e+04
50100.000000 3.11438000e+04
50300.000000 3.06480000e+04
50500.000000 3.01886000e+04
50700.000000 2.97134000e+04
50900.000000 2.92056000e+04
51100.000000 2.85648000e+04
51300.000000 2.69654000e+04
51500.000000 2.77705000e+04
51700.000000 2.74616000e+04
51900.000000 2.71091000e+04
52100.000000 2.67238000e+04
52300.000000 2.63242000e+04
52500.000000 2.58985000e+04
52700.000000 2.54825000e+04
52900.000000 2.51691000e+04
53100.000000 2.48462000e+04
53300.000000 2.44943000e+04
53500.000000 2.40812000e+04
53700.000000 2.36526000e+04
53900.000000 2.33114000e+04
54100.000000 2.30596000e+04
54300.000000 2.27687000e+04
54500.000000 2.24421000e+04
54700.000000 2.21209000e+04
54900.000000 2.17787000e+04
55100.000000 2.13852000e+04
55300.000000 2.09819000e+04
55500.000000 2.08334000e+04
55700.000000 2.05991000e+04
55900.000000 2.03097000e+04
56100.000000 2.00263000e+04
56300.000000 1.97511000e+04
56500.000000 1.94770000e+04
56700.000000 1.91969000e+04
56900.000000 1.88632000e+04
57100.000000 1.83812000e+04
57300.000000 1.83288000e+04
57500.000000 1.81628000e+04
57700.000000 1.79318000e+04
57900.000000 1.76879000e+04
58100.000000 1.74503000e+04
58300.000000 1.72033000e+04
58500.000000 1.69637000e+04
58700.000000 1.67160000e+04
58900.000000 1.63507000e+04
59100.000000 1.54443000e+04
59300.000000 1.59413000e+04
59500.000000 1.55342000e+04
59700.000000 1.54874000e+04
59900.000000 1.54356000e+04
60100.000000 1.52579000e+04
60300.000000 1.50667000e+04
60500.000000 1.48746000e+04
60700.000000 1.46837000e+04
60900.000000 1.44960000e+04
61100.000000 1.43095000e+04
61300.000000 1.41280000e+04
61500.000000 1.39476000e+04
61700.000000 1.37713000e+04
61900.000000 1.35959000e+04
62100.000000 1.34225000e+04
62300.000000 1.32501000e+04
62500.000000 1.30709000e+04
62700.000000 1.28372000e+04
62900.000000 1.23177000e+04
63100.000000 1.24829000e+04
63300.000000 1.24257000e+04
63500.000000 1.22897000e+04
63700.000000 1.21532000e+04
63900.000000 1.20173000e+04
64200.000000 1.17983000e+04
64600.000000 1.15118000e+04
65000.000000 1.12341000e+04
65400.000000 1.09668000e+04
65800.000000 1.07051000e+04
66200.000000 1.04497000e+04
66600.000000 1.02057000e+04
67000.000000 9.95492000e+03
67400.000000 9.67208000e+03
67800.000000 9.24359000e+03
68200.000000 9.26183000e+03
68600.000000 9.07649000e+03
69000.000000 8.87344000e+03
69400.000000 8.66272000e+03
69800.000000 8.47866000e+03
70200.000000 8.28981000e+03
70600.000000 8.10318000e+03
71000.000000 7.91199000e+03
71400.000000 7.75191000e+03
71800.000000 7.58320000e+03
72200.000000 7.41774000e+03
72600.000000 7.23759000e+03
73000.000000 7.09487000e+03
73400.000000 6.95076000e+03
73800.000000 6.79497000e+03
74200.000000 6.62700000e+03
74600.000000 6.28061000e+03
75000.000000 6.06611000e+03
75400.000000 6.19111000e+03
75800.000000 6.10319000e+03
76200.000000 5.98394000e+03
76600.000000 5.87140000e+03
77000.000000 5.75184000e+03
77400.000000 5.62086000e+03
77800.000000 5.47937000e+03
78200.000000 5.39721000e+03
78600.000000 5.30358000e+03
79000.000000 5.19821000e+03
79400.000000 5.09542000e+03
79800.000000 4.99512000e+03
80200.000000 4.89728000e+03
80600.000000 4.80187000e+03
81000.000000 4.70231000e+03
81400.000000 4.57235000e+03
81800.000000 4.50314000e+03
82200.000000 4.43990000e+03
82600.000000 4.35802000e+03
83000.000000 4.27549000e+03
83400.000000 4.19460000e+03
83800.000000 4.11576000e+03
84200.000000 4.03902000e+03
84600.000000 3.96423000e+03
85000.000000 3.89087000e+03
85400.000000 3.81918000e+03
85800.000000 3.74885000e+03
86200.000000 3.66912000e+03
86600.000000 3.54744000e+03
87000.000000 3.52883000e+03
87400.000000 3.40931000e+03
87800.000000 3.34866000e+03
88200.000000 3.35588000e+03
88600.000000 3.30098000e+03
89000.000000 3.24279000e+03
89400.000000 3.18570000e+03
89800.000000 3.12982000e+03
90200.000000 3.07513000e+03
90600.000000 3.02164000e+03
91000.000000 2.96934000e+03
91400.000000 2.91811000e+03
91800.000000 2.86802000e+03
92200.000000 2.81899000e+03
92600.000000 2.76481000e+03
93000.000000 2.72061000e+03
93400.000000 2.66915000e+03
93800.000000 2.56984000e+03
94200.000000 2.56457000e+03
94600.000000 2.53973000e+03
95000.000000 2.49864000e+03
95400.000000 2.45733000e+03
95800.000000 2.42158000e+03
96200.000000 2.38190000e+03
96600.000000 2.34300000e+03
97000.000000 2.30486000e+03
97400.000000 2.26754000e+03
97800.000000 2.23095000e+03
98200.000000 2.19176000e+03
98600.000000 2.15359000e+03
99000.000000 2.12550000e+03
99400.000000 2.09176000e+03
99800.000000 2.05865000e+03
100200.000000 2.02623000e+03
200000.000000 1.28465000e+02
400000.000000 7.92074000e+00
600000.000000 1.54438000e+00
800000.000000 4.83414000e-01
1000000.000000 1.96272000e-01
1200000.000000 9.39574000e-02
1400000.000000 5.03972000e-02
1600000.000000 2.93805000e-02
