# Kurucz ODFNEW /NOVER, alpha: 0.0 (2003)
# teff = 17000 K (value for the effective temperature for the model. Temperatures are given in K)
# logg = 3.5 log(cm/s2) (value for Log(G) for the model.)
# lh = 1.25  (l/Hp where l is the  mixing length of the convective element and Hp is the pressure scale height)
# meta = 0.2  (value for the Metallicity for the model.)
# vtur = 2 km/s (Microturbulence velocity)
# alpha = 0  (Alpha)
#
# column 1: WAVELENGTH (ANGSTROM), Wavelength in Angstrom
# column 2: FLUX (ERG/CM2/S/A), Flux in erg/cm2/s/A
158.800000 1.22248000e-22
162.000000 6.53936000e-22
166.000000 4.28339000e-21
170.300000 2.87398000e-20
173.400000 1.06934000e-19
176.800000 4.28008000e-19
180.200000 1.62655000e-18
181.700000 2.88433000e-18
186.100000 1.47066000e-17
191.000000 8.26242000e-17
193.900000 2.19581000e-16
198.400000 9.47131000e-16
201.800000 2.74624000e-15
205.000000 7.25911000e-15
210.500000 3.58320000e-14
216.200000 1.72332000e-13
219.800000 4.45919000e-13
223.000000 1.00968000e-12
226.800000 2.59128000e-12
230.000000 7.22979000e-12
234.000000 2.02111000e-11
240.000000 7.78705000e-11
246.500000 3.08738000e-10
252.400000 1.01513000e-09
256.800000 2.35436000e-09
260.000000 4.34209000e-09
264.000000 9.01824000e-09
268.500000 1.99542000e-08
273.500000 4.67186000e-08
278.500000 1.06381000e-07
284.000000 2.54475000e-07
290.000000 6.32198000e-07
296.000000 1.51030000e-06
301.000000 3.04229000e-06
308.000000 7.75309000e-06
318.000000 2.78483000e-05
328.000000 9.11639000e-05
338.000000 2.80143000e-04
348.000000 8.01869000e-04
357.000000 1.97875000e-03
366.000000 4.64232000e-03
375.000000 1.03504000e-02
385.000000 2.41829000e-02
395.000000 5.39071000e-02
405.000000 1.15445000e-01
414.000000 2.21757000e-01
422.000000 3.85437000e-01
430.000000 6.54743000e-01
441.000000 1.32118000e+00
451.000000 2.41780000e+00
460.000000 4.05999000e+00
470.000000 7.05536000e+00
480.000000 1.19481000e+01
490.000000 1.97967000e+01
500.000000 3.20597000e+01
506.000000 2.67146000e+02
512.000000 1.86738000e+03
520.000000 2.51339000e+03
530.000000 3.82899000e+03
540.000000 4.67036000e+03
550.000000 7.54829000e+03
560.000000 9.93912000e+03
570.000000 1.36696000e+04
580.000000 1.55978000e+04
590.000000 2.30453000e+04
600.000000 3.10844000e+04
610.000000 4.11699000e+04
620.000000 5.04478000e+04
630.000000 6.27939000e+04
640.000000 7.32286000e+04
650.000000 8.52737000e+04
658.000000 1.10313000e+05
665.000000 1.22443000e+05
675.000000 1.44333000e+05
685.000000 1.70699000e+05
695.000000 2.11862000e+05
705.000000 2.46332000e+05
716.000000 2.94237000e+05
726.000000 3.41138000e+05
735.000000 3.85568000e+05
745.000000 4.59372000e+05
755.000000 5.34086000e+05
765.000000 6.17502000e+05
775.000000 7.12908000e+05
785.000000 8.16825000e+05
795.000000 9.14665000e+05
805.000000 1.03091000e+06
815.000000 1.14784000e+06
825.000000 1.31081000e+06
835.000000 1.40447000e+06
845.000000 1.59265000e+06
855.000000 1.77778000e+06
865.000000 1.98846000e+06
875.000000 2.23014000e+06
885.000000 2.51379000e+06
895.000000 2.77167000e+06
905.000000 2.90809000e+06
915.000000 7.68240000e+06
925.000000 4.84503000e+07
935.000000 1.59409000e+08
945.000000 5.59594000e+08
955.000000 1.11157000e+09
965.000000 1.46181000e+09
975.000000 2.29844000e+08
985.000000 1.47620000e+09
995.000000 1.60589000e+09
1005.000000 2.13727000e+09
1015.000000 2.11383000e+09
1025.000000 5.38869000e+08
1035.000000 1.09580000e+09
1045.000000 2.94829000e+09
1055.000000 2.98581000e+09
1065.000000 2.22436000e+09
1075.000000 2.96683000e+09
1085.000000 2.44238000e+09
1095.000000 3.10206000e+09
1105.000000 2.60305000e+09
1115.000000 2.47127000e+09
1125.000000 2.36335000e+09
1135.000000 3.33090000e+09
1145.000000 2.89711000e+09
1155.000000 3.18830000e+09
1165.000000 3.40027000e+09
1175.000000 2.45145000e+09
1185.000000 3.43751000e+09
1195.000000 1.75474000e+09
1205.000000 8.83457000e+08
1215.000000 4.53563000e+08
1225.000000 2.02051000e+09
1235.000000 3.60248000e+09
1245.000000 3.90115000e+09
1255.000000 3.82153000e+09
1265.000000 3.25543000e+09
1275.000000 3.66666000e+09
1285.000000 3.92626000e+09
1295.000000 2.16761000e+09
1305.000000 1.86154000e+09
1315.000000 3.58947000e+09
1325.000000 3.42562000e+09
1335.000000 2.76825000e+09
1345.000000 3.64500000e+09
1355.000000 3.47834000e+09
1365.000000 2.95019000e+09
1375.000000 3.09613000e+09
1385.000000 3.15351000e+09
1395.000000 2.70889000e+09
1405.000000 2.87334000e+09
1415.000000 2.77115000e+09
1425.000000 2.92200000e+09
1435.000000 2.92587000e+09
1442.000000 3.10426000e+09
1447.000000 3.07726000e+09
1455.000000 2.99565000e+09
1465.000000 2.75707000e+09
1475.000000 2.75566000e+09
1485.000000 2.75403000e+09
1495.000000 2.75237000e+09
1505.000000 2.54077000e+09
1512.000000 2.23716000e+09
1517.000000 2.40055000e+09
1525.000000 2.43682000e+09
1535.000000 2.13705000e+09
1545.000000 2.22800000e+09
1555.000000 2.11172000e+09
1565.000000 2.15880000e+09
1575.000000 2.28046000e+09
1585.000000 2.35855000e+09
1595.000000 2.37986000e+09
1605.000000 2.33494000e+09
1615.000000 2.36331000e+09
1625.000000 2.21504000e+09
1635.000000 2.37265000e+09
1645.000000 2.36700000e+09
1655.000000 2.17040000e+09
1665.000000 2.39187000e+09
1672.000000 2.25236000e+09
1677.000000 2.33111000e+09
1685.000000 2.42035000e+09
1695.000000 2.25564000e+09
1705.000000 2.14126000e+09
1715.000000 1.97355000e+09
1725.000000 1.96352000e+09
1735.000000 2.09701000e+09
1745.000000 2.01638000e+09
1755.000000 2.12300000e+09
1765.000000 1.95039000e+09
1775.000000 1.94473000e+09
1785.000000 2.00211000e+09
1795.000000 2.11748000e+09
1805.000000 2.12391000e+09
1815.000000 1.86339000e+09
1825.000000 1.95670000e+09
1835.000000 1.84716000e+09
1845.000000 1.69416000e+09
1855.000000 1.57665000e+09
1865.000000 1.64340000e+09
1875.000000 1.87849000e+09
1885.000000 1.66597000e+09
1895.000000 1.54625000e+09
1905.000000 1.71359000e+09
1915.000000 1.57401000e+09
1925.000000 1.53503000e+09
1935.000000 1.63159000e+09
1945.000000 1.64742000e+09
1955.000000 1.50563000e+09
1967.000000 1.67932000e+09
1976.000000 1.74077000e+09
1984.000000 1.60971000e+09
1995.000000 1.55726000e+09
2005.000000 1.63211000e+09
2015.000000 1.54729000e+09
2025.000000 1.66893000e+09
2035.000000 1.51011000e+09
2045.000000 1.56321000e+09
2055.000000 1.48389000e+09
2065.000000 1.50189000e+09
2074.000000 1.60475000e+09
2078.000000 1.44320000e+09
2085.000000 1.53708000e+09
2095.000000 1.43180000e+09
2105.000000 1.46448000e+09
2115.000000 1.47442000e+09
2125.000000 1.49269000e+09
2135.000000 1.41238000e+09
2145.000000 1.39416000e+09
2155.000000 1.45962000e+09
2165.000000 1.42511000e+09
2175.000000 1.40900000e+09
2185.000000 1.34753000e+09
2195.000000 1.39729000e+09
2205.000000 1.36449000e+09
2215.000000 1.31335000e+09
2225.000000 1.25530000e+09
2235.000000 1.31846000e+09
2245.000000 1.28117000e+09
2255.000000 1.22005000e+09
2265.000000 1.25777000e+09
2275.000000 1.27643000e+09
2285.000000 1.28794000e+09
2295.000000 1.22324000e+09
2305.000000 1.20364000e+09
2315.000000 1.14863000e+09
2325.000000 1.12908000e+09
2335.000000 1.07645000e+09
2345.000000 1.06702000e+09
2355.000000 1.09296000e+09
2365.000000 1.04595000e+09
2375.000000 1.05426000e+09
2385.000000 1.00676000e+09
2395.000000 1.06365000e+09
2405.000000 1.00650000e+09
2415.000000 1.02285000e+09
2425.000000 1.04083000e+09
2435.000000 9.89028000e+08
2445.000000 1.03181000e+09
2455.000000 1.01123000e+09
2465.000000 1.00236000e+09
2475.000000 9.68634000e+08
2485.000000 1.00783000e+09
2495.000000 9.68599000e+08
2505.000000 1.00369000e+09
2513.000000 9.36340000e+08
2518.000000 9.77961000e+08
2525.000000 9.28525000e+08
2535.000000 9.28835000e+08
2545.000000 8.94794000e+08
2555.000000 9.29816000e+08
2565.000000 9.14908000e+08
2575.000000 9.49462000e+08
2585.000000 9.41566000e+08
2595.000000 9.41261000e+08
2605.000000 9.16505000e+08
2615.000000 9.07581000e+08
2625.000000 9.06693000e+08
2635.000000 9.07312000e+08
2645.000000 9.27335000e+08
2655.000000 9.20095000e+08
2665.000000 8.80793000e+08
2675.000000 8.98807000e+08
2685.000000 8.86794000e+08
2695.000000 8.64457000e+08
2705.000000 8.66212000e+08
2715.000000 8.46555000e+08
2725.000000 8.37512000e+08
2735.000000 8.55775000e+08
2745.000000 8.01304000e+08
2755.000000 7.97482000e+08
2765.000000 8.04684000e+08
2775.000000 8.19589000e+08
2785.000000 8.14977000e+08
2795.000000 7.72650000e+08
2805.000000 7.94778000e+08
2815.000000 8.01026000e+08
2825.000000 7.89134000e+08
2835.000000 7.52125000e+08
2845.000000 7.44892000e+08
2855.000000 7.48973000e+08
2865.000000 7.61929000e+08
2875.000000 7.47522000e+08
2885.000000 7.46740000e+08
2895.000000 7.39657000e+08
2910.000000 7.42283000e+08
2930.000000 7.22794000e+08
2950.000000 7.06663000e+08
2970.000000 6.99825000e+08
2990.000000 6.86618000e+08
3010.000000 6.80642000e+08
3030.000000 6.75010000e+08
3050.000000 6.60598000e+08
3070.000000 6.48901000e+08
3090.000000 6.38910000e+08
3110.000000 6.26123000e+08
3130.000000 6.17147000e+08
3150.000000 6.07703000e+08
3170.000000 5.95410000e+08
3190.000000 5.77602000e+08
3210.000000 5.75472000e+08
3230.000000 5.67031000e+08
3250.000000 5.58505000e+08
3270.000000 5.50461000e+08
3290.000000 5.41770000e+08
3310.000000 5.34795000e+08
3330.000000 5.25333000e+08
3350.000000 5.15152000e+08
3370.000000 5.07662000e+08
3390.000000 4.99854000e+08
3410.000000 4.92874000e+08
3430.000000 4.83620000e+08
3450.000000 4.75149000e+08
3470.000000 4.67967000e+08
3490.000000 4.61103000e+08
3510.000000 4.55680000e+08
3530.000000 4.49594000e+08
3550.000000 4.42868000e+08
3570.000000 4.37092000e+08
3590.000000 4.27676000e+08
3610.000000 4.21591000e+08
3630.000000 4.15872000e+08
3640.000000 4.14785000e+08
3650.000000 4.09631000e+08
3670.000000 4.04703000e+08
3690.000000 3.91529000e+08
3710.000000 3.88797000e+08
3730.000000 3.88267000e+08
3750.000000 4.46637000e+08
3770.000000 4.55588000e+08
3790.000000 4.87982000e+08
3810.000000 5.15910000e+08
3830.000000 4.43223000e+08
3850.000000 5.29467000e+08
3870.000000 5.34624000e+08
3890.000000 4.19050000e+08
3910.000000 5.31429000e+08
3930.000000 5.14204000e+08
3950.000000 5.13815000e+08
3970.000000 3.90189000e+08
3990.000000 4.92632000e+08
4010.000000 4.91854000e+08
4030.000000 4.65179000e+08
4050.000000 4.80808000e+08
4070.000000 4.65746000e+08
4090.000000 4.33097000e+08
4110.000000 3.71553000e+08
4130.000000 4.37978000e+08
4150.000000 4.36129000e+08
4170.000000 4.33125000e+08
4190.000000 4.29923000e+08
4210.000000 4.24870000e+08
4230.000000 4.16904000e+08
4250.000000 4.09318000e+08
4270.000000 3.97084000e+08
4290.000000 3.96563000e+08
4310.000000 3.87882000e+08
4330.000000 3.49927000e+08
4350.000000 3.15081000e+08
4370.000000 3.68505000e+08
4390.000000 3.58763000e+08
4410.000000 3.61657000e+08
4430.000000 3.54214000e+08
4450.000000 3.52654000e+08
4470.000000 3.34742000e+08
4490.000000 3.38457000e+08
4510.000000 3.37573000e+08
4530.000000 3.30817000e+08
4550.000000 3.26368000e+08
4570.000000 3.22724000e+08
4590.000000 3.17647000e+08
4610.000000 3.12575000e+08
4630.000000 3.06752000e+08
4650.000000 3.02551000e+08
4670.000000 2.99429000e+08
4690.000000 2.96093000e+08
4710.000000 2.85331000e+08
4730.000000 2.84792000e+08
4750.000000 2.80646000e+08
4770.000000 2.80251000e+08
4790.000000 2.75420000e+08
4810.000000 2.69633000e+08
4830.000000 2.65063000e+08
4850.000000 2.44672000e+08
4870.000000 2.14980000e+08
4890.000000 2.54455000e+08
4910.000000 2.52058000e+08
4930.000000 2.43647000e+08
4950.000000 2.46187000e+08
4970.000000 2.43508000e+08
4990.000000 2.39502000e+08
5010.000000 2.30104000e+08
5030.000000 2.31747000e+08
5050.000000 2.25439000e+08
5070.000000 2.26537000e+08
5090.000000 2.23233000e+08
5110.000000 2.19455000e+08
5130.000000 2.16015000e+08
5150.000000 2.12849000e+08
5170.000000 2.11572000e+08
5190.000000 2.08937000e+08
5210.000000 2.03520000e+08
5230.000000 2.03316000e+08
5250.000000 2.01018000e+08
5270.000000 1.97881000e+08
5290.000000 1.96414000e+08
5310.000000 1.93374000e+08
5330.000000 1.90799000e+08
5350.000000 1.87795000e+08
5370.000000 1.86491000e+08
5390.000000 1.84059000e+08
5410.000000 1.81478000e+08
5430.000000 1.78559000e+08
5450.000000 1.76693000e+08
5470.000000 1.74257000e+08
5490.000000 1.72790000e+08
5510.000000 1.70396000e+08
5530.000000 1.68378000e+08
5550.000000 1.66530000e+08
5570.000000 1.64329000e+08
5590.000000 1.62468000e+08
5610.000000 1.60282000e+08
5630.000000 1.58907000e+08
5650.000000 1.55023000e+08
5670.000000 1.53521000e+08
5690.000000 1.52374000e+08
5710.000000 1.51089000e+08
5730.000000 1.49347000e+08
5750.000000 1.47513000e+08
5770.000000 1.45915000e+08
5790.000000 1.44077000e+08
5810.000000 1.42339000e+08
5830.000000 1.40588000e+08
5850.000000 1.39023000e+08
5870.000000 1.33901000e+08
5890.000000 1.34828000e+08
5910.000000 1.34047000e+08
5930.000000 1.32619000e+08
5950.000000 1.30367000e+08
5970.000000 1.29548000e+08
5990.000000 1.27750000e+08
6010.000000 1.26723000e+08
6030.000000 1.25169000e+08
6050.000000 1.23798000e+08
6070.000000 1.22370000e+08
6090.000000 1.20866000e+08
6110.000000 1.19673000e+08
6130.000000 1.18342000e+08
6150.000000 1.16278000e+08
6170.000000 1.15575000e+08
6190.000000 1.14377000e+08
6210.000000 1.13085000e+08
6230.000000 1.11719000e+08
6250.000000 1.10099000e+08
6270.000000 1.09283000e+08
6290.000000 1.08018000e+08
6310.000000 1.06643000e+08
6330.000000 1.05726000e+08
6350.000000 1.03781000e+08
6370.000000 1.02917000e+08
6390.000000 1.02163000e+08
6410.000000 1.01013000e+08
6430.000000 1.00176000e+08
6450.000000 9.89399000e+07
6470.000000 9.78521000e+07
6490.000000 9.67938000e+07
6510.000000 9.55600000e+07
6530.000000 9.42422000e+07
6550.000000 8.97512000e+07
6570.000000 7.83318000e+07
6590.000000 9.02785000e+07
6610.000000 9.06642000e+07
6630.000000 8.99295000e+07
6650.000000 8.90401000e+07
6670.000000 8.74061000e+07
6690.000000 8.65392000e+07
6710.000000 8.62500000e+07
6730.000000 8.53555000e+07
6750.000000 8.45280000e+07
6770.000000 8.36758000e+07
6790.000000 8.24482000e+07
6810.000000 8.18671000e+07
6830.000000 8.09685000e+07
6850.000000 8.02442000e+07
6870.000000 7.94424000e+07
6890.000000 7.86319000e+07
6910.000000 7.78271000e+07
6930.000000 7.68796000e+07
6950.000000 7.62826000e+07
6970.000000 7.55314000e+07
6990.000000 7.47443000e+07
7010.000000 7.39811000e+07
7030.000000 7.32452000e+07
7050.000000 7.23557000e+07
7070.000000 7.08073000e+07
7090.000000 7.11316000e+07
7110.000000 7.02253000e+07
7130.000000 6.95747000e+07
7150.000000 6.89819000e+07
7170.000000 6.83330000e+07
7190.000000 6.77027000e+07
7210.000000 6.70436000e+07
7230.000000 6.56772000e+07
7250.000000 6.56629000e+07
7270.000000 6.51068000e+07
7290.000000 6.41000000e+07
7310.000000 6.38499000e+07
7330.000000 6.32383000e+07
7350.000000 6.26547000e+07
7370.000000 6.20529000e+07
7390.000000 6.14609000e+07
7410.000000 6.08757000e+07
7430.000000 6.01977000e+07
7450.000000 5.96821000e+07
7470.000000 5.90288000e+07
7490.000000 5.85293000e+07
7510.000000 5.79902000e+07
7530.000000 5.74699000e+07
7550.000000 5.69524000e+07
7570.000000 5.64323000e+07
7590.000000 5.58711000e+07
7610.000000 5.53989000e+07
7630.000000 5.48759000e+07
7650.000000 5.43627000e+07
7670.000000 5.38644000e+07
7690.000000 5.33635000e+07
7710.000000 5.28785000e+07
7730.000000 5.23783000e+07
7750.000000 5.19095000e+07
7770.000000 5.09331000e+07
7790.000000 5.09711000e+07
7810.000000 5.04986000e+07
7830.000000 5.00639000e+07
7850.000000 4.94509000e+07
7870.000000 4.90399000e+07
7890.000000 4.84957000e+07
7910.000000 4.82682000e+07
7930.000000 4.78681000e+07
7950.000000 4.72652000e+07
7970.000000 4.69778000e+07
7990.000000 4.63375000e+07
8010.000000 4.61581000e+07
8030.000000 4.57304000e+07
8050.000000 4.53261000e+07
8070.000000 4.49525000e+07
8090.000000 4.45020000e+07
8110.000000 4.41190000e+07
8130.000000 4.37619000e+07
8150.000000 4.33517000e+07
8170.000000 4.30376000e+07
8190.000000 4.26019000e+07
8210.000000 4.20626000e+07
8230.000000 4.16821000e+07
8250.000000 4.15251000e+07
8270.000000 4.10562000e+07
8290.000000 4.07597000e+07
8310.000000 4.04333000e+07
8330.000000 4.01075000e+07
8350.000000 3.96438000e+07
8370.000000 3.93217000e+07
8390.000000 3.90542000e+07
8410.000000 3.86551000e+07
8430.000000 3.82742000e+07
8450.000000 3.76357000e+07
8470.000000 3.72823000e+07
8490.000000 3.74654000e+07
8510.000000 3.63573000e+07
8530.000000 3.71770000e+07
8550.000000 3.49749000e+07
8570.000000 3.71903000e+07
8590.000000 3.50685000e+07
8610.000000 3.46233000e+07
8630.000000 3.68333000e+07
8650.000000 3.56295000e+07
8670.000000 3.19656000e+07
8690.000000 3.60171000e+07
8710.000000 3.64170000e+07
8730.000000 3.52667000e+07
8750.000000 3.05822000e+07
8770.000000 3.40660000e+07
8790.000000 3.53846000e+07
8810.000000 3.52412000e+07
8830.000000 3.46947000e+07
8850.000000 3.24207000e+07
8870.000000 2.92508000e+07
8890.000000 3.35425000e+07
8910.000000 3.37954000e+07
8930.000000 3.35214000e+07
8950.000000 3.34197000e+07
8970.000000 3.30775000e+07
8990.000000 3.21949000e+07
9010.000000 2.80440000e+07
9030.000000 2.97721000e+07
9050.000000 3.17782000e+07
9070.000000 3.14751000e+07
9090.000000 3.13723000e+07
9110.000000 3.13233000e+07
9130.000000 3.11017000e+07
9150.000000 3.08921000e+07
9170.000000 3.04851000e+07
9190.000000 3.01268000e+07
9210.000000 2.88880000e+07
9230.000000 2.48636000e+07
9250.000000 2.82860000e+07
9270.000000 2.88410000e+07
9290.000000 2.90867000e+07
9310.000000 2.88727000e+07
9330.000000 2.87058000e+07
9350.000000 2.85206000e+07
9370.000000 2.83106000e+07
9390.000000 2.80722000e+07
9410.000000 2.76637000e+07
9430.000000 2.76524000e+07
9450.000000 2.74465000e+07
9470.000000 2.70992000e+07
9490.000000 2.69332000e+07
9510.000000 2.64298000e+07
9530.000000 2.52583000e+07
9550.000000 2.21232000e+07
9570.000000 2.53598000e+07
9590.000000 2.58243000e+07
9610.000000 2.56774000e+07
9630.000000 2.53328000e+07
9650.000000 2.54132000e+07
9670.000000 2.51829000e+07
9690.000000 2.50080000e+07
9710.000000 2.47924000e+07
9730.000000 2.46548000e+07
9750.000000 2.44543000e+07
9770.000000 2.42872000e+07
9790.000000 2.41004000e+07
9810.000000 2.39169000e+07
9830.000000 2.37194000e+07
9850.000000 2.35588000e+07
9870.000000 2.33760000e+07
9890.000000 2.31772000e+07
9910.000000 2.29571000e+07
9930.000000 2.28640000e+07
9950.000000 2.26907000e+07
9970.000000 2.25027000e+07
9990.000000 2.23002000e+07
10025.000000 2.11245000e+07
10075.000000 2.03040000e+07
10125.000000 2.11260000e+07
10175.000000 2.08748000e+07
10225.000000 2.05108000e+07
10275.000000 2.01508000e+07
10325.000000 1.97341000e+07
10375.000000 1.94401000e+07
10425.000000 1.91002000e+07
10475.000000 1.87572000e+07
10525.000000 1.84216000e+07
10575.000000 1.81074000e+07
10625.000000 1.77989000e+07
10675.000000 1.74199000e+07
10725.000000 1.71803000e+07
10775.000000 1.68904000e+07
10825.000000 1.64383000e+07
10875.000000 1.62757000e+07
10925.000000 1.47235000e+07
10975.000000 1.54197000e+07
11025.000000 1.54317000e+07
11075.000000 1.52506000e+07
11125.000000 1.50024000e+07
11175.000000 1.47505000e+07
11225.000000 1.45058000e+07
11275.000000 1.42159000e+07
11325.000000 1.39999000e+07
11375.000000 1.38087000e+07
11425.000000 1.35816000e+07
11475.000000 1.33679000e+07
11525.000000 1.31518000e+07
11575.000000 1.29397000e+07
11625.000000 1.27188000e+07
11675.000000 1.25192000e+07
11725.000000 1.23310000e+07
11775.000000 1.21047000e+07
11825.000000 1.19479000e+07
11875.000000 1.17553000e+07
11925.000000 1.15812000e+07
11975.000000 1.13360000e+07
12025.000000 1.12255000e+07
12075.000000 1.10521000e+07
12125.000000 1.08815000e+07
12175.000000 1.07160000e+07
12225.000000 1.05519000e+07
12275.000000 1.03911000e+07
12325.000000 1.02343000e+07
12375.000000 1.00817000e+07
12425.000000 9.93187000e+06
12475.000000 9.77181000e+06
12525.000000 9.62574000e+06
12575.000000 9.48645000e+06
12625.000000 9.35143000e+06
12675.000000 9.21636000e+06
12725.000000 9.07707000e+06
12775.000000 8.81848000e+06
12825.000000 8.11175000e+06
12875.000000 8.63612000e+06
12925.000000 8.56492000e+06
12975.000000 8.41244000e+06
13025.000000 8.32266000e+06
13075.000000 8.20381000e+06
13125.000000 8.08719000e+06
13175.000000 7.96603000e+06
13225.000000 7.85981000e+06
13275.000000 7.74941000e+06
13325.000000 7.64065000e+06
13375.000000 7.53393000e+06
13425.000000 7.42420000e+06
13475.000000 7.32480000e+06
13525.000000 7.22235000e+06
13575.000000 7.12406000e+06
13625.000000 7.02601000e+06
13675.000000 6.92758000e+06
13725.000000 6.83360000e+06
13775.000000 6.74338000e+06
13825.000000 6.65212000e+06
13875.000000 6.56239000e+06
13925.000000 6.47202000e+06
13975.000000 6.38625000e+06
14025.000000 6.30191000e+06
14075.000000 6.21729000e+06
14125.000000 6.13464000e+06
14175.000000 6.05431000e+06
14225.000000 5.97459000e+06
14275.000000 5.89602000e+06
14325.000000 5.81877000e+06
14375.000000 5.74244000e+06
14425.000000 5.66215000e+06
14475.000000 5.59253000e+06
14525.000000 5.51963000e+06
14570.000000 5.45826000e+06
14620.000000 5.38698000e+06
14675.000000 5.31291000e+06
14725.000000 5.24527000e+06
14775.000000 5.17738000e+06
14825.000000 5.11458000e+06
14875.000000 5.05029000e+06
14925.000000 4.98775000e+06
14975.000000 4.92460000e+06
15025.000000 4.86351000e+06
15075.000000 4.79599000e+06
15125.000000 4.74095000e+06
15175.000000 4.68113000e+06
15225.000000 4.62508000e+06
15275.000000 4.56030000e+06
15325.000000 4.50156000e+06
15375.000000 4.45639000e+06
15425.000000 4.37751000e+06
15475.000000 4.34943000e+06
15525.000000 4.29738000e+06
15575.000000 4.19327000e+06
15625.000000 4.22111000e+06
15675.000000 4.12200000e+06
15725.000000 4.02834000e+06
15775.000000 4.08172000e+06
15825.000000 4.02994000e+06
15875.000000 3.81699000e+06
15925.000000 3.90908000e+06
15975.000000 3.90693000e+06
16050.000000 3.81245000e+06
16150.000000 3.64145000e+06
16250.000000 3.67952000e+06
16350.000000 3.55122000e+06
16450.000000 3.38858000e+06
16550.000000 3.43441000e+06
16650.000000 3.35740000e+06
16750.000000 3.23593000e+06
16850.000000 3.08724000e+06
16950.000000 3.13340000e+06
17050.000000 3.05593000e+06
17150.000000 2.99785000e+06
17250.000000 2.92914000e+06
17350.000000 2.73453000e+06
17450.000000 2.79186000e+06
17550.000000 2.74484000e+06
17650.000000 2.68613000e+06
17750.000000 2.62809000e+06
17850.000000 2.57201000e+06
17950.000000 2.51911000e+06
18050.000000 2.46086000e+06
18150.000000 2.30985000e+06
18250.000000 2.34173000e+06
18350.000000 2.31438000e+06
18450.000000 2.26711000e+06
18550.000000 2.21854000e+06
18650.000000 2.16318000e+06
18750.000000 2.03848000e+06
18850.000000 2.08466000e+06
18950.000000 2.04572000e+06
19050.000000 2.00156000e+06
19150.000000 1.96582000e+06
19250.000000 1.92684000e+06
19350.000000 1.88454000e+06
19450.000000 1.76413000e+06
19550.000000 1.81030000e+06
19650.000000 1.78070000e+06
19750.000000 1.74630000e+06
19850.000000 1.71278000e+06
19950.000000 1.68003000e+06
20050.000000 1.64804000e+06
20150.000000 1.61688000e+06
20250.000000 1.58634000e+06
20350.000000 1.55660000e+06
20450.000000 1.52727000e+06
20550.000000 1.49683000e+06
20650.000000 1.47141000e+06
20750.000000 1.44431000e+06
20850.000000 1.41784000e+06
20950.000000 1.39189000e+06
21050.000000 1.36662000e+06
21150.000000 1.33899000e+06
21250.000000 1.31758000e+06
21350.000000 1.29378000e+06
21450.000000 1.27069000e+06
21550.000000 1.24594000e+06
21650.000000 1.16920000e+06
21750.000000 1.19964000e+06
21850.000000 1.18332000e+06
21950.000000 1.16287000e+06
22050.000000 1.14289000e+06
22150.000000 1.12307000e+06
22250.000000 1.10364000e+06
22350.000000 1.08481000e+06
22450.000000 1.06635000e+06
22550.000000 1.04817000e+06
22650.000000 1.03042000e+06
22750.000000 1.01308000e+06
22850.000000 9.96078000e+05
22950.000000 9.79478000e+05
23050.000000 9.63127000e+05
23150.000000 9.47302000e+05
23250.000000 9.31714000e+05
23350.000000 9.16426000e+05
23450.000000 9.01502000e+05
23550.000000 8.86798000e+05
23650.000000 8.72377000e+05
23750.000000 8.58300000e+05
23850.000000 8.44561000e+05
23950.000000 8.30890000e+05
24050.000000 8.17416000e+05
24150.000000 8.04201000e+05
24250.000000 7.91881000e+05
24350.000000 7.78972000e+05
24450.000000 7.66375000e+05
24550.000000 7.55081000e+05
24650.000000 7.42395000e+05
24750.000000 7.30381000e+05
24850.000000 7.21281000e+05
24950.000000 7.05465000e+05
25050.000000 6.99423000e+05
25150.000000 6.88929000e+05
25250.000000 6.71192000e+05
25350.000000 6.67607000e+05
25450.000000 6.58881000e+05
25550.000000 6.47501000e+05
25650.000000 6.27918000e+05
25750.000000 6.28903000e+05
25850.000000 6.20720000e+05
25950.000000 6.11414000e+05
26050.000000 5.98956000e+05
26150.000000 5.77471000e+05
26250.000000 5.57553000e+05
26350.000000 5.73893000e+05
26450.000000 5.68754000e+05
26550.000000 5.60683000e+05
26650.000000 5.50171000e+05
26750.000000 5.25053000e+05
26850.000000 5.34219000e+05
26950.000000 5.29276000e+05
27050.000000 5.21715000e+05
27150.000000 5.14301000e+05
27250.000000 5.06997000e+05
27350.000000 4.99816000e+05
27450.000000 4.91856000e+05
27550.000000 4.68701000e+05
27650.000000 4.72640000e+05
27750.000000 4.72185000e+05
27850.000000 4.65813000e+05
27950.000000 4.59361000e+05
28050.000000 4.53017000e+05
28150.000000 4.46781000e+05
28250.000000 4.40640000e+05
28350.000000 4.34574000e+05
28450.000000 4.28718000e+05
28550.000000 4.22776000e+05
28650.000000 4.13423000e+05
28750.000000 3.94390000e+05
28850.000000 4.04940000e+05
28950.000000 4.00485000e+05
29050.000000 3.95254000e+05
29150.000000 3.89967000e+05
29250.000000 3.84826000e+05
29350.000000 3.79724000e+05
29450.000000 3.74735000e+05
29550.000000 3.69830000e+05
29650.000000 3.64987000e+05
29750.000000 3.60230000e+05
29850.000000 3.55546000e+05
29950.000000 3.50941000e+05
30050.000000 3.46402000e+05
30150.000000 3.41920000e+05
30250.000000 3.37057000e+05
30350.000000 3.21781000e+05
30450.000000 3.22755000e+05
30550.000000 3.24455000e+05
30650.000000 3.20694000e+05
30750.000000 3.16615000e+05
30850.000000 3.12492000e+05
30950.000000 3.08729000e+05
31050.000000 3.04868000e+05
31150.000000 3.01062000e+05
31250.000000 2.97302000e+05
31350.000000 2.93638000e+05
31450.000000 2.90002000e+05
31550.000000 2.86437000e+05
31650.000000 2.82907000e+05
31750.000000 2.79450000e+05
31850.000000 2.76045000e+05
31950.000000 2.72682000e+05
32100.000000 2.67741000e+05
32300.000000 2.61323000e+05
32500.000000 2.55095000e+05
32700.000000 2.49046000e+05
32900.000000 2.36446000e+05
33100.000000 2.35983000e+05
33300.000000 2.31642000e+05
33500.000000 2.26357000e+05
33700.000000 2.21153000e+05
33900.000000 2.16119000e+05
34100.000000 2.11217000e+05
34300.000000 2.06446000e+05
34500.000000 2.01821000e+05
34700.000000 1.97305000e+05
34900.000000 1.92919000e+05
35100.000000 1.88666000e+05
35300.000000 1.84518000e+05
35500.000000 1.80471000e+05
35700.000000 1.76522000e+05
35900.000000 1.72774000e+05
36100.000000 1.68943000e+05
36300.000000 1.65460000e+05
36500.000000 1.61746000e+05
36700.000000 1.58555000e+05
36900.000000 1.54833000e+05
37100.000000 1.51816000e+05
37300.000000 1.47040000e+05
37500.000000 1.42575000e+05
37700.000000 1.42693000e+05
37900.000000 1.39864000e+05
38100.000000 1.36443000e+05
38300.000000 1.33791000e+05
38500.000000 1.31762000e+05
38700.000000 1.29106000e+05
38900.000000 1.26240000e+05
39100.000000 1.22535000e+05
39300.000000 1.21437000e+05
39500.000000 1.19105000e+05
39700.000000 1.16801000e+05
39900.000000 1.14507000e+05
40100.000000 1.11409000e+05
40300.000000 1.08691000e+05
40500.000000 1.05294000e+05
40700.000000 1.05812000e+05
40900.000000 1.03897000e+05
41100.000000 1.01923000e+05
41300.000000 9.99641000e+04
41500.000000 9.80011000e+04
41700.000000 9.41580000e+04
41900.000000 9.43256000e+04
42100.000000 9.27258000e+04
42300.000000 9.10131000e+04
42500.000000 8.93263000e+04
42700.000000 8.77043000e+04
42900.000000 8.60430000e+04
43100.000000 8.45426000e+04
43300.000000 8.30139000e+04
43500.000000 8.15058000e+04
43700.000000 7.82817000e+04
43900.000000 7.81741000e+04
44100.000000 7.72380000e+04
44300.000000 7.58742000e+04
44500.000000 7.45412000e+04
44700.000000 7.33571000e+04
44900.000000 7.20772000e+04
45100.000000 7.08300000e+04
45300.000000 6.95891000e+04
45500.000000 6.84018000e+04
45700.000000 6.72272000e+04
45900.000000 6.60811000e+04
46100.000000 6.48620000e+04
46300.000000 6.36666000e+04
46500.000000 6.07785000e+04
46700.000000 5.98306000e+04
46900.000000 6.03696000e+04
47100.000000 5.95982000e+04
47300.000000 5.86995000e+04
47500.000000 5.77154000e+04
47700.000000 5.67754000e+04
47900.000000 5.58507000e+04
48100.000000 5.49395000e+04
48300.000000 5.40462000e+04
48500.000000 5.31721000e+04
48700.000000 5.23154000e+04
48900.000000 5.14755000e+04
49100.000000 5.06523000e+04
49300.000000 4.98454000e+04
49500.000000 4.90544000e+04
49700.000000 4.82791000e+04
49900.000000 4.75207000e+04
50100.000000 4.67713000e+04
50300.000000 4.59966000e+04
50500.000000 4.53287000e+04
50700.000000 4.46259000e+04
50900.000000 4.38236000e+04
51100.000000 4.30787000e+04
51300.000000 4.12605000e+04
51500.000000 4.18085000e+04
51700.000000 4.11854000e+04
51900.000000 4.06826000e+04
52100.000000 4.00711000e+04
52300.000000 3.94691000e+04
52500.000000 3.88286000e+04
52700.000000 3.81777000e+04
52900.000000 3.77280000e+04
53100.000000 3.71691000e+04
53300.000000 3.66215000e+04
53500.000000 3.60823000e+04
53700.000000 3.54378000e+04
53900.000000 3.49237000e+04
54100.000000 3.45257000e+04
54300.000000 3.40252000e+04
54500.000000 3.35337000e+04
54700.000000 3.30510000e+04
54900.000000 3.25769000e+04
55100.000000 3.20455000e+04
55300.000000 3.14297000e+04
55500.000000 3.12000000e+04
55700.000000 3.07638000e+04
55900.000000 3.03307000e+04
56100.000000 2.99053000e+04
56300.000000 2.94864000e+04
56500.000000 2.90762000e+04
56700.000000 2.86711000e+04
56900.000000 2.82453000e+04
57100.000000 2.75625000e+04
57300.000000 2.74507000e+04
57500.000000 2.71245000e+04
57700.000000 2.67535000e+04
57900.000000 2.63892000e+04
58100.000000 2.60315000e+04
58300.000000 2.56792000e+04
58500.000000 2.53586000e+04
58700.000000 2.50035000e+04
58900.000000 2.45625000e+04
59100.000000 2.35164000e+04
59300.000000 2.39258000e+04
59500.000000 2.33268000e+04
59700.000000 2.32279000e+04
59900.000000 2.30699000e+04
60100.000000 2.27873000e+04
60300.000000 2.24892000e+04
60500.000000 2.21957000e+04
60700.000000 2.19075000e+04
60900.000000 2.16237000e+04
61100.000000 2.13441000e+04
61300.000000 2.10697000e+04
61500.000000 2.07984000e+04
61700.000000 2.05332000e+04
61900.000000 2.02709000e+04
62100.000000 2.00136000e+04
62300.000000 1.97591000e+04
62500.000000 1.95094000e+04
62700.000000 1.92011000e+04
62900.000000 1.85517000e+04
63100.000000 1.86917000e+04
63300.000000 1.85465000e+04
63500.000000 1.83196000e+04
63700.000000 1.80924000e+04
63900.000000 1.78686000e+04
64200.000000 1.75393000e+04
64600.000000 1.71124000e+04
65000.000000 1.66983000e+04
65400.000000 1.62964000e+04
65800.000000 1.59066000e+04
66200.000000 1.55276000e+04
66600.000000 1.51616000e+04
67000.000000 1.48048000e+04
67400.000000 1.44289000e+04
67800.000000 1.38797000e+04
68200.000000 1.37887000e+04
68600.000000 1.34794000e+04
69000.000000 1.31725000e+04
69400.000000 1.28709000e+04
69800.000000 1.25831000e+04
70200.000000 1.23002000e+04
70600.000000 1.20259000e+04
71000.000000 1.17480000e+04
71400.000000 1.14985000e+04
71800.000000 1.12465000e+04
72200.000000 1.10009000e+04
72600.000000 1.07435000e+04
73000.000000 1.05271000e+04
73400.000000 1.03029000e+04
73800.000000 1.00822000e+04
74200.000000 9.85404000e+03
74600.000000 9.44741000e+03
75000.000000 9.13393000e+03
75400.000000 9.22481000e+03
75800.000000 9.06541000e+03
76200.000000 8.87836000e+03
76600.000000 8.69535000e+03
77000.000000 8.51692000e+03
77400.000000 8.34171000e+03
77800.000000 8.12731000e+03
78200.000000 8.00619000e+03
78600.000000 7.84807000e+03
79000.000000 7.69093000e+03
79400.000000 7.53834000e+03
79800.000000 7.38901000e+03
80200.000000 7.24344000e+03
80600.000000 7.10156000e+03
81000.000000 6.96269000e+03
81400.000000 6.77958000e+03
81800.000000 6.67797000e+03
82200.000000 6.56686000e+03
82600.000000 6.44101000e+03
83000.000000 6.31838000e+03
83400.000000 6.19888000e+03
83800.000000 6.08191000e+03
84200.000000 5.96740000e+03
84600.000000 5.85583000e+03
85000.000000 5.74714000e+03
85400.000000 5.64074000e+03
85800.000000 5.53659000e+03
86200.000000 5.43259000e+03
86600.000000 5.26548000e+03
87000.000000 5.22962000e+03
87400.000000 5.07730000e+03
87800.000000 4.98667000e+03
88200.000000 4.95995000e+03
88600.000000 4.87159000e+03
89000.000000 4.78462000e+03
89400.000000 4.70009000e+03
89800.000000 4.61720000e+03
90200.000000 4.53606000e+03
90600.000000 4.45676000e+03
91000.000000 4.37918000e+03
91400.000000 4.30328000e+03
91800.000000 4.22902000e+03
92200.000000 4.15629000e+03
92600.000000 4.08443000e+03
93000.000000 4.01553000e+03
93400.000000 3.94580000e+03
93800.000000 3.81583000e+03
94200.000000 3.79899000e+03
94600.000000 3.75140000e+03
95000.000000 3.68656000e+03
95400.000000 3.62500000e+03
95800.000000 3.56745000e+03
96200.000000 3.50866000e+03
96600.000000 3.45108000e+03
97000.000000 3.39461000e+03
97400.000000 3.33934000e+03
97800.000000 3.28518000e+03
98200.000000 3.23007000e+03
98600.000000 3.17447000e+03
99000.000000 3.12911000e+03
99400.000000 3.07916000e+03
99800.000000 3.03020000e+03
100200.000000 2.98219000e+03
200000.000000 1.86820000e+02
400000.000000 1.14439000e+01
600000.000000 2.22762000e+00
800000.000000 6.97538000e-01
1000000.000000 2.83542000e-01
1200000.000000 1.35939000e-01
1400000.000000 7.30336000e-02
1600000.000000 4.26455000e-02
