Wavelength,Transmission
1600.27,7.39913e-09
1601.0,2.74103e-08
1601.54,2.87675e-08
1602.81,3.19613e-08
1603.674316,3.41359e-08
1604.09,3.5172e-08
1605.36,3.83397e-08
1606.63,4.15097e-08
1606.825928,4.19983e-08
1607.9,4.50765e-08
1609.18,4.87461e-08
1609.977539,5.10367e-08
1610.0,5.11093e-08
1610.45,5.25669e-08
1611.72,5.66781e-08
1612.99,6.07925e-08
1613.12915,6.12435e-08
1614.27,6.53492e-08
1615.54,6.99238e-08
1616.280762,7.25899e-08
1616.81,7.46766e-08
1618.08,7.96936e-08
1619.36,8.47452e-08
1619.432373,8.5031e-08
1620.0,8.74213e-08
1620.63,9.00832e-08
1621.9,9.54619e-08
1622.583984,9.83563e-08
1623.17,1.00937e-07
1624.44,1.06523e-07
1625.72,1.12167e-07
1625.735596,1.12235e-07
1626.99,1.17865e-07
1628.26,1.23558e-07
1628.887207,1.26371e-07
1629.53,1.2923e-07
1630.0,1.31321e-07
1630.81,1.34943e-07
1632.038818,1.40444e-07
1632.08,1.40625e-07
1633.35,1.46189e-07
1634.62,1.51759e-07
1635.19043,1.54256e-07
1635.9,1.57305e-07
1637.17,1.62782e-07
1638.342041,1.67828e-07
1638.44,1.68242e-07
1639.71,1.73618e-07
1640.0,1.74846e-07
1640.98,1.7903e-07
1641.493652,1.81217e-07
1642.26,1.84437e-07
1643.53,1.89796e-07
1644.645264,1.94493e-07
1644.8,1.95141e-07
1646.07,2.00467e-07
1647.35,2.05839e-07
1647.796875,2.07717e-07
1648.62,2.11166e-07
1649.89,2.16493e-07
1650.0,2.16953e-07
1650.948486,2.2096e-07
1651.16,2.2185e-07
1652.44,2.2724e-07
1653.71,2.32596e-07
1654.100098,2.34243e-07
1654.98,2.37959e-07
1656.25,2.4333e-07
1657.251709,2.47553e-07
1657.52,2.4868e-07
1658.8,2.54078e-07
1660.0,2.59126e-07
1660.07,2.59424e-07
1660.40332,2.60844e-07
1661.34,2.64766e-07
1662.61,2.70069e-07
1663.554932,2.74037e-07
1663.89,2.75429e-07
1665.16,2.80689e-07
1666.43,2.85957e-07
1666.706543,2.87105e-07
1667.7,2.91172e-07
1668.98,2.96391e-07
1669.858154,2.99995e-07
1670.0,3.0056e-07
1670.25,3.01569e-07
1671.52,3.06671e-07
1672.79,3.11782e-07
1673.009766,3.12667e-07
1674.06,3.16803e-07
1675.34,3.21822e-07
1676.161377,3.25066e-07
1676.61,3.26793e-07
1677.88,3.31658e-07
1679.15,3.36501e-07
1679.312988,3.37127e-07
1680.0,3.39665e-07
1680.43,3.41276e-07
1681.7,3.46011e-07
1682.4646,3.48885e-07
1682.97,3.50729e-07
1684.24,3.55306e-07
1685.52,3.59957e-07
1685.616211,3.60308e-07
1686.79,3.64471e-07
1688.06,3.68951e-07
1688.767822,3.71451e-07
1689.33,3.73373e-07
1690.0,3.75648e-07
1690.6,3.77714e-07
1691.88,3.82162e-07
1691.919434,3.82298e-07
1693.15,3.86428e-07
1694.42,3.90696e-07
1695.071045,3.9287e-07
1695.69,3.94892e-07
1696.97,3.99113e-07
1698.222656,4.03217e-07
1698.24,4.03272e-07
1699.51,4.0734e-07
1700.0,4.08911e-07
1700.78,4.11544e-07
1701.374268,4.13536e-07
1702.06,4.15785e-07
1703.33,4.19959e-07
1704.525879,4.23898e-07
1704.6,4.24138e-07
1705.87,4.28226e-07
1707.15,4.32393e-07
1707.67749,4.34097e-07
1708.42,4.36457e-07
1709.69,4.4046e-07
1710.0,4.41448e-07
1710.829102,4.44125e-07
1710.96,4.44538e-07
1712.23,4.48516e-07
1713.51,4.52534e-07
1713.980713,4.54013e-07
1714.78,4.56495e-07
1716.05,4.60406e-07
1717.132324,4.63779e-07
1717.32,4.64357e-07
1718.6,4.68262e-07
1719.87,4.72102e-07
1720.0,4.72499e-07
1720.283936,4.73377e-07
1721.14,4.75972e-07
1722.41,4.79785e-07
1723.435547,4.82871e-07
1723.69,4.83629e-07
1724.96,4.87416e-07
1726.23,4.91209e-07
1726.587158,4.92265e-07
1727.5,4.9494e-07
1728.77,4.98666e-07
1729.73877,5.01513e-07
1730.0,5.02269e-07
1730.05,5.02415e-07
1731.32,5.06078e-07
1732.59,5.09792e-07
1732.890381,5.10661e-07
1733.86,5.13442e-07
1735.14,5.17121e-07
1736.041992,5.19715e-07
1736.41,5.20767e-07
1737.68,5.24354e-07
1738.95,5.27945e-07
1739.193604,5.28635e-07
1740.0,5.30895e-07
1740.23,5.31544e-07
1741.5,5.35129e-07
1742.345215,5.37518e-07
1742.77,5.3871e-07
1744.04,5.42232e-07
1745.31,5.45758e-07
1745.496826,5.46277e-07
1746.59,5.49305e-07
1747.86,5.52824e-07
1748.648438,5.5498e-07
1749.13,5.5629e-07
1750.0,5.58657e-07
1750.4,5.5975e-07
1751.68,5.63256e-07
1751.800049,5.63585e-07
1752.95,5.66721e-07
1754.22,5.70188e-07
1754.951538,5.72157e-07
1755.49,5.73604e-07
1756.77,5.771e-07
1758.04,5.80517e-07
1758.103149,5.80684e-07
1759.31,5.8387e-07
1760.0,5.85721e-07
1760.58,5.87282e-07
1761.254761,5.89071e-07
1761.85,5.9064e-07
1763.13,5.94073e-07
1764.4,5.97424e-07
1764.406372,5.9744e-07
1765.67,6.00706e-07
1766.94,6.04044e-07
1767.557983,6.05644e-07
1768.22,6.07348e-07
1769.49,6.10667e-07
1770.0,6.11979e-07
1770.709595,6.13808e-07
1770.76,6.13937e-07
1772.03,6.17183e-07
1773.31,6.20404e-07
1773.861206,6.21814e-07
1774.58,6.23638e-07
1775.85,6.26804e-07
1777.012817,6.29703e-07
1777.12,6.29968e-07
1778.4,6.33136e-07
1779.67,6.36275e-07
1780.0,6.37075e-07
1780.164429,6.37475e-07
1780.94,6.39337e-07
1782.21,6.42445e-07
1783.31604,6.451e-07
1783.48,6.45489e-07
1784.76,6.48534e-07
1786.03,6.51548e-07
1786.467651,6.52586e-07
1787.3,6.54537e-07
1788.57,6.57453e-07
1789.619263,6.59866e-07
1789.85,6.60388e-07
1790.0,6.60734e-07
1791.12,6.63324e-07
1792.39,6.66198e-07
1792.770874,6.6706e-07
1793.66,6.69043e-07
1794.94,6.71842e-07
1795.922485,6.74031e-07
1796.21,6.74663e-07
1797.48,6.77389e-07
1798.75,6.80114e-07
1799.074097,6.80809e-07
1800.0,6.82761e-07
1800.02,6.82798e-07
1801.3,6.85171e-07
1802.225708,6.86879e-07
1802.57,6.87502e-07
1803.84,6.89735e-07
1805.11,6.92028e-07
1805.377319,6.92498e-07
1806.39,6.94247e-07
1807.66,6.96428e-07
1808.528931,6.97917e-07
1808.93,6.98591e-07
1810.0,7.00386e-07
1810.2,7.00722e-07
1811.48,7.02881e-07
1811.680542,7.03207e-07
1812.75,7.0491e-07
1814.02,7.06993e-07
1814.832153,7.0828e-07
1815.29,7.08992e-07
1816.56,7.10963e-07
1817.84,7.12952e-07
1817.983765,7.13174e-07
1819.11,7.14878e-07
1820.0,7.16222e-07
1820.38,7.16797e-07
1821.135376,7.17899e-07
1821.65,7.18632e-07
1822.93,7.2053e-07
1824.2,7.2233e-07
1824.286987,7.22453e-07
1825.47,7.24092e-07
1826.74,7.25847e-07
1827.438599,7.26814e-07
1828.02,7.27603e-07
1829.29,7.29311e-07
1830.0,7.30223e-07
1830.56,7.30945e-07
1830.59021,7.30986e-07
1831.83,7.32611e-07
1833.1,7.34199e-07
1833.741821,7.35039e-07
1834.38,7.35858e-07
1835.65,7.37402e-07
1836.893433,7.38906e-07
1836.92,7.38938e-07
1838.19,7.40437e-07
1839.47,7.41952e-07
1840.0,7.42543e-07
1840.045044,7.42593e-07
1840.74,7.43349e-07
1842.01,7.44798e-07
1843.196655,7.46078e-07
1843.28,7.46165e-07
1844.56,7.47594e-07
1845.83,7.48919e-07
1846.348267,7.49458e-07
1847.1,7.5022e-07
1848.37,7.51503e-07
1849.499878,7.52637e-07
1849.64,7.52774e-07
1850.0,7.53128e-07
1850.92,7.54035e-07
1852.19,7.55268e-07
1852.651489,7.55687e-07
1853.46,7.56401e-07
1854.73,7.57584e-07
1855.803101,7.58555e-07
1856.01,7.58738e-07
1857.28,7.59841e-07
1858.55,7.60921e-07
1858.954712,7.61263e-07
1859.82,7.61972e-07
1860.0,7.6212e-07
1861.1,7.63025e-07
1862.106323,7.63832e-07
1862.37,7.64037e-07
1863.64,7.65003e-07
1864.91,7.65969e-07
1865.257935,7.66232e-07
1866.19,7.66914e-07
1867.46,7.67816e-07
1868.409546,7.68479e-07
1868.73,7.68695e-07
1870.0,7.69546e-07
1871.27,7.70386e-07
1871.561157,7.70579e-07
1872.55,7.7121e-07
1873.82,7.71991e-07
1874.712769,7.72535e-07
1875.09,7.72757e-07
1876.36,7.73491e-07
1877.64,7.74228e-07
1877.86438,7.74352e-07
1878.91,7.74909e-07
1880.0,7.75482e-07
1880.18,7.75577e-07
1881.015991,7.7601e-07
1881.45,7.76225e-07
1882.73,7.76859e-07
1884.0,7.77465e-07
1884.167603,7.77543e-07
1885.27,7.78036e-07
1886.54,7.78586e-07
1887.319214,7.7892e-07
1887.81,7.7912e-07
1889.09,7.79643e-07
1890.0,7.79992e-07
1890.36,7.8013e-07
1890.470825,7.80173e-07
1891.63,7.80591e-07
1892.9,7.81032e-07
1893.622437,7.81287e-07
1894.18,7.81474e-07
1895.45,7.81869e-07
1896.72,7.82255e-07
1896.774048,7.82271e-07
1897.99,7.82605e-07
1899.27,7.82964e-07
1899.925659,7.83132e-07
1900.0,7.8315e-07
1900.54,7.83275e-07
1901.81,7.83564e-07
1903.077271,7.83834e-07
1903.08,7.83835e-07
1904.35,7.84079e-07
1905.63,7.84323e-07
1906.228882,7.8443e-07
1906.9,7.8454e-07
1908.17,7.84724e-07
1909.380493,7.84898e-07
1909.44,7.84906e-07
1910.0,7.84976e-07
1910.72,7.85066e-07
1911.99,7.85209e-07
1912.532104,7.85264e-07
1913.26,7.85328e-07
1914.53,7.85432e-07
1915.683716,7.85526e-07
1915.81,7.85534e-07
1917.08,7.85611e-07
1918.35,7.8567e-07
1918.835327,7.85687e-07
1919.62,7.85706e-07
1920.0,7.85716e-07
1920.89,7.85739e-07
1921.986938,7.85768e-07
1922.17,7.85771e-07
1923.44,7.85772e-07
1924.71,7.85755e-07
1925.13855,7.8575e-07
1925.98,7.85736e-07
1927.26,7.85713e-07
1928.290161,7.85675e-07
1928.53,7.85665e-07
1929.8,7.85605e-07
1930.0,7.85595e-07
1931.07,7.85538e-07
1931.441772,7.85521e-07
1932.35,7.85478e-07
1933.62,7.85383e-07
1934.593384,7.85311e-07
1934.89,7.85288e-07
1936.16,7.85177e-07
1937.43,7.85065e-07
1937.744995,7.85038e-07
1938.71,7.84955e-07
1939.98,7.84819e-07
1940.0,7.84817e-07
1940.896606,7.84716e-07
1941.25,7.84676e-07
1942.52,7.84528e-07
1943.8,7.84387e-07
1944.048218,7.84355e-07
1945.07,7.84226e-07
1946.34,7.84066e-07
1947.199829,7.83945e-07
1947.61,7.83889e-07
1948.89,7.83727e-07
1950.0,7.83562e-07
1950.16,7.83537e-07
1950.35144,7.8351e-07
1951.43,7.83358e-07
1952.7,7.8316e-07
1953.503052,7.83036e-07
1953.97,7.82967e-07
1955.25,7.82779e-07
1956.52,7.82574e-07
1956.654663,7.82551e-07
1957.79,7.82372e-07
1959.06,7.82161e-07
1959.806274,7.82042e-07
1960.0,7.82014e-07
1960.34,7.81963e-07
1961.61,7.81757e-07
1962.88,7.81531e-07
1962.957886,7.81518e-07
1964.15,7.81322e-07
1965.43,7.81119e-07
1966.109497,7.81003e-07
1966.7,7.80908e-07
1967.97,7.80687e-07
1969.24,7.80465e-07
1969.261108,7.80461e-07
1970.0,7.8035e-07
1970.52,7.80269e-07
1971.79,7.80056e-07
1972.412598,7.79948e-07
1973.06,7.79844e-07
1974.33,7.79631e-07
1975.564209,7.79414e-07
1975.6,7.79408e-07
1976.88,7.79223e-07
1978.15,7.79011e-07
1978.71582,7.78917e-07
1979.42,7.78812e-07
1980.0,7.78722e-07
1980.69,7.78612e-07
1981.867432,7.78433e-07
1981.97,7.78419e-07
1983.24,7.78233e-07
1984.51,7.78035e-07
1985.019043,7.77957e-07
1985.78,7.77852e-07
1987.06,7.77686e-07
1988.170654,7.77517e-07
1988.33,7.77495e-07
1989.6,7.77328e-07
1990.0,7.77276e-07
1990.87,7.77158e-07
1991.322266,7.77095e-07
1992.14,7.76996e-07
1993.42,7.76861e-07
1994.473877,7.76726e-07
1994.69,7.76702e-07
1995.96,7.76567e-07
1997.23,7.76421e-07
1997.625488,7.76382e-07
1998.51,7.76305e-07
1999.78,7.76178e-07
2000.0,7.76155e-07
2000.7771,7.7611e-07
2001.05,7.76094e-07
2002.32,7.76024e-07
2003.6,7.7596e-07
2003.928711,7.75939e-07
2004.87,7.75901e-07
2006.14,7.75849e-07
2007.080322,7.75811e-07
2007.41,7.75805e-07
2008.68,7.75774e-07
2009.96,7.75761e-07
2010.0,7.7576e-07
2010.231934,7.75752e-07
2011.23,7.75744e-07
2012.5,7.75744e-07
2013.383545,7.75738e-07
2013.77,7.75744e-07
2015.05,7.75785e-07
2016.32,7.75807e-07
2016.535156,7.75809e-07
2017.59,7.75845e-07
2018.86,7.75888e-07
2019.686768,7.75935e-07
2020.0,7.75961e-07
2020.14,7.75971e-07
2021.41,7.76042e-07
2022.68,7.76101e-07
2022.838379,7.7611e-07
2023.95,7.76193e-07
2025.22,7.76287e-07
2025.98999,7.7635e-07
2026.5,7.76397e-07
2027.77,7.76512e-07
2029.04,7.76615e-07
2029.141602,7.76623e-07
2030.0,7.76708e-07
2030.31,7.76736e-07
2031.59,7.76884e-07
2032.293213,7.7695e-07
2032.86,7.77008e-07
2034.13,7.7714e-07
2035.4,7.77271e-07
2035.444824,7.77276e-07
2036.68,7.77431e-07
2037.95,7.77584e-07
2038.596436,7.77656e-07
2039.22,7.77729e-07
2040.0,7.77823e-07
2040.49,7.77877e-07
2041.748047,7.78049e-07
2041.77,7.78052e-07
2043.04,7.78202e-07
2044.31,7.78363e-07
2044.899658,7.78434e-07
2045.58,7.78513e-07
2046.85,7.78674e-07
2048.05127,7.78844e-07
2048.13,7.78855e-07
2049.4,7.79017e-07
2050.0,7.791e-07
2050.67,7.79186e-07
2051.202881,7.79253e-07
2051.94,7.7934e-07
2053.22,7.79524e-07
2054.354492,7.79662e-07
2054.49,7.79677e-07
2055.76,7.79834e-07
2057.03,7.80005e-07
2057.506104,7.80072e-07
2058.31,7.80176e-07
2059.58,7.80337e-07
2060.0,7.80392e-07
2060.657715,7.80471e-07
2060.85,7.80493e-07
2062.12,7.80652e-07
2063.39,7.808e-07
2063.809326,7.8086e-07
2064.67,7.80968e-07
2065.94,7.81113e-07
2066.960938,7.81243e-07
2067.21,7.81269e-07
2068.48,7.8141e-07
2069.76,7.81584e-07
2070.0,7.81612e-07
2070.112549,7.81625e-07
2071.03,7.81711e-07
2072.3,7.8186e-07
2073.26416,7.81967e-07
2073.57,7.81993e-07
2074.85,7.82138e-07
2076.12,7.82282e-07
2076.415771,7.82317e-07
2077.39,7.82406e-07
2078.66,7.82528e-07
2079.567383,7.82627e-07
2079.93,7.82659e-07
2080.0,7.82667e-07
2081.21,7.82785e-07
2082.48,7.82911e-07
2082.718994,7.82938e-07
2083.75,7.83031e-07
2085.02,7.83149e-07
2085.870605,7.83243e-07
2086.3,7.83279e-07
2087.57,7.83391e-07
2088.84,7.83521e-07
2089.022217,7.83541e-07
2090.0,7.83629e-07
2090.11,7.83638e-07
2091.39,7.83775e-07
2092.173828,7.83862e-07
2092.66,7.83906e-07
2093.93,7.84028e-07
2095.2,7.84169e-07
2095.325439,7.84184e-07
2096.47,7.84292e-07
2097.75,7.84448e-07
2098.477051,7.8454e-07
2099.02,7.846e-07
2100.0,7.84725e-07
2100.29,7.84825e-07
2101.56,7.85271e-07
2101.628662,7.85297e-07
2102.84,7.85739e-07
2104.11,7.86208e-07
2104.780273,7.86461e-07
2105.38,7.86675e-07
2106.65,7.87163e-07
2107.93,7.87676e-07
2107.931885,7.87676e-07
2109.2,7.88162e-07
2110.0,7.88491e-07
2110.47,7.88678e-07
2111.083496,7.88934e-07
2111.74,7.892e-07
2113.01,7.89726e-07
2114.235107,7.90265e-07
2114.29,7.90288e-07
2115.56,7.90851e-07
2116.83,7.91422e-07
2117.386719,7.91683e-07
2118.1,7.92007e-07
2119.38,7.92609e-07
2120.0,7.92914e-07
2120.53833,7.93171e-07
2120.65,7.93223e-07
2121.92,7.93848e-07
2123.19,7.94497e-07
2123.689941,7.9476e-07
2124.47,7.9516e-07
2125.74,7.95838e-07
2126.841553,7.96447e-07
2127.01,7.96538e-07
2128.28,7.97247e-07
2129.55,7.97967e-07
2129.993164,7.98235e-07
2130.0,7.98239e-07
2130.83,7.9873e-07
2132.1,7.99496e-07
2133.144775,8.00147e-07
2133.37,8.00284e-07
2134.64,8.01082e-07
2135.92,8.01921e-07
2136.296387,8.02173e-07
2137.19,8.02757e-07
2138.46,8.03614e-07
2139.447998,8.04311e-07
2139.73,8.04509e-07
2140.0,8.04704e-07
2141.01,8.05414e-07
2142.28,8.0634e-07
2142.599609,8.0658e-07
2143.55,8.07279e-07
2144.82,8.08242e-07
2145.751221,8.08983e-07
2146.1,8.09254e-07
2147.37,8.10249e-07
2148.64,8.11286e-07
2148.902832,8.11503e-07
2149.91,8.12328e-07
2150.0,8.12405e-07
2151.18,8.13392e-07
2152.054443,8.14147e-07
2152.46,8.14491e-07
2153.73,8.15594e-07
2155.0,8.16724e-07
2155.206055,8.16912e-07
2156.27,8.17863e-07
2157.55,8.19041e-07
2158.357666,8.19799e-07
2158.82,8.20228e-07
2160.0,8.21349e-07
2160.09,8.21433e-07
2161.36,8.22647e-07
2161.509277,8.22794e-07
2162.64,8.23892e-07
2163.91,8.25165e-07
2164.660889,8.25927e-07
2165.18,8.26443e-07
2166.45,8.27734e-07
2167.72,8.29056e-07
2167.8125,8.29155e-07
2169.0,8.30402e-07
2170.0,8.31474e-07
2170.27,8.31759e-07
2170.964111,8.32499e-07
2171.54,8.33107e-07
2172.81,8.34494e-07
2174.09,8.35926e-07
2174.115723,8.35955e-07
2175.36,8.3733e-07
2176.63,8.38766e-07
2177.267334,8.39502e-07
2177.9,8.4022e-07
2179.18,8.41704e-07
2180.0,8.42675e-07
2180.418945,8.43163e-07
2180.45,8.43199e-07
2181.72,8.44699e-07
2182.99,8.46216e-07
2183.570557,8.46931e-07
2184.26,8.47763e-07
2185.54,8.49325e-07
2186.722168,8.50783e-07
2186.81,8.50889e-07
2188.08,8.5247e-07
2189.35,8.54068e-07
2189.873779,8.5474e-07
2190.0,8.54902e-07
2190.63,8.55693e-07
2191.9,8.57322e-07
2193.025391,8.58781e-07
2193.17,8.58965e-07
2194.44,8.60612e-07
2195.72,8.62304e-07
2196.177002,8.62921e-07
2196.99,8.63998e-07
2198.26,8.65697e-07
2199.328613,8.67143e-07
2199.53,8.67414e-07
2200.0,8.68065e-07
2200.8,8.69113e-07
2202.08,8.70805e-07
2202.480225,8.71341e-07
2203.35,8.72489e-07
2204.62,8.74216e-07
2205.631836,8.75593e-07
2205.89,8.75939e-07
2207.17,8.77701e-07
2208.44,8.79471e-07
2208.783447,8.79954e-07
2209.71,8.81253e-07
2210.0,8.81667e-07
2210.98,8.83045e-07
2211.935059,8.84411e-07
2212.26,8.84872e-07
2213.53,8.86698e-07
2214.8,8.88542e-07
2215.08667,8.88966e-07
2216.07,8.90404e-07
2217.34,8.92295e-07
2218.238281,8.93643e-07
2218.62,8.94213e-07
2219.89,8.96135e-07
2220.0,8.96305e-07
2221.16,8.98063e-07
2221.389893,8.98418e-07
2222.43,9.00022e-07
2223.71,9.0201e-07
2224.541504,9.03327e-07
2224.98,9.04017e-07
2226.25,9.06031e-07
2227.52,9.08064e-07
2227.693115,9.08348e-07
2228.8,9.10153e-07
2230.0,9.12119e-07
2230.07,9.12232e-07
2230.844727,9.13502e-07
2231.34,9.14319e-07
2232.61,9.16447e-07
2233.89,9.18605e-07
2233.996338,9.18786e-07
2235.16,9.20759e-07
2236.43,9.2295e-07
2237.147949,9.24208e-07
2237.7,9.25172e-07
2238.97,9.2741e-07
2240.0,9.29247e-07
2240.25,9.29686e-07
2240.299561,9.29774e-07
2241.52,9.31964e-07
2242.79,9.34263e-07
2243.451172,9.35479e-07
2244.06,9.36594e-07
2245.34,9.38964e-07
2246.602783,9.41315e-07
2246.61,9.41329e-07
2247.88,9.43733e-07
2249.15,9.46158e-07
2249.754395,9.47317e-07
2250.0,9.47791e-07
2250.43,9.4861e-07
2251.7,9.51075e-07
2252.906006,9.53435e-07
2252.97,9.53559e-07
2254.24,9.56067e-07
2255.51,9.58613e-07
2256.057617,9.59707e-07
2256.79,9.61161e-07
2258.06,9.63746e-07
2259.209229,9.66089e-07
2259.33,9.66336e-07
2260.0,9.67735e-07
2260.6,9.6897e-07
2261.88,9.71597e-07
2262.36084,9.72602e-07
2263.15,9.74245e-07
2264.42,9.76926e-07
2265.512451,9.7925e-07
2265.69,9.79625e-07
2266.97,9.82349e-07
2268.24,9.85086e-07
2268.664062,9.86007e-07
2269.51,9.87842e-07
2270.0,9.88918e-07
2270.78,9.90611e-07
2271.815674,9.92889e-07
2272.05,9.93403e-07
2273.33,9.96214e-07
2274.6,9.99038e-07
2274.967285,9.99866e-07
2275.87,1.00188e-06
2277.14,1.00473e-06
2278.118896,1.00695e-06
2278.42,1.00763e-06
2279.69,1.01053e-06
2280.0,1.01125e-06
2280.96,1.01344e-06
2281.270508,1.01415e-06
2282.23,1.01635e-06
2283.51,1.01929e-06
2284.422119,1.02143e-06
2284.78,1.02225e-06
2286.05,1.02523e-06
2287.32,1.02822e-06
2287.57373,1.02883e-06
2288.59,1.03122e-06
2289.87,1.03425e-06
2290.0,1.03456e-06
2290.725342,1.03629e-06
2291.14,1.03727e-06
2292.41,1.04031e-06
2293.68,1.04337e-06
2293.876953,1.04385e-06
2294.96,1.04645e-06
2296.23,1.04953e-06
2297.028564,1.05148e-06
2297.5,1.05262e-06
2298.77,1.05572e-06
2300.0,1.05874e-06
2300.05,1.05886e-06
2300.180176,1.05916e-06
2301.32,1.06176e-06
2302.59,1.06469e-06
2303.331787,1.06642e-06
2303.86,1.06763e-06
2305.14,1.07058e-06
2306.41,1.07353e-06
2306.483398,1.07371e-06
2307.68,1.07649e-06
2308.95,1.07948e-06
2309.63501,1.08111e-06
2310.0,1.08197e-06
2310.22,1.08249e-06
2311.5,1.08548e-06
2312.77,1.08851e-06
2312.786621,1.08855e-06
2314.04,1.09152e-06
2315.31,1.09457e-06
2315.938232,1.09608e-06
2316.59,1.09763e-06
2317.86,1.10069e-06
2319.089844,1.10369e-06
2319.13,1.10379e-06
2320.0,1.10591e-06
2320.4,1.10688e-06
2321.68,1.11e-06
2322.241455,1.11138e-06
2322.95,1.11312e-06
2324.22,1.11627e-06
2325.393066,1.1192e-06
2325.49,1.11944e-06
2326.76,1.1226e-06
2328.04,1.12581e-06
2328.544678,1.12709e-06
2329.31,1.12904e-06
2330.0,1.1308e-06
2330.58,1.13226e-06
2331.696289,1.13511e-06
2331.85,1.1355e-06
2333.13,1.13877e-06
2334.4,1.14206e-06
2334.8479,1.14323e-06
2335.67,1.14536e-06
2336.94,1.14869e-06
2337.999512,1.15148e-06
2338.22,1.15206e-06
2339.49,1.15542e-06
2340.0,1.15679e-06
2340.76,1.1588e-06
2341.150879,1.15985e-06
2342.03,1.1622e-06
2343.3,1.16563e-06
2344.302734,1.16835e-06
2344.58,1.1691e-06
2345.85,1.17257e-06
2347.12,1.17607e-06
2347.454102,1.177e-06
2348.39,1.1796e-06
2349.67,1.18316e-06
2350.0,1.18409e-06
2350.605957,1.18578e-06
2350.94,1.18672e-06
2352.21,1.19032e-06
2353.48,1.19394e-06
2353.757324,1.19473e-06
2354.76,1.19758e-06
2356.03,1.20125e-06
2356.90918,1.20381e-06
2357.3,1.20495e-06
2358.57,1.20868e-06
2359.84,1.21243e-06
2360.0,1.2129e-06
2360.060547,1.21308e-06
2361.12,1.21621e-06
2362.39,1.22e-06
2363.212402,1.22248e-06
2363.66,1.22384e-06
2364.93,1.22768e-06
2366.21,1.23155e-06
2366.36377,1.23203e-06
2367.48,1.23547e-06
2368.75,1.2394e-06
2369.515625,1.24178e-06
2370.0,1.24329e-06
2370.02,1.24335e-06
2371.3,1.24732e-06
2372.57,1.25131e-06
2372.666992,1.25162e-06
2373.84,1.25535e-06
2375.11,1.25939e-06
2375.818848,1.26166e-06
2376.39,1.26348e-06
2377.66,1.26757e-06
2378.93,1.2717e-06
2378.970215,1.27183e-06
2380.0,1.2752e-06
2380.2,1.27585e-06
2381.47,1.28003e-06
2382.12207,1.28216e-06
2382.75,1.28422e-06
2384.02,1.28843e-06
2385.273438,1.29263e-06
2385.29,1.29268e-06
2386.56,1.29695e-06
2387.84,1.30125e-06
2388.425293,1.30324e-06
2389.11,1.30558e-06
2390.0,1.30862e-06
2390.38,1.30991e-06
2391.57666,1.31401e-06
2391.65,1.31426e-06
2392.93,1.31866e-06
2394.2,1.32307e-06
2394.728516,1.32492e-06
2395.47,1.32751e-06
2396.74,1.33196e-06
2397.879883,1.33598e-06
2398.01,1.33644e-06
2399.29,1.34096e-06
2400.0,1.34349e-06
2400.56,1.34566e-06
2401.031738,1.34749e-06
2401.83,1.35061e-06
2403.1,1.3556e-06
2404.183105,1.35984e-06
2404.38,1.36061e-06
2405.65,1.36565e-06
2406.92,1.37071e-06
2407.334961,1.37237e-06
2408.19,1.37579e-06
2409.47,1.38092e-06
2410.0,1.38306e-06
2410.486328,1.38503e-06
2410.74,1.38605e-06
2412.01,1.3912e-06
2413.28,1.3964e-06
2413.638184,1.39787e-06
2414.55,1.40161e-06
2415.83,1.40686e-06
2416.789551,1.41084e-06
2417.1,1.41212e-06
2418.37,1.41741e-06
2419.64,1.42271e-06
2419.941406,1.42397e-06
2420.0,1.42421e-06
2420.92,1.42805e-06
2422.19,1.43342e-06
2423.092773,1.43725e-06
2423.46,1.4388e-06
2424.73,1.44421e-06
2426.01,1.44964e-06
2426.244629,1.45065e-06
2427.28,1.4551e-06
2428.55,1.46059e-06
2429.395996,1.46425e-06
2429.82,1.46609e-06
2430.0,1.46687e-06
2431.09,1.47162e-06
2432.37,1.47718e-06
2432.547852,1.47796e-06
2433.64,1.48275e-06
2434.91,1.48835e-06
2435.699219,1.49185e-06
2436.18,1.49397e-06
2437.46,1.49962e-06
2438.73,1.50529e-06
2438.851074,1.50584e-06
2440.0,1.51099e-06
2441.27,1.51669e-06
2442.002441,1.51998e-06
2442.55,1.52244e-06
2443.82,1.5282e-06
2445.09,1.53398e-06
2445.154297,1.53427e-06
2446.36,1.53978e-06
2447.63,1.54559e-06
2448.305664,1.54869e-06
2448.91,1.55146e-06
2450.0,1.5565e-06
2450.18,1.55734e-06
2451.45,1.56321e-06
2451.45752,1.56325e-06
2452.72,1.56913e-06
2454.0,1.57508e-06
2454.608887,1.57793e-06
2455.27,1.58102e-06
2456.54,1.58701e-06
2457.760742,1.59277e-06
2457.81,1.593e-06
2459.09,1.59903e-06
2460.0,1.60337e-06
2460.36,1.60508e-06
2460.912109,1.60772e-06
2461.63,1.61113e-06
2462.9,1.61722e-06
2464.063965,1.62279e-06
2464.18,1.62334e-06
2465.45,1.62945e-06
2466.72,1.63562e-06
2467.215332,1.63803e-06
2467.99,1.64178e-06
2469.26,1.64798e-06
2470.0,1.65157e-06
2470.367188,1.65335e-06
2470.54,1.65419e-06
2471.81,1.66043e-06
2473.08,1.66668e-06
2473.518555,1.66885e-06
2474.35,1.67295e-06
2475.63,1.67925e-06
2476.670166,1.68443e-06
2476.9,1.68557e-06
2478.17,1.69191e-06
2479.44,1.69825e-06
2479.821777,1.70016e-06
2480.0,1.70105e-06
2480.72,1.70465e-06
2481.99,1.71103e-06
2482.973389,1.716e-06
2483.26,1.71745e-06
2484.53,1.72389e-06
2485.8,1.73034e-06
2486.125,1.73199e-06
2487.08,1.73683e-06
2488.35,1.74332e-06
2489.276611,1.74808e-06
2489.62,1.74983e-06
2490.0,1.75179e-06
2490.89,1.75638e-06
2492.17,1.76294e-06
2492.428223,1.76428e-06
2493.44,1.76951e-06
2494.71,1.77611e-06
2495.579834,1.78065e-06
2495.98,1.78273e-06
2497.26,1.78937e-06
2498.53,1.79601e-06
2498.731445,1.79708e-06
2499.8,1.80269e-06
2500.0,1.80375e-06
2501.07,1.80937e-06
2501.883057,1.81366e-06
2502.34,1.81606e-06
2503.62,1.8227e-06
2504.89,1.82949e-06
2505.034668,1.83026e-06
2506.16,1.83626e-06
2507.43,1.84302e-06
2508.186279,1.84702e-06
2508.71,1.84978e-06
2509.98,1.85653e-06
2510.0,1.85664e-06
2511.25,1.86346e-06
2511.337891,1.86393e-06
2512.52,1.87019e-06
2513.8,1.8771e-06
2514.489502,1.88085e-06
2515.07,1.884e-06
2516.34,1.89089e-06
2517.61,1.89778e-06
2517.641113,1.89794e-06
2518.88,1.90464e-06
2520.0,1.9108e-06
2520.16,1.91169e-06
2520.792725,1.9152e-06
2521.43,1.91873e-06
2522.7,1.92557e-06
2523.944336,1.93245e-06
2523.97,1.93259e-06
2525.25,1.93959e-06
2526.52,1.94659e-06
2527.095947,1.94985e-06
2527.79,1.95376e-06
2529.06,1.96074e-06
2530.0,1.96599e-06
2530.247559,1.96738e-06
2530.34,1.96789e-06
2531.61,1.97502e-06
2532.88,1.98216e-06
2533.39917,1.98507e-06
2534.15,1.98927e-06
2535.42,1.99637e-06
2536.550781,2.00265e-06
2536.7,2.00347e-06
2537.97,2.01073e-06
2539.24,2.01781e-06
2539.702393,2.02045e-06
2540.0,2.02214e-06
2540.51,2.02505e-06
2541.79,2.03228e-06
2542.854004,2.03833e-06
2543.06,2.0395e-06
2544.33,2.04688e-06
2545.6,2.05408e-06
2546.005615,2.05642e-06
2546.88,2.06144e-06
2548.15,2.0686e-06
2549.157227,2.07443e-06
2549.42,2.07595e-06
2550.0,2.07929e-06
2550.69,2.08326e-06
2551.96,2.09058e-06
2552.308838,2.09262e-06
2553.24,2.09805e-06
2554.51,2.10534e-06
2555.460449,2.11092e-06
2555.78,2.11279e-06
2557.05,2.12022e-06
2558.33,2.12765e-06
2558.612061,2.1293e-06
2559.6,2.13505e-06
2560.0,2.13738e-06
2560.87,2.14245e-06
2561.763672,2.14778e-06
2562.14,2.15002e-06
2563.42,2.15737e-06
2564.69,2.16491e-06
2564.915283,2.16625e-06
2565.96,2.17242e-06
2567.23,2.17992e-06
2568.066895,2.18483e-06
2568.51,2.18741e-06
2569.78,2.19487e-06
2570.0,2.1962e-06
2571.05,2.20252e-06
2571.218506,2.20353e-06
2572.32,2.21013e-06
2573.59,2.21755e-06
2574.370117,2.22218e-06
2574.87,2.22514e-06
2576.14,2.23289e-06
2577.41,2.24045e-06
2577.521729,2.24111e-06
2578.68,2.24797e-06
2579.96,2.25567e-06
2580.0,2.25591e-06
2580.67334,2.26e-06
2581.23,2.26336e-06
2582.5,2.27102e-06
2583.77,2.27867e-06
2583.824951,2.279e-06
2585.05,2.28629e-06
2586.32,2.2939e-06
2586.976562,2.29793e-06
2587.59,2.30167e-06
2588.86,2.30942e-06
2590.0,2.3162e-06
2590.128174,2.31697e-06
2590.13,2.31698e-06
2591.41,2.32486e-06
2592.68,2.33255e-06
2593.279785,2.33618e-06
2593.95,2.34022e-06
2595.22,2.34805e-06
2596.431396,2.35527e-06
2596.5,2.35568e-06
2597.77,2.36345e-06
2599.04,2.37122e-06
2599.583008,2.37454e-06
2600.0,2.37708e-06
2600.31,2.37893e-06
2601.59,2.38668e-06
2602.734619,2.39351e-06
2602.86,2.39425e-06
2604.13,2.40195e-06
2605.4,2.40965e-06
2605.88623,2.41259e-06
2606.67,2.41731e-06
2607.95,2.42493e-06
2609.037842,2.43147e-06
2609.22,2.43255e-06
2610.0,2.43732e-06
2610.49,2.44031e-06
2611.76,2.44787e-06
2612.189453,2.45047e-06
2613.04,2.45557e-06
2614.31,2.46326e-06
2615.341064,2.46949e-06
2615.58,2.47092e-06
2616.85,2.47872e-06
2618.13,2.48631e-06
2618.492676,2.48854e-06
2619.4,2.49406e-06
2620.0,2.4977e-06
2620.67,2.50177e-06
2621.644287,2.50755e-06
2621.94,2.50929e-06
2623.21,2.51712e-06
2624.49,2.52475e-06
2624.795898,2.52659e-06
2625.76,2.53234e-06
2627.03,2.54009e-06
2627.94751,2.54568e-06
2628.3,2.54781e-06
2629.58,2.55546e-06
2630.0,2.558e-06
2630.85,2.56313e-06
2631.099121,2.56463e-06
2632.12,2.57073e-06
2633.39,2.57849e-06
2634.250732,2.58357e-06
2634.67,2.58603e-06
2635.94,2.59371e-06
2637.21,2.60138e-06
2637.402344,2.60254e-06
2638.48,2.60899e-06
2639.76,2.61674e-06
2640.0,2.61817e-06
2640.553955,2.62148e-06
2641.03,2.62429e-06
2642.3,2.63197e-06
2643.57,2.63964e-06
2643.705566,2.64045e-06
2644.84,2.64724e-06
2646.12,2.6548e-06
2646.857178,2.65919e-06
2647.39,2.66234e-06
2648.66,2.67001e-06
2649.93,2.67748e-06
2650.0,2.6779e-06
2650.008789,2.67795e-06
2651.21,2.68504e-06
2652.48,2.6926e-06
2653.1604,2.69664e-06
2653.75,2.70011e-06
2655.02,2.70775e-06
2656.3,2.71519e-06
2656.312012,2.71526e-06
2657.57,2.72273e-06
2658.84,2.73025e-06
2659.463623,2.73394e-06
2660.0,2.73708e-06
2660.11,2.73773e-06
2661.38,2.74515e-06
2662.615234,2.75246e-06
2662.66,2.75272e-06
2663.93,2.76004e-06
2665.2,2.76752e-06
2665.766846,2.77085e-06
2666.47,2.77494e-06
2667.75,2.78229e-06
2668.918457,2.78906e-06
2669.02,2.78964e-06
2670.0,2.79538e-06
2670.29,2.79708e-06
2671.56,2.80432e-06
2672.070068,2.80727e-06
2672.84,2.81166e-06
2674.11,2.81896e-06
2675.22168,2.82534e-06
2675.38,2.82624e-06
2676.65,2.83343e-06
2677.92,2.84077e-06
2678.373291,2.8433e-06
2679.2,2.84784e-06
2680.0,2.85239e-06
2680.47,2.85506e-06
2681.524902,2.86105e-06
2681.74,2.86225e-06
2683.01,2.86935e-06
2684.29,2.87641e-06
2684.676514,2.87856e-06
2685.56,2.8834e-06
2686.83,2.89053e-06
2687.828125,2.89597e-06
2688.1,2.89743e-06
2689.38,2.9044e-06
2690.0,2.9078e-06
2690.65,2.91137e-06
2690.979736,2.91317e-06
2691.92,2.91825e-06
2693.19,2.92508e-06
2694.131348,2.93013e-06
2694.46,2.93187e-06
2695.74,2.93872e-06
2697.01,2.94539e-06
2697.282959,2.94686e-06
2698.28,2.95215e-06
2699.55,2.95887e-06
2700.0,2.96121e-06
2700.43457,2.96347e-06
2700.83,2.96549e-06
2702.1,2.97206e-06
2703.37,2.97859e-06
2703.586182,2.97973e-06
2704.64,2.98521e-06
2705.92,2.99159e-06
2706.737793,2.99582e-06
2707.19,2.99812e-06
2708.46,3.00458e-06
2709.73,3.01101e-06
2709.889404,3.01181e-06
2710.0,3.01237e-06
2711.0,3.01735e-06
2712.28,3.02363e-06
2713.041016,3.0274e-06
2713.55,3.02989e-06
2714.82,3.03624e-06
2716.09,3.0424e-06
2716.192627,3.04291e-06
2717.37,3.04862e-06
2718.64,3.05483e-06
2719.344238,3.05827e-06
2719.91,3.06099e-06
2720.0,3.06143e-06
2721.18,3.06709e-06
2722.46,3.07313e-06
2722.49585,3.0733e-06
2723.73,3.07913e-06
2725.0,3.08526e-06
2725.647461,3.08828e-06
2726.27,3.09117e-06
2727.54,3.09719e-06
2728.799072,3.10305e-06
2728.82,3.10315e-06
2730.0,3.10849e-06
2730.09,3.1089e-06
2731.36,3.11479e-06
2731.950684,3.11752e-06
2732.63,3.12063e-06
2733.91,3.12655e-06
2735.102295,3.13196e-06
2735.18,3.13231e-06
2736.45,3.13801e-06
2737.72,3.14384e-06
2738.253906,3.14617e-06
2739.0,3.14942e-06
2740.0,3.15394e-06
2740.27,3.15515e-06
2741.405518,3.16026e-06
2741.54,3.16086e-06
2742.81,3.16635e-06
2744.09,3.17209e-06
2744.557129,3.17415e-06
2745.36,3.17766e-06
2746.63,3.1832e-06
2747.70874,3.18788e-06
2747.9,3.1887e-06
2749.17,3.19416e-06
2750.0,3.19776e-06
2750.45,3.1997e-06
2750.860352,3.20145e-06
2751.72,3.20509e-06
2752.99,3.2106e-06
2754.011963,3.21501e-06
2754.26,3.21608e-06
2755.54,3.22132e-06
2756.81,3.22673e-06
2757.163574,3.22823e-06
2758.08,3.2321e-06
2759.35,3.23744e-06
2760.0,3.24012e-06
2760.315186,3.24142e-06
2760.63,3.24271e-06
2761.9,3.24815e-06
2763.17,3.25339e-06
2763.466797,3.25461e-06
2764.44,3.2586e-06
2765.71,3.26394e-06
2766.618408,3.26756e-06
2766.99,3.26905e-06
2768.26,3.27432e-06
2769.53,3.27956e-06
2769.77002,3.28052e-06
2770.0,3.28144e-06
2770.8,3.28462e-06
2772.08,3.28976e-06
2772.921631,3.29318e-06
2773.35,3.29492e-06
2774.62,3.30004e-06
2775.89,3.30513e-06
2776.073242,3.30585e-06
2777.17,3.31016e-06
2778.44,3.31519e-06
2779.224854,3.31839e-06
2779.71,3.32036e-06
2780.0,3.3215e-06
2780.98,3.32534e-06
2782.25,3.33029e-06
2782.376465,3.33078e-06
2783.53,3.33533e-06
2784.8,3.34023e-06
2785.528076,3.34311e-06
2786.07,3.34525e-06
2787.34,3.3501e-06
2788.62,3.35502e-06
2788.679688,3.35526e-06
2789.89,3.35998e-06
2790.0,3.36039e-06
2791.16,3.36474e-06
2791.831299,3.36733e-06
2792.43,3.36964e-06
2793.71,3.37447e-06
2794.98,3.37932e-06
2794.98291,3.37933e-06
2796.25,3.38415e-06
2797.52,3.38895e-06
2798.134521,3.39126e-06
2798.79,3.39374e-06
2800.0,3.39821e-06
2800.07,3.39849e-06
2801.286133,3.40344e-06
2801.34,3.40366e-06
2802.61,3.409e-06
2803.88,3.41415e-06
2804.437744,3.41636e-06
2805.16,3.41924e-06
2806.43,3.42436e-06
2807.589355,3.42914e-06
2807.7,3.4296e-06
2808.97,3.43467e-06
2810.0,3.43881e-06
2810.25,3.43982e-06
2810.740967,3.44176e-06
2811.52,3.44482e-06
2812.79,3.44995e-06
2813.892578,3.45424e-06
2814.06,3.45489e-06
2815.33,3.45993e-06
2816.61,3.46475e-06
2817.043945,3.46646e-06
2817.88,3.46971e-06
2819.15,3.47462e-06
2820.0,3.47779e-06
2820.195801,3.47852e-06
2820.42,3.47934e-06
2821.7,3.4841e-06
2822.97,3.48886e-06
2823.347168,3.49027e-06
2824.24,3.49354e-06
2825.51,3.49802e-06
2826.499023,3.50155e-06
2826.79,3.50256e-06
2828.06,3.50703e-06
2829.33,3.51147e-06
2829.650391,3.51259e-06
2830.0,3.51378e-06
2830.6,3.5158e-06
2831.88,3.52003e-06
2832.802246,3.52311e-06
2833.15,3.52423e-06
2834.42,3.52831e-06
2835.69,3.53235e-06
2835.953613,3.53316e-06
2836.96,3.53611e-06
2838.24,3.54004e-06
2839.105469,3.54253e-06
2839.51,3.54364e-06
2840.0,3.54503e-06
2840.78,3.54724e-06
2842.05,3.55081e-06
2842.256836,3.55137e-06
2843.33,3.55414e-06
2844.6,3.55745e-06
2845.408691,3.55954e-06
2845.87,3.56065e-06
2847.14,3.5637e-06
2848.42,3.56679e-06
2848.560059,3.56712e-06
2849.69,3.56956e-06
2850.0,3.57023e-06
2850.96,3.57227e-06
2851.711914,3.57385e-06
2852.23,3.57484e-06
2853.5,3.57724e-06
2854.78,3.57953e-06
2854.863281,3.57968e-06
2856.05,3.58161e-06
2857.32,3.58362e-06
2858.015137,3.58471e-06
2858.59,3.58547e-06
2859.87,3.58707e-06
2860.0,3.58724e-06
2861.14,3.58868e-06
2861.166504,3.58871e-06
2862.41,3.58996e-06
2863.68,3.59119e-06
2864.318359,3.59176e-06
2864.96,3.59216e-06
2866.23,3.59298e-06
2867.469727,3.59374e-06
2867.5,3.59375e-06
2868.77,3.59401e-06
2870.0,3.59435e-06
2870.04,3.59436e-06
2870.621582,3.59447e-06
2871.32,3.5944e-06
2872.59,3.5943e-06
2873.772949,3.59416e-06
2873.86,3.59412e-06
2875.13,3.59354e-06
2876.41,3.59284e-06
2876.924805,3.59251e-06
2877.68,3.59178e-06
2878.95,3.59066e-06
2880.0,3.58968e-06
2880.076172,3.58961e-06
2880.22,3.58942e-06
2881.5,3.58758e-06
2882.77,3.58589e-06
2883.228027,3.58527e-06
2884.04,3.58393e-06
2885.31,3.58165e-06
2886.379395,3.5798e-06
2886.58,3.5794e-06
2887.86,3.57675e-06
2889.13,3.57399e-06
2889.53125,3.57311e-06
2890.0,3.57198e-06
2890.4,3.57101e-06
2891.67,3.56802e-06
2892.682617,3.56543e-06
2892.95,3.5647e-06
2894.22,3.56139e-06
2895.49,3.55788e-06
2895.834473,3.55692e-06
2896.76,3.5542e-06
2898.04,3.55045e-06
2898.98584,3.54759e-06
2899.31,3.54658e-06
2900.0,3.54441e-06
2900.58,3.54231e-06
2901.85,3.53765e-06
2902.137695,3.53658e-06
2903.12,3.53289e-06
2904.4,3.52796e-06
2905.289062,3.52454e-06
2905.67,3.52307e-06
2906.94,3.51812e-06
2908.21,3.5131e-06
2908.440918,3.51217e-06
2909.49,3.50796e-06
2910.0,3.50593e-06
2910.76,3.50288e-06
2911.592285,3.49943e-06
2912.03,3.49764e-06
2913.3,3.49254e-06
2914.58,3.48726e-06
2914.744141,3.48659e-06
2915.85,3.48217e-06
2917.12,3.47692e-06
2917.895508,3.47375e-06
2918.39,3.47179e-06
2919.67,3.46662e-06
2920.0,3.46526e-06
2920.94,3.46136e-06
2921.047363,3.46092e-06
2922.21,3.4562e-06
2923.48,3.45111e-06
2924.19873,3.44814e-06
2924.75,3.44591e-06
2926.03,3.44075e-06
2927.3,3.4355e-06
2927.350586,3.43529e-06
2928.57,3.43032e-06
2929.84,3.42509e-06
2930.0,3.42443e-06
2930.501953,3.42236e-06
2931.12,3.41985e-06
2932.39,3.4146e-06
2933.653809,3.40931e-06
2933.66,3.40929e-06
2934.93,3.40399e-06
2936.21,3.39854e-06
2936.805176,3.39601e-06
2937.48,3.39316e-06
2938.75,3.38775e-06
2939.957031,3.38255e-06
2940.0,3.38236e-06
2940.02,3.38228e-06
2941.29,3.37678e-06
2942.57,3.37112e-06
2943.108398,3.36875e-06
2943.84,3.36552e-06
2945.11,3.35974e-06
2946.260254,3.35456e-06
2946.38,3.35402e-06
2947.66,3.34813e-06
2948.93,3.34217e-06
2949.411621,3.33993e-06
2950.0,3.33717e-06
2950.2,3.33623e-06
2951.47,3.33023e-06
2952.563477,3.32487e-06
2952.75,3.32394e-06
2954.02,3.31776e-06
2955.29,3.31141e-06
2955.714844,3.30927e-06
2956.56,3.30495e-06
2957.83,3.2985e-06
2958.866699,3.29307e-06
2959.11,3.29177e-06
2960.0,3.28702e-06
2960.38,3.28499e-06
2961.65,3.27826e-06
2962.018066,3.27626e-06
2962.92,3.27127e-06
2964.2,3.26407e-06
2965.169922,3.25861e-06
2965.47,3.25688e-06
2966.74,3.24952e-06
2968.01,3.24209e-06
2968.321289,3.24025e-06
2969.29,3.23436e-06
2970.0,3.23005e-06
2970.56,3.22663e-06
2971.473145,3.22103e-06
2971.83,3.21878e-06
2973.1,3.21072e-06
2974.37,3.2026e-06
2974.624512,3.20096e-06
2975.65,3.19412e-06
2976.92,3.18564e-06
2977.776367,3.17982e-06
2978.19,3.17692e-06
2979.46,3.16807e-06
2980.0,3.16426e-06
2980.74,3.15902e-06
2980.927734,3.15768e-06
2982.01,3.1497e-06
2983.28,3.14037e-06
2984.07959,3.1344e-06
2984.55,3.13076e-06
2985.83,3.12087e-06
2987.1,3.11094e-06
2987.230957,3.10992e-06
2988.37,3.10076e-06
2989.64,3.09037e-06
2990.0,3.08743e-06
2990.382812,3.0843e-06
2990.92,3.07977e-06
2992.19,3.06896e-06
2993.46,3.05808e-06
2993.53418,3.05744e-06
2994.73,3.04691e-06
2996.0,3.03564e-06
2996.686035,3.02956e-06
2997.28,3.02417e-06
2998.55,3.01257e-06
2999.82,3.00089e-06
2999.837402,3.00073e-06
3000.0,2.99921e-06
3001.09,2.98892e-06
3002.37,2.97673e-06
3002.989258,2.97083e-06
3003.64,2.96455e-06
3004.91,2.95215e-06
3006.140625,2.94015e-06
3006.18,2.93977e-06
3007.46,2.92709e-06
3008.73,2.91448e-06
3009.29248,2.90888e-06
3010.0,2.90179e-06
3011.27,2.88892e-06
3012.443848,2.87704e-06
3012.54,2.87606e-06
3013.82,2.86299e-06
3015.09,2.84992e-06
3015.595703,2.84472e-06
3016.36,2.83688e-06
3017.63,2.82371e-06
3018.74707,2.8121e-06
3018.91,2.81042e-06
3020.0,2.79908e-06
3020.18,2.7972e-06
3021.45,2.7839e-06
3021.898926,2.77922e-06
3022.72,2.77071e-06
3024.0,2.75727e-06
3025.050293,2.74622e-06
3025.27,2.74394e-06
3026.54,2.73068e-06
3027.81,2.71743e-06
3028.202148,2.71331e-06
3029.08,2.70419e-06
3030.0,2.69458e-06
3030.36,2.69081e-06
3031.353516,2.6804e-06
3031.63,2.67755e-06
3032.9,2.66441e-06
3034.17,2.6512e-06
3034.505371,2.64769e-06
3035.45,2.63795e-06
3036.72,2.62484e-06
3037.656738,2.61507e-06
3037.99,2.61164e-06
3039.26,2.59862e-06
3040.0,2.59098e-06
3040.54,2.58539e-06
3040.808594,2.58261e-06
3041.81,2.5724e-06
3043.08,2.55932e-06
3043.959961,2.55027e-06
3044.35,2.54631e-06
3045.62,2.53337e-06
3046.9,2.52016e-06
3047.111816,2.51799e-06
3048.17,2.50726e-06
3049.44,2.49426e-06
3050.0,2.48853e-06
3050.263184,2.48584e-06
3050.71,2.48132e-06
3051.99,2.46824e-06
3053.26,2.45524e-06
3053.415039,2.45365e-06
3054.53,2.44239e-06
3055.8,2.42944e-06
3056.566406,2.42157e-06
3057.08,2.41635e-06
3058.35,2.40344e-06
3059.62,2.39054e-06
3059.718262,2.38953e-06
3060.0,2.38668e-06
3060.89,2.37765e-06
3062.17,2.36458e-06
3062.869629,2.35743e-06
3063.44,2.35165e-06
3064.71,2.33875e-06
3065.98,2.32578e-06
3066.021484,2.32535e-06
3067.25,2.31289e-06
3068.53,2.29981e-06
3069.172852,2.2932e-06
3069.8,2.2868e-06
3070.0,2.28477e-06
3071.07,2.27387e-06
3072.324707,2.26103e-06
3072.34,2.26088e-06
3073.62,2.24782e-06
3074.89,2.23477e-06
3075.476074,2.22875e-06
3076.16,2.22178e-06
3077.43,2.20879e-06
3078.62793,2.19639e-06
3078.71,2.19555e-06
3079.98,2.18254e-06
3080.0,2.18234e-06
3081.25,2.16942e-06
3081.779297,2.16396e-06
3082.52,2.15635e-06
3083.79,2.14321e-06
3084.930908,2.13133e-06
3085.07,2.12988e-06
3086.34,2.11677e-06
3087.61,2.10354e-06
3088.08252,2.0986e-06
3088.88,2.0903e-06
3090.0,2.07858e-06
3090.16,2.0769e-06
3091.234131,2.06568e-06
3091.43,2.06364e-06
3092.7,2.05032e-06
3093.97,2.03695e-06
3094.385742,2.03255e-06
3095.25,2.02343e-06
3096.52,2.01e-06
3097.537354,1.99921e-06
3097.79,1.99653e-06
3099.06,1.98304e-06
3100.0,1.97302e-06
3100.33,1.96949e-06
3100.688965,1.96565e-06
3101.61,1.95579e-06
3102.88,1.94219e-06
3103.840576,1.93185e-06
3104.15,1.92853e-06
3105.42,1.91486e-06
3106.7,1.901e-06
3106.992188,1.89782e-06
3107.97,1.8872e-06
3109.24,1.87341e-06
3110.0,1.86513e-06
3110.143799,1.86356e-06
3110.51,1.85957e-06
3111.79,1.84559e-06
3113.06,1.83163e-06
3113.29541,1.82904e-06
3114.33,1.8177e-06
3115.6,1.80372e-06
3116.447021,1.79434e-06
3116.87,1.78966e-06
3118.15,1.77548e-06
3119.42,1.76138e-06
3119.598633,1.75939e-06
3120.0,1.75492e-06
3120.69,1.74723e-06
3121.96,1.73306e-06
3122.750244,1.72421e-06
3123.24,1.71873e-06
3124.51,1.70446e-06
3125.78,1.69017e-06
3125.901855,1.6888e-06
3127.05,1.67583e-06
3128.33,1.66135e-06
3129.053467,1.65313e-06
3129.6,1.64692e-06
3130.0,1.64239e-06
3130.87,1.63251e-06
3132.14,1.61799e-06
3132.205078,1.61725e-06
3133.41,1.60351e-06
3134.69,1.5888e-06
3135.356689,1.58114e-06
3135.96,1.57422e-06
3137.23,1.55958e-06
3138.5,1.54492e-06
3138.508301,1.54482e-06
3139.78,1.53007e-06
3140.0,1.52753e-06
3141.05,1.51535e-06
3141.659912,1.50824e-06
3142.32,1.50055e-06
3143.59,1.48571e-06
3144.811523,1.47142e-06
3144.87,1.47073e-06
3146.14,1.45583e-06
3147.41,1.44091e-06
3147.963135,1.43438e-06
3148.68,1.42593e-06
3149.95,1.41073e-06
3150.0,1.41006e-06
3150.95,1.39743e-06
3151.114746,1.3952e-06
3154.266357,1.35271e-06
3157.417969,1.3103e-06
3160.0,1.27562e-06
3160.56958,1.26796e-06
3163.721191,1.22571e-06
3166.872803,1.18352e-06
3170.0,1.14174e-06
3170.024414,1.14142e-06
3173.176025,1.09938e-06
