Wavelength,Transmission
1150.0,5.80057e-08
1150.552246,6.243e-08
1151.723877,7.28955e-08
1152.895508,8.39607e-08
1154.067017,9.47251e-08
1155.238647,1.04325e-07
1156.410278,1.12581e-07
1157.581787,1.19868e-07
1158.753418,1.26584e-07
1159.925049,1.3313e-07
1160.0,1.33571e-07
1160.22,1.34825e-07
1161.09668,1.4151e-07
1161.3,1.43112e-07
1162.268188,1.50904e-07
1162.37,1.51737e-07
1163.439819,1.60692e-07
1163.45,1.60778e-07
1164.52,1.69919e-07
1164.61145,1.70717e-07
1165.6,1.79251e-07
1165.782959,1.80864e-07
1166.67,1.8856e-07
1166.95459,1.91076e-07
1167.75,1.98013e-07
1168.126221,2.01357e-07
1168.82,2.07448e-07
1169.297729,2.11717e-07
1169.9,2.1715e-07
1170.0,2.18062e-07
1170.46936,2.22169e-07
1170.97,2.26637e-07
1171.640991,2.32723e-07
1172.05,2.36408e-07
1172.812622,2.43393e-07
1173.12,2.46194e-07
1173.984131,2.54193e-07
1174.19,2.56092e-07
1175.155762,2.65133e-07
1175.27,2.66201e-07
1176.327393,2.76232e-07
1176.34,2.76352e-07
1177.42,2.86723e-07
1177.498901,2.87491e-07
1178.49,2.97139e-07
1178.670532,2.98925e-07
1179.57,3.07839e-07
1179.842163,3.10567e-07
1180.0,3.12242e-07
1180.64,3.18627e-07
1181.013672,3.224e-07
1181.72,3.29635e-07
1182.185303,3.34466e-07
1182.79,3.40779e-07
1183.356934,3.46771e-07
1183.87,3.52231e-07
1184.528564,3.59334e-07
1184.94,3.63805e-07
1185.700073,3.72167e-07
1186.02,3.75711e-07
1186.871704,3.85269e-07
1187.09,3.87728e-07
1188.043335,3.9859e-07
1188.17,4.00033e-07
1189.214844,4.12086e-07
1189.24,4.12386e-07
1190.0,4.21528e-07
1190.32,4.24979e-07
1190.386475,4.25699e-07
1191.39,4.37403e-07
1191.558105,4.39383e-07
1192.47,4.50012e-07
1192.729614,4.53072e-07
1193.54,4.62481e-07
1193.901245,4.66712e-07
1194.61,4.74861e-07
1195.072876,4.80249e-07
1195.69,4.87321e-07
1196.244507,4.93722e-07
1196.76,4.99613e-07
1197.416016,5.07199e-07
1197.84,5.12083e-07
1198.587646,5.20754e-07
1198.91,5.24501e-07
1199.759277,5.34472e-07
1199.99,5.37248e-07
1200.0,5.37369e-07
1200.930786,5.46753e-07
1201.06,5.4808e-07
1202.102417,5.58851e-07
1202.14,5.59247e-07
1203.21,5.70611e-07
1203.274048,5.71295e-07
1204.29,5.82409e-07
1204.445557,5.84123e-07
1205.36,5.94428e-07
1205.617188,5.97344e-07
1206.44,6.06868e-07
1206.788818,6.10935e-07
1207.51,6.19507e-07
1207.960449,6.24894e-07
1208.59,6.32557e-07
1209.131958,6.39204e-07
1209.66,6.45774e-07
1210.0,6.50024e-07
1210.303589,6.53856e-07
1210.74,6.5941e-07
1211.47522,6.68839e-07
1211.81,6.7319e-07
1212.646729,6.84134e-07
1212.89,6.87355e-07
1213.818359,6.99738e-07
1213.96,7.01649e-07
1214.98999,7.15612e-07
1215.03,7.1616e-07
1216.11,7.31056e-07
1216.161499,7.31772e-07
1217.18,7.46042e-07
1217.33313,7.482e-07
1218.26,7.61364e-07
1218.504761,7.64866e-07
1219.33,7.76746e-07
1219.676392,7.81763e-07
1220.0,7.86502e-07
1220.41,7.92464e-07
1220.8479,7.98865e-07
1221.48,8.08172e-07
1222.019531,8.16163e-07
1222.56,8.24192e-07
1223.191162,8.33635e-07
1223.63,8.40213e-07
1224.362671,8.5126e-07
1224.71,8.56501e-07
1225.534302,8.69027e-07
1225.78,8.72759e-07
1226.705933,8.86905e-07
1226.86,8.89256e-07
1227.877441,9.04887e-07
1227.93,9.05692e-07
1229.01,9.22332e-07
1229.049072,9.22938e-07
1230.0,9.37714e-07
1230.08,9.38924e-07
1230.220703,9.41054e-07
1231.16,9.55581e-07
1231.392334,9.5919e-07
1232.23,9.72134e-07
1232.563843,9.7733e-07
1233.3,9.88712e-07
1233.735474,9.95477e-07
1234.38,1.00541e-06
1234.907104,1.01359e-06
1235.45,1.02193e-06
1236.078613,1.03164e-06
1236.53,1.03854e-06
1237.250244,1.04962e-06
1237.6,1.05493e-06
1238.421875,1.06748e-06
1238.68,1.07137e-06
1239.593384,1.08522e-06
1239.75,1.08762e-06
1240.0,1.09146e-06
1240.765015,1.10279e-06
1240.83,1.10375e-06
1241.9,1.11964e-06
1241.936646,1.12018e-06
1242.98,1.13547e-06
1243.108154,1.13736e-06
1244.05,1.15097e-06
1244.279785,1.15431e-06
1245.13,1.16639e-06
1245.451416,1.17098e-06
1246.2,1.18144e-06
1246.623047,1.18737e-06
1247.28,1.19638e-06
1247.794556,1.20346e-06
1248.35,1.21095e-06
1248.966187,1.21927e-06
1249.43,1.22543e-06
1250.0,1.23301e-06
1250.137817,1.23471e-06
1250.5,1.23926e-06
1251.309326,1.24947e-06
1251.58,1.25281e-06
1252.480957,1.26391e-06
1252.65,1.26595e-06
1253.652588,1.27808e-06
1253.72,1.27887e-06
1254.8,1.29165e-06
1254.824219,1.29194e-06
1255.87,1.30406e-06
1255.995728,1.30552e-06
1256.95,1.31633e-06
1257.167358,1.3188e-06
1258.02,1.32827e-06
1258.338989,1.33181e-06
1259.1,1.34006e-06
1259.510498,1.34453e-06
1260.0,1.34987e-06
1260.17,1.35164e-06
1260.682129,1.35697e-06
1261.25,1.36286e-06
1261.85376,1.36914e-06
1262.32,1.37387e-06
1263.025269,1.38104e-06
1263.4,1.38475e-06
1264.196899,1.39267e-06
1264.47,1.39532e-06
1265.36853,1.40404e-06
1265.55,1.40575e-06
1266.540039,1.41512e-06
1266.62,1.41586e-06
1267.7,1.4259e-06
1267.71167,1.426e-06
1268.77,1.43556e-06
1268.883301,1.43659e-06
1269.85,1.44515e-06
1270.0,1.44649e-06
1270.054932,1.44695e-06
1270.92,1.45444e-06
1271.22644,1.45709e-06
1272.0,1.46362e-06
1272.398071,1.46698e-06
1273.07,1.47253e-06
1273.569702,1.47666e-06
1274.14,1.48127e-06
1274.741211,1.48612e-06
1275.22,1.48989e-06
1275.912842,1.49536e-06
1276.29,1.49827e-06
1277.084473,1.50439e-06
1277.37,1.50654e-06
1278.256104,1.51322e-06
1278.44,1.51458e-06
1279.427612,1.52185e-06
1279.52,1.52253e-06
1280.0,1.52606e-06
1280.59,1.53024e-06
1280.599243,1.53031e-06
1281.67,1.53786e-06
1281.770874,1.53857e-06
1282.74,1.54524e-06
1282.942383,1.54664e-06
1283.82,1.55261e-06
1284.114014,1.55459e-06
1284.89,1.55972e-06
1285.285645,1.56235e-06
1285.97,1.56682e-06
1286.457153,1.56997e-06
1287.04,1.57368e-06
1287.628784,1.57743e-06
1288.12,1.58051e-06
1288.800415,1.58477e-06
1289.19,1.58718e-06
1289.971924,1.59198e-06
1290.0,1.59215e-06
1290.27,1.59378e-06
1291.143555,1.59905e-06
1291.34,1.60022e-06
1292.315186,1.60598e-06
1292.42,1.60659e-06
1293.486816,1.61279e-06
1293.49,1.61281e-06
1294.56,1.61889e-06
1294.658325,1.61945e-06
1295.64,1.62491e-06
1295.829956,1.62596e-06
1296.71,1.63076e-06
1297.001587,1.63234e-06
1297.79,1.63653e-06
1298.173096,1.63857e-06
1298.86,1.64215e-06
1299.344727,1.64466e-06
1299.94,1.6477e-06
1300.0,1.64801e-06
1300.516357,1.65037e-06
1301.01,1.65259e-06
1301.687988,1.65567e-06
1302.09,1.65745e-06
1302.859497,1.66081e-06
1303.16,1.66208e-06
1304.031128,1.66579e-06
1304.24,1.66665e-06
1305.202759,1.67064e-06
1305.31,1.67107e-06
1306.374268,1.67532e-06
1306.39,1.67538e-06
1307.46,1.67952e-06
1307.545898,1.67985e-06
1308.54,1.68357e-06
1308.717529,1.68423e-06
1309.61,1.68745e-06
1309.889038,1.68845e-06
1310.0,1.68883e-06
1310.69,1.69123e-06
1311.060669,1.69251e-06
1311.76,1.69485e-06
1312.2323,1.69642e-06
1312.84,1.69837e-06
1313.403809,1.70017e-06
1313.91,1.70173e-06
1314.575439,1.70377e-06
1314.98,1.70496e-06
1315.74707,1.7072e-06
1316.06,1.70807e-06
1316.918701,1.71045e-06
1317.13,1.71101e-06
1318.09021,1.71357e-06
1318.21,1.71388e-06
1319.261841,1.7165e-06
1319.28,1.71655e-06
1320.0,1.71825e-06
1320.36,1.71911e-06
1320.433472,1.71929e-06
1321.43,1.72153e-06
1321.60498,1.72192e-06
1322.51,1.72382e-06
1322.776611,1.72438e-06
1323.58,1.72597e-06
1323.948242,1.72669e-06
1324.66,1.72799e-06
1325.119873,1.72883e-06
1325.73,1.72987e-06
1326.291382,1.7308e-06
1326.81,1.73161e-06
1327.463013,1.73262e-06
1327.88,1.73321e-06
1328.634644,1.73426e-06
1328.96,1.73468e-06
1329.806152,1.73575e-06
1330.0,1.73597e-06
1330.03,1.736e-06
1330.54,1.73658e-06
1330.977783,1.73707e-06
1331.81,1.73789e-06
1332.149414,1.73822e-06
1333.08,1.739e-06
1333.320923,1.73919e-06
1334.36,1.73987e-06
1334.492554,1.73996e-06
1335.63,1.74062e-06
1335.664185,1.74064e-06
1336.835693,1.74117e-06
1336.9,1.74119e-06
1338.007324,1.74154e-06
1338.17,1.74158e-06
1339.178955,1.74176e-06
1339.44,1.74178e-06
1340.0,1.74178e-06
1340.350586,1.74178e-06
1340.72,1.74174e-06
1341.522095,1.74169e-06
1341.99,1.74162e-06
1342.693726,1.74148e-06
1343.26,1.74131e-06
1343.865356,1.74112e-06
1344.53,1.74086e-06
1345.036865,1.7406e-06
1345.81,1.74016e-06
1346.208496,1.73994e-06
1347.08,1.73939e-06
1347.380127,1.73919e-06
1348.35,1.73849e-06
1348.551758,1.73833e-06
1349.62,1.7374e-06
1349.723267,1.73731e-06
1350.0,1.73704e-06
1350.894897,1.73535e-06
1350.9,1.73534e-06
1352.066406,1.73306e-06
1352.17,1.73285e-06
1353.238037,1.73067e-06
1353.44,1.73025e-06
1354.409668,1.72817e-06
1354.71,1.72751e-06
1355.581299,1.72552e-06
1355.99,1.72457e-06
1356.752808,1.7228e-06
1357.26,1.72161e-06
1357.924438,1.72e-06
1358.53,1.71851e-06
1359.096069,1.7171e-06
1359.8,1.71532e-06
1360.0,1.7148e-06
1360.267578,1.71411e-06
1361.07,1.712e-06
1361.439209,1.71101e-06
1362.35,1.70853e-06
1362.61084,1.70782e-06
1363.62,1.70505e-06
1363.782471,1.70459e-06
1364.89,1.70145e-06
1364.953979,1.70127e-06
1366.12561,1.69791e-06
1366.16,1.69781e-06
1367.297241,1.6944e-06
1367.44,1.69397e-06
1368.46875,1.69089e-06
1368.71,1.69016e-06
1369.640381,1.68733e-06
1369.98,1.68629e-06
1370.0,1.68623e-06
1370.812012,1.6837e-06
1371.25,1.68234e-06
1371.983643,1.68001e-06
1372.53,1.67828e-06
1373.155151,1.6763e-06
1373.8,1.67426e-06
1374.326782,1.67257e-06
1375.07,1.67018e-06
1375.498291,1.66879e-06
1376.34,1.66606e-06
1376.669922,1.66497e-06
1377.61,1.66189e-06
1377.841553,1.66111e-06
1378.89,1.6576e-06
1379.013184,1.65719e-06
1380.0,1.65389e-06
1380.16,1.65335e-06
1380.184692,1.65326e-06
1381.356323,1.64928e-06
1381.43,1.64903e-06
1382.527954,1.64527e-06
1382.7,1.64469e-06
1383.699463,1.64118e-06
1383.98,1.64019e-06
1384.871094,1.63708e-06
1385.25,1.63575e-06
1386.042725,1.63294e-06
1386.52,1.63124e-06
1387.214355,1.62875e-06
1387.79,1.62668e-06
1388.385864,1.6245e-06
1389.07,1.62198e-06
1389.557495,1.62019e-06
1390.0,1.61857e-06
1390.34,1.61732e-06
1390.729126,1.61587e-06
1391.61,1.6126e-06
1391.900635,1.61151e-06
1392.88,1.60782e-06
1393.072266,1.60709e-06
1394.15,1.60299e-06
1394.243896,1.60263e-06
1395.415405,1.59807e-06
1395.43,1.59802e-06
1396.587036,1.59351e-06
1396.7,1.59307e-06
1397.758667,1.58889e-06
1397.97,1.58806e-06
1398.930176,1.58423e-06
1399.24,1.58299e-06
1400.0,1.5799e-06
1400.101807,1.57953e-06
1400.52,1.57803e-06
1401.273438,1.57531e-06
1401.79,1.57344e-06
1402.445068,1.57105e-06
1403.06,1.5688e-06
1403.616577,1.56675e-06
1404.33,1.5641e-06
1404.788208,1.56237e-06
1405.61,1.55925e-06
1405.959839,1.55792e-06
1406.88,1.5544e-06
1407.131348,1.55343e-06
1408.15,1.54949e-06
1408.302979,1.54889e-06
1409.42,1.54449e-06
1409.474609,1.54428e-06
1410.0,1.5422e-06
1410.64624,1.53961e-06
1410.69,1.53943e-06
1411.817749,1.53483e-06
1411.97,1.53421e-06
1412.98938,1.53002e-06
1413.24,1.52899e-06
1414.160889,1.52515e-06
1414.51,1.52369e-06
1415.33252,1.52023e-06
1415.78,1.51833e-06
1416.50415,1.51521e-06
1417.06,1.51279e-06
1417.675781,1.51013e-06
1418.33,1.50728e-06
1418.847412,1.50501e-06
1419.6,1.50168e-06
1420.0,1.4999e-06
1420.018921,1.49982e-06
1420.87,1.49602e-06
1421.190552,1.49458e-06
1422.15,1.49022e-06
1422.362061,1.48926e-06
1423.42,1.48442e-06
1423.533691,1.4839e-06
1424.69,1.4786e-06
1424.705322,1.47853e-06
1425.876953,1.4731e-06
1425.96,1.47271e-06
1427.048462,1.46762e-06
1427.23,1.46677e-06
1428.220093,1.46208e-06
1428.51,1.4607e-06
1429.391724,1.45653e-06
1429.78,1.4547e-06
1430.0,1.45366e-06
1430.563232,1.45096e-06
1431.05,1.44864e-06
1431.734863,1.44536e-06
1432.32,1.44256e-06
1432.906494,1.43972e-06
1433.6,1.43636e-06
1434.078125,1.43405e-06
1434.87,1.43022e-06
1435.249634,1.42837e-06
1436.14,1.42405e-06
1436.421265,1.42268e-06
1437.41,1.41788e-06
1437.592773,1.41699e-06
1438.69,1.41162e-06
1438.764404,1.41125e-06
1439.936035,1.40554e-06
1439.96,1.40542e-06
1440.0,1.40523e-06
1441.107666,1.39982e-06
1441.23,1.39922e-06
1442.279297,1.3941e-06
1442.5,1.39303e-06
1443.450806,1.38835e-06
1443.78,1.38674e-06
1444.622437,1.38263e-06
1445.05,1.38056e-06
1445.793945,1.37693e-06
1446.32,1.37437e-06
1446.965576,1.37124e-06
1447.59,1.36822e-06
1448.137207,1.36556e-06
1448.86,1.36208e-06
1449.308838,1.35989e-06
1450.0,1.35657e-06
1450.14,1.35589e-06
1450.480347,1.35425e-06
1451.41,1.34983e-06
1451.651978,1.34867e-06
1452.68,1.34379e-06
1452.823608,1.34311e-06
1453.95,1.33781e-06
1453.995117,1.33759e-06
1455.166748,1.33207e-06
1455.23,1.33178e-06
1456.338379,1.32661e-06
1456.5,1.32586e-06
1457.51001,1.32118e-06
1457.77,1.31999e-06
1458.681519,1.3158e-06
1459.04,1.31417e-06
1459.853149,1.31043e-06
1460.0,1.30977e-06
1460.32,1.30831e-06
1461.024658,1.30511e-06
1461.59,1.30256e-06
1462.196289,1.29982e-06
1462.86,1.29684e-06
1463.36792,1.29456e-06
1464.13,1.29115e-06
1464.539551,1.28931e-06
1465.4,1.28548e-06
1465.711182,1.28408e-06
1466.68,1.27975e-06
1466.88269,1.27885e-06
1467.95,1.2741e-06
1468.054321,1.27364e-06
1469.22,1.26846e-06
1469.22583,1.26844e-06
1470.0,1.26502e-06
1470.397461,1.26323e-06
1470.49,1.26282e-06
1471.569092,1.258e-06
1471.77,1.2571e-06
1472.740723,1.25277e-06
1473.04,1.25144e-06
1473.912231,1.24754e-06
1474.31,1.24576e-06
1475.083862,1.24229e-06
1475.58,1.24007e-06
1476.255493,1.23701e-06
1476.86,1.23427e-06
1477.427002,1.2317e-06
1478.13,1.2285e-06
1478.598633,1.22637e-06
1479.4,1.22271e-06
1479.770264,1.22101e-06
1480.0,1.21996e-06
1480.67,1.21686e-06
1480.941895,1.2156e-06
1481.94,1.21097e-06
1482.113403,1.21016e-06
1483.22,1.20495e-06
1483.285034,1.20464e-06
1484.456543,1.1991e-06
1484.49,1.19894e-06
1485.628174,1.1935e-06
1485.76,1.19287e-06
1486.799805,1.18783e-06
1487.03,1.18671e-06
1487.971436,1.18209e-06
1488.31,1.18041e-06
1489.142944,1.17629e-06
1489.58,1.17412e-06
1490.0,1.17202e-06
1490.314575,1.17042e-06
1490.85,1.1677e-06
1491.486206,1.16447e-06
1492.12,1.16122e-06
1492.657715,1.15844e-06
1493.4,1.15456e-06
1493.829346,1.15232e-06
1494.67,1.14787e-06
1495.000977,1.14612e-06
1495.94,1.14108e-06
1496.172607,1.13983e-06
1497.21,1.13417e-06
1497.344116,1.13344e-06
1498.48,1.12715e-06
1498.515747,1.12695e-06
1499.687378,1.12035e-06
1499.76,1.11994e-06
1500.0,1.11859e-06
1500.858887,1.11454e-06
1501.03,1.11373e-06
1502.030518,1.10894e-06
1502.3,1.10762e-06
1503.202148,1.10322e-06
1503.57,1.1014e-06
1504.373779,1.09739e-06
1504.85,1.09499e-06
1505.545288,1.09147e-06
1506.12,1.08854e-06
1506.716919,1.08548e-06
1507.39,1.08199e-06
1507.888428,1.0794e-06
1508.66,1.07535e-06
1509.060059,1.07324e-06
1509.94,1.06858e-06
1510.0,1.06826e-06
1510.231689,1.06702e-06
1511.21,1.0618e-06
1511.40332,1.06076e-06
1512.48,1.05496e-06
1512.574829,1.05445e-06
1513.74646,1.04811e-06
1513.75,1.04809e-06
1514.918091,1.04172e-06
1515.02,1.04117e-06
1516.0896,1.03531e-06
1516.3,1.03416e-06
1517.26123,1.02889e-06
1517.57,1.02719e-06
1518.432861,1.02247e-06
1518.84,1.02024e-06
1519.604492,1.01606e-06
1520.0,1.01391e-06
1520.11,1.0133e-06
1520.776001,1.00964e-06
1521.39,1.00628e-06
1521.947632,1.00324e-06
1522.66,9.99376e-07
1523.119263,9.96881e-07
1523.93,9.92508e-07
1524.290771,9.90556e-07
1525.2,9.85671e-07
1525.462402,9.84259e-07
1526.48,9.78818e-07
1526.634033,9.77992e-07
1527.75,9.72051e-07
1527.805664,9.71755e-07
1528.977173,9.65559e-07
1529.02,9.65334e-07
1530.0,9.60171e-07
1530.148804,9.59383e-07
1530.29,9.58643e-07
1531.320312,9.53223e-07
1531.57,9.51917e-07
1532.491943,9.47098e-07
1532.84,9.45288e-07
1533.663574,9.40993e-07
1534.11,9.38676e-07
1534.835205,9.34908e-07
1535.38,9.3209e-07
1536.006714,9.28844e-07
1536.65,9.25526e-07
1537.178345,9.22788e-07
1537.93,9.18906e-07
1538.349976,9.16739e-07
1539.2,9.12367e-07
1539.521484,9.10712e-07
1540.0,9.08258e-07
1540.47,9.05841e-07
1540.693115,9.04694e-07
1541.74,8.99323e-07
1541.864746,8.98681e-07
1543.02,8.92746e-07
1543.036377,8.92662e-07
1544.207886,8.86649e-07
1544.29,8.86228e-07
1545.379517,8.80635e-07
1545.56,8.79709e-07
1546.551147,8.74619e-07
1546.83,8.73187e-07
1547.722656,8.68583e-07
1548.11,8.66584e-07
1548.894287,8.62547e-07
1549.38,8.60045e-07
1550.0,8.56844e-07
1550.065918,8.56477e-07
1550.65,8.53219e-07
1551.237549,8.4994e-07
1551.92,8.46129e-07
1552.409058,8.43397e-07
1553.19,8.3903e-07
1553.580688,8.36838e-07
1554.47,8.31842e-07
1554.752197,8.30259e-07
1555.74,8.24707e-07
1555.923828,8.23674e-07
1557.01,8.17555e-07
1557.095459,8.17073e-07
1558.26709,8.10456e-07
1558.28,8.10382e-07
1559.438599,8.03801e-07
1559.56,8.03108e-07
1560.0,8.00591e-07
1560.610229,7.97113e-07
1560.83,7.95854e-07
1561.78186,7.90459e-07
1562.1,7.88649e-07
1562.953369,7.8374e-07
1563.37,7.81335e-07
1564.125,7.76967e-07
1564.65,7.73917e-07
1565.296631,7.70165e-07
1565.92,7.66532e-07
1566.468262,7.63336e-07
1567.19,7.59112e-07
1567.639771,7.56479e-07
1568.46,7.51664e-07
1568.811401,7.496e-07
1569.73,7.44194e-07
1569.98291,7.42703e-07
1570.0,7.42601e-07
1571.01,7.36641e-07
1571.154541,7.35788e-07
1572.28,7.29151e-07
1572.326172,7.28879e-07
1573.497803,7.21971e-07
1573.55,7.21664e-07
1574.669434,7.15071e-07
1574.82,7.14187e-07
1575.840942,7.08124e-07
1576.1,7.06591e-07
1577.012573,7.01245e-07
1577.37,6.9916e-07
1578.184082,6.94366e-07
1578.64,6.91696e-07
1579.355713,6.8754e-07
1579.91,6.8433e-07
1580.0,6.83808e-07
1580.527344,6.80772e-07
1581.19,6.7697e-07
1581.698975,6.74025e-07
1582.46,6.69658e-07
1582.870483,6.67302e-07
1583.73,6.62415e-07
1584.042114,6.6064e-07
1585.0,6.55248e-07
1585.213745,6.54045e-07
1586.27,6.48166e-07
1586.385254,6.47529e-07
1587.55,6.41172e-07
1587.556885,6.41134e-07
1588.728516,6.3477e-07
1588.82,6.3428e-07
1589.900146,6.28438e-07
1590.0,6.27901e-07
1590.09,6.27421e-07
1591.071655,6.22235e-07
1591.36,6.20732e-07
1592.243286,6.16122e-07
1592.64,6.14082e-07
1593.414795,6.10103e-07
1593.91,6.07599e-07
1594.586426,6.04147e-07
1595.18,6.01168e-07
1595.758057,5.98292e-07
1596.45,5.94908e-07
1596.929688,5.92537e-07
1597.73,5.88652e-07
1598.101318,5.86851e-07
1599.0,5.82573e-07
1599.272827,5.81273e-07
1600.0,5.77861e-07
1600.27,5.76701e-07
1600.444458,5.7595e-07
1601.54,5.71298e-07
1601.615967,5.70975e-07
1602.787598,5.66104e-07
1602.81,5.66013e-07
1603.959229,5.61333e-07
1604.09,5.60813e-07
1605.130859,5.56677e-07
1605.36,5.55789e-07
1606.302368,5.52134e-07
1606.63,5.50896e-07
1607.473999,5.47671e-07
1607.9,5.46087e-07
1608.64563,5.43309e-07
1609.18,5.41373e-07
1609.817139,5.39091e-07
1610.0,5.38445e-07
1610.45,5.36883e-07
1610.98877,5.3499e-07
1611.72,5.32487e-07
1612.1604,5.30977e-07
1612.99,5.28216e-07
1613.332031,5.27075e-07
1614.27,5.24036e-07
1614.50354,5.23279e-07
1615.54,5.20021e-07
1615.675171,5.19591e-07
1616.81,5.16083e-07
1616.84668,5.15971e-07
1618.018311,5.12498e-07
1618.08,5.1232e-07
1619.189941,5.09081e-07
1619.36,5.08596e-07
1620.0,5.06772e-07
1620.361572,5.05767e-07
1620.63,5.05031e-07
1621.533203,5.02585e-07
1621.9,5.01623e-07
1622.704712,4.99481e-07
1623.17,4.98282e-07
1623.876343,4.96433e-07
1624.44,4.95004e-07
1625.047852,4.93481e-07
1625.72,4.91851e-07
1626.219482,4.9064e-07
1626.99,4.88832e-07
1627.391113,4.87876e-07
1628.26,4.85872e-07
1628.562744,4.85172e-07
1629.53,4.83009e-07
1629.734253,4.82551e-07
1630.0,4.81957e-07
1630.81,4.80209e-07
1630.905884,4.80003e-07
1632.077515,4.77528e-07
1632.08,4.77523e-07
1633.249023,4.75116e-07
1633.35,4.74913e-07
1634.420654,4.7276e-07
1634.62,4.72368e-07
1635.592285,4.70419e-07
1635.9,4.69814e-07
1636.763916,4.68144e-07
1637.17,4.67373e-07
1637.935425,4.65893e-07
1638.44,4.64931e-07
1639.107056,4.63657e-07
1639.71,4.62508e-07
1640.0,4.61954e-07
1640.278564,4.61445e-07
1640.98,4.60131e-07
1641.450195,4.59232e-07
1642.26,4.57693e-07
1642.621826,4.57018e-07
1643.53,4.55326e-07
1643.793457,4.54826e-07
1644.8,4.52915e-07
1644.964966,4.52602e-07
1646.07,4.50494e-07
1646.136597,4.50367e-07
1647.308228,4.48112e-07
1647.35,4.4803e-07
1648.479736,4.45836e-07
1648.62,4.45561e-07
1649.651367,4.43535e-07
1649.89,4.43048e-07
1650.0,4.4282e-07
1650.822998,4.41053e-07
1651.16,4.40316e-07
1651.994629,4.38487e-07
1652.44,4.37506e-07
1653.16626,4.35905e-07
1653.71,4.34701e-07
1654.337769,4.33308e-07
1654.98,4.31878e-07
1655.509277,4.30698e-07
1656.25,4.2904e-07
1656.680908,4.28062e-07
1657.52,4.26151e-07
1657.852539,4.25403e-07
1658.8,4.23265e-07
1659.02417,4.22752e-07
1660.0,4.20505e-07
1660.07,4.20349e-07
1660.195801,4.20069e-07
1661.34,4.17445e-07
1661.36731,4.17382e-07
1662.53894,4.14658e-07
1662.61,4.14493e-07
1663.710449,4.11964e-07
1663.89,4.11552e-07
1664.88208,4.09246e-07
1665.16,4.08602e-07
1666.053711,4.06527e-07
1666.43,4.05656e-07
1667.225342,4.03813e-07
1667.7,4.02717e-07
1668.396973,4.01085e-07
1668.98,3.99726e-07
1669.568481,3.98371e-07
1670.0,3.97364e-07
1670.25,3.96796e-07
1670.73999,3.9567e-07
1671.52,3.93868e-07
1671.911621,3.92962e-07
1672.79,3.90941e-07
1673.083252,3.90265e-07
1674.06,3.88025e-07
1674.254883,3.87572e-07
1675.0,3.85848e-07
1675.34,3.8506e-07
1675.426514,3.84862e-07
1676.598022,3.8219e-07
1676.61,3.82162e-07
1677.769653,3.79491e-07
1677.88,3.79238e-07
1678.941162,3.76769e-07
1679.15,3.76284e-07
1680.0,3.74326e-07
1680.112793,3.74072e-07
1680.43,3.73344e-07
1681.284424,3.71359e-07
1681.7,3.70396e-07
1682.456055,3.68659e-07
1682.97,3.6748e-07
1683.627686,3.65935e-07
1684.24,3.64498e-07
1684.799194,3.63197e-07
1685.52,3.6152e-07
1685.970825,3.6047e-07
1686.79,3.58562e-07
1687.142334,3.57731e-07
1688.06,3.55565e-07
1688.313965,3.54965e-07
1689.33,3.52561e-07
1689.485596,3.52188e-07
1690.0,3.50943e-07
1690.6,3.49515e-07
1690.657227,3.4938e-07
1691.828857,3.46588e-07
1691.88,3.46465e-07
1693.000366,3.43759e-07
1693.15,3.43396e-07
1694.171875,3.40917e-07
1694.42,3.40312e-07
1695.343506,3.38039e-07
1695.69,3.37183e-07
1696.515137,3.3516e-07
1696.97,3.3404e-07
1697.686768,3.32257e-07
1698.24,3.30875e-07
1698.858398,3.29329e-07
1699.51,3.27693e-07
1700.0,3.26462e-07
1700.029907,3.26388e-07
1700.78,3.24507e-07
1701.201538,3.2344e-07
1702.06,3.21261e-07
1702.373047,3.20465e-07
1703.33,3.18029e-07
1703.544678,3.17482e-07
1704.6,3.14788e-07
1704.716309,3.14488e-07
1705.87,3.11512e-07
1705.887939,3.11466e-07
1707.05957,3.08464e-07
1707.15,3.08233e-07
1708.231079,3.05437e-07
1708.42,3.04949e-07
1709.40271,3.02386e-07
1709.69,3.01634e-07
1710.0,3.00828e-07
1710.574219,2.9935e-07
1710.96,2.98354e-07
1711.74585,2.96305e-07
1712.23,2.95046e-07
1712.91748,2.93256e-07
1713.51,2.91717e-07
1714.089111,2.90212e-07
1714.78,2.88421e-07
1715.260742,2.87164e-07
1716.05,2.85108e-07
1716.432251,2.84118e-07
1717.32,2.8183e-07
1717.60376,2.81092e-07
1718.6,2.78513e-07
1718.775391,2.78055e-07
1719.87,2.75212e-07
1719.947021,2.75013e-07
1720.0,2.74877e-07
1721.118652,2.72006e-07
1721.14,2.71952e-07
1722.290283,2.68992e-07
1722.41,2.68686e-07
1723.461792,2.65996e-07
1723.69,2.65416e-07
1724.633423,2.63017e-07
1724.96,2.00207e-07
1725.0,1.92512e-07
