Wavelength,Transmission
1555.0,5.49475e-06
1560.0,1.35502e-05
1565.0,2.29083e-05
1570.0,4.7031e-05
1575.0,8.91903e-05
1580.0,0.000151451
1585.0,0.000296306
1590.0,0.000391946
1595.0,0.000516311
1600.0,0.000625598
1605.0,0.000796885
1610.0,0.00106139
1615.0,0.00117283
1620.0,0.00130913
1625.0,0.00143389
1630.0,0.00160397
1635.0,0.00174558
1640.0,0.00187181
1645.0,0.00206748
1650.0,0.0022416
1655.0,0.00241908
1660.0,0.0025511
1665.0,0.00267958
1670.0,0.00284164
1675.0,0.00314742
1680.0,0.00339131
1685.0,0.00359387
1690.0,0.00369699
1695.0,0.00380285
1700.0,0.00393382
1705.0,0.00404295
1710.0,0.00412893
1715.0,0.0042168
1720.0,0.00430637
1725.0,0.00439808
1730.0,0.00448654
1735.0,0.00458104
1740.0,0.00467148
1745.0,0.00475756
1750.0,0.00485931
1755.0,0.00495642
1760.0,0.00506656
1765.0,0.00514067
1770.0,0.00520914
1775.0,0.00535412
1780.0,0.00551016
1785.0,0.00565763
1790.0,0.00573735
1795.0,0.00581812
1800.0,0.00589834
1805.0,0.00597211
1810.0,0.00604646
1815.0,0.00611799
1820.0,0.00619006
1825.0,0.00626438
1830.0,0.00633927
1835.0,0.00641884
1840.0,0.0064982
1845.0,0.00660333
1850.0,0.00671149
1855.0,0.00684065
1860.0,0.0069717
1865.0,0.00707001
1870.0,0.00716924
1875.0,0.00725202
1880.0,0.00733539
1885.0,0.00742014
1890.0,0.00750556
1895.0,0.0075976
1900.0,0.00769146
1905.0,0.00780361
1910.0,0.00791091
1915.0,0.00801714
1920.0,0.00812424
1925.0,0.00821148
1930.0,0.00830743
1935.0,0.00839561
1940.0,0.00847925
1945.0,0.00856841
1950.0,0.00865818
1955.0,0.00873232
1960.0,0.00880965
1965.0,0.00888601
1970.0,0.00896243
1975.0,0.00903751
1980.0,0.00910948
1985.0,0.00917873
1990.0,0.00924826
1995.0,0.009318
2000.0,0.00938803
2005.0,0.00944083
2010.0,0.00949367
2015.0,0.00954208
2020.0,0.00959048
2025.0,0.00963727
2030.0,0.00968769
2035.0,0.00971594
2040.0,0.00974025
2045.0,0.00975827
2050.0,0.00977544
2055.0,0.00977684
2060.0,0.00977759
2065.0,0.00980336
2070.0,0.0098282
2075.0,0.00981182
2080.0,0.00979462
2085.0,0.00982307
2090.0,0.00985226
2095.0,0.00980049
2100.0,0.00974267
2105.0,0.00970407
2110.0,0.00966444
2115.0,0.00963314
2120.0,0.00960201
2125.0,0.00959812
2130.0,0.00959251
2135.0,0.00961869
2140.0,0.00964468
2145.0,0.00966724
2150.0,0.00969239
2155.0,0.00971539
2160.0,0.00972791
2165.0,0.0097425
2170.0,0.0097581
2175.0,0.00977966
2180.0,0.00980788
2185.0,0.00983513
2190.0,0.00986225
2195.0,0.00988438
2200.0,0.00990286
2205.0,0.00992724
2210.0,0.0099515
2215.0,0.00997479
2220.0,0.00999798
2225.0,0.0100339
2230.0,0.0100704
2235.0,0.0101096
2240.0,0.010149
2245.0,0.0101835
2250.0,0.0102162
2255.0,0.010237
2260.0,0.0102579
2265.0,0.0102794
2270.0,0.0103019
2275.0,0.0103229
2280.0,0.0103437
2285.0,0.0103631
2290.0,0.0103823
2295.0,0.0103994
2300.0,0.0104166
2305.0,0.0104325
2310.0,0.0104484
2315.0,0.0104629
2320.0,0.0104774
2325.0,0.0104908
2330.0,0.0105041
2335.0,0.0105151
2340.0,0.0105254
2345.0,0.0105361
2350.0,0.0105486
2355.0,0.0105707
2360.0,0.0105927
2365.0,0.010614
2370.0,0.0106373
2375.0,0.0106601
2380.0,0.010683
2385.0,0.0106983
2390.0,0.0107102
2395.0,0.0107219
2400.0,0.0107335
2405.0,0.0107575
2410.0,0.0107854
2415.0,0.0108106
2420.0,0.0108271
2425.0,0.0108456
2430.0,0.0108685
2435.0,0.0108935
2440.0,0.0109186
2445.0,0.0109503
2450.0,0.0109818
2455.0,0.0110133
2460.0,0.0110448
2465.0,0.0110762
2470.0,0.0111076
2475.0,0.011139
2480.0,0.011166
2485.0,0.011193
2490.0,0.0112228
2495.0,0.0112891
2500.0,0.0113555
2505.0,0.0114715
2510.0,0.0115863
2515.0,0.0116728
2520.0,0.0117596
2525.0,0.0118164
2530.0,0.0118713
2535.0,0.0119758
2540.0,0.0120806
2545.0,0.0121695
2550.0,0.012257
2555.0,0.0124634
2560.0,0.0126703
2565.0,0.0128442
2570.0,0.0130198
2575.0,0.0130924
2580.0,0.0131652
2585.0,0.01327
2590.0,0.0133764
2595.0,0.0135003
2600.0,0.0136247
2605.0,0.0136895
2610.0,0.0137544
2615.0,0.0138329
2620.0,0.0139114
2625.0,0.0139913
2630.0,0.0140708
2635.0,0.0141263
2640.0,0.0141787
2645.0,0.0142232
2650.0,0.0142709
2655.0,0.0143104
2660.0,0.0143499
2665.0,0.0143855
2670.0,0.0144212
2675.0,0.0144537
2680.0,0.0144862
2685.0,0.0145063
2690.0,0.0145264
2695.0,0.0145466
2700.0,0.0145669
2705.0,0.0145784
2710.0,0.0145899
2715.0,0.0145972
2720.0,0.0146044
2725.0,0.0146046
2730.0,0.0146032
2735.0,0.0145977
2740.0,0.0145921
2745.0,0.014596
2750.0,0.0146043
2755.0,0.014608
2760.0,0.0146117
2765.0,0.014615
2770.0,0.0146163
2775.0,0.0146289
2780.0,0.0146415
2785.0,0.0146507
2790.0,0.0146557
2795.0,0.0146563
2800.0,0.0146568
2805.0,0.0146573
2810.0,0.0146613
2815.0,0.0146667
2820.0,0.0146719
2825.0,0.0146772
2830.0,0.0146824
2835.0,0.0146831
2840.0,0.0146834
2845.0,0.0146796
2850.0,0.0146757
2855.0,0.0146663
2860.0,0.0146575
2865.0,0.0146497
2870.0,0.0146413
2875.0,0.0146192
2880.0,0.0146074
2885.0,0.0146102
2890.0,0.0146166
2895.0,0.0146101
2900.0,0.0146035
2905.0,0.0145499
2910.0,0.0144903
2915.0,0.0144188
2920.0,0.0143471
2925.0,0.0143041
2930.0,0.0142636
2935.0,0.0142342
2940.0,0.0142046
2945.0,0.0141777
2950.0,0.0141533
2955.0,0.0141299
2960.0,0.0141063
2965.0,0.0140517
2970.0,0.0139946
2975.0,0.0139372
2980.0,0.0138796
2985.0,0.0138217
2990.0,0.0137637
2995.0,0.0136579
3000.0,0.0135519
3005.0,0.0135206
3010.0,0.0134892
3015.0,0.0134305
3020.0,0.0133758
3025.0,0.0133174
3030.0,0.0132587
3035.0,0.013205
3040.0,0.0131511
3045.0,0.0130964
3050.0,0.01304
3055.0,0.0129855
3060.0,0.0129308
3065.0,0.0128743
3070.0,0.0128208
3075.0,0.0127375
3080.0,0.0126539
3085.0,0.0126115
3090.0,0.0125664
3095.0,0.0125165
3100.0,0.0124664
3105.0,0.0124122
3110.0,0.0123578
3115.0,0.0123137
3120.0,0.0122693
3125.0,0.0122207
3130.0,0.0121719
3135.0,0.0121048
3140.0,0.0120376
3145.0,0.0119574
3150.0,0.0118769
3155.0,0.0118446
3160.0,0.0117937
3165.0,0.0117672
3170.0,0.0117406
3175.0,0.0117288
3180.0,0.01172
3185.0,0.0117175
3190.0,0.0117131
3195.0,0.0116941
3200.0,0.0116749
3205.0,0.0116568
3210.0,0.0116407
3215.0,0.0116307
3220.0,0.0116207
3225.0,0.0116104
3230.0,0.0116
3235.0,0.011588
3240.0,0.0115759
3245.0,0.011565
3250.0,0.0115542
3255.0,0.0115433
3260.0,0.0115299
3265.0,0.0115168
3270.0,0.0115037
3275.0,0.0114949
3280.0,0.0114918
3285.0,0.0114826
3290.0,0.0114734
3295.0,0.0114574
3300.0,0.0114413
3310.0,0.0114202
3320.0,0.0114248
3330.0,0.0114269
3340.0,0.0114234
3350.0,0.0114444
3360.0,0.0114726
3370.0,0.0115009
3380.0,0.0115329
3390.0,0.0115776
3400.0,0.0116207
3410.0,0.0116769
3420.0,0.0117217
3430.0,0.0117796
3440.0,0.0118377
3450.0,0.0119015
3460.0,0.0119683
3470.0,0.0120407
3480.0,0.0121163
3490.0,0.0121921
3500.0,0.0122736
3510.0,0.0123585
3520.0,0.0124435
3530.0,0.0125423
3540.0,0.0126491
3550.0,0.0127645
3560.0,0.0128849
3570.0,0.012995
3580.0,0.0130991
3590.0,0.0132036
3600.0,0.0133099
3610.0,0.0134176
3620.0,0.0135256
3630.0,0.0136317
3640.0,0.0137241
3650.0,0.0138168
3660.0,0.0139075
3670.0,0.0139972
3680.0,0.014087
3690.0,0.0141746
3700.0,0.0142607
3710.0,0.014347
3720.0,0.0144334
3730.0,0.0145433
3740.0,0.0146695
3750.0,0.0147932
3760.0,0.0148908
3770.0,0.0149885
3780.0,0.0150864
3790.0,0.0151846
3800.0,0.0152939
3810.0,0.0154113
3820.0,0.0155309
3830.0,0.0156728
3840.0,0.0158135
3850.0,0.0159424
3860.0,0.0160741
3870.0,0.0162303
3880.0,0.0163841
3890.0,0.0165138
3900.0,0.0166439
3910.0,0.0167657
3920.0,0.0168824
3930.0,0.0170076
3940.0,0.0171356
3950.0,0.0172446
3960.0,0.0173536
3970.0,0.0174538
3980.0,0.0175457
3990.0,0.0176146
4000.0,0.0176834
4010.0,0.0177493
4020.0,0.0178091
4030.0,0.0178648
4040.0,0.0179244
4050.0,0.0179824
4060.0,0.0180123
4070.0,0.0180418
4080.0,0.0180866
4090.0,0.0181454
4100.0,0.0181928
4110.0,0.0182288
4120.0,0.0182647
4130.0,0.0183004
4140.0,0.0183359
4150.0,0.0183799
4160.0,0.0184242
4170.0,0.0184684
4180.0,0.0185125
4190.0,0.0185317
4200.0,0.0185626
4210.0,0.0186153
4220.0,0.0186457
4230.0,0.0186728
4240.0,0.0187149
4250.0,0.0187855
4260.0,0.0188563
4270.0,0.0189178
4280.0,0.0189773
4290.0,0.0190275
4300.0,0.0190566
4310.0,0.0190844
4320.0,0.0191089
4330.0,0.0191333
4340.0,0.0191585
4350.0,0.0191858
4360.0,0.0192131
4370.0,0.0192401
4380.0,0.0192672
4390.0,0.0192856
4400.0,0.0193003
4410.0,0.019315
4420.0,0.0193296
4430.0,0.0193491
4440.0,0.0193715
4450.0,0.0193936
4460.0,0.0194142
4470.0,0.0194193
4480.0,0.0194242
4490.0,0.0194288
4500.0,0.0194229
4510.0,0.0194169
4520.0,0.0194108
4530.0,0.0194046
4540.0,0.0193984
4550.0,0.0193764
4560.0,0.0193351
4570.0,0.0193137
4580.0,0.0192941
4590.0,0.0192738
4600.0,0.0192529
4610.0,0.0192317
4620.0,0.0192104
4630.0,0.0191862
4640.0,0.0191551
4650.0,0.0191239
4660.0,0.0190914
4670.0,0.0190582
4680.0,0.019025
4690.0,0.0189856
4700.0,0.01891
4710.0,0.0188342
4720.0,0.0187584
4730.0,0.0186934
4740.0,0.0186365
4750.0,0.0185796
4760.0,0.0185226
4770.0,0.0184749
4780.0,0.0184377
4790.0,0.0184004
4800.0,0.018363
4810.0,0.0183255
4820.0,0.0182824
4830.0,0.0182308
4840.0,0.0181777
4850.0,0.0181245
4860.0,0.0180608
4870.0,0.0179944
4880.0,0.0179304
4890.0,0.0178751
4900.0,0.0178195
4910.0,0.0177775
4920.0,0.0177423
4930.0,0.0177071
4940.0,0.0176748
4950.0,0.0176442
4960.0,0.017577
4970.0,0.0175322
4980.0,0.0174808
4990.0,0.0174234
5000.0,0.0173658
5010.0,0.0172963
5020.0,0.0172268
5030.0,0.017154
5040.0,0.017081
5050.0,0.0170078
5060.0,0.0169328
5070.0,0.0168533
5080.0,0.0167739
5090.0,0.0166796
5100.0,0.0165808
5110.0,0.0164819
5120.0,0.0163829
5130.0,0.016275
5140.0,0.0161609
5150.0,0.0160342
5160.0,0.0159076
5170.0,0.0157811
5180.0,0.0156544
5190.0,0.0155954
5200.0,0.0155384
5210.0,0.0154469
5220.0,0.0153168
5230.0,0.0152041
5240.0,0.0150988
5250.0,0.0149951
5260.0,0.0148915
5270.0,0.0147808
5280.0,0.0146679
5290.0,0.0145551
5300.0,0.0144421
5310.0,0.0143291
5320.0,0.0142161
5330.0,0.0141031
5340.0,0.01399
5350.0,0.01387
5360.0,0.013743
5370.0,0.0136221
5380.0,0.0135089
5390.0,0.0133957
5400.0,0.0132922
5410.0,0.01319
5420.0,0.0130804
5430.0,0.0129533
5440.0,0.0128294
5450.0,0.0127198
5460.0,0.0126249
5470.0,0.0125499
5480.0,0.0124851
5490.0,0.0124202
5500.0,0.0123553
5510.0,0.0122724
5520.0,0.0121764
5530.0,0.0120806
5540.0,0.0119759
5550.0,0.0118615
5560.0,0.0117141
5570.0,0.0115888
5580.0,0.0114634
5590.0,0.0113708
5600.0,0.0112842
5610.0,0.0111976
5620.0,0.0111217
5630.0,0.0110489
5640.0,0.0109862
5650.0,0.0109214
5660.0,0.0108294
5670.0,0.0107373
5680.0,0.0106529
5690.0,0.0105732
5700.0,0.0104936
5710.0,0.010414
5720.0,0.0103485
5730.0,0.0102961
5740.0,0.0102437
5750.0,0.0101913
5760.0,0.0101389
5770.0,0.0100809
5780.0,0.0100223
5790.0,0.00996383
5800.0,0.0099077
5810.0,0.00985623
5820.0,0.00980477
5830.0,0.00975334
5840.0,0.0097017
5850.0,0.00964948
5860.0,0.00959734
5870.0,0.00954523
5880.0,0.00949316
5890.0,0.00944161
5900.0,0.00939036
5910.0,0.00933913
5920.0,0.00928798
5930.0,0.00923284
5940.0,0.00917482
5950.0,0.00911686
5960.0,0.00905892
5970.0,0.00901337
5980.0,0.00896787
5990.0,0.0089224
6000.0,0.00887697
6010.0,0.00883221
6020.0,0.00878844
6030.0,0.00874471
6040.0,0.00870101
6050.0,0.00865481
6060.0,0.00860346
6070.0,0.00855212
6080.0,0.00850085
6090.0,0.00844959
6100.0,0.00840287
6110.0,0.0083578
6120.0,0.00831276
6130.0,0.00826776
6140.0,0.00822258
6150.0,0.00817638
6160.0,0.00813018
6170.0,0.00808397
6180.0,0.00803779
6190.0,0.00799178
6200.0,0.00795036
6210.0,0.00790892
6220.0,0.00786749
6230.0,0.00782444
6240.0,0.00777954
6250.0,0.00773461
6260.0,0.00768966
6270.0,0.00764468
6280.0,0.00758896
6290.0,0.00753172
6300.0,0.00747449
6310.0,0.00741726
6320.0,0.00736619
6330.0,0.0073168
6340.0,0.00726741
6350.0,0.00721634
6360.0,0.00715907
6370.0,0.00710177
6380.0,0.00704445
6390.0,0.00698712
6400.0,0.00693458
6410.0,0.00688508
6420.0,0.00683555
6430.0,0.00678617
6440.0,0.00674098
6450.0,0.00669575
6460.0,0.00665051
6470.0,0.00660522
6480.0,0.00656264
6490.0,0.00652337
6500.0,0.00648409
6510.0,0.00644477
6520.0,0.00640538
6530.0,0.00636596
6540.0,0.00632653
6550.0,0.00628706
6560.0,0.00625495
6570.0,0.00622461
6580.0,0.00619425
6590.0,0.00616383
6600.0,0.00613563
6610.0,0.0061082
6620.0,0.00608076
6630.0,0.00605333
6640.0,0.00602614
6650.0,0.00600022
6660.0,0.00597426
6670.0,0.00594828
6680.0,0.0059223
6690.0,0.0058963
6700.0,0.00586998
6710.0,0.00583642
6720.0,0.00580289
6730.0,0.00576935
6740.0,0.00573583
6750.0,0.00569834
6760.0,0.00565623
6770.0,0.00561414
6780.0,0.00557208
6790.0,0.00554522
6800.0,0.00552023
6810.0,0.00549232
6820.0,0.00545895
6830.0,0.00542561
6840.0,0.0053923
6850.0,0.00535902
6860.0,0.00533152
6870.0,0.00530577
6880.0,0.00528006
6890.0,0.00525434
6900.0,0.00522865
6910.0,0.005203
6920.0,0.00516764
6930.0,0.00512727
6940.0,0.00508695
6950.0,0.00504665
6960.0,0.00500639
6970.0,0.00496619
6980.0,0.00492581
6990.0,0.00487693
7000.0,0.00482813
7010.0,0.00478101
7020.0,0.00473532
7030.0,0.00469134
7040.0,0.0046474
7050.0,0.00458429
7060.0,0.00451921
7070.0,0.00445785
7080.0,0.00440345
7090.0,0.00434909
7100.0,0.00429477
7110.0,0.00424014
7120.0,0.00418555
7130.0,0.00412724
7140.0,0.00405516
7150.0,0.00399505
7160.0,0.00394067
7170.0,0.00388635
7180.0,0.00383207
7190.0,0.00377781
7200.0,0.0037386
7210.0,0.00371094
7220.0,0.00368331
7230.0,0.00365569
7240.0,0.0036281
7250.0,0.00359154
7260.0,0.00354511
7270.0,0.0034987
7280.0,0.00345235
7290.0,0.00342783
7300.0,0.00340571
7310.0,0.00338037
7320.0,0.00334923
7330.0,0.00331811
7340.0,0.00328703
7350.0,0.00325549
7360.0,0.00322383
7370.0,0.00319219
7380.0,0.00316058
7390.0,0.003129
7400.0,0.00309745
7410.0,0.00307056
7420.0,0.00304587
7430.0,0.00302121
7440.0,0.00299656
7450.0,0.00297194
7460.0,0.00294672
7470.0,0.00291444
7480.0,0.00288219
7490.0,0.00284999
7500.0,0.00281786
7510.0,0.0027858
7520.0,0.00275034
7530.0,0.00271488
7540.0,0.00267945
7550.0,0.0026549
7560.0,0.00263119
7570.0,0.00260748
7580.0,0.0025838
7590.0,0.00255758
7600.0,0.00252659
7610.0,0.00249562
7620.0,0.00246467
7630.0,0.00243373
7640.0,0.0024028
7650.0,0.00237053
7660.0,0.0023339
7670.0,0.00229729
7680.0,0.00226069
7690.0,0.00222411
7700.0,0.00218754
7710.0,0.00215098
7720.0,0.00212057
7730.0,0.00209411
7740.0,0.00206768
7750.0,0.00204125
7760.0,0.00201482
7770.0,0.00198647
7780.0,0.00195632
7790.0,0.00192618
7800.0,0.00189606
7810.0,0.00186951
7820.0,0.00184315
7830.0,0.00181679
7840.0,0.00179045
7850.0,0.00176411
7860.0,0.00173779
7870.0,0.00171147
7880.0,0.00168517
7890.0,0.00165887
7900.0,0.00163259
7910.0,0.00160631
7920.0,0.00158005
7930.0,0.00155106
7940.0,0.00152108
7950.0,0.00149112
7960.0,0.00146417
7970.0,0.00145208
7980.0,0.00144
7990.0,0.00142805
8000.0,0.00141632
8010.0,0.00140487
8020.0,0.00139358
8030.0,0.00137147
8040.0,0.00134095
8050.0,0.00131049
8060.0,0.00128516
8070.0,0.0012598
8080.0,0.00123441
8090.0,0.0012062
8100.0,0.00117785
8110.0,0.00114947
8120.0,0.00112105
8130.0,0.00109514
8140.0,0.00107335
8150.0,0.00105153
8160.0,0.00102969
8170.0,0.00100783
8180.0,0.000985948
8190.0,0.000964042
8200.0,0.000940401
8210.0,0.000911742
8220.0,0.000883054
8230.0,0.000854337
8240.0,0.000825588
8250.0,0.000798784
8260.0,0.000772916
8270.0,0.000750387
8280.0,0.000729769
8290.0,0.000709454
8300.0,0.000692334
8310.0,0.000682899
8320.0,0.000643644
8330.0,0.000604601
8340.0,0.000578526
8350.0,0.00055242
8360.0,0.000545017
8370.0,0.000537931
8380.0,0.000530835
8390.0,0.000522421
8400.0,0.000512249
8410.0,0.000502067
8420.0,0.000477592
8430.0,0.000451328
8440.0,0.000425037
8450.0,0.00039872
8460.0,0.000392225
8470.0,0.000385984
8480.0,0.000379737
8490.0,0.000373489
8500.0,0.000368926
8510.0,0.000369433
8520.0,0.00036995
8530.0,0.000344842
8540.0,0.00031359
8550.0,0.000300563
8560.0,0.000288404
8570.0,0.000281137
8580.0,0.000273862
8590.0,0.000266577
8600.0,0.000263928
8610.0,0.000264385
8620.0,0.000264845
8630.0,0.000265303
8640.0,0.000265761
8650.0,0.000265891
8660.0,0.000250802
8670.0,0.000235695
8680.0,0.000220569
8690.0,0.000209031
8700.0,0.000201654
8710.0,0.000194268
8720.0,0.000186871
8730.0,0.000178282
8740.0,0.000169567
8750.0,0.000160839
8760.0,0.000150526
8770.0,0.00013995
8780.0,0.000128473
8790.0,0.000115131
8800.0,0.000103107
8810.0,9.43053e-05
8820.0,8.54927e-05
8830.0,7.66693e-05
8840.0,6.78349e-05
8850.0,5.89897e-05
8860.0,5.03951e-05
8870.0,4.28415e-05
8880.0,3.52784e-05
8890.0,2.77062e-05
8900.0,1.33425e-05
